-2.5893e-04
-2.5761e-04
-2.5632e-04
-2.5501e-04
-2.5373e-04
-2.5244e-04
-2.5116e-04
-2.4989e-04
-2.4860e-04
-2.4732e-04
-2.4604e-04
-2.4474e-04
-2.4351e-04
-2.4227e-04
-2.4113e-04
-2.4006e-04
-2.3910e-04
-2.3803e-04
-2.3679e-04
-2.3536e-04
-2.3367e-04
-2.3180e-04
-2.2962e-04
-2.2735e-04
-2.2593e-04
-2.2570e-04
-2.2589e-04
-2.2744e-04
-2.2967e-04
-2.3150e-04
-2.3266e-04
-2.2938e-04
-2.2183e-04
-2.1221e-04
-2.0073e-04
-1.9057e-04
-1.8627e-04
-1.8960e-04
-1.9973e-04
-2.1708e-04
-2.4010e-04
-2.5820e-04
-2.7013e-04
-2.7692e-04
-2.5803e-04
-2.2073e-04
-1.8068e-04
-1.4136e-04
-1.1327e-04
-1.1126e-04
-1.2743e-04
-1.4531e-04
-1.6821e-04
-1.7188e-04
-1.3584e-04
-8.5953e-05
-7.7521e-05
-1.1142e-04
-1.7620e-04
-2.3381e-04
-2.6235e-04
-2.7419e-04
-3.0052e-04
-3.1891e-04
-2.5747e-04
-1.5783e-04
-1.1536e-04
-1.1056e-04
-1.1507e-04
-1.0934e-04
-1.4385e-04
-1.8446e-04
-2.1457e-04
-2.1717e-04
-1.6101e-04
-5.3258e-05
2.7623e-05
3.5005e-05
-3.0656e-05
-1.7690e-04
-3.3078e-04
-3.0642e-04
-2.2185e-04
-1.7258e-04
-1.6498e-04
-2.0417e-04
-3.4189e-04
-4.1770e-04
-2.3403e-04
7.7637e-06
1.3403e-04
6.3923e-05
5.5938e-05
1.2455e-04
1.5421e-04
9.4068e-05
-1.1388e-04
-3.7083e-04
-6.4776e-04
-9.4427e-04
-1.2259e-03
-9.8867e-04
-3.4874e-04
2.2905e-04
4.3825e-04
2.5677e-04
-2.8167e-05
4.0542e-05
4.4650e-04
1.0783e-03
1.4682e-03
9.7305e-04
-1.5245e-04
-1.1862e-03
-1.4513e-03
-8.2898e-04
3.7402e-06
5.6461e-04
2.3301e-04
-8.5715e-04
-2.1338e-03
-2.9457e-03
-2.9957e-03
-2.5503e-03
-2.1639e-03
-1.5923e-03
-1.1250e-03
-3.7524e-04
9.3809e-04
2.1252e-03
3.0252e-03
2.3195e-03
1.7710e-04
-1.9050e-03
-3.6277e-03
-4.0368e-03
-3.0054e-03
-1.9600e-03
-1.1231e-03
-2.6313e-04
-9.9091e-05
-8.5422e-04
-1.0795e-03
-1.4098e-04
1.0955e-03
2.2166e-03
2.5403e-03
2.3531e-03
1.7348e-03
1.9128e-03
3.1418e-03
4.0246e-03
3.2426e-03
2.3416e-04
-2.7926e-03
-3.4082e-03
-2.5255e-03
-1.0516e-03
1.4446e-04
3.8063e-04
4.8719e-04
7.8635e-04
5.2910e-04
-2.8118e-04
-1.4184e-03
-2.0334e-03
-2.2061e-03
-7.1647e-04
2.8224e-03
5.6330e-03
6.3193e-03
6.3380e-03
5.7844e-03
4.1367e-03
6.9498e-04
-4.0137e-03
-8.9286e-03
-1.2473e-02
-1.2261e-02
-8.4838e-03
-3.0686e-03
1.6129e-03
1.7715e-03
-1.9600e-03
-4.8042e-03
-5.7227e-03
-4.7758e-03
-2.5096e-03
1.7127e-03
7.4762e-03
1.3129e-02
1.7026e-02
1.7266e-02
1.2215e-02
3.7319e-03
-4.0341e-03
-7.9971e-03
-5.4835e-03
1.7264e-03
6.1671e-03
2.8725e-03
-6.7773e-03
-2.0169e-02
-3.0227e-02
-2.9898e-02
-2.0244e-02
-7.4073e-03
5.9796e-03
1.7749e-02
3.0621e-02
4.4556e-02
4.8875e-02
3.7468e-02
1.5498e-02
-1.0824e-02
-3.5472e-02
-5.4254e-02
-6.8563e-02
-7.6662e-02
-7.4000e-02
-6.1481e-02
-4.3417e-02
-2.3498e-02
-6.4412e-03
5.8235e-03
1.2933e-02
1.9376e-02
2.8126e-02
3.5937e-02
3.8073e-02
3.2135e-02
1.6735e-02
-4.2378e-03
-2.7004e-02
-5.1743e-02
-7.2013e-02
-7.5664e-02
-5.8800e-02
-3.3955e-02
-1.3094e-02
3.8905e-03
2.1715e-02
3.9700e-02
5.4009e-02
5.6459e-02
4.0424e-02
1.2822e-02
-6.3966e-03
-1.3803e-03
2.6563e-02
5.9431e-02
7.7907e-02
7.8587e-02
7.0123e-02
6.1751e-02
5.7624e-02
5.6450e-02
5.0813e-02
3.5936e-02
1.6288e-02
-3.1116e-03
-1.2975e-02
-1.3875e-03
2.5587e-02
4.8333e-02
4.7101e-02
1.9577e-02
-2.3684e-02
-6.8027e-02
-9.7882e-02
-1.1173e-01
-1.1411e-01
-1.0481e-01
-8.8879e-02
-6.9690e-02
-4.5829e-02
-1.5637e-02
2.7003e-02
7.4691e-02
1.0875e-01
1.2004e-01
1.0536e-01
6.5293e-02
1.9095e-02
-1.2574e-02
-2.0254e-02
-5.5038e-03
1.8236e-02
3.9160e-02
5.4932e-02
7.0251e-02
8.1769e-02
8.1217e-02
6.3123e-02
3.2683e-02
-8.3193e-03
-6.3683e-02
-1.3079e-01
-1.8208e-01
-1.9598e-01
-1.6902e-01
-1.2034e-01
-6.3912e-02
-7.9611e-03
4.2745e-02
7.3490e-02
8.1477e-02
7.9984e-02
7.4126e-02
5.5278e-02
2.2939e-02
-1.6259e-02
-4.7653e-02
-6.5322e-02
-7.1448e-02
-6.2736e-02
-3.5254e-02
3.8574e-03
3.8830e-02
5.9285e-02
6.4872e-02
6.0357e-02
5.1343e-02
3.7587e-02
1.4581e-02
-1.5847e-02
-5.2862e-02
-8.6027e-02
-1.0228e-01
-1.0779e-01
-1.1554e-01
-1.2465e-01
-1.1834e-01
-7.7927e-02
-4.8689e-03
5.8627e-02
9.1395e-02
1.0180e-01
1.0039e-01
9.5013e-02
8.9277e-02
8.4315e-02
8.0946e-02
7.8211e-02
7.3631e-02
6.5419e-02
5.3553e-02
3.4603e-02
1.1987e-02
-3.5110e-03
-1.0217e-02
-1.4719e-02
-2.4503e-02
-4.0171e-02
-5.7942e-02
-6.8024e-02
-5.8291e-02
-3.1061e-02
6.4953e-03
5.1721e-02
9.9384e-02
1.4063e-01
1.6852e-01
1.7699e-01
1.6783e-01
1.5398e-01
1.5434e-01
1.8221e-01
2.3033e-01
2.8750e-01
3.3703e-01
3.6599e-01
3.7605e-01
3.5949e-01
3.0367e-01
2.1107e-01
1.0358e-01
-1.8839e-02
-1.5586e-01
-2.6959e-01
-3.3676e-01
-3.6645e-01
-3.7675e-01
-3.7965e-01
-3.8455e-01
-3.9069e-01
-3.8507e-01
-3.6119e-01
-3.2719e-01
-2.8123e-01
-2.1055e-01
-1.0174e-01
2.3609e-02
1.2762e-01
2.1706e-01
2.8924e-01
3.2106e-01
3.2216e-01
3.1644e-01
3.0320e-01
2.6701e-01
2.0883e-01
1.5003e-01
1.1651e-01
1.0728e-01
1.0719e-01
1.1254e-01
1.1963e-01
1.2244e-01
1.1149e-01
7.9301e-02
2.1878e-02
-5.8197e-02
-1.4688e-01
-2.2736e-01
-2.7979e-01
-2.9543e-01
-2.7436e-01
-2.0659e-01
-8.5960e-02
6.8566e-02
2.4898e-01
4.3829e-01
6.0702e-01
7.4847e-01
8.0796e-01
7.9863e-01
7.4671e-01
6.7530e-01
6.1865e-01
5.8304e-01
5.6262e-01
5.4023e-01
4.9860e-01
4.2768e-01
3.1549e-01
1.6174e-01
-2.7095e-02
-2.5211e-01
-4.1389e-01
-5.1431e-01
-5.9963e-01
-6.5270e-01
-6.4082e-01
-5.6080e-01
-4.1967e-01
-2.8051e-01
-2.1394e-01
-2.5303e-01
-3.6547e-01
-4.9599e-01
-6.4425e-01
-7.3915e-01
-7.3688e-01
-7.0140e-01
-6.5377e-01
-5.5970e-01
-4.0339e-01
-1.9519e-01
5.3132e-03
1.0842e-01
1.4293e-01
1.4694e-01
8.2024e-02
-6.0700e-02
-1.7518e-01
-2.2499e-01
-2.3644e-01
-2.2430e-01
-1.9719e-01
-1.5107e-01
-7.7603e-02
1.4052e-02
9.0756e-02
1.3078e-01
1.2677e-01
8.3568e-02
2.8250e-02
-9.0576e-03
-1.7849e-02
3.7747e-03
4.6774e-02
1.0344e-01
1.6620e-01
2.1620e-01
2.2728e-01
1.9386e-01
1.2851e-01
3.1560e-02
-7.3165e-02
-1.5949e-01
-2.2036e-01
-2.5395e-01
-2.6482e-01
-2.6198e-01
-2.3421e-01
-1.7372e-01
-9.0291e-02
-1.1383e-02
5.2806e-02
9.3617e-02
9.4540e-02
6.2962e-02
2.9441e-02
1.4777e-02
2.3115e-02
4.5151e-02
7.2383e-02
1.0420e-01
1.5239e-01
2.2043e-01
3.0311e-01
3.9560e-01
4.6780e-01
4.7201e-01
3.5661e-01
1.5636e-01
-3.2817e-02
-1.9701e-01
-3.3400e-01
-4.3718e-01
-4.9193e-01
-4.9809e-01
-4.7236e-01
-4.3272e-01
-3.8447e-01
-3.4728e-01
-3.3844e-01
-3.5562e-01
-3.7955e-01
-3.9093e-01
-3.6760e-01
-2.8803e-01
-1.6356e-01
-5.0839e-02
3.6893e-02
1.2990e-01
2.4460e-01
3.6613e-01
4.8650e-01
5.7417e-01
6.0647e-01
5.7581e-01
4.8316e-01
3.3805e-01
1.9032e-01
1.1372e-01
1.2026e-01
1.7639e-01
2.3071e-01
2.4442e-01
2.1582e-01
1.6525e-01
1.0152e-01
3.9177e-02
-3.4166e-04
-1.0869e-02
3.5940e-03
3.1272e-02
6.0962e-02
8.7774e-02
1.1713e-01
1.5161e-01
1.9034e-01
2.1395e-01
1.9106e-01
1.1970e-01
-1.0252e-03
-1.8457e-01
-3.7337e-01
-5.1945e-01
-6.3757e-01
-7.0258e-01
-7.2286e-01
-7.2490e-01
-7.1832e-01
-6.8829e-01
-6.2191e-01
-4.8920e-01
-2.8702e-01
-8.4746e-02
6.0307e-02
1.4183e-01
1.8355e-01
2.0596e-01
2.1345e-01
2.0047e-01
1.7788e-01
1.6611e-01
1.6906e-01
1.7205e-01
1.5497e-01
9.9504e-02
8.1373e-03
-9.8334e-02
-1.9794e-01
-2.6503e-01
-2.9658e-01
-2.9427e-01
-2.6654e-01
-2.3327e-01
-1.9676e-01
-1.4114e-01
-6.9337e-02
6.8110e-04
7.4777e-02
1.5023e-01
2.2994e-01
3.0467e-01
3.5437e-01
3.7632e-01
3.8199e-01
3.7270e-01
3.4195e-01
2.7663e-01
1.8965e-01
1.0395e-01
3.2961e-02
-2.2397e-02
-6.3700e-02
-7.7847e-02
-5.1550e-02
1.4477e-04
5.0004e-02
8.5464e-02
1.0161e-01
9.4300e-02
6.0177e-02
4.4188e-03
-5.9177e-02
-1.0637e-01
-1.3011e-01
-1.4054e-01
-1.3489e-01
-9.0568e-02
-7.6504e-04
8.9272e-02
1.3311e-01
1.2028e-01
6.2461e-02
-1.3254e-02
-8.4320e-02
-1.3760e-01
-1.6379e-01
-1.6045e-01
-1.3604e-01
-9.9165e-02
-5.5421e-02
-1.0881e-02
2.3121e-02
3.7825e-02
3.5034e-02
1.9547e-02
-1.0878e-02
-5.9291e-02
-1.2001e-01
-1.7836e-01
-2.2253e-01
-2.5471e-01
-2.6565e-01
-2.4343e-01
-1.8951e-01
-1.1141e-01
-2.5190e-02
4.0458e-02
8.1271e-02
1.0957e-01
1.1934e-01
1.0435e-01
7.4205e-02
4.1460e-02
1.4310e-02
-9.5850e-03
-3.0884e-02
-4.2056e-02
-3.8723e-02
-2.2717e-02
-2.3950e-03
1.8413e-02
4.1743e-02
7.0243e-02
1.0221e-01
1.3965e-01
1.8352e-01
2.3700e-01
2.8866e-01
3.3002e-01
3.6209e-01
3.7810e-01
3.6738e-01
3.3778e-01
2.9240e-01
2.3402e-01
1.6727e-01
1.0458e-01
5.2822e-02
1.0342e-03
-4.6299e-02
-7.9445e-02
-1.0143e-01
-1.2277e-01
-1.4531e-01
-1.6622e-01
-1.8448e-01
-2.0157e-01
-2.1690e-01
-2.2711e-01
-2.2768e-01
-2.1046e-01
-1.7599e-01
-1.2999e-01
-8.5462e-02
-5.1751e-02
-2.6385e-02
-4.6731e-03
1.5804e-02
3.2845e-02
4.4656e-02
5.9205e-02
8.3089e-02
1.1430e-01
1.5125e-01
1.9089e-01
2.2528e-01
2.4362e-01
2.4339e-01
2.2169e-01
1.8174e-01
1.3246e-01
8.0640e-02
2.7979e-02
-9.2638e-03
-2.0062e-02
-2.4250e-03
2.1002e-02
3.1498e-02
3.4931e-02
4.1439e-02
4.5120e-02
3.2327e-02
2.7561e-03
-3.1722e-02
-5.8197e-02
-6.7424e-02
-6.1875e-02
-4.6521e-02
-2.8363e-02
-1.3110e-02
-9.4759e-03
-1.7443e-02
-2.9489e-02
-4.5720e-02
-6.9759e-02
-1.0292e-01
-1.3753e-01
-1.5747e-01
-1.4845e-01
-1.2127e-01
-9.1936e-02
-6.5764e-02
-4.8302e-02
-4.2422e-02
-4.3983e-02
-4.5343e-02
-4.4522e-02
-4.2479e-02
-4.1256e-02
-3.8583e-02
-2.7287e-02
-5.5616e-03
1.8666e-02
3.5569e-02
4.3515e-02
4.0246e-02
3.0659e-02
2.6081e-02
3.0350e-02
4.1678e-02
5.8813e-02
8.6054e-02
1.1999e-01
1.4880e-01
1.6722e-01
1.7821e-01
1.8383e-01
1.8035e-01
1.6734e-01
1.4954e-01
1.3242e-01
1.1593e-01
9.5571e-02
7.4236e-02
6.2049e-02
6.5172e-02
7.9251e-02
9.3593e-02
1.0342e-01
1.0460e-01
9.1720e-02
6.5273e-02
2.3819e-02
-2.4742e-02
-7.1952e-02
-1.1818e-01
-1.5640e-01
-1.8807e-01
-2.1415e-01
-2.3172e-01
-2.3867e-01
-2.3290e-01
-2.2031e-01
-2.0441e-01
-1.7851e-01
-1.4022e-01
-9.2025e-02
-4.3894e-02
-2.9692e-03
2.9209e-02
5.2173e-02
6.1514e-02
5.1687e-02
2.5977e-02
-7.2912e-04
-2.2186e-02
-4.5267e-02
-7.1566e-02
-1.0247e-01
-1.3018e-01
-1.4907e-01
-1.6080e-01
-1.6473e-01
-1.6377e-01
-1.5852e-01
-1.4507e-01
-1.2790e-01
-1.0686e-01
-7.2110e-02
-3.7073e-02
-1.3263e-02
2.6182e-03
1.3961e-02
1.8381e-02
1.7371e-02
1.8203e-02
2.3438e-02
3.3132e-02
4.0417e-02
3.8938e-02
3.5535e-02
3.3025e-02
2.6906e-02
1.2241e-02
-1.0746e-02
-3.5069e-02
-5.0948e-02
-5.5279e-02
-4.8761e-02
-3.4472e-02
-1.6473e-02
1.8780e-03
2.2091e-02
4.0382e-02
5.3718e-02
6.0409e-02
6.1324e-02
6.2552e-02
7.0422e-02
8.4659e-02
9.6750e-02
1.0491e-01
1.1331e-01
1.2267e-01
1.3276e-01
1.3971e-01
1.4256e-01
1.4276e-01
1.4283e-01
1.4770e-01
1.5680e-01
1.6623e-01
1.7664e-01
1.8592e-01
1.8709e-01
1.7646e-01
1.5303e-01
1.1955e-01
7.9411e-02
3.7786e-02
-2.1805e-03
-4.0124e-02
-6.9352e-02
-9.4811e-02
-1.2062e-01
-1.3816e-01
-1.4298e-01
-1.4141e-01
-1.3640e-01
-1.2538e-01
-1.1179e-01
-1.0156e-01
-9.8102e-02
-1.0022e-01
-1.0495e-01
-1.1084e-01
-1.1818e-01
-1.2569e-01
-1.3346e-01
-1.4287e-01
-1.4650e-01
-1.3535e-01
-1.0998e-01
-7.7831e-02
-4.5856e-02
-1.7698e-02
7.6381e-03
2.8300e-02
4.4943e-02
5.6834e-02
6.7792e-02
8.3764e-02
1.0594e-01
1.3039e-01
1.5036e-01
1.6502e-01
1.7136e-01
1.6785e-01
1.6147e-01
1.5793e-01
1.5634e-01
1.5516e-01
1.5391e-01
1.5522e-01
1.5961e-01
1.6679e-01
1.7266e-01
1.7174e-01
1.5828e-01
1.2771e-01
8.5295e-02
4.0252e-02
-4.8781e-03
-3.9372e-02
-6.2164e-02
-7.6851e-02
-7.8611e-02
-6.6470e-02
-4.9045e-02
-3.0594e-02
-1.4130e-02
-2.0432e-03
1.0690e-02
2.6976e-02
4.5245e-02
5.7913e-02
6.1700e-02
6.0773e-02
5.3721e-02
3.2300e-02
2.5314e-03
-3.3213e-02
-7.1103e-02
-1.0012e-01
-1.1605e-01
-1.1966e-01
-1.1295e-01
-9.6454e-02
-7.1112e-02
-3.7330e-02
7.2864e-04
3.6307e-02
6.2230e-02
8.1833e-02
9.6265e-02
1.0445e-01
1.0699e-01
1.1103e-01
1.2297e-01
1.3431e-01
1.4080e-01
1.4833e-01
1.5172e-01
1.4253e-01
1.2354e-01
9.6797e-02
5.8661e-02
1.5932e-02
-2.3000e-02
-5.1054e-02
-6.7273e-02
-7.8243e-02
-8.4053e-02
-8.3892e-02
-7.9059e-02
-6.9974e-02
-5.7467e-02
-4.2928e-02
-2.8906e-02
-2.0870e-02
-2.2918e-02
-2.7955e-02
-2.8015e-02
-2.4367e-02
-2.3829e-02
-2.9778e-02
-3.7538e-02
-4.2701e-02
-4.6292e-02
-4.4819e-02
-3.5152e-02
-1.7673e-02
9.9945e-03
4.5180e-02
7.7652e-02
9.7971e-02
9.8663e-02
7.7094e-02
3.8742e-02
-2.2182e-04
-2.7704e-02
-4.4852e-02
-5.0074e-02
-4.7076e-02
-4.2066e-02
-3.3601e-02
-2.5182e-02
-2.4994e-02
-3.2698e-02
-4.5553e-02
-6.1308e-02
-7.7648e-02
-9.2549e-02
-1.0456e-01
-1.1115e-01
-1.1044e-01
-1.0337e-01
-9.2980e-02
-7.9158e-02
-6.4004e-02
-5.2649e-02
-4.6518e-02
-4.3616e-02
-4.2029e-02
-4.3834e-02
-4.7112e-02
-4.3176e-02
-3.0136e-02
-1.6127e-02
-5.9392e-03
3.6088e-03
1.4043e-02
2.4837e-02
3.4724e-02
4.2261e-02
4.9680e-02
5.8714e-02
6.9365e-02
7.9520e-02
8.6890e-02
9.2195e-02
9.4254e-02
8.8170e-02
7.4327e-02
5.6969e-02
3.6801e-02
1.8103e-02
5.0382e-03
-1.2234e-03
-6.4812e-04
3.9207e-03
6.8208e-03
6.6227e-03
5.8068e-03
2.9859e-03
-2.9293e-03
-1.0970e-02
-2.1332e-02
-3.5090e-02
-5.4358e-02
-7.5690e-02
-9.7913e-02
-1.1918e-01
-1.3717e-01
-1.5202e-01
-1.5850e-01
-1.5226e-01
-1.3930e-01
-1.2578e-01
-1.1340e-01
-1.0365e-01
-9.9477e-02
-9.9656e-02
-9.9687e-02
-9.6379e-02
-9.1710e-02
-8.8322e-02
-8.4067e-02
-7.6947e-02
-7.0282e-02
-6.2342e-02
-4.7733e-02
-2.6784e-02
-2.3444e-03
2.6269e-02
5.3041e-02
7.4287e-02
9.1448e-02
1.0387e-01
1.1551e-01
1.2470e-01
1.3031e-01
1.3374e-01
1.3620e-01
1.3514e-01
1.2864e-01
1.1274e-01
9.0234e-02
6.1252e-02
2.6838e-02
-6.7622e-03
-3.4822e-02
-5.7868e-02
-7.4666e-02
-8.3447e-02
-8.8055e-02
-8.9728e-02
-8.7404e-02
-8.0315e-02
-7.0227e-02
-5.4665e-02
-3.1136e-02
-6.3169e-03
1.0233e-02
1.4189e-02
1.2355e-02
8.5234e-03
1.6754e-03
-1.3641e-02
-3.1574e-02
-4.5990e-02
-5.5701e-02
-6.1769e-02
-6.3792e-02
-6.3785e-02
-6.5530e-02
-6.8967e-02
-7.2191e-02
-7.5252e-02
-7.9436e-02
-8.1210e-02
-7.8180e-02
-6.9682e-02
-5.2543e-02
-2.9958e-02
-5.6175e-03
1.5945e-02
3.2363e-02
4.2450e-02
4.9626e-02
5.9274e-02
6.9603e-02
7.9540e-02
9.1908e-02
1.0550e-01
1.1907e-01
1.3196e-01
1.4516e-01
1.5682e-01
1.6517e-01
1.7027e-01
1.7020e-01
1.6364e-01
1.5397e-01
1.3909e-01
1.1888e-01
9.1117e-02
5.5885e-02
2.6914e-02
2.6043e-03
-1.9161e-02
-3.3736e-02
-4.2113e-02
-4.7551e-02
-5.3641e-02
-5.8772e-02
-6.3917e-02
-6.7299e-02
-6.5535e-02
-6.3357e-02
-6.3826e-02
-6.0955e-02
-5.2406e-02
-4.3385e-02
-3.9745e-02
-4.2999e-02
-5.1599e-02
-6.3472e-02
-7.4289e-02
-8.3498e-02
-8.9338e-02
-9.0762e-02
-8.9154e-02
-8.7489e-02
-8.4376e-02
-8.0516e-02
-7.8541e-02
-7.6450e-02
-7.4206e-02
-7.3598e-02
-7.4751e-02
-7.4944e-02
-7.0763e-02
-6.4050e-02
-5.6654e-02
-4.8437e-02
-4.0592e-02
-3.5778e-02
-3.4229e-02
-3.6522e-02
-3.9824e-02
-4.1643e-02
-4.3872e-02
-4.8008e-02
-4.7190e-02
-3.8743e-02
-2.9936e-02
-2.4225e-02
-1.9154e-02
-1.5292e-02
-1.2506e-02
-8.5182e-03
-2.5109e-03
8.1607e-03
2.1847e-02
3.6532e-02
5.2348e-02
6.7209e-02
7.8513e-02
8.5607e-02
9.0640e-02
9.2426e-02
9.3742e-02
9.4228e-02
8.8846e-02
7.9356e-02
7.0317e-02
6.4842e-02
6.2133e-02
5.9462e-02
5.6924e-02
5.9801e-02
6.7150e-02
7.2474e-02
7.6332e-02
8.1512e-02
8.4898e-02
8.4792e-02
8.2606e-02
7.9547e-02
7.5473e-02
7.2712e-02
7.2411e-02
7.1160e-02
6.5880e-02
5.3708e-02
3.8260e-02
2.0141e-02
-1.3530e-03
-2.4466e-02
-4.8953e-02
-7.0846e-02
-8.8242e-02
-1.0043e-01
-1.0587e-01
-1.0513e-01
-1.0006e-01
-9.1127e-02
-8.0586e-02
-6.8642e-02
-5.5441e-02
-4.1941e-02
-3.0260e-02
-2.0044e-02
-8.7651e-03
3.4126e-03
1.5394e-02
2.7372e-02
4.0821e-02
5.3967e-02
6.4871e-02
6.8093e-02
6.1417e-02
4.8366e-02
2.6925e-02
3.4095e-04
-2.3445e-02
-4.5804e-02
-6.2888e-02
-7.5739e-02
-8.4830e-02
-8.4461e-02
-7.9085e-02
-7.3284e-02
-6.4404e-02
-5.4304e-02
-4.6740e-02
-3.9660e-02
-3.2965e-02
-2.8453e-02
-2.3047e-02
-1.1289e-02
4.3853e-03
1.9250e-02
3.1232e-02
3.8418e-02
4.0126e-02
3.8973e-02
3.3264e-02
2.4387e-02
1.6277e-02
5.6729e-03
-5.9164e-03
-1.6997e-02
-2.3749e-02
-2.4330e-02
-2.0208e-02
-1.7427e-02
-1.5260e-02
-1.0849e-02
-6.9407e-03
-5.6654e-03
-4.5496e-03
-3.1213e-03
-1.3397e-03
4.7532e-04
3.6647e-03
5.4413e-03
5.8690e-03
7.8257e-03
1.1659e-02
1.6027e-02
1.9150e-02
2.4812e-02
3.1978e-02
3.9831e-02
5.1058e-02
6.2953e-02
7.5087e-02
8.4417e-02
8.8574e-02
8.9802e-02
8.7279e-02
8.0262e-02
7.3090e-02
6.8013e-02
6.4200e-02
5.9064e-02
5.2333e-02
4.4123e-02
3.5167e-02
2.6763e-02
2.0232e-02
1.4097e-02
7.0561e-03
2.8312e-03
2.0006e-03
9.3965e-04
-1.8909e-04
-3.2500e-04
-5.0054e-04
-1.5210e-03
-2.2444e-04
3.1202e-03
7.4012e-03
1.3571e-02
1.8822e-02
2.3203e-02
2.7388e-02
3.2171e-02
3.6579e-02
4.0606e-02
4.2136e-02
4.1835e-02
4.1678e-02
4.1985e-02
4.2141e-02
4.3115e-02
4.6403e-02
4.6311e-02
3.9090e-02
3.0781e-02
2.2577e-02
1.0746e-02
-2.3358e-03
-1.3153e-02
-2.0086e-02
-2.5565e-02
-3.1504e-02
-3.6640e-02
-3.8600e-02
-3.9073e-02
-3.6484e-02
-2.8541e-02
-1.6395e-02
-1.9576e-03
1.2892e-02
2.9963e-02
4.9878e-02
6.6711e-02
7.9103e-02
8.6628e-02
8.8505e-02
8.5201e-02
7.7727e-02
6.7423e-02
5.7757e-02
4.8380e-02
3.8806e-02
3.0040e-02
2.0181e-02
1.0554e-02
1.7231e-03
-7.0824e-03
-1.6748e-02
-2.6490e-02
-3.3497e-02
-3.8972e-02
-4.3905e-02
-4.6669e-02
-4.6981e-02
-4.6762e-02
-4.6912e-02
-4.6988e-02
-4.7769e-02
-5.0364e-02
-5.2854e-02
-5.4172e-02
-5.6358e-02
-5.9563e-02
-6.2692e-02
-6.4614e-02
-6.4889e-02
-6.5556e-02
-6.8238e-02
-7.0804e-02
-7.2096e-02
-7.4225e-02
-7.4959e-02
-7.1226e-02
-6.6936e-02
-6.3347e-02
-5.7465e-02
-4.9461e-02
-4.1182e-02
-3.1465e-02
-2.1034e-02
-9.6327e-03
1.5056e-03
1.0833e-02
2.0171e-02
3.2364e-02
4.4668e-02
5.2024e-02
5.7866e-02
6.3846e-02
6.7315e-02
6.9271e-02
6.7876e-02
6.4524e-02
6.0223e-02
5.5467e-02
5.3136e-02
5.1235e-02
4.8126e-02
4.3740e-02
3.5778e-02
2.5915e-02
1.3777e-02
-7.2336e-04
-1.3667e-02
-2.5255e-02
-3.6070e-02
-4.3793e-02
-4.7223e-02
-4.9589e-02
-5.2920e-02
-5.6515e-02
-6.1073e-02
-6.8385e-02
-7.5809e-02
-7.9674e-02
-8.2708e-02
-8.7330e-02
-9.1433e-02
-9.4395e-02
-9.6994e-02
-9.8781e-02
-9.9026e-02
-9.8708e-02
-9.8567e-02
-9.6471e-02
-9.1895e-02
-8.4750e-02
-7.3579e-02
-6.0113e-02
-4.5546e-02
-3.1813e-02
-1.8854e-02
-5.6653e-03
6.6610e-03
1.8175e-02
2.6583e-02
3.2318e-02
3.9186e-02
4.6988e-02
5.4483e-02
6.1624e-02
6.8878e-02
7.4025e-02
7.5931e-02
7.6954e-02
7.8447e-02
7.7723e-02
7.3540e-02
6.7385e-02
6.0287e-02
5.2996e-02
4.6714e-02
3.9840e-02
3.2336e-02
2.6055e-02
2.0363e-02
1.4518e-02
9.7027e-03
5.7253e-03
3.7251e-03
5.9176e-03
8.5598e-03
1.2092e-02
1.8895e-02
2.6689e-02
3.2948e-02
3.7440e-02
4.2895e-02
4.9056e-02
5.3858e-02
5.6868e-02
5.8460e-02
5.7468e-02
5.2399e-02
4.5886e-02
3.9978e-02
3.2147e-02
2.3844e-02
1.4225e-02
2.5897e-03
-8.1748e-03
-1.7002e-02
-2.3217e-02
-2.7617e-02
-3.0677e-02
-3.2303e-02
-3.1331e-02
-2.9341e-02
-2.7954e-02
-2.7865e-02
-3.0307e-02
-3.2485e-02
-3.2583e-02
-3.3270e-02
-3.5928e-02
-3.5832e-02
-3.1404e-02
-2.6274e-02
-1.9789e-02
-1.2141e-02
-3.5698e-03
5.2744e-03
1.0799e-02
1.4582e-02
1.8783e-02
2.1124e-02
1.9989e-02
1.5745e-02
9.7850e-03
3.8265e-03
-7.6220e-04
-3.7731e-03
-5.0638e-03
-2.2363e-03
2.5675e-03
7.1476e-03
1.1022e-02
1.4348e-02
1.9898e-02
2.5787e-02
2.9176e-02
3.1643e-02
3.4637e-02
3.7631e-02
3.9347e-02
4.2210e-02
4.6333e-02
4.8047e-02
4.6209e-02
4.2817e-02
3.8570e-02
3.4446e-02
3.1536e-02
3.0161e-02
2.8715e-02
2.7458e-02
2.8499e-02
2.8917e-02
2.7615e-02
2.5399e-02
2.1281e-02
1.7034e-02
1.5321e-02
1.3975e-02
9.8642e-03
5.0611e-03
7.9835e-04
-1.8544e-03
-3.4833e-03
-4.5367e-03
-3.3436e-03
-1.3437e-03
1.8166e-03
6.0874e-03
1.0819e-02
1.4951e-02
1.6455e-02
1.6158e-02
1.6076e-02
1.6369e-02
1.6456e-02
1.6366e-02
1.6491e-02
1.8205e-02
2.2608e-02
2.7216e-02
3.0050e-02
3.0758e-02
2.7649e-02
2.1481e-02
1.3839e-02
5.1164e-03
-5.0816e-03
-1.4024e-02
-1.9926e-02
-2.3928e-02
-2.8363e-02
-3.2827e-02
-3.6141e-02
-4.0067e-02
-4.2978e-02
-4.3399e-02
-4.4137e-02
-4.3944e-02
-3.9837e-02
-3.3421e-02
-2.7166e-02
-2.0158e-02
-1.2892e-02
-6.6954e-03
-1.0196e-03
4.6333e-03
8.8855e-03
1.0214e-02
8.5523e-03
5.5845e-03
3.9045e-03
2.5428e-03
-1.3882e-05
-1.7373e-03
-1.8810e-03
-3.0835e-03
-5.9475e-03
-7.5024e-03
-5.9947e-03
-4.0081e-03
-2.3621e-03
2.9675e-05
1.4870e-03
1.7654e-04
-1.7129e-03
-3.8953e-03
-8.3496e-03
-1.2436e-02
-1.3406e-02
-1.2865e-02
-1.2432e-02
-1.0455e-02
-5.4790e-03
6.0844e-04
4.9095e-03
8.8214e-03
1.0506e-02
6.7572e-03
-4.5122e-05
-8.0390e-03
-1.6699e-02
-2.5370e-02
-3.1918e-02
-3.3564e-02
-3.1019e-02
-2.7666e-02
-2.5079e-02
-2.4182e-02
-2.4317e-02
-2.4384e-02
-2.4549e-02
-2.6271e-02
-2.7869e-02
-2.8928e-02
-2.6215e-02
-2.1538e-02
-1.5894e-02
-6.5813e-03
3.2329e-03
8.8021e-03
1.4058e-02
1.7196e-02
1.5883e-02
1.5263e-02
1.3087e-02
8.8483e-03
3.5896e-03
-2.2724e-03
-8.2099e-03
-1.3862e-02
-1.7744e-02
-1.9879e-02
-1.8880e-02
-1.5723e-02
-1.2352e-02
-8.2505e-03
-6.1005e-03
-6.9142e-03
-1.1191e-02
-1.5488e-02
-1.8815e-02
-2.3184e-02
-2.7755e-02
-3.2423e-02
-3.5036e-02
-3.3373e-02
-2.9262e-02
-2.4559e-02
-2.0491e-02
-1.6070e-02
-1.2718e-02
-1.2558e-02
-1.4744e-02
-1.6296e-02
-1.8179e-02
-2.0645e-02
-2.1000e-02
-1.8498e-02
-1.5332e-02
-1.3106e-02
-1.2577e-02
-1.3292e-02
-1.5498e-02
-1.7998e-02
-1.9327e-02
-2.0825e-02
-2.2269e-02
-2.5272e-02
-2.8856e-02
-2.8546e-02
-2.6363e-02
-2.3013e-02
-1.8555e-02
-1.4995e-02
-1.2295e-02
-9.5029e-03
-6.4878e-03
-3.4600e-03
3.4044e-04
4.9934e-03
8.5489e-03
1.2001e-02
1.5704e-02
1.6830e-02
1.4763e-02
1.0368e-02
6.7168e-03
3.2541e-03
-1.2058e-03
-5.7575e-03
-1.0255e-02
-1.3768e-02
-1.5777e-02
-1.7052e-02
-1.8410e-02
-1.7637e-02
-1.4624e-02
-1.2454e-02
-1.1384e-02
-1.0113e-02
-1.0584e-02
-1.2377e-02
-1.4009e-02
-1.6368e-02
-1.8221e-02
-1.7244e-02
-1.4059e-02
-1.0895e-02
-8.1042e-03
-5.1045e-03
-1.9106e-03
2.1458e-03
5.6752e-03
7.3626e-03
9.6242e-03
1.1770e-02
1.1097e-02
7.9856e-03
4.3941e-03
-1.4943e-04
-5.7736e-03
-1.0124e-02
-1.1612e-02
-1.2516e-02
-1.2406e-02
-1.0916e-02
-7.7070e-03
-4.9857e-03
-4.7420e-03
-5.0437e-03
-3.3841e-03
1.7546e-04
5.9257e-03
1.0247e-02
1.1834e-02
1.2432e-02
1.1296e-02
8.3799e-03
5.0015e-03
7.9074e-04
-3.2768e-03
-5.0170e-03
-6.2804e-03
-8.8903e-03
-1.0741e-02
-1.0195e-02
-6.5097e-03
-3.6204e-03
-5.1247e-04
1.5262e-03
1.5671e-03
1.3885e-03
3.6349e-03
8.5881e-03
1.2991e-02
1.7057e-02
1.9084e-02
1.8978e-02
1.8945e-02
2.0958e-02
2.3815e-02
2.4830e-02
2.4470e-02
2.4319e-02
2.5023e-02
2.8732e-02
3.3078e-02
3.6025e-02
3.8283e-02
3.8152e-02
3.4130e-02
2.8875e-02
2.1690e-02
1.2664e-02
2.8767e-03
-6.5315e-03
-1.1775e-02
-1.3640e-02
-1.4076e-02
-1.4177e-02
-1.4795e-02
-1.6033e-02
-1.5211e-02
-1.3516e-02
-1.1819e-02
-1.1190e-02
-1.1332e-02
-1.1926e-02
-1.2984e-02
-1.1636e-02
-8.2508e-03
-4.5125e-03
-6.7358e-04
3.1211e-04
-2.7277e-03
-8.2760e-03
-1.4203e-02
-1.9924e-02
-2.5825e-02
-3.1853e-02
-3.7948e-02
-4.3661e-02
-4.5630e-02
-4.2179e-02
-3.6009e-02
-3.0070e-02
-2.4475e-02
-1.7717e-02
-8.2967e-03
1.7267e-03
1.0363e-02
2.0078e-02
2.8926e-02
3.4488e-02
3.6631e-02
3.5897e-02
3.3260e-02
3.1098e-02
3.0893e-02
3.0448e-02
2.7869e-02
2.3692e-02
1.8967e-02
1.6343e-02
1.5097e-02
1.1397e-02
7.5580e-03
7.0776e-03
7.7365e-03
7.6820e-03
8.4929e-03
1.1337e-02
1.5756e-02
2.0358e-02
2.3597e-02
2.7309e-02
3.0755e-02
3.1393e-02
3.0799e-02
2.9405e-02
2.5692e-02
2.1996e-02
2.0327e-02
1.8298e-02
1.7430e-02
1.9913e-02
2.3376e-02
2.5036e-02
2.4829e-02
2.3415e-02
1.9661e-02
1.3707e-02
6.3185e-03
-3.3560e-03
-1.2993e-02
-2.0545e-02
-2.7436e-02
-3.2413e-02
-3.3154e-02
-3.0246e-02
-2.6809e-02
-2.2868e-02
-1.7266e-02
-1.1028e-02
-5.2001e-03
-4.7977e-04
1.6353e-03
2.8589e-03
4.2443e-03
6.1824e-03
9.0439e-03
1.2266e-02
1.6445e-02
1.9321e-02
1.9263e-02
1.6197e-02
1.3298e-02
1.1637e-02
9.5356e-03
9.6534e-03
1.3889e-02
1.7617e-02
2.0585e-02
2.4219e-02
2.6119e-02
2.6001e-02
2.5639e-02
2.4351e-02
2.1297e-02
1.6674e-02
1.2222e-02
8.0007e-03
3.9373e-03
6.4872e-04
-3.4863e-03
-7.8841e-03
-1.1052e-02
-1.3531e-02
-1.4908e-02
-1.5155e-02
-1.6498e-02
-1.9327e-02
-2.0829e-02
-1.9332e-02
-1.7521e-02
-1.7386e-02
-1.7572e-02
-1.5964e-02
-1.4499e-02
-1.4268e-02
-1.2456e-02
-7.6376e-03
-3.1313e-03
-5.8999e-04
-1.8181e-04
-2.1668e-03
-5.2775e-03
-8.3471e-03
-1.1222e-02
-1.3857e-02
-1.5162e-02
-1.6873e-02
-1.9608e-02
-2.0996e-02
-2.0825e-02
-2.0592e-02
-2.0974e-02
-2.2457e-02
-2.1974e-02
-2.0557e-02
-2.0144e-02
-1.8563e-02
-1.5410e-02
-1.2220e-02
-9.6872e-03
-8.7711e-03
-9.1552e-03
-1.0770e-02
-1.2362e-02
-1.4580e-02
-1.6527e-02
-1.5681e-02
-1.3380e-02
-9.4217e-03
-5.5948e-03
-4.2530e-03
-7.6775e-03
-1.1989e-02
-1.5319e-02
-1.8948e-02
-2.0646e-02
-2.0427e-02
-1.9585e-02
-1.6889e-02
-1.2640e-02
-9.2798e-03
-4.6070e-03
-2.0472e-03
-2.2569e-03
-3.6827e-03
-7.3837e-03
-1.0697e-02
-1.1836e-02
-1.2510e-02
-1.1054e-02
-8.3704e-03
-7.6581e-03
-8.0932e-03
-8.0981e-03
-8.6485e-03
-1.0340e-02
-1.1817e-02
-1.4027e-02
-1.6309e-02
-1.6862e-02
-1.5684e-02
-1.3782e-02
-1.2433e-02
-1.0214e-02
-7.9343e-03
-7.4125e-03
-7.7679e-03
-9.4307e-03
-1.3518e-02
-1.7287e-02
-1.9192e-02
-1.9299e-02
-1.9077e-02
-1.9188e-02
-1.9255e-02
-1.7599e-02
-1.1001e-02
1.6029e-04
1.1287e-02
1.9995e-02
2.6142e-02
3.0512e-02
3.2653e-02
3.2693e-02
3.3638e-02
3.3352e-02
3.2582e-02
3.2528e-02
3.1627e-02
3.1026e-02
3.0041e-02
2.8594e-02
2.9182e-02
3.0033e-02
2.9935e-02
3.0787e-02
3.1442e-02
3.2520e-02
3.4124e-02
3.4580e-02
3.4401e-02
3.4199e-02
3.2810e-02
3.0116e-02
2.8269e-02
2.6741e-02
2.4220e-02
2.2558e-02
2.2809e-02
2.4561e-02
2.6075e-02
2.7452e-02
2.8629e-02
2.8849e-02
2.8681e-02
2.8523e-02
2.7335e-02
2.5862e-02
2.4486e-02
2.4513e-02
2.4421e-02
2.3325e-02
2.3080e-02
2.4627e-02
2.4520e-02
2.3561e-02
2.5316e-02
2.8577e-02
3.0037e-02
3.1235e-02
3.2093e-02
3.0328e-02
2.6960e-02
2.3893e-02
2.1193e-02
1.8342e-02
1.5350e-02
1.2158e-02
7.8691e-03
5.5398e-03
5.5079e-03
4.2797e-03
3.0204e-03
3.5629e-03
4.9935e-03
4.2688e-03
2.6045e-03
9.0487e-04
-7.7307e-04
-3.9856e-03
-5.7735e-03
-5.5405e-03
-4.6703e-03
-2.6197e-03
-1.1022e-04
1.3601e-03
2.8052e-03
3.0885e-03
2.0415e-03
2.7190e-03
2.8647e-03
-4.9391e-04
-4.1452e-03
-4.2312e-03
-4.4483e-03
-5.1625e-03
-4.5586e-03
-1.8755e-03
5.2513e-04
4.8300e-05
-2.0646e-03
-3.4933e-03
-5.5951e-03
-8.6917e-03
-1.1094e-02
-1.1459e-02
-1.1124e-02
-1.1267e-02
-1.3590e-02
-1.5867e-02
-1.5941e-02
-1.6633e-02
-1.7277e-02
-1.7214e-02
-1.7099e-02
-1.7233e-02
-1.7255e-02
-1.7182e-02
-1.7171e-02
-1.7191e-02
-1.7274e-02
-1.7306e-02
-1.7293e-02
-1.7283e-02
-1.7063e-02
-1.4494e-02
-1.1166e-02
-9.0433e-03
-6.7549e-03
-5.0402e-03
-3.4122e-03
-8.6463e-04
9.9592e-04
2.5161e-03
5.0287e-03
6.9188e-03
8.3100e-03
9.4298e-03
9.8252e-03
1.1134e-02
1.2643e-02
1.3401e-02
1.6763e-02
2.0906e-02
2.2358e-02
2.3432e-02
2.4611e-02
2.4906e-02
2.4716e-02
2.4685e-02
2.4879e-02
2.4985e-02
2.5205e-02
2.6564e-02
2.6158e-02
2.4904e-02
2.4300e-02
2.2494e-02
1.9875e-02
1.8319e-02
1.6944e-02
1.5760e-02
1.3595e-02
1.1012e-02
9.7118e-03
7.9250e-03
5.5132e-03
4.0254e-03
2.1230e-03
-3.8637e-04
-2.0143e-03
-3.4269e-03
-3.9107e-03
-3.7567e-03
-2.0308e-03
1.4484e-03
2.7458e-03
2.2501e-03
2.0180e-03
2.2401e-03
1.5802e-03
-9.5225e-04
-3.3607e-03
-3.6608e-03
-3.2798e-03
-3.3504e-03
-3.5231e-03
-3.3127e-03
-1.0160e-03
2.0735e-04
-1.3226e-03
-2.2516e-03
-5.2366e-03
-8.9283e-03
-9.6877e-03
-8.9738e-03
-8.7746e-03
-9.0165e-03
-9.0746e-03
-9.1476e-03
-1.0578e-02
-1.2293e-02
-1.3977e-02
-1.6203e-02
-1.6173e-02
-1.3236e-02
-1.0054e-02
-8.6602e-03
-7.3411e-03
-4.4339e-03
-1.2242e-03
4.1292e-04
1.6922e-03
2.9511e-03
2.9847e-03
9.0197e-04
-1.7361e-03
-1.4051e-03
-1.3755e-03
-2.6682e-03
-4.6738e-03
-5.9077e-03
-7.3806e-03
-8.4346e-03
-8.7291e-03
-1.0435e-02
-1.3321e-02
-1.4530e-02
-1.4085e-02
-1.3781e-02
-1.3430e-02
-1.1865e-02
-1.1398e-02
-1.3191e-02
-1.4327e-02
-1.4060e-02
-1.4195e-02
-1.5354e-02
-1.4072e-02
-1.0680e-02
-6.9553e-03
-2.5646e-03
1.2725e-03
2.9940e-03
1.7931e-03
3.6093e-05
-3.0570e-03
-7.6888e-03
-1.2195e-02
-1.5805e-02
-1.6657e-02
-1.6272e-02
-1.5342e-02
-1.2962e-02
-9.8401e-03
-7.6795e-03
-7.3935e-03
-7.6110e-03
-7.5171e-03
-8.4035e-03
-1.0210e-02
-1.0802e-02
-1.1564e-02
-1.3097e-02
-1.3615e-02
-1.3365e-02
-1.3263e-02
-1.3371e-02
-1.3351e-02
-1.2234e-02
-1.0590e-02
-1.0281e-02
-1.1655e-02
-1.3391e-02
-1.4728e-02
-1.6111e-02
-1.7568e-02
-1.7927e-02
-1.6725e-02
-1.6057e-02
-1.5016e-02
-1.4975e-02
-1.6122e-02
-1.6523e-02
-1.6125e-02
-1.4674e-02
-1.3193e-02
-1.1713e-02
-1.0526e-02
-1.0345e-02
-1.0518e-02
-1.0516e-02
-1.0441e-02
-1.0440e-02
-1.0469e-02
-1.0199e-02
-8.4338e-03
-7.1293e-03
-7.2035e-03
-6.9511e-03
-3.5025e-03
-9.7240e-04
-1.1019e-03
-1.5750e-03
-1.6653e-03
-3.1026e-03
-4.6258e-03
-6.2734e-03
-7.2196e-03
-7.1869e-03
-5.9856e-03
-2.6896e-03
-8.5721e-04
-1.0346e-03
-1.3111e-03
-6.2209e-04
6.5645e-04
3.8004e-04
9.1745e-04
1.3106e-03
-1.9502e-04
-1.7362e-03
-2.6926e-03
-3.0341e-03
-4.8013e-03
-4.6285e-03
-4.5074e-03
-6.0696e-03
-6.8492e-03
-6.6364e-03
-7.3531e-03
-8.3690e-03
-7.2208e-03
-5.4337e-03
-3.8433e-03
-2.6042e-03
-9.6104e-04
-1.1534e-03
-3.1776e-03
-4.9155e-03
-6.2881e-03
-6.6114e-03
-6.4656e-03
-6.3743e-03
-6.3295e-03
-6.3101e-03
-6.3043e-03
-6.3046e-03
-6.3055e-03
-6.3054e-03
-6.3649e-03
-7.4435e-03
-9.1324e-03
-1.0593e-02
-1.1933e-02
-1.2268e-02
-1.2178e-02
-1.2265e-02
-1.2365e-02
-1.2286e-02
-1.2210e-02
-1.2285e-02
-1.3247e-02
-1.3753e-02
-1.2450e-02
-1.0771e-02
-1.0380e-02
-1.0559e-02
-9.4684e-03
-9.1231e-03
-1.2079e-02
-1.5505e-02
-1.8639e-02
-2.2375e-02
-2.5503e-02
-2.6700e-02
-2.6493e-02
-2.6191e-02
-2.4973e-02
-2.3289e-02
-2.0110e-02
-1.6051e-02
-1.4142e-02
-1.2663e-02
-8.5743e-03
-5.0993e-03
-3.4273e-03
-1.1744e-03
6.0303e-04
7.6907e-04
5.5408e-04
8.4773e-04
2.6375e-03
5.7123e-03
7.6687e-03
1.0766e-02
1.3040e-02
1.3076e-02
1.2924e-02
1.4759e-02
1.6233e-02
1.6137e-02
1.5802e-02
1.5883e-02
1.6015e-02
1.5716e-02
1.3931e-02
1.2500e-02
1.1037e-02
1.0083e-02
1.0050e-02
1.0202e-02
1.0168e-02
1.0105e-02
1.0117e-02
9.8874e-03
8.2464e-03
6.7504e-03
4.5555e-03
2.0582e-04
-2.8716e-03
-3.7639e-03
-2.4649e-03
-1.0564e-03
5.0213e-04
1.7729e-03
3.2728e-03
4.5421e-03
5.6034e-03
4.7277e-03
3.1739e-03
9.9430e-04
-1.3971e-03
-2.8511e-03
-4.3439e-03
-4.6242e-03
-2.3753e-03
9.2660e-04
3.4460e-03
4.5659e-03
5.4319e-03
4.5904e-03
3.6873e-03
3.1842e-03
1.6188e-03
6.2320e-04
1.3565e-03
3.8431e-03
6.9449e-03
1.0691e-02
1.6399e-02
2.1205e-02
2.2899e-02
2.4043e-02
2.3847e-02
2.0505e-02
1.6393e-02
1.4581e-02
1.3400e-02
1.2813e-02
1.2802e-02
1.3740e-02
1.5567e-02
1.7040e-02
2.0151e-02
2.4234e-02
2.6221e-02
2.6550e-02
2.6108e-02
2.7247e-02
2.7357e-02
2.5459e-02
2.5344e-02
2.7381e-02
2.8236e-02
2.7842e-02
2.7632e-02
2.6987e-02
2.4552e-02
2.2131e-02
2.0864e-02
2.0276e-02
2.1382e-02
2.2034e-02
2.1024e-02
1.8340e-02
1.6065e-02
1.4884e-02
1.3377e-02
1.1855e-02
9.3128e-03
7.9657e-03
8.1704e-03
7.3096e-03
6.6350e-03
6.7065e-03
6.8783e-03
6.7799e-03
5.6365e-03
4.0807e-03
4.7410e-03
5.5765e-03
4.3098e-03
2.3619e-03
8.3368e-04
5.1880e-04
-1.4929e-03
-4.8166e-03
-5.6513e-03
-6.0966e-03
-7.6602e-03
-9.3797e-03
-1.0771e-02
-1.1007e-02
-1.0819e-02
-1.0823e-02
-1.0909e-02
-1.0970e-02
-1.2017e-02
-1.3585e-02
-1.2841e-02
-9.7812e-03
-6.4972e-03
-3.6378e-03
-7.4987e-04
2.3250e-03
5.3247e-03
7.1106e-03
7.2243e-03
7.0699e-03
6.8509e-03
4.1417e-03
1.2605e-03
9.9931e-04
1.4151e-03
1.0468e-04
-1.9856e-04
1.1599e-03
1.7073e-03
1.2639e-03
-1.3931e-04
-1.4983e-03
-2.9489e-03
-4.1626e-03
-4.3382e-03
-4.2262e-03
-5.4228e-03
-5.6454e-03
-4.3169e-03
-3.7361e-03
-3.9947e-03
-4.1366e-03
-3.8715e-03
-2.4576e-03
-1.2188e-03
-2.1853e-03
-2.5625e-03
-2.6293e-03
-3.5345e-03
-4.1317e-03
-5.1973e-03
-5.1578e-03
-4.1090e-03
-5.0652e-03
-6.8163e-03
-8.5625e-03
-1.0961e-02
-1.2601e-02
-1.3976e-02
-1.5258e-02
-1.5590e-02
-1.5743e-02
-1.8256e-02
-1.9721e-02
-1.8278e-02
-1.5647e-02
-1.2839e-02
-1.0292e-02
-8.8682e-03
-5.7086e-03
-3.1917e-03
-3.1074e-03
-3.5871e-03
-3.5118e-03
-3.5885e-03
-5.6013e-03
-8.7688e-03
-1.1812e-02
-1.4279e-02
-1.5198e-02
-1.5164e-02
-1.5157e-02
-1.5005e-02
-1.3392e-02
-1.1869e-02
-1.0170e-02
-9.1310e-03
-9.1357e-03
-9.3023e-03
-8.9983e-03
-7.0211e-03
-3.8323e-03
-8.2706e-04
2.0130e-03
4.5465e-03
4.2340e-03
4.4893e-03
5.4253e-03
4.0000e-03
2.7542e-03
4.5672e-03
6.6776e-03
8.1928e-03
9.2932e-03
1.1558e-02
1.4197e-02
1.5014e-02
1.4674e-02
1.4571e-02
1.5301e-02
1.7147e-02
1.8614e-02
2.0666e-02
2.3217e-02
2.4683e-02
2.5548e-02
2.4657e-02
2.3712e-02
2.3214e-02
2.1236e-02
1.8587e-02
1.7197e-02
1.5351e-02
1.2831e-02
1.1245e-02
9.8304e-03
9.1883e-03
9.2812e-03
9.3850e-03
9.3313e-03
9.8226e-03
1.2047e-02
1.4666e-02
1.5424e-02
1.4544e-02
1.2246e-02
9.2840e-03
6.8836e-03
6.7606e-03
8.1480e-03
7.9691e-03
8.4314e-03
9.3057e-03
8.8183e-03
6.8690e-03
5.2154e-03
3.7436e-03
3.2868e-03
3.3789e-03
1.8467e-03
-9.2792e-04
-1.3669e-03
-1.9063e-03
-2.5423e-03
-2.6519e-03
-2.5303e-03
-3.2547e-03
-4.9037e-03
-6.3064e-03
-7.7769e-03
-9.1143e-03
-1.1500e-02
-1.4582e-02
-1.6758e-02
-1.7067e-02
-1.7571e-02
-1.7715e-02
-1.5049e-02
-1.2644e-02
-1.0344e-02
-8.2969e-03
-7.7602e-03
-7.9433e-03
-7.9295e-03
-7.8903e-03
-7.8735e-03
-7.7745e-03
-6.9291e-03
-6.0248e-03
-7.1001e-03
-7.1271e-03
-5.1436e-03
-3.4349e-03
-2.8625e-03
-4.1594e-03
-5.7037e-03
-7.2645e-03
-8.6558e-03
-1.1007e-02
-1.3173e-02
-1.3587e-02
-1.3265e-02
-1.3237e-02
-1.2570e-02
-1.0058e-02
-6.8386e-03
-3.7265e-03
-1.6235e-03
-1.3018e-03
5.5000e-04
3.8713e-03
3.7878e-03
2.6329e-03
3.7164e-03
4.6425e-03
4.4731e-03
4.2061e-03
4.2792e-03
4.4396e-03
5.4935e-03
7.0855e-03
7.4810e-03
7.2787e-03
7.2032e-03
6.1532e-03
4.4958e-03
3.9507e-03
3.1078e-03
2.5951e-03
3.8761e-03
5.7213e-03
7.2373e-03
8.5120e-03
9.8752e-03
9.1355e-03
6.1552e-03
3.9746e-03
4.0187e-03
4.5213e-03
4.4510e-03
4.2632e-03
4.2188e-03
4.2493e-03
4.3258e-03
4.2757e-03
4.2224e-03
4.2488e-03
3.2249e-03
1.5168e-03
-3.5761e-05
-1.5407e-03
-2.8978e-03
-4.3575e-03
-5.7388e-03
-6.0772e-03
-5.8266e-03
-6.8226e-03
-6.3905e-03
-4.5459e-03
-2.8443e-03
-1.4561e-03
-1.1608e-03
-1.3241e-03
-1.3342e-03
-1.2515e-03
-1.1679e-03
-1.0802e-03
-1.0556e-03
-1.0655e-03
-1.0620e-03
-1.1256e-03
-2.3701e-03
-3.9433e-03
-5.5788e-03
-6.6656e-03
-5.2228e-03
-2.1488e-03
-4.6962e-04
-5.7802e-04
-8.2671e-04
-8.4586e-04
-2.0918e-03
-3.7182e-03
-5.1209e-03
-4.8755e-03
-3.5770e-03
-4.3481e-03
-4.5228e-03
-1.9098e-03
2.4623e-04
1.8298e-03
5.6423e-03
9.0284e-03
1.0712e-02
1.1646e-02
1.1724e-02
1.0319e-02
8.8977e-03
8.6980e-03
7.6200e-03
6.2559e-03
7.2521e-03
7.7254e-03
6.6112e-03
6.3002e-03
7.9315e-03
9.4910e-03
9.5470e-03
9.0681e-03
7.7663e-03
6.4156e-03
4.8309e-03
2.2844e-03
5.2311e-04
-9.8317e-04
-3.5789e-03
-5.4062e-03
-6.6745e-03
-7.9308e-03
-9.5440e-03
-1.0980e-02
-1.2460e-02
-1.3433e-02
-1.2247e-02
-1.0876e-02
-1.1855e-02
-1.2305e-02
-1.2373e-02
-1.3252e-02
-1.3847e-02
-1.4911e-02
-1.4931e-02
-1.4979e-02
-1.5844e-02
-1.4922e-02
-1.3461e-02
-1.4302e-02
-1.4612e-02
-1.3202e-02
-1.1041e-02
-8.4211e-03
-6.8062e-03
-5.3772e-03
-4.0588e-03
-3.7986e-03
-3.9990e-03
-4.0214e-03
-3.9244e-03
-3.8168e-03
-3.7462e-03
-3.7390e-03
-3.7466e-03
-3.7326e-03
-3.6425e-03
-3.6380e-03
-3.8743e-03
-5.3216e-03
-8.1367e-03
-1.1058e-02
-1.2552e-02
-1.3651e-02
-1.3709e-02
-1.3921e-02
-1.4976e-02
-1.5275e-02
-1.4977e-02
-1.4876e-02
-1.4976e-02
-1.5010e-02
-1.4973e-02
-1.4959e-02
-1.4961e-02
-1.4868e-02
-1.4762e-02
-1.4737e-02
-1.4671e-02
-1.4823e-02
-1.6263e-02
-1.7444e-02
-1.6085e-02
-1.5887e-02
-1.5532e-02
-1.4265e-02
-1.2042e-02
-9.2084e-03
-6.4635e-03
-5.1462e-03
-3.6973e-03
-2.2441e-03
-1.9864e-04
2.4571e-03
3.6120e-03
3.3771e-03
3.1939e-03
3.0795e-03
1.5362e-03
6.3960e-04
2.6534e-03
5.7744e-03
7.1044e-03
8.5756e-03
1.1272e-02
1.2902e-02
1.4408e-02
1.5453e-02
1.5273e-02
1.3198e-02
1.0249e-02
8.8263e-03
7.2514e-03
4.5741e-03
3.5214e-03
5.7720e-03
9.2324e-03
1.1995e-02
1.3099e-02
1.4420e-02
1.5493e-02
1.5565e-02
1.5380e-02
1.4988e-02
1.1511e-02
7.3441e-03
5.9612e-03
4.6480e-03
1.8063e-03
5.4210e-04
2.4618e-03
4.1010e-03
3.9743e-03
3.5958e-03
3.6994e-03
3.5804e-03
1.5394e-03
-1.7113e-03
-4.4852e-03
-5.3456e-03
-4.8326e-03
-3.0080e-03
-1.6118e-03
7.6717e-05
2.7247e-03
3.9577e-03
3.5202e-03
1.4835e-03
-1.4959e-03
-4.3289e-03
-5.3639e-03
-5.1366e-03
-5.0166e-03
-4.8854e-03
-2.9309e-03
3.3340e-04
3.2393e-03
4.0909e-03
3.8461e-03
3.4794e-03
1.6674e-03
-1.1631e-03
-2.3545e-03
-2.0490e-03
-1.8502e-03
-1.7606e-03
6.6225e-05
3.3496e-03
6.7643e-03
1.1185e-02
1.5094e-02
1.6450e-02
1.7670e-02
1.8518e-02
1.6915e-02
1.5405e-02
1.5464e-02
1.5854e-02
1.5749e-02
1.4302e-02
1.4749e-02
1.5767e-02
1.4248e-02
1.2435e-02
1.0844e-02
1.0028e-02
1.0152e-02
1.0092e-02
8.4003e-03
7.3726e-03
9.0981e-03
1.0594e-02
1.0435e-02
9.9739e-03
1.0098e-02
1.0332e-02
1.0314e-02
1.0239e-02
1.0248e-02
1.0295e-02
1.0410e-02
1.0757e-02
1.2762e-02
1.5690e-02
1.6591e-02
1.4352e-02
1.0946e-02
7.9907e-03
5.2827e-03
2.3988e-03
-2.2368e-04
-1.1657e-03
-9.6502e-04
-9.4905e-04
-1.0660e-03
-1.1407e-03
-1.1668e-03
-1.1469e-03
-1.0299e-03
-1.1984e-03
-3.1121e-03
-5.8288e-03
-5.5790e-03
-5.6997e-03
-6.8706e-03
-7.4836e-03
-8.5083e-03
-8.2719e-03
-8.8188e-03
-9.8986e-03
-9.8426e-03
-7.9664e-03
-6.7148e-03
-6.8536e-03
-7.0220e-03
-6.6126e-03
-4.2497e-03
-1.4211e-03
-1.1982e-03
-3.3919e-03
-5.0038e-03
-6.3228e-03
-7.0108e-03
-7.0229e-03
-7.4607e-03
-9.1644e-03
-9.6395e-03
-7.9130e-03
-6.8140e-03
-6.9741e-03
-7.2780e-03
-7.2359e-03
-7.1386e-03
-7.1600e-03
-7.1978e-03
-7.1904e-03
-7.1755e-03
-7.1727e-03
-6.6458e-03
-4.4417e-03
-1.8312e-03
-5.3348e-04
7.9862e-04
1.6342e-03
1.6430e-03
1.5001e-03
1.5364e-03
2.1216e-03
3.7912e-03
5.2204e-03
6.0981e-03
5.9628e-03
6.9675e-03
7.7708e-03
7.7110e-03
7.5118e-03
6.6967e-03
4.9259e-03
3.4258e-03
1.9471e-03
6.9411e-04
-7.4961e-04
-4.7674e-04
1.3484e-03
2.8050e-03
4.2163e-03
5.5147e-03
7.9815e-03
9.5232e-03
8.2573e-03
7.2646e-03
7.4955e-03
7.7618e-03
6.8581e-03
5.0396e-03
4.3711e-03
3.8048e-03
3.0755e-03
4.0830e-03
4.8638e-03
4.6380e-03
4.3946e-03
5.4724e-03
7.4051e-03
8.9469e-03
1.0253e-02
9.4671e-03
6.5993e-03
4.4240e-03
3.2285e-03
9.6231e-04
-1.1705e-03
-1.4745e-03
-1.1007e-03
-1.1704e-03
-1.2276e-03
-2.5296e-05
1.6938e-03
1.9774e-03
1.5488e-03
1.4956e-03
7.4724e-04
2.4838e-04
1.4773e-03
3.2146e-03
4.6372e-03
4.8513e-03
4.6560e-03
4.7463e-03
4.8899e-03
3.8245e-03
3.1814e-03
4.5093e-03
5.1736e-03
4.8067e-03
4.4397e-03
3.4624e-03
3.4111e-03
3.0407e-03
6.2543e-04
-1.2132e-03
-1.3264e-03
-2.3299e-03
-3.9864e-03
-5.6709e-03
-6.7016e-03
-5.3830e-03
-3.8605e-03
-5.1671e-03
-7.0549e-03
-7.1985e-03
-6.6745e-03
-6.6793e-03
-6.9423e-03
-6.9729e-03
-6.7209e-03
-5.2675e-03
-3.7137e-03
-2.2784e-03
-1.2438e-03
-2.7563e-03
-5.7576e-03
-7.1859e-03
-6.6849e-03
-4.5634e-03
-1.8712e-03
-5.6325e-04
5.6153e-04
2.4731e-04
7.5254e-04
1.8454e-03
1.7960e-03
-8.5949e-05
-1.6095e-03
-3.4561e-03
-6.1108e-03
-6.9909e-03
-5.0548e-03
-3.4717e-03
-1.7686e-03
8.4291e-04
1.8802e-03
3.4632e-05
-1.4119e-03
-1.2183e-03
-8.7119e-04
-9.8392e-04
-1.1194e-03
-7.6913e-04
9.8143e-04
2.1280e-03
1.5870e-03
-2.5141e-04
-1.1008e-03
-8.6784e-04
-1.2337e-03
-3.0251e-03
-3.4907e-03
-1.6132e-03
-4.6946e-04
-1.6461e-04
1.8903e-03
4.6902e-03
5.5175e-03
4.9970e-03
4.8386e-03
4.6300e-03
3.0845e-03
1.5111e-03
4.0433e-04
1.9515e-03
4.7192e-03
6.0808e-03
7.2095e-03
7.9817e-03
8.7968e-03
9.6934e-03
8.7572e-03
8.7124e-03
9.7287e-03
8.8150e-03
7.7466e-03
7.8104e-03
8.1946e-03
7.4100e-03
5.5098e-03
3.9475e-03
2.4785e-03
1.1842e-03
4.0048e-04
1.5267e-03
1.5543e-03
4.8329e-04
1.3515e-03
2.3303e-03
3.0780e-03
4.5322e-03
5.2112e-03
5.1158e-03
5.0534e-03
5.1143e-03
5.2252e-03
5.1934e-03
4.0312e-03
1.2446e-03
-9.3354e-04
-2.1262e-03
-3.3820e-03
-4.8692e-03
-6.4499e-03
-6.8065e-03
-6.5651e-03
-6.5236e-03
-6.5514e-03
-6.4505e-03
-6.3836e-03
-6.3921e-03
-6.3320e-03
-6.2088e-03
-6.1739e-03
-6.1915e-03
-6.1199e-03
-5.9291e-03
-4.7425e-03
-3.0844e-03
-3.8340e-03
-5.8783e-03
-6.3415e-03
-5.8992e-03
-5.7414e-03
-5.8016e-03
-5.8073e-03
-5.7625e-03
-5.7514e-03
-5.7650e-03
-5.7679e-03
-5.7576e-03
-5.6738e-03
-5.4855e-03
-5.4784e-03
-6.6649e-03
-8.4040e-03
-9.8387e-03
-1.1164e-02
-1.1499e-02
-1.1204e-02
-1.0051e-02
-8.5860e-03
-8.3250e-03
-9.6471e-03
-1.1309e-02
-1.1585e-02
-1.1335e-02
-1.2326e-02
-1.4043e-02
-1.4598e-02
-1.5536e-02
-1.7027e-02
-1.7418e-02
-1.7164e-02
-1.7102e-02
-1.6002e-02
-1.4214e-02
-1.2356e-02
-9.8768e-03
-8.1828e-03
-6.6430e-03
-4.0190e-03
-2.1905e-03
-8.3388e-04
3.7292e-04
6.4471e-04
4.7093e-04
2.0297e-04
-1.0980e-03
-2.5041e-03
-2.6625e-03
-2.3247e-03
-2.3098e-03
-2.5160e-03
-2.5271e-03
-2.5579e-03
-3.9774e-03
-5.5374e-03
-5.8613e-03
-6.6604e-03
-6.6383e-03
-5.5722e-03
-5.1776e-03
-5.4162e-03
-5.4241e-03
-3.8450e-03
-1.0028e-03
8.1811e-04
2.2334e-03
3.2627e-03
2.2378e-03
1.9807e-03
3.0807e-03
2.3883e-03
2.0605e-03
3.4466e-03
5.4581e-03
6.9443e-03
8.7188e-03
1.1224e-02
1.2674e-02
1.2383e-02
1.0543e-02
7.8141e-03
6.2856e-03
4.5994e-03
1.8328e-03
4.7085e-04
1.0608e-03
3.1946e-03
5.9345e-03
7.3298e-03
9.0889e-03
1.1869e-02
1.3419e-02
1.4791e-02
1.5541e-02
1.4105e-02
1.2818e-02
1.2894e-02
1.3177e-02
1.2741e-02
1.0647e-02
7.8202e-03
6.4781e-03
4.8943e-03
2.2025e-03
8.8643e-04
1.1366e-03
1.3823e-03
1.2418e-03
8.9122e-04
-6.9476e-04
-2.1078e-03
-3.8515e-03
-6.4956e-03
-8.0534e-03
-9.4813e-03
-1.0215e-02
-8.6421e-03
-7.2640e-03
-7.3308e-03
-7.8024e-03
-9.3942e-03
-1.0577e-02
-1.0296e-02
-8.6809e-03
-8.9049e-03
-8.6402e-03
-7.5735e-03
-6.9113e-03
-5.4125e-03
-4.2672e-03
-4.2606e-03
-4.4993e-03
-4.5717e-03
-4.5686e-03
-4.5441e-03
-5.0027e-03
-6.6997e-03
-7.2772e-03
-5.9118e-03
-6.3890e-03
-8.1330e-03
-9.9431e-03
-9.9858e-03
-8.0128e-03
-7.5142e-03
-9.0533e-03
-8.6032e-03
-7.8917e-03
-8.9073e-03
-8.4905e-03
-7.4252e-03
-7.2714e-03
-7.5368e-03
-7.5589e-03
-6.8912e-03
-5.0827e-03
-4.1246e-03
-4.3354e-03
-4.6012e-03
-4.4458e-03
-4.2926e-03
-4.3251e-03
-4.3719e-03
-4.3570e-03
-4.3376e-03
-4.3409e-03
-4.3465e-03
-4.3438e-03
-4.3401e-03
-4.3440e-03
-4.9041e-03
-6.1375e-03
-5.9001e-03
-6.5301e-03
-7.4570e-03
-7.5011e-03
-7.3310e-03
-6.8269e-03
-5.1121e-03
-3.5713e-03
-1.3714e-03
1.9684e-03
5.3009e-03
7.3636e-03
7.6464e-03
7.4355e-03
8.2741e-03
9.2971e-03
8.2216e-03
8.1411e-03
9.3141e-03
8.5436e-03
8.3683e-03
1.0057e-02
1.0840e-02
1.0572e-02
1.0487e-02
9.8661e-03
8.2122e-03
7.5184e-03
7.7505e-03
7.8882e-03
7.7335e-03
8.3598e-03
1.0115e-02
1.0125e-02
9.0033e-03
9.9184e-03
1.0126e-02
9.1341e-03
9.1366e-03
8.3601e-03
7.6908e-03
7.6367e-03
6.7066e-03
5.0525e-03
4.6013e-03
5.9383e-03
7.7269e-03
8.0172e-03
8.5887e-03
9.1700e-03
8.2633e-03
8.6543e-03
9.3572e-03
8.1991e-03
7.3392e-03
7.3503e-03
6.3808e-03
4.6708e-03
3.2593e-03
1.8998e-03
1.4570e-03
1.5840e-03
1.6319e-03
1.4273e-03
2.7556e-04
-1.9852e-04
1.1950e-03
1.8901e-03
1.6221e-03
1.4464e-03
1.5563e-03
1.5491e-03
1.3993e-03
1.4350e-03
1.5830e-03
1.6056e-03
1.4752e-03
1.3682e-03
1.3718e-03
1.3956e-03
1.2354e-03
-2.8685e-04
-3.0649e-03
-4.6422e-03
-4.5292e-03
-4.2656e-03
-4.3832e-03
-4.4927e-03
-4.4389e-03
-4.2987e-03
-4.2098e-03
-4.2127e-03
-4.2148e-03
-4.1101e-03
-4.0006e-03
-4.0012e-03
-4.1077e-03
-3.9532e-03
-2.4944e-03
-1.1960e-03
-2.4167e-03
-4.2730e-03
-5.9283e-03
-8.3113e-03
-9.8061e-03
-9.7445e-03
-9.4498e-03
-9.4135e-03
-9.4347e-03
-9.4088e-03
-9.6559e-03
-1.1125e-02
-1.0563e-02
-9.1004e-03
-8.8993e-03
-9.0084e-03
-7.1291e-03
-4.0157e-03
-2.7609e-03
-3.1074e-03
-2.7509e-03
-8.4809e-04
2.7423e-04
6.4172e-04
1.6784e-03
1.6358e-03
2.3097e-03
3.1605e-03
3.2522e-03
3.1068e-03
3.2200e-03
2.8322e-03
1.1496e-03
1.8771e-04
8.6653e-04
1.1612e-03
-3.0245e-03
-5.5177e-03
-3.5188e-03
-1.9120e-03
-2.2817e-03
-2.7312e-03
-2.5639e-03
-2.3228e-03
-1.4454e-03
1.0512e-03
3.3491e-03
3.6313e-03
3.2205e-03
3.2333e-03
3.4069e-03
3.5223e-03
3.7047e-03
3.7487e-03
4.4732e-03
6.1917e-03
6.7700e-03
5.5325e-03
3.6878e-03
3.3940e-03
3.7794e-03
3.7330e-03
3.6134e-03
3.7131e-03
4.7743e-03
6.4898e-03
7.9886e-03
9.3299e-03
9.7316e-03
9.6062e-03
9.5091e-03
8.5006e-03
6.8310e-03
5.3463e-03
4.0010e-03
3.6815e-03
3.8527e-03
3.8809e-03
3.8037e-03
3.7933e-03
3.6563e-03
2.2081e-03
5.2922e-04
-9.0351e-04
-1.6159e-03
9.4745e-04
3.9258e-03
4.2378e-03
3.4706e-03
1.8888e-03
-6.5062e-04
-2.1417e-03
-1.8923e-03
1.8102e-04
3.0359e-03
3.9030e-03
2.3139e-03
2.5449e-03
4.1735e-03
6.1738e-03
6.8681e-03
5.1060e-03
3.5025e-03
1.7565e-03
-9.0211e-04
-2.2242e-03
-1.9058e-03
-1.5794e-03
-1.3994e-03
2.1912e-04
9.5137e-04
-8.4700e-04
-2.0651e-03
-1.7219e-03
-1.3545e-03
-2.0072e-03
-3.8171e-03
-5.2285e-03
-7.2217e-03
-9.6500e-03
-9.9637e-03
-7.8809e-03
-5.3997e-03
-2.0730e-03
8.7998e-04
5.6451e-03
1.1095e-02
1.6273e-02
2.1507e-02
2.3192e-02
2.1833e-02
1.6616e-02
7.7334e-03
4.3058e-04
-4.2291e-03
-7.3165e-03
-9.2506e-03
-8.5398e-03
-6.5945e-03
-6.1602e-03
-6.5061e-03
-5.4940e-03
-3.7560e-03
-4.4206e-03
-6.3982e-03
-6.8400e-03
-6.2085e-03
-3.8527e-03
-9.0776e-04
-1.8073e-03
-5.2068e-03
-7.0373e-03
-8.1953e-03
-1.0675e-02
-1.2465e-02
-1.2321e-02
-1.0468e-02
-7.4324e-03
-3.0158e-03
1.3589e-03
4.2715e-03
6.0059e-03
9.2561e-03
1.1532e-02
1.1220e-02
9.1579e-03
7.6453e-03
4.0777e-03
-1.7582e-03
-6.1001e-03
-8.3829e-03
-9.1135e-03
-9.1059e-03
-9.3628e-03
-1.1173e-02
-1.2482e-02
-1.1820e-02
-9.2152e-03
-6.0598e-03
-3.6432e-03
-2.0406e-03
1.0684e-03
2.9836e-03
2.7849e-03
1.9446e-03
4.6433e-04
-8.4329e-04
-2.9516e-03
-5.9499e-03
-8.4645e-03
-9.0924e-03
-8.0032e-03
-5.3807e-03
-2.2450e-03
-1.1839e-04
1.9782e-04
8.0584e-04
2.6126e-03
2.4964e-03
4.6156e-04
-1.4165e-04
2.5270e-03
5.9980e-03
6.5792e-03
5.9265e-03
5.8912e-03
6.1670e-03
6.1983e-03
6.3133e-03
7.6717e-03
1.0340e-02
1.1139e-02
8.5315e-03
5.0277e-03
2.1769e-03
6.8576e-04
6.4363e-04
8.2595e-04
7.5592e-04
6.7868e-04
7.0604e-04
7.3765e-04
8.8699e-04
2.4026e-03
5.6096e-03
9.9450e-03
1.1338e-02
9.7034e-03
7.5790e-03
5.2263e-03
3.6707e-03
2.2619e-03
8.3788e-04
-1.1673e-03
-3.7316e-03
-5.2841e-03
-6.5629e-03
-5.6747e-03
-2.4717e-03
9.4640e-04
3.7712e-03
6.1697e-03
6.9147e-03
5.2662e-03
3.7599e-03
2.2804e-03
1.6067e-03
2.9596e-03
2.6804e-03
1.0515e-03
-1.4145e-03
-3.3536e-03
-2.4306e-03
-7.0409e-04
1.4649e-03
4.3981e-03
7.4948e-03
9.8747e-03
1.1083e-02
1.2103e-02
1.1828e-02
1.2581e-02
1.3565e-02
1.3114e-02
1.0111e-02
4.3887e-03
-2.4459e-03
-7.8184e-03
-1.0932e-02
-1.2738e-02
-1.4016e-02
-1.5557e-02
-1.5283e-02
-1.1780e-02
-5.9186e-03
9.7011e-04
7.6597e-03
1.1539e-02
1.3231e-02
1.2794e-02
1.0179e-02
7.6824e-03
5.1697e-03
3.1877e-03
2.9290e-03
2.1222e-03
1.6354e-03
1.7250e-03
1.9636e-03
4.1616e-03
7.4165e-03
8.1854e-03
7.6163e-03
7.5134e-03
7.8810e-03
1.0162e-02
1.3445e-02
1.3977e-02
1.1630e-02
7.0595e-03
1.4352e-03
-3.0107e-03
-5.6752e-03
-6.4560e-03
-3.6306e-03
8.9869e-04
4.0462e-03
4.7494e-03
1.6264e-03
-4.4389e-03
-1.2289e-02
-2.2564e-02
-3.4272e-02
-4.4677e-02
-5.3281e-02
-5.9972e-02
-6.2382e-02
-5.7590e-02
-4.7963e-02
-3.5553e-02
-1.9318e-02
6.2555e-04
1.9571e-02
3.2734e-02
3.8879e-02
3.6376e-02
2.7500e-02
1.4959e-02
3.9136e-03
-4.0644e-03
-7.9480e-03
-4.9817e-03
2.1473e-03
1.1984e-02
2.1736e-02
2.7868e-02
2.7324e-02
2.1333e-02
1.1494e-02
1.1517e-03
-8.5048e-03
-1.2457e-02
-1.0514e-02
-6.4729e-04
1.3041e-02
2.6610e-02
3.8375e-02
4.4263e-02
4.4105e-02
3.9273e-02
2.7498e-02
1.2030e-02
-3.5424e-03
-1.8575e-02
-2.8054e-02
-2.8584e-02
-2.1478e-02
-1.0065e-02
-2.1869e-03
-1.3864e-03
-8.0968e-03
-1.8022e-02
-2.8923e-02
-3.8908e-02
-4.2438e-02
-3.7387e-02
-2.7733e-02
-1.6078e-02
-3.2558e-03
6.1600e-03
9.0499e-03
5.7814e-03
-1.3640e-03
-7.5815e-03
-1.1002e-02
-1.2990e-02
-1.2906e-02
-1.0135e-02
-5.9200e-03
3.1851e-04
8.0972e-03
1.3944e-02
1.6948e-02
1.7020e-02
1.1652e-02
4.2841e-03
-4.6815e-04
-3.5507e-03
-4.4176e-03
-2.5122e-03
2.6480e-03
8.8367e-03
1.3861e-02
1.6224e-02
1.5506e-02
1.4414e-02
1.5733e-02
1.5983e-02
1.4122e-02
1.2453e-02
1.0070e-02
7.7993e-03
6.2649e-03
4.8697e-03
4.4939e-03
3.5123e-03
-1.5358e-03
-1.0508e-02
-1.9838e-02
-2.8294e-02
-3.4521e-02
-3.5431e-02
-3.1021e-02
-2.2537e-02
-1.2215e-02
-4.4861e-03
-4.5909e-03
-1.1933e-02
-2.1026e-02
-2.9676e-02
-3.6802e-02
-3.8232e-02
-3.1460e-02
-2.0769e-02
-9.2508e-03
-9.7886e-04
5.5899e-03
1.0759e-02
1.2858e-02
1.2655e-02
9.0581e-03
4.2389e-03
1.0489e-03
-3.1912e-04
8.1541e-04
4.9334e-03
9.8548e-03
1.4136e-02
1.8380e-02
2.3201e-02
2.7532e-02
2.6681e-02
2.1407e-02
1.4618e-02
6.7190e-03
4.6273e-04
-5.5268e-03
-1.2167e-02
-1.5610e-02
-1.6414e-02
-1.4312e-02
-8.4305e-03
9.0016e-04
1.0952e-02
1.8331e-02
2.3729e-02
2.7816e-02
2.9278e-02
2.7621e-02
2.4186e-02
1.8267e-02
1.0894e-02
3.2788e-03
-3.6943e-03
-8.0614e-03
-9.1278e-03
-7.2512e-03
-2.8354e-03
1.7886e-03
6.2183e-03
1.0181e-02
1.1561e-02
1.0003e-02
8.0731e-03
4.9772e-03
-5.8254e-04
-6.7679e-03
-1.0984e-02
-1.2035e-02
-1.0303e-02
-7.4924e-03
-5.8120e-03
-4.1924e-03
-3.6088e-03
-7.4433e-03
-1.3945e-02
-2.0113e-02
-2.5958e-02
-3.2405e-02
-3.2214e-02
-2.7117e-02
-2.1296e-02
-1.3625e-02
-3.0356e-03
7.0322e-03
1.3817e-02
1.8966e-02
2.2699e-02
2.3537e-02
2.1333e-02
1.8383e-02
1.7407e-02
1.7771e-02
1.8418e-02
2.1626e-02
2.4095e-02
2.4031e-02
2.3530e-02
2.3397e-02
2.1690e-02
1.8447e-02
1.5091e-02
1.0399e-02
4.6249e-03
3.7672e-04
-2.0663e-03
-3.1650e-03
-4.7243e-03
-5.3155e-03
-3.1048e-03
-1.6784e-04
1.1616e-03
2.3964e-03
2.7090e-03
1.6133e-03
2.7859e-03
5.6829e-03
6.2354e-03
4.1053e-03
2.4466e-03
6.1076e-04
-1.7231e-03
-2.6615e-03
-2.9452e-03
-3.9391e-03
-3.3109e-03
-1.7530e-03
5.7044e-04
4.1019e-03
8.8675e-03
1.3347e-02
1.6296e-02
1.3848e-02
8.9710e-03
3.1588e-03
-3.6890e-03
-8.8007e-03
-1.3096e-02
-1.6200e-02
-1.6935e-02
-1.5230e-02
-1.1741e-02
-9.5387e-03
-7.2735e-03
-5.0051e-03
-5.1996e-03
-7.1684e-03
-8.6153e-03
-1.0013e-02
-1.0565e-02
-1.0468e-02
-1.0326e-02
-9.4514e-03
-6.9004e-03
-2.8734e-03
1.8315e-03
6.0499e-03
1.0512e-02
1.1719e-02
1.0133e-02
1.1976e-02
1.2241e-02
9.3754e-03
8.4445e-03
6.2935e-03
6.2956e-04
-4.3991e-03
-7.5411e-03
-1.1908e-02
-1.5515e-02
-1.9447e-02
-2.1333e-02
-1.9946e-02
-1.8124e-02
-1.4701e-02
-9.5482e-03
-4.6675e-03
6.0825e-04
5.3711e-03
8.6112e-03
1.1039e-02
1.0558e-02
6.3766e-03
1.5397e-03
-2.7748e-03
-8.1230e-03
-1.4298e-02
-1.8037e-02
-2.0354e-02
-2.2009e-02
-2.2263e-02
-1.9793e-02
-1.4209e-02
-8.8909e-03
-3.6857e-03
2.1683e-03
5.9090e-03
7.3465e-03
7.4150e-03
6.3800e-03
5.8416e-03
4.6977e-03
2.1251e-03
1.3067e-03
1.7625e-03
1.8631e-03
4.2231e-04
-1.3626e-03
-4.3435e-03
-8.4050e-03
-1.1839e-02
-1.5713e-02
-1.8454e-02
-1.8674e-02
-1.7829e-02
-1.4660e-02
-9.1618e-03
-5.8183e-03
-4.3818e-03
-1.8638e-03
1.3116e-03
2.9935e-03
4.2813e-03
5.8455e-03
7.7195e-03
9.2217e-03
1.0690e-02
1.2064e-02
1.3617e-02
1.4871e-02
1.5127e-02
1.5038e-02
1.5062e-02
1.5127e-02
1.4876e-02
1.2711e-02
8.2214e-03
5.3749e-03
2.3483e-03
-1.2171e-03
-2.6424e-03
-2.5050e-03
-3.9599e-03
-5.6965e-03
-7.3709e-03
-8.2282e-03
-8.0755e-03
-7.8648e-03
-7.9264e-03
-7.9943e-03
-7.9659e-03
-8.1899e-03
-9.8340e-03
-1.1312e-02
-1.2880e-02
-1.3838e-02
-1.3840e-02
-1.3686e-02
-1.3711e-02
-1.3672e-02
-1.3667e-02
-1.3110e-02
-9.7460e-03
-6.9304e-03
-5.0941e-03
-2.7490e-03
-1.4706e-03
-1.5842e-03
-2.3352e-03
-3.8833e-03
-5.1262e-03
-6.6033e-03
-6.8576e-03
-4.5466e-03
-1.1925e-03
2.2362e-03
6.1676e-03
8.4288e-03
1.0489e-02
1.3512e-02
1.6122e-02
1.6840e-02
1.6067e-02
1.4343e-02
1.2994e-02
1.1460e-02
1.0803e-02
1.0885e-02
1.0974e-02
1.0454e-02
8.6915e-03
7.1825e-03
5.1878e-03
2.8975e-03
1.5666e-03
-3.8050e-04
-2.8764e-03
-4.8705e-03
-8.5672e-03
-1.1491e-02
-9.9949e-03
-6.7400e-03
-4.6425e-03
-1.6805e-03
1.0127e-04
1.2453e-05
-8.6897e-04
-2.5626e-03
-3.9211e-03
-5.8686e-03
-8.2575e-03
-9.6503e-03
-1.1051e-02
-1.1315e-02
-9.0852e-03
-5.8742e-03
-3.4000e-03
-2.4292e-03
-9.8348e-04
-5.5720e-05
-1.6351e-03
-3.3342e-03
-4.8816e-03
-5.4985e-03
-4.1227e-03
-4.1516e-03
-3.4668e-03
-5.0908e-04
2.8677e-03
5.7115e-03
8.2931e-03
9.5717e-03
1.1011e-02
1.2195e-02
1.2341e-02
1.2147e-02
1.2154e-02
1.2238e-02
1.2241e-02
1.1960e-02
1.0324e-02
8.8670e-03
7.2966e-03
6.3308e-03
6.3294e-03
6.4853e-03
6.6956e-03
8.2716e-03
9.6743e-03
1.0934e-02
1.1001e-02
1.1157e-02
1.1982e-02
1.0787e-02
7.6426e-03
4.3027e-03
2.6174e-04
-2.5493e-03
-2.8991e-03
-3.5703e-03
-3.6183e-03
-2.6222e-03
-2.1307e-03
-9.9156e-04
3.6143e-04
6.9456e-04
3.0580e-04
-1.1641e-03
-2.3603e-03
-1.1284e-03
7.0640e-04
2.4473e-03
4.8741e-03
6.4778e-03
6.5878e-03
6.2002e-03
4.8970e-03
3.4118e-03
1.6270e-03
-1.0208e-03
-2.6146e-03
-2.5741e-03
-2.1778e-03
-1.2090e-03
-7.9516e-04
-9.7760e-04
3.9714e-05
6.6298e-04
5.2857e-04
3.2156e-04
-4.9500e-04
1.4618e-04
1.9373e-03
2.3607e-03
3.3004e-03
6.1059e-03
1.0528e-02
1.2848e-02
1.2661e-02
1.2305e-02
1.2547e-02
1.2015e-02
9.4630e-03
5.3676e-03
7.0386e-04
-1.8189e-03
-2.6941e-03
-4.0964e-03
-4.1966e-03
-2.3869e-03
-1.3021e-03
-9.5117e-04
1.0321e-03
4.3145e-03
7.5010e-03
9.8252e-03
1.0013e-02
8.1087e-03
7.0731e-03
7.3557e-03
7.7159e-03
7.5193e-03
5.2360e-03
3.3100e-04
-3.8723e-03
-5.9832e-03
-5.5802e-03
-7.6837e-03
-9.8880e-03
-8.3542e-03
-6.4014e-03
-4.9696e-03
-2.4859e-03
-4.5720e-05
9.1661e-04
2.1467e-03
3.4231e-03
2.1142e-03
-1.0181e-03
-2.6482e-03
-2.3510e-03
-9.3107e-04
1.6132e-03
3.5687e-03
4.7411e-03
4.9969e-03
3.7382e-03
2.0415e-03
4.5993e-04
-8.9924e-04
-2.3117e-03
-2.6858e-03
-2.4914e-03
-2.4336e-03
-1.7647e-03
6.1044e-04
3.0260e-03
5.1586e-03
7.4688e-03
7.8062e-03
8.5271e-03
8.4804e-03
6.2167e-03
3.5395e-03
2.2913e-03
9.9064e-04
-4.2622e-04
-2.7667e-03
-5.2901e-03
-6.6009e-03
-7.9806e-03
-9.2539e-03
-1.1125e-02
-1.3655e-02
-1.4546e-02
-1.2690e-02
-1.1030e-02
-9.3321e-03
-6.8061e-03
-5.5370e-03
-5.7227e-03
-5.9303e-03
-5.5486e-03
-4.0142e-03
-2.5550e-03
-1.0934e-03
3.2412e-04
1.7453e-03
1.7834e-03
1.8721e-03
2.9475e-03
3.2359e-03
1.5149e-03
-1.4564e-03
-2.9484e-03
-2.6153e-03
-2.2587e-03
-1.1233e-03
1.7953e-03
4.8593e-03
6.3830e-03
6.3594e-03
6.1178e-03
5.0713e-03
3.3523e-03
1.8287e-03
5.4358e-04
1.3835e-03
3.2281e-03
3.6843e-03
4.5252e-03
7.1555e-03
8.2935e-03
7.7358e-03
6.4340e-03
3.8527e-03
1.8783e-03
-4.4684e-04
-2.3851e-03
-2.6876e-03
-2.3132e-03
-2.2802e-03
-3.2759e-03
-5.1314e-03
-6.5633e-03
-8.0083e-03
-9.3408e-03
-1.0918e-02
-1.0681e-02
-8.7748e-03
-7.2361e-03
-4.9953e-03
-1.8693e-03
4.2770e-04
7.3444e-04
-3.8027e-04
-2.1177e-03
-2.7513e-03
-4.1439e-03
-6.6945e-03
-7.1558e-03
-6.9022e-03
-5.6739e-03
-4.2682e-03
-2.6411e-03
-1.9841e-03
-1.3010e-03
1.1181e-03
2.7511e-03
1.4583e-03
-2.4799e-04
-1.6659e-03
-1.6055e-03
2.4060e-04
1.7234e-03
3.2184e-03
3.4850e-03
2.3417e-03
3.0974e-03
4.8249e-03
6.0394e-03
4.9862e-03
3.9458e-03
4.1585e-03
4.5369e-03
4.0214e-03
2.2070e-03
8.2288e-04
-5.4111e-04
-6.3980e-04
6.1174e-04
-3.1976e-05
-1.1439e-03
-1.6119e-03
-2.3546e-03
-1.4574e-03
2.1638e-04
1.9856e-03
3.2225e-03
4.4286e-03
3.7306e-03
2.4801e-03
8.7848e-04
-6.6482e-05
-1.2570e-05
-2.4889e-04
-3.2414e-03
-3.8138e-03
-5.9139e-04
1.5422e-03
3.0885e-03
5.6175e-03
7.1085e-03
7.0318e-03
6.7887e-03
6.5126e-03
3.7861e-03
2.6897e-03
2.3673e-03
1.7015e-03
1.2835e-03
-4.0135e-04
-3.0757e-03
-4.1980e-03
-3.9028e-03
-3.6945e-03
-3.4786e-03
-1.8125e-03
-1.1458e-04
1.6201e-03
2.4750e-03
2.4449e-03
2.4471e-03
3.1061e-03
4.2966e-03
3.5180e-03
2.9480e-03
4.6121e-03
5.8571e-03
5.2328e-03
3.2122e-03
2.3066e-03
2.5742e-03
2.2199e-03
4.5261e-04
1.0328e-04
2.0533e-03
3.1837e-03
2.9052e-03
2.6399e-03
2.2456e-03
1.4826e-04
-2.5058e-03
-3.8734e-03
-4.7513e-03
-4.9328e-03
-7.3718e-03
-9.1912e-03
-9.0674e-03
-8.7215e-03
-8.1448e-03
-6.1293e-03
-3.5489e-03
-1.8827e-03
-4.8856e-04
3.9855e-05
8.1614e-04
3.3243e-03
4.9158e-03
3.6869e-03
3.5079e-03
4.6595e-03
3.8613e-03
2.8588e-03
2.0410e-03
1.3346e-03
2.4488e-03
2.5015e-03
6.6405e-04
6.0736e-04
1.8429e-03
9.6940e-04
-5.9437e-05
-1.1638e-06
2.7416e-04
-5.6412e-04
-2.3734e-03
-2.2060e-03
-1.0017e-03
-1.9513e-03
-2.1124e-03
-2.4363e-04
6.5747e-04
4.1718e-04
2.5418e-04
-6.4521e-04
-2.3400e-03
-3.8330e-03
-4.1056e-03
-2.7722e-03
-2.1442e-03
-2.3686e-03
-2.5152e-03
-2.3454e-03
-1.2683e-03
-6.7560e-04
-1.9670e-03
-3.7913e-03
-5.2993e-03
-5.5320e-03
-5.3198e-03
-5.2654e-03
-4.2041e-03
-2.5197e-03
-3.2881e-03
-6.4197e-03
-8.5304e-03
-8.4796e-03
-7.0469e-03
-6.4153e-03
-7.7433e-03
-8.4133e-03
-8.2093e-03
-8.0670e-03
-6.7625e-03
-3.9192e-03
-1.7763e-03
1.0852e-03
5.2348e-03
8.5374e-03
9.7208e-03
9.5731e-03
9.1615e-03
6.4879e-03
3.5895e-03
2.8990e-03
7.2707e-04
-2.2723e-03
-4.0134e-03
-3.5401e-03
-2.2189e-03
-2.0924e-03
-2.0909e-03
6.9412e-04
3.6967e-03
3.8517e-03
1.7320e-03
-9.5871e-04
-1.0998e-03
-8.4313e-04
-1.8300e-03
-1.2136e-03
-9.6127e-04
-2.1404e-03
-2.6786e-03
-2.4335e-03
-2.2102e-03
-2.3143e-03
-2.4483e-03
-2.4310e-03
-2.6242e-03
-4.1509e-03
-5.5662e-03
-7.2569e-03
-8.3184e-03
-8.3115e-03
-8.1345e-03
-7.9318e-03
-6.1117e-03
-3.2377e-03
-2.0566e-03
-2.3794e-03
-2.3020e-03
-3.7510e-04
1.0111e-03
1.1352e-03
2.2188e-03
1.8944e-03
7.3329e-04
7.6689e-04
2.6829e-03
3.9443e-03
4.0270e-03
5.3951e-03
6.7207e-03
6.7835e-03
6.5934e-03
6.6143e-03
6.7254e-03
7.1933e-03
8.7729e-03
9.2069e-03
6.9551e-03
4.1088e-03
2.8177e-03
1.5592e-03
7.1234e-04
1.5383e-04
-8.5145e-04
-6.4222e-04
-2.3765e-04
1.6973e-03
2.3092e-03
2.9427e-03
3.6668e-03
3.8011e-03
3.6607e-03
2.5514e-03
-8.6515e-04
-2.7495e-03
-3.3707e-03
-5.7886e-03
-6.8097e-03
-7.4625e-03
-7.0396e-03
-3.7801e-03
-1.1736e-03
7.9433e-04
2.4549e-03
2.2326e-03
1.7154e-03
-7.7075e-04
-2.4380e-03
-2.3087e-03
-2.0847e-03
-2.9118e-03
-3.9801e-03
-2.9758e-03
-2.0587e-03
-2.1601e-03
-7.4378e-04
2.8689e-03
4.2874e-03
3.7465e-03
3.4618e-03
2.9175e-03
2.1185e-03
3.1140e-03
4.7642e-03
6.3762e-03
6.8659e-03
7.5402e-03
9.2005e-03
9.9388e-03
9.6383e-03
9.4410e-03
9.5942e-03
8.1283e-03
4.5843e-03
3.2077e-03
2.9348e-03
1.4746e-03
-1.9762e-04
-9.6164e-04
3.1787e-04
1.1343e-03
9.2256e-04
7.1741e-04
8.1626e-04
8.9771e-04
8.5490e-04
-3.3140e-05
-1.8556e-03
-2.5186e-03
-1.4496e-03
5.1249e-04
2.2321e-03
3.6566e-03
5.0250e-03
6.5547e-03
8.0054e-03
9.3624e-03
8.5621e-03
5.6608e-03
3.5574e-03
2.4743e-03
1.2031e-03
7.2404e-04
9.3592e-04
1.0626e-03
9.0896e-04
8.2850e-04
8.7465e-04
9.1845e-04
-5.8109e-05
-1.7324e-03
-3.2847e-03
-4.7398e-03
-5.0850e-03
-4.7593e-03
-3.4083e-03
3.3260e-04
2.9645e-03
2.9072e-03
3.6067e-03
4.3311e-03
4.2895e-03
2.9710e-03
2.7130e-04
-1.6718e-03
-1.7658e-03
-1.3880e-03
-3.7794e-04
1.1161e-03
1.5221e-03
1.1282e-03
-2.8819e-04
-1.6062e-03
-1.8958e-03
-3.0195e-03
-4.4593e-03
-4.7150e-03
-4.4386e-03
-4.3980e-03
-4.4121e-03
-4.3226e-03
-4.1128e-03
-2.7670e-03
-1.5138e-03
-2.5500e-03
-2.8797e-03
-1.6089e-03
-1.0685e-03
-1.3460e-03
-1.5001e-03
-1.4745e-03
-1.4226e-03
-1.3708e-03
-1.3714e-03
-1.4735e-03
-1.5736e-03
-1.5700e-03
-1.2960e-03
-4.6086e-06
-3.2716e-05
-1.2597e-03
-4.9465e-04
-1.2279e-04
-1.2842e-03
-1.8359e-03
-1.5964e-03
-1.4473e-03
-1.7099e-03
-3.2210e-03
-4.7104e-03
-4.8587e-03
-4.3080e-03
-2.5686e-03
-1.3790e-03
-1.4443e-03
-1.6721e-03
-1.5989e-03
-1.2523e-03
1.0808e-04
-3.4629e-04
-1.6187e-03
-1.7935e-03
-1.4741e-03
-1.4455e-03
-1.5674e-03
-1.5792e-03
-1.5331e-03
-1.7621e-03
-3.0635e-03
-2.6562e-03
-1.3421e-03
-1.0783e-03
-1.3833e-03
-1.1601e-03
7.1644e-04
1.7712e-03
-9.5438e-05
-1.9322e-03
-3.1394e-03
-2.4892e-03
-2.9599e-03
-4.1122e-03
-3.9885e-03
-1.9387e-03
-2.9139e-04
1.6722e-03
3.6375e-03
1.7050e-03
3.2860e-04
-1.1179e-04
-9.8154e-04
-2.9715e-03
-4.5525e-03
-5.9295e-03
-6.0153e-03
-4.7325e-03
-4.3543e-03
-2.0957e-03
-2.3785e-04
-2.4991e-04
-6.0053e-04
-4.4747e-04
-3.4689e-04
-4.1324e-04
-8.4550e-04
-2.8348e-03
-5.3629e-03
-6.1664e-03
-5.8365e-03
-5.7275e-03
-5.8868e-03
-5.8955e-03
-5.7169e-03
-5.6269e-03
-5.1266e-03
-2.9437e-03
-3.2517e-04
4.9126e-04
2.6351e-04
2.3435e-04
3.9617e-04
9.8705e-04
2.1751e-03
2.7531e-03
4.4918e-03
4.3184e-03
2.6905e-03
8.2159e-04
-3.6136e-04
-8.2281e-04
3.9163e-04
2.6071e-04
-1.6773e-03
-2.4845e-03
-2.1347e-03
-1.8380e-03
-1.7525e-03
-2.5818e-03
-3.5500e-03
-3.2462e-03
-4.1285e-03
-4.9034e-03
-4.7598e-03
-4.5137e-03
-4.5598e-03
-4.6441e-03
-4.6164e-03
-3.7249e-03
-1.8282e-03
-2.3080e-04
1.2611e-03
1.7625e-03
1.6840e-03
1.7476e-03
1.8775e-03
2.6755e-03
3.4149e-03
2.3117e-03
7.8997e-04
2.6483e-04
1.6760e-03
2.3816e-03
2.1825e-03
2.1188e-03
2.1270e-03
9.2537e-04
-1.7776e-03
-3.6649e-03
-3.6378e-03
-3.2747e-03
-3.3671e-03
-3.4297e-03
-3.2819e-03
-3.0031e-03
-8.9760e-04
1.3068e-03
1.5294e-03
2.2296e-03
1.8937e-03
1.2543e-03
1.9379e-04
-2.3836e-03
-3.3275e-03
-2.9216e-03
-2.6606e-03
-2.7207e-03
-2.7661e-03
-2.6582e-03
-1.5376e-03
-8.8485e-04
-2.0379e-03
-1.4974e-03
3.0518e-04
7.6404e-04
4.6731e-04
6.3441e-04
2.1609e-03
3.7698e-03
5.3281e-03
6.5750e-03
6.6170e-03
5.2397e-03
5.0193e-03
5.0029e-03
3.8553e-03
2.1875e-03
2.2891e-03
3.6679e-03
4.0395e-03
3.9707e-03
5.1841e-03
5.4596e-03
5.5622e-03
6.5885e-03
6.9778e-03
6.9000e-03
6.8155e-03
5.4752e-03
3.9535e-03
3.7399e-03
3.7521e-03
2.1906e-03
5.7404e-04
-1.1527e-03
-1.8887e-03
-3.9134e-04
-4.1609e-04
1.6373e-04
2.8391e-03
4.3505e-03
4.0733e-03
4.0074e-03
5.7784e-03
7.2766e-03
8.5737e-03
7.9432e-03
7.0144e-03
8.5599e-03
9.7309e-03
7.4315e-03
4.3427e-03
3.0054e-03
1.7004e-03
2.6343e-04
-1.4632e-03
-1.6730e-03
-3.0108e-04
-9.7906e-04
-2.2294e-03
-2.3090e-03
-1.9810e-03
-1.9806e-03
-2.1055e-03
-2.1078e-03
-2.0573e-03
-1.4858e-03
8.1995e-04
3.4889e-03
4.2537e-03
3.8979e-03
3.8093e-03
3.9804e-03
4.0115e-03
3.1485e-03
1.4757e-03
9.1513e-04
2.9460e-04
-1.3640e-03
-1.3100e-03
6.1836e-04
6.6808e-04
-1.2705e-03
-1.3067e-03
-1.3053e-04
-1.0617e-03
-1.2951e-03
4.8964e-04
1.4202e-03
1.9171e-03
2.6166e-03
2.6113e-03
3.5396e-03
4.0626e-03
2.9458e-03
2.2003e-03
2.4189e-03
1.4541e-03
-2.5718e-04
-1.6545e-03
-7.4357e-04
7.1522e-05
-1.2802e-03
-2.1737e-03
-1.8791e-03
-1.5264e-03
-1.6610e-03
-2.9284e-03
-4.6435e-03
-5.0106e-03
-4.7709e-03
-5.7343e-03
-6.2632e-03
-5.2546e-03
-6.0116e-03
-7.6692e-03
-7.8321e-03
-6.2634e-03
-6.1452e-03
-7.3985e-03
-6.3484e-03
-3.3324e-03
-1.7387e-03
-1.9932e-03
-2.2710e-03
-2.0193e-03
-2.0502e-03
-3.7246e-03
-6.6796e-03
-8.0973e-03
-6.4233e-03
-4.7335e-03
-4.5152e-03
-3.5188e-03
-3.6126e-03
-3.1022e-03
-1.8261e-03
1.1001e-04
8.3045e-04
-9.9878e-04
-2.1272e-03
-4.5537e-04
-4.6411e-04
-1.6040e-03
-2.9687e-04
1.8056e-03
2.9725e-03
1.3447e-03
-1.2640e-03
-2.0028e-03
-1.5886e-03
-1.4902e-03
-1.6843e-03
-2.2512e-03
-3.2933e-03
-2.4129e-03
-1.8124e-03
-3.4791e-03
-4.6461e-03
-3.7339e-03
-1.6962e-03
-9.7536e-04
-1.2727e-03
-1.3877e-03
-1.1872e-03
-1.0146e-03
-9.7270e-04
-1.6986e-03
-4.1575e-03
-6.4452e-03
-5.8730e-03
-4.4705e-03
-4.7746e-03
-3.9987e-03
-2.9814e-03
-1.7470e-03
-2.8454e-04
-1.0270e-03
-2.9769e-03
-4.2667e-03
-4.3238e-03
-4.0704e-03
-5.2200e-03
-5.8040e-03
-4.4630e-03
-2.5493e-03
-2.1436e-03
-2.2698e-03
-1.1336e-03
-5.7141e-04
-6.4021e-04
-9.0630e-04
-4.3324e-04
8.0890e-04
1.1239e-03
6.5079e-04
-6.2792e-04
-6.4014e-04
-4.4532e-04
-2.6756e-04
-5.1632e-04
-2.3963e-04
8.8358e-04
1.3582e-03
9.8540e-04
-4.7708e-04
-2.4159e-04
-5.6377e-04
-1.5987e-03
-1.7519e-03
-1.4361e-03
-1.3810e-03
-1.2356e-03
3.8282e-04
1.6569e-03
1.7164e-03
1.5353e-03
1.5953e-03
1.6828e-03
1.7030e-03
1.7900e-03
1.8613e-03
1.8614e-03
1.8463e-03
1.8857e-03
2.0107e-03
2.0758e-03
2.0622e-03
2.0864e-03
2.2130e-03
2.2895e-03
2.9192e-03
3.8484e-03
2.9640e-03
2.2212e-03
2.4231e-03
2.7536e-03
2.7256e-03
1.7706e-03
5.3384e-06
-5.1036e-04
6.5886e-04
2.5872e-03
3.1402e-03
2.8336e-03
2.8226e-03
3.0847e-03
3.1532e-03
3.0808e-03
3.0606e-03
3.0916e-03
3.1160e-03
2.2030e-03
1.6803e-03
3.0416e-03
4.7726e-03
5.1411e-03
4.8675e-03
5.9055e-03
5.5040e-03
3.7150e-03
3.1583e-03
3.5179e-03
3.6473e-03
3.4286e-03
2.1946e-03
2.1893e-03
3.3742e-03
2.5280e-03
2.1714e-03
3.3506e-03
2.5763e-03
9.6122e-04
1.8185e-03
2.2660e-03
1.1866e-03
2.2818e-03
3.9199e-03
4.3659e-03
5.9353e-03
8.5421e-03
8.1924e-03
6.6602e-03
6.4895e-03
6.9083e-03
6.9353e-03
6.5216e-03
4.8702e-03
3.4576e-03
1.8898e-03
9.0412e-04
8.9735e-04
1.0569e-03
1.0080e-03
4.1842e-04
-7.2005e-04
-4.7591e-04
-1.0664e-03
-1.4546e-03
-4.6179e-04
-1.0857e-03
-2.1055e-03
-2.1457e-03
-1.2968e-03
4.9505e-04
1.2283e-03
1.7916e-03
3.3810e-03
4.9783e-03
5.7503e-03
4.4449e-03
4.3725e-03
5.4823e-03
4.6165e-03
3.6141e-03
2.8573e-03
1.4060e-03
7.2478e-04
8.6891e-04
9.9090e-04
9.0609e-04
8.4890e-04
8.1084e-04
-2.5127e-04
-1.8297e-03
-1.1479e-03
7.6023e-04
1.1255e-03
-3.7753e-04
-1.0455e-03
3.7945e-04
3.6239e-05
-9.3065e-04
-9.5587e-04
-1.7871e-03
-1.2257e-03
5.7608e-04
1.2635e-03
2.0961e-03
2.1995e-03
2.4276e-03
3.2870e-03
2.4684e-03
2.2118e-03
3.2104e-03
2.3591e-03
5.3813e-04
-1.1886e-03
-2.4729e-03
-3.6976e-03
-3.6147e-03
-2.4877e-03
-2.1615e-03
-2.4090e-03
-2.4803e-03
-2.3708e-03
-2.2593e-03
-2.2911e-03
-2.5333e-03
-3.6399e-03
-3.6580e-03
-2.3978e-03
-1.9267e-03
-2.1639e-03
-2.1770e-03
-1.8545e-03
-5.3913e-04
-9.0500e-04
-2.4177e-03
-4.2566e-03
-4.8685e-03
-3.0716e-03
-1.7765e-03
-1.8997e-03
-2.1265e-03
-1.7669e-03
-3.3286e-04
-7.7689e-04
-1.8029e-03
-4.0034e-04
8.4030e-04
-7.6663e-04
-2.5368e-03
-3.6832e-03
-2.8383e-03
-2.2787e-03
-3.3460e-03
-2.7796e-03
-2.1749e-03
-3.2543e-03
-2.8873e-03
-1.8183e-03
-1.0620e-03
-1.7729e-04
-9.1689e-04
-1.3553e-03
2.1136e-04
1.3055e-03
1.1251e-03
8.5595e-04
9.4195e-04
1.0362e-03
9.9662e-04
9.8600e-04
1.1000e-03
1.1665e-03
1.0926e-03
2.6430e-04
-1.2418e-03
-1.0349e-03
2.5607e-05
-8.6579e-04
-1.0484e-03
6.0623e-04
1.4315e-03
1.0924e-03
8.6711e-04
4.3182e-04
-9.9501e-04
-9.8181e-04
8.7706e-05
-7.4790e-04
-1.6943e-03
-8.4477e-04
1.0454e-03
1.6231e-03
1.2530e-03
4.8980e-04
-8.4436e-04
-6.7132e-04
2.9786e-04
-5.6186e-04
-7.2129e-04
8.7730e-04
1.7858e-03
2.5024e-03
2.8558e-03
2.8533e-03
3.7855e-03
3.2873e-03
1.7319e-03
1.3821e-03
8.0243e-04
2.8993e-04
3.6156e-04
-5.0626e-04
-1.8774e-03
-2.2321e-03
-1.8626e-03
-2.6984e-03
-3.2737e-03
-3.0820e-03
-2.8114e-03
-2.7098e-03
-1.7621e-03
-3.9403e-04
-9.1669e-04
-1.5634e-03
-4.5954e-04
2.9243e-04
1.9173e-04
8.5572e-05
1.8786e-04
-6.3199e-04
-1.1581e-03
-1.2831e-04
-3.0069e-04
-9.0598e-04
-9.0297e-04
-1.6128e-03
-1.9411e-03
-8.8706e-04
6.6921e-04
1.8319e-03
2.0070e-03
1.0042e-03
5.9837e-04
7.8954e-04
9.4201e-04
5.4402e-05
-1.2988e-03
-1.6310e-03
-2.3133e-03
-2.5672e-03
-1.3303e-03
1.8089e-04
1.1463e-03
1.2088e-03
1.0675e-03
1.0961e-03
1.2137e-03
1.2651e-03
1.1151e-03
1.7694e-04
1.9379e-04
1.0368e-03
3.7351e-04
3.3558e-05
-2.9720e-05
-6.8327e-04
-1.1191e-03
-2.0372e-03
-2.8946e-03
-2.1412e-03
-1.7829e-03
-1.6309e-03
-9.5126e-04
-6.2740e-04
-5.5735e-04
2.6700e-04
4.5225e-04
5.3262e-04
1.1135e-03
4.3429e-04
-6.4316e-04
-6.4339e-04
4.6222e-04
6.0836e-04
4.9806e-04
1.0078e-03
3.2172e-04
-1.7336e-03
-2.9748e-03
-2.9608e-03
-3.5405e-03
-3.6465e-03
-2.9463e-03
-3.4110e-03
-3.5212e-03
-2.7060e-03
-2.3885e-03
-2.5457e-03
-2.4884e-03
-1.4211e-03
-3.6071e-04
-1.6721e-04
4.2380e-04
5.7528e-04
7.0961e-04
1.1793e-03
5.1239e-04
6.6778e-04
1.2665e-03
3.5654e-04
-6.2065e-04
-6.0217e-04
-2.9305e-04
-1.1783e-04
5.8964e-04
2.5464e-04
-5.0874e-04
-5.3915e-04
-1.4105e-04
7.2668e-04
5.2739e-04
5.7546e-04
2.1992e-04
-5.1614e-04
-1.4024e-03
-1.0349e-03
-2.9472e-04
-2.3754e-04
-5.7587e-04
-1.3986e-03
-1.2154e-03
-1.4131e-03
-1.8701e-03
-9.8609e-04
9.2605e-06
9.6434e-04
1.3462e-03
5.2746e-04
6.8942e-04
1.3453e-03
5.1601e-04
-5.6838e-04
-1.4870e-03
-1.9252e-03
-1.8917e-03
-1.8169e-03
-1.6867e-03
-9.3134e-04
-1.1318e-03
-1.6159e-03
-9.5999e-04
-9.9326e-04
-1.4468e-03
-9.1604e-04
-1.0187e-03
-1.5784e-03
-1.9153e-03
-2.4413e-03
-2.0354e-03
-1.4207e-03
-1.3643e-03
-1.4868e-03
-1.4619e-03
-1.3865e-03
-1.3665e-03
-1.3680e-03
-1.5898e-03
-2.0869e-03
-1.7112e-03
-1.1912e-03
-1.1570e-03
-9.8695e-04
-9.5374e-05
4.3358e-04
5.9406e-04
1.0180e-03
6.9489e-04
-4.4404e-05
-8.8688e-04
-1.1631e-03
-1.2915e-03
-1.7996e-03
-1.4918e-03
-1.1832e-03
-1.6389e-03
-1.3762e-03
-1.0707e-03
-1.4835e-03
-1.2523e-03
-7.8202e-04
-7.3654e-04
-8.0542e-04
-7.5921e-04
-6.9320e-04
-6.7518e-04
-6.6956e-04
-8.5582e-04
-1.2808e-03
-9.5165e-04
-7.0421e-04
-1.3288e-03
-1.5960e-03
-1.0576e-03
-1.1427e-03
-1.5162e-03
-1.7187e-03
-1.9877e-03
-1.4997e-03
-5.2955e-04
-1.5434e-04
-4.2087e-04
-8.6512e-04
-5.4154e-04
-3.8766e-04
-6.6851e-04
-3.6333e-04
4.7996e-06
3.3393e-05
-4.8567e-05
-5.9923e-05
-2.0178e-05
2.2965e-05
5.7662e-05
3.0393e-04
5.8804e-04
2.6692e-04
1.1469e-05
-1.4834e-04
-3.0453e-04
-1.3891e-06
2.5464e-05
-2.2103e-04
3.6658e-05
1.1878e-04
-7.2778e-05
1.7114e-04
4.0215e-04
1.8641e-04
-7.6065e-05
2.1709e-04
3.0012e-04
1.0590e-04
3.0843e-04
5.1144e-04
5.0805e-04
4.7342e-04
5.1054e-04
5.7110e-04
7.5375e-04
1.2478e-03
1.6949e-03
1.7478e-03
1.6510e-03
1.6232e-03
1.4861e-03
1.3038e-03
1.3262e-03
1.1690e-03
9.0840e-04
6.4032e-04
5.6241e-04
5.9903e-04
6.0799e-04
5.8480e-04
4.6624e-04
4.1201e-04
5.8963e-04
5.3853e-04
4.3021e-04
5.8892e-04
7.1435e-04
7.1433e-04
6.9695e-04
7.0344e-04
5.9009e-04
5.2215e-04
6.8824e-04
9.0772e-04
1.0626e-03
1.0793e-03
1.1547e-03
1.2073e-03
1.1838e-03
1.2540e-03
1.1838e-03
9.0817e-04
7.0341e-04
6.8940e-04
6.4033e-04
6.0185e-04
7.0742e-04
7.6866e-04
7.5408e-04
7.4043e-04
8.2387e-04
9.4380e-04
8.8827e-04
8.1953e-04
8.9539e-04
8.7059e-04
7.3920e-04
6.4360e-04
6.4223e-04
7.1701e-04
6.8720e-04
6.4431e-04
7.0678e-04
7.4700e-04
7.3533e-04
7.2302e-04
7.2552e-04
7.2748e-04
7.2386e-04
7.2266e-04
7.6369e-04
7.8427e-04
7.7011e-04
7.9995e-04
8.1651e-04
8.3805e-04
8.7131e-04
8.3638e-04
7.6403e-04
7.0854e-04
6.9331e-04
6.8974e-04
6.5539e-04
6.3966e-04
6.6623e-04
6.7010e-04
6.5574e-04
6.7207e-04
6.7460e-04
6.3735e-04
6.2096e-04
6.1581e-04
6.1555e-04
6.2338e-04
6.1601e-04
5.8207e-04
5.5365e-04
5.6298e-04
5.6235e-04
5.5443e-04
5.5794e-04
5.5497e-04
5.4430e-04
5.4605e-04
5.3748e-04
5.1269e-04
4.8488e-04
4.6553e-04
4.5763e-04
4.5015e-04
4.3232e-04
4.2420e-04
4.2684e-04
4.2411e-04
4.2354e-04
4.2295e-04
4.1491e-04
4.0392e-04
3.9426e-04
3.8533e-04
3.7596e-04
3.6570e-04
3.5059e-04
3.3615e-04
3.2752e-04
3.2089e-04
3.1307e-04
3.0457e-04
2.9640e-04
2.8845e-04
2.8082e-04
2.7612e-04
2.7150e-04
2.6576e-04
2.5579e-04
2.4173e-04
2.3072e-04
2.2525e-04
2.1785e-04
2.0760e-04
1.9874e-04
1.8998e-04
1.8262e-04
1.7629e-04
1.6770e-04
1.5865e-04
1.5128e-04
1.4452e-04
1.3743e-04
1.3023e-04
1.2319e-04
1.1633e-04
1.1013e-04
1.0383e-04
9.6760e-05
8.9550e-05
8.2630e-05
7.5816e-05
6.8961e-05
6.2138e-05
5.5426e-05
4.9055e-05
4.2453e-05
3.5653e-05
2.9353e-05
2.3207e-05
1.6840e-05
1.0446e-05
4.2059e-06
-1.9600e-06
-8.2007e-06
-1.4193e-05
-2.0011e-05
-2.5935e-05
-3.1711e-05
-3.7320e-05
-4.2919e-05
-4.8484e-05
-5.3966e-05
-5.9402e-05
-6.4731e-05
-6.9935e-05
-7.5060e-05
-8.0117e-05
-8.5098e-05
-9.0011e-05
-9.4825e-05
-9.9564e-05
-1.0423e-04
-1.0879e-04
-1.1328e-04
-1.1771e-04
-1.2205e-04
-1.2631e-04
-1.3049e-04
-1.3460e-04
-1.3862e-04
-1.4256e-04
-1.4642e-04
-1.5020e-04
-1.5391e-04
-1.5753e-04
-1.6107e-04
-1.6453e-04
-1.6791e-04
-1.7121e-04
-1.7443e-04
-1.7757e-04
-1.8063e-04
-1.8362e-04
-1.8652e-04
-1.8934e-04
-1.9208e-04
-1.9475e-04
-1.9733e-04
-1.9984e-04
-2.0226e-04
-2.0461e-04
-2.0688e-04
-2.0907e-04
-2.1118e-04
-2.1321e-04
-2.1516e-04
