1.3010e-04
1.2829e-04
1.2647e-04
1.2466e-04
1.2283e-04
1.2103e-04
1.1920e-04
1.1739e-04
1.1557e-04
1.1377e-04
1.1197e-04
1.1022e-04
1.0842e-04
1.0658e-04
1.0468e-04
1.0277e-04
1.0095e-04
9.9148e-05
9.7146e-05
9.5045e-05
9.2381e-05
8.9281e-05
8.6171e-05
8.3241e-05
8.1197e-05
7.9653e-05
7.7185e-05
7.5093e-05
7.4197e-05
7.4686e-05
7.4304e-05
7.2250e-05
7.0385e-05
7.1730e-05
7.7874e-05
8.3028e-05
8.5767e-05
8.5141e-05
8.5705e-05
8.0952e-05
7.2159e-05
6.6599e-05
6.6390e-05
6.3729e-05
6.6258e-05
7.4448e-05
8.2475e-05
7.1172e-05
5.2413e-05
3.9893e-05
1.7161e-05
-1.3228e-05
-4.5673e-05
-6.6637e-05
-6.0297e-05
-4.3196e-05
-1.1981e-05
1.9800e-05
4.3537e-05
5.4413e-05
2.8173e-05
-1.1284e-05
-4.7096e-05
-1.1324e-04
-1.2709e-04
-3.0070e-05
1.0115e-04
2.2774e-04
3.2503e-04
4.0569e-04
4.3102e-04
3.4059e-04
1.9362e-04
8.1928e-05
-3.1619e-05
-1.3880e-04
-2.1113e-04
-2.1375e-04
-1.5018e-04
-1.3303e-04
-1.3041e-04
-1.0681e-04
-4.0848e-05
2.3549e-05
-2.9128e-05
-2.0499e-04
-3.7691e-04
-4.8328e-04
-5.0958e-04
-4.6231e-04
-3.9434e-04
-1.8413e-04
3.1253e-04
1.0032e-03
1.5599e-03
1.8152e-03
1.7586e-03
1.3024e-03
8.0109e-04
3.9370e-04
-1.6804e-04
-8.2218e-04
-1.2555e-03
-1.1791e-03
-6.7333e-04
-2.4608e-04
-1.9247e-04
-2.3905e-04
-7.0722e-04
-1.3394e-03
-1.6384e-03
-1.7234e-03
-1.7761e-03
-2.0837e-03
-2.3205e-03
-2.1767e-03
-1.6923e-03
-6.8477e-04
7.5171e-04
2.3589e-03
3.6903e-03
4.6254e-03
5.3429e-03
5.5454e-03
4.6375e-03
2.5951e-03
3.4647e-04
-1.1018e-03
-1.0875e-03
-5.3055e-04
-9.2805e-05
-4.0349e-04
-1.7543e-03
-3.9581e-03
-6.5171e-03
-8.1445e-03
-9.0797e-03
-9.5721e-03
-8.2695e-03
-3.9514e-03
2.7186e-03
1.0164e-02
1.5280e-02
1.6804e-02
1.5410e-02
1.2791e-02
1.0257e-02
9.0329e-03
8.7645e-03
8.0848e-03
6.2367e-03
2.3607e-03
-2.4188e-03
-6.9227e-03
-1.1284e-02
-1.5265e-02
-1.8685e-02
-2.1077e-02
-2.1352e-02
-1.8228e-02
-1.3291e-02
-9.1594e-03
-6.7064e-03
-6.4531e-03
-6.2966e-03
-1.8449e-03
7.3248e-03
1.6207e-02
2.1738e-02
2.5458e-02
2.9421e-02
3.2680e-02
3.3197e-02
2.9662e-02
2.3655e-02
1.6889e-02
1.0516e-02
6.4782e-03
6.3653e-03
8.3138e-03
8.5224e-03
5.5179e-03
1.7032e-05
-7.3781e-03
-1.6697e-02
-2.7319e-02
-3.8229e-02
-4.7723e-02
-5.4338e-02
-5.4942e-02
-4.7546e-02
-3.4162e-02
-1.5761e-02
4.5593e-03
2.0007e-02
2.9007e-02
3.3279e-02
3.3718e-02
3.0111e-02
2.3929e-02
1.8129e-02
1.3200e-02
1.3260e-02
1.9107e-02
2.7209e-02
3.5905e-02
4.3354e-02
4.7916e-02
4.4514e-02
3.1836e-02
1.4049e-02
-5.5747e-03
-2.8992e-02
-5.7789e-02
-8.5129e-02
-1.0275e-01
-1.0431e-01
-9.0521e-02
-6.6708e-02
-3.5024e-02
6.5551e-04
2.7058e-02
3.6642e-02
3.5570e-02
3.4807e-02
4.0707e-02
5.1382e-02
5.9348e-02
6.3111e-02
6.7934e-02
7.5557e-02
8.2761e-02
8.3759e-02
7.0442e-02
4.0777e-02
5.8658e-04
-4.5221e-02
-8.5387e-02
-1.0461e-01
-1.0239e-01
-9.1180e-02
-8.2164e-02
-7.8791e-02
-7.9935e-02
-8.4452e-02
-8.6740e-02
-8.2239e-02
-7.3259e-02
-6.2385e-02
-5.1605e-02
-3.8245e-02
-1.0911e-02
3.8417e-02
9.4715e-02
1.3263e-01
1.4419e-01
1.3830e-01
1.2574e-01
1.0470e-01
6.9035e-02
2.5045e-02
-6.6740e-03
-1.2470e-02
3.9678e-03
2.7166e-02
4.4943e-02
4.8475e-02
3.5390e-02
1.6454e-02
6.4102e-03
1.3534e-02
3.1828e-02
5.1605e-02
6.8334e-02
7.9841e-02
7.8688e-02
6.2487e-02
4.0861e-02
2.4904e-02
1.5600e-02
1.4164e-02
1.2090e-02
8.8849e-03
9.7423e-03
1.3517e-02
1.5416e-02
4.0460e-03
-2.7022e-02
-6.2658e-02
-7.7189e-02
-6.6006e-02
-5.4523e-02
-6.9397e-02
-1.0375e-01
-1.2513e-01
-1.2041e-01
-9.9806e-02
-7.2213e-02
-3.8339e-02
3.1424e-03
5.3371e-02
1.0286e-01
1.3807e-01
1.5844e-01
1.6549e-01
1.5434e-01
1.3051e-01
1.0686e-01
9.0588e-02
7.3936e-02
4.8650e-02
1.8984e-02
-4.2205e-03
-1.7135e-02
-2.3360e-02
-2.9986e-02
-4.6634e-02
-7.1391e-02
-9.4317e-02
-1.0509e-01
-1.0232e-01
-9.4454e-02
-8.7175e-02
-8.2760e-02
-7.7479e-02
-6.2909e-02
-4.2289e-02
-3.4943e-02
-5.6061e-02
-9.4540e-02
-1.2270e-01
-1.2719e-01
-1.1592e-01
-1.0800e-01
-1.1262e-01
-1.2192e-01
-1.1736e-01
-8.7819e-02
-4.4960e-02
-1.5433e-02
-1.0603e-02
-1.6947e-02
-1.1671e-02
1.5320e-02
5.5547e-02
9.2236e-02
1.1960e-01
1.4764e-01
1.9005e-01
2.3832e-01
2.7341e-01
2.8689e-01
2.7173e-01
2.2582e-01
1.6041e-01
1.0335e-01
6.5060e-02
2.0882e-02
-4.6042e-02
-1.2508e-01
-2.1077e-01
-3.1583e-01
-4.1564e-01
-4.9431e-01
-5.6172e-01
-6.1233e-01
-6.3834e-01
-6.4660e-01
-6.4751e-01
-6.4462e-01
-6.2463e-01
-5.6505e-01
-4.7228e-01
-3.4391e-01
-1.5913e-01
3.4683e-02
2.2130e-01
3.7934e-01
4.6751e-01
4.7535e-01
4.3512e-01
3.9268e-01
3.7921e-01
4.0349e-01
4.5622e-01
5.1042e-01
5.2896e-01
5.0475e-01
4.6107e-01
4.1329e-01
3.4800e-01
2.4294e-01
1.2446e-01
2.6470e-02
-5.2148e-02
-1.0551e-01
-1.2812e-01
-1.4067e-01
-1.5908e-01
-1.7839e-01
-1.9169e-01
-2.0665e-01
-2.3899e-01
-2.9145e-01
-3.5277e-01
-4.0093e-01
-4.1382e-01
-4.0320e-01
-3.9692e-01
-4.0331e-01
-4.1470e-01
-4.1869e-01
-4.0775e-01
-3.8563e-01
-3.7280e-01
-3.9680e-01
-4.6716e-01
-5.5392e-01
-6.0988e-01
-6.2375e-01
-5.9274e-01
-5.0337e-01
-3.9849e-01
-3.1607e-01
-2.2855e-01
-1.2264e-01
-3.0513e-02
5.4813e-02
1.3845e-01
1.9928e-01
2.2937e-01
2.4568e-01
2.6562e-01
3.0065e-01
3.6402e-01
4.5073e-01
5.3881e-01
6.2710e-01
7.0403e-01
7.3740e-01
7.1585e-01
6.6480e-01
6.2410e-01
6.2262e-01
6.5700e-01
6.9589e-01
7.0616e-01
6.8136e-01
6.4863e-01
6.1759e-01
5.6476e-01
4.8259e-01
3.9180e-01
3.1289e-01
2.5277e-01
2.3407e-01
2.6608e-01
3.3195e-01
3.9454e-01
4.1343e-01
3.8563e-01
3.2890e-01
2.3111e-01
8.2154e-02
-7.8180e-02
-2.1270e-01
-3.2748e-01
-4.3135e-01
-5.5395e-01
-6.7368e-01
-7.4505e-01
-7.6048e-01
-7.3884e-01
-6.9335e-01
-6.2209e-01
-5.3241e-01
-4.4782e-01
-3.7514e-01
-2.9969e-01
-2.2740e-01
-1.6360e-01
-7.5060e-02
7.4002e-02
2.5943e-01
4.4330e-01
6.4877e-01
8.2785e-01
9.1083e-01
9.1898e-01
8.9366e-01
8.3082e-01
6.8788e-01
4.5079e-01
1.6963e-01
-8.3512e-02
-2.6949e-01
-4.0807e-01
-5.1163e-01
-5.6025e-01
-5.4592e-01
-4.9754e-01
-4.5125e-01
-4.2764e-01
-4.2018e-01
-4.1682e-01
-4.2461e-01
-4.4744e-01
-4.7718e-01
-5.0315e-01
-5.1549e-01
-5.0471e-01
-4.7841e-01
-4.4535e-01
-4.1300e-01
-3.7949e-01
-3.0778e-01
-1.6953e-01
3.0262e-03
1.5215e-01
2.2209e-01
2.4389e-01
2.7030e-01
3.1226e-01
3.5064e-01
3.7695e-01
4.0054e-01
4.3048e-01
4.7258e-01
5.2819e-01
5.8561e-01
6.2783e-01
6.3732e-01
6.0438e-01
5.4063e-01
4.6244e-01
3.7402e-01
2.8645e-01
2.1232e-01
1.4393e-01
7.8939e-02
2.5747e-02
-1.2295e-02
-3.5338e-02
-4.3342e-02
-3.8122e-02
-1.8680e-02
-9.3896e-04
-1.0255e-02
-5.5090e-02
-1.3781e-01
-2.4758e-01
-3.5594e-01
-4.4712e-01
-5.2656e-01
-5.9352e-01
-6.4153e-01
-6.7958e-01
-7.2829e-01
-7.4876e-01
-6.9313e-01
-5.9961e-01
-4.5930e-01
-2.3187e-01
1.1641e-02
2.1192e-01
4.0495e-01
5.7331e-01
6.8025e-01
7.1798e-01
7.0136e-01
6.5933e-01
6.2258e-01
6.1039e-01
6.1308e-01
6.1365e-01
5.9516e-01
5.6040e-01
5.1769e-01
4.5554e-01
3.3185e-01
1.8265e-01
3.3269e-02
-1.2094e-01
-2.6077e-01
-3.7324e-01
-4.5817e-01
-5.1123e-01
-5.2840e-01
-5.3817e-01
-5.7269e-01
-6.2523e-01
-6.4935e-01
-6.0441e-01
-4.6823e-01
-2.6277e-01
-1.1750e-02
2.6778e-01
4.4621e-01
4.8581e-01
4.3017e-01
3.2061e-01
2.1440e-01
1.3741e-01
6.3207e-02
-2.2428e-02
-9.8991e-02
-1.4164e-01
-1.4372e-01
-1.1885e-01
-9.0057e-02
-7.2987e-02
-6.3976e-02
-4.6782e-02
-1.3595e-02
3.0409e-02
7.5234e-02
1.1855e-01
1.5754e-01
1.8789e-01
2.1705e-01
2.5017e-01
2.8346e-01
3.1471e-01
3.3774e-01
3.4238e-01
3.2471e-01
2.7742e-01
1.9256e-01
7.3796e-02
-7.6100e-02
-1.9565e-01
-2.6017e-01
-2.9321e-01
-3.0044e-01
-2.8115e-01
-2.3843e-01
-1.8935e-01
-1.6803e-01
-1.9492e-01
-2.5172e-01
-3.0727e-01
-3.4987e-01
-3.9781e-01
-4.5157e-01
-4.9479e-01
-5.2035e-01
-5.2298e-01
-4.9761e-01
-4.4204e-01
-3.5928e-01
-2.7276e-01
-1.8272e-01
-5.1027e-02
9.6769e-02
2.2714e-01
3.3974e-01
4.1775e-01
4.4658e-01
4.3659e-01
4.0228e-01
3.4842e-01
2.9151e-01
2.4787e-01
2.1503e-01
1.8445e-01
1.4715e-01
1.0303e-01
6.5157e-02
3.8399e-02
1.6718e-02
-1.8326e-03
-1.5832e-02
-3.1578e-02
-5.3014e-02
-6.7224e-02
-6.0275e-02
-3.9393e-02
-2.4989e-02
-3.1089e-02
-5.9320e-02
-1.0054e-01
-1.4460e-01
-1.9823e-01
-2.5970e-01
-3.0019e-01
-2.9781e-01
-2.5178e-01
-1.8623e-01
-1.1521e-01
-3.2756e-02
5.6471e-02
1.2779e-01
1.7174e-01
1.9461e-01
2.0262e-01
1.9980e-01
1.9019e-01
1.8024e-01
1.6652e-01
1.4283e-01
1.1004e-01
7.1960e-02
3.1560e-02
-1.2332e-02
-5.0855e-02
-6.9486e-02
-5.7951e-02
-1.5670e-02
4.7434e-02
1.2676e-01
2.1684e-01
2.9797e-01
3.6283e-01
4.1294e-01
4.3167e-01
3.9822e-01
3.0807e-01
1.8971e-01
8.6006e-02
-2.0428e-03
-8.7294e-02
-1.6670e-01
-2.4867e-01
-3.3748e-01
-4.1350e-01
-4.7007e-01
-5.2142e-01
-5.6896e-01
-6.0278e-01
-6.1410e-01
-5.9225e-01
-5.3296e-01
-4.2653e-01
-2.7568e-01
-1.0555e-01
4.4648e-02
1.7673e-01
2.7932e-01
3.3069e-01
3.2431e-01
2.7901e-01
2.2408e-01
1.8333e-01
1.6268e-01
1.5700e-01
1.6741e-01
1.9823e-01
2.4257e-01
2.8552e-01
3.2287e-01
3.5127e-01
3.7228e-01
3.8858e-01
3.9722e-01
3.9013e-01
3.5692e-01
2.9696e-01
2.2957e-01
1.5379e-01
5.7521e-02
-5.2705e-02
-1.3547e-01
-1.9511e-01
-2.5953e-01
-3.1804e-01
-3.5234e-01
-3.7015e-01
-3.8080e-01
-3.7643e-01
-3.4499e-01
-2.8363e-01
-2.1385e-01
-1.5356e-01
-9.7038e-02
-5.1056e-02
-2.8836e-02
-2.4715e-02
-2.2814e-02
-1.6085e-02
-6.6147e-03
3.0758e-03
1.3261e-02
2.2758e-02
3.3198e-02
4.6390e-02
5.9695e-02
7.1214e-02
8.0680e-02
8.5917e-02
8.3569e-02
7.8138e-02
7.3294e-02
7.2294e-02
7.8195e-02
8.8192e-02
9.1567e-02
7.9528e-02
5.3140e-02
1.5566e-02
-2.8231e-02
-7.0373e-02
-1.0132e-01
-1.1762e-01
-1.3043e-01
-1.4600e-01
-1.6095e-01
-1.6910e-01
-1.6540e-01
-1.5331e-01
-1.3791e-01
-1.1937e-01
-1.0053e-01
-8.3698e-02
-6.3059e-02
-3.3017e-02
2.5984e-03
3.7188e-02
6.8919e-02
8.9702e-02
9.9064e-02
1.0145e-01
1.0097e-01
9.7276e-02
8.8765e-02
7.3395e-02
4.9956e-02
1.5846e-02
-2.3418e-02
-5.5197e-02
-8.2403e-02
-1.1486e-01
-1.5818e-01
-2.0509e-01
-2.5092e-01
-2.8953e-01
-3.0473e-01
-2.7986e-01
-2.1411e-01
-1.2060e-01
-3.3511e-02
4.3701e-02
1.1929e-01
1.8333e-01
2.3027e-01
2.6129e-01
2.7793e-01
2.7962e-01
2.6420e-01
2.2837e-01
1.6928e-01
9.1346e-02
1.1223e-02
-5.9223e-02
-1.1401e-01
-1.4231e-01
-1.3648e-01
-9.9938e-02
-4.7955e-02
2.7607e-03
3.5371e-02
4.6704e-02
4.2500e-02
2.4373e-02
-2.1436e-03
-2.4761e-02
-3.8088e-02
-4.2553e-02
-4.0011e-02
-3.3338e-02
-2.6830e-02
-2.7139e-02
-3.5007e-02
-4.7564e-02
-6.4371e-02
-8.1120e-02
-9.6060e-02
-1.0867e-01
-1.1421e-01
-1.1089e-01
-1.0072e-01
-8.8111e-02
-7.3827e-02
-5.6196e-02
-3.3949e-02
-3.9252e-03
3.4120e-02
7.5427e-02
1.1630e-01
1.5103e-01
1.7421e-01
1.8450e-01
1.8440e-01
1.7653e-01
1.6142e-01
1.3926e-01
1.1642e-01
1.0018e-01
8.8832e-02
7.8098e-02
6.3821e-02
4.4009e-02
1.9186e-02
-9.3198e-03
-3.6885e-02
-5.9894e-02
-7.7312e-02
-8.5117e-02
-8.0892e-02
-6.7783e-02
-4.9237e-02
-3.1089e-02
-1.5236e-02
-7.1039e-03
-9.4294e-03
-1.4399e-02
-1.3770e-02
-7.2043e-03
5.8065e-03
2.8746e-02
6.0844e-02
9.6178e-02
1.2355e-01
1.3198e-01
1.2045e-01
9.7230e-02
6.5981e-02
2.9667e-02
-5.1443e-03
-3.6260e-02
-5.6787e-02
-6.4741e-02
-6.1149e-02
-5.0236e-02
-3.8170e-02
-2.9701e-02
-2.7329e-02
-2.9835e-02
-3.5665e-02
-3.6431e-02
-3.2558e-02
-2.6890e-02
-2.3790e-02
-2.1002e-02
-1.3372e-02
8.8396e-05
1.8714e-02
3.8236e-02
5.5045e-02
6.7068e-02
7.5991e-02
7.8765e-02
7.3812e-02
6.5192e-02
5.7505e-02
4.8788e-02
3.4471e-02
1.2817e-02
-1.7510e-02
-5.6571e-02
-9.7481e-02
-1.3513e-01
-1.7203e-01
-2.1086e-01
-2.4339e-01
-2.6094e-01
-2.6154e-01
-2.4279e-01
-2.0776e-01
-1.5342e-01
-7.9623e-02
-1.3171e-02
3.7086e-02
7.6849e-02
1.0582e-01
1.2351e-01
1.2986e-01
1.2457e-01
1.1181e-01
9.4531e-02
7.4337e-02
5.8252e-02
4.8445e-02
4.3373e-02
4.6312e-02
5.7257e-02
7.1108e-02
8.3482e-02
8.8262e-02
8.3976e-02
7.7614e-02
7.3383e-02
7.1614e-02
7.2267e-02
7.1259e-02
7.0478e-02
7.0296e-02
6.8850e-02
6.1201e-02
4.8718e-02
3.4677e-02
1.8282e-02
-5.8738e-03
-3.4705e-02
-6.2868e-02
-9.0512e-02
-1.1719e-01
-1.3757e-01
-1.4975e-01
-1.5443e-01
-1.5456e-01
-1.4801e-01
-1.3341e-01
-1.1345e-01
-8.9344e-02
-5.9967e-02
-2.2426e-02
2.2538e-02
6.7377e-02
1.1056e-01
1.5336e-01
1.9211e-01
2.2534e-01
2.4690e-01
2.5197e-01
2.4332e-01
2.2369e-01
1.9812e-01
1.7212e-01
1.4128e-01
1.0255e-01
6.1162e-02
1.4193e-02
-3.7797e-02
-8.5169e-02
-1.2531e-01
-1.6255e-01
-1.9643e-01
-2.2096e-01
-2.3758e-01
-2.4788e-01
-2.4698e-01
-2.3226e-01
-2.0532e-01
-1.7296e-01
-1.4399e-01
-1.2076e-01
-1.0622e-01
-1.0335e-01
-1.0798e-01
-1.1218e-01
-1.1341e-01
-1.0999e-01
-9.9650e-02
-8.5297e-02
-6.9471e-02
-4.7951e-02
-2.3160e-02
8.5000e-04
2.5791e-02
5.1592e-02
7.4907e-02
9.1411e-02
9.7969e-02
9.8432e-02
9.1926e-02
7.5146e-02
5.3376e-02
3.6130e-02
2.9051e-02
3.3944e-02
4.7939e-02
6.8127e-02
9.3337e-02
1.1949e-01
1.4290e-01
1.6544e-01
1.8925e-01
2.1110e-01
2.2764e-01
2.3679e-01
2.3948e-01
2.3249e-01
2.1386e-01
1.8557e-01
1.5141e-01
1.1722e-01
7.7079e-02
2.9388e-02
-1.7307e-02
-6.2005e-02
-1.0221e-01
-1.3145e-01
-1.5329e-01
-1.7074e-01
-1.8106e-01
-1.8349e-01
-1.7720e-01
-1.6250e-01
-1.4380e-01
-1.2547e-01
-1.1102e-01
-1.0565e-01
-1.0734e-01
-1.1106e-01
-1.1345e-01
-1.1216e-01
-1.0761e-01
-1.0258e-01
-9.6439e-02
-8.7915e-02
-7.9472e-02
-7.4433e-02
-7.2001e-02
-7.1116e-02
-7.0827e-02
-6.8817e-02
-6.3747e-02
-5.7066e-02
-4.9105e-02
-4.0055e-02
-3.1221e-02
-2.5049e-02
-1.7132e-02
-6.9963e-03
4.5562e-04
1.0523e-03
-1.4226e-03
-5.7628e-03
-1.5320e-02
-2.9188e-02
-3.9000e-02
-3.9116e-02
-3.2636e-02
-2.2282e-02
-8.4569e-03
7.7080e-03
2.7772e-02
4.7000e-02
6.3045e-02
7.7758e-02
8.8296e-02
9.4904e-02
9.6757e-02
9.5908e-02
9.6938e-02
9.5582e-02
9.2561e-02
9.2678e-02
9.2781e-02
8.7200e-02
7.9173e-02
7.2224e-02
6.5083e-02
5.7522e-02
4.9164e-02
4.0540e-02
3.4327e-02
3.2618e-02
3.2651e-02
2.9299e-02
2.0399e-02
1.1239e-02
3.1798e-03
-4.4628e-03
-1.0505e-02
-1.7224e-02
-2.4279e-02
-3.0081e-02
-3.3834e-02
-3.5638e-02
-3.5759e-02
-4.0299e-02
-5.2613e-02
-6.6791e-02
-7.9013e-02
-8.9583e-02
-9.5557e-02
-9.2104e-02
-7.9667e-02
-6.1134e-02
-3.9954e-02
-2.0724e-02
-6.1331e-03
6.3125e-03
1.6819e-02
2.4536e-02
2.7972e-02
2.9742e-02
3.3686e-02
4.0978e-02
5.4077e-02
7.0790e-02
8.8067e-02
1.0384e-01
1.1735e-01
1.2742e-01
1.3565e-01
1.4232e-01
1.4330e-01
1.4003e-01
1.4052e-01
1.4364e-01
1.4361e-01
1.4117e-01
1.3709e-01
1.3050e-01
1.2154e-01
1.0997e-01
9.4380e-02
7.6081e-02
5.8509e-02
4.2017e-02
2.4504e-02
8.0751e-03
-5.8190e-03
-1.9099e-02
-3.2768e-02
-4.4745e-02
-5.3937e-02
-6.2566e-02
-7.0639e-02
-7.8220e-02
-8.2741e-02
-8.4307e-02
-8.7273e-02
-8.9178e-02
-8.6915e-02
-8.5138e-02
-8.5267e-02
-8.3639e-02
-7.6995e-02
-6.7354e-02
-5.6803e-02
-4.4207e-02
-3.0159e-02
-1.7119e-02
-4.0799e-03
1.2637e-02
3.1676e-02
4.8156e-02
6.1237e-02
7.1275e-02
7.4919e-02
7.2241e-02
6.7846e-02
6.1054e-02
5.3647e-02
4.8044e-02
4.2077e-02
3.0541e-02
1.4997e-02
-3.7422e-04
-9.2305e-03
-9.8497e-03
-6.7503e-03
1.5578e-03
1.4708e-02
2.7576e-02
3.5294e-02
3.7725e-02
3.4289e-02
2.4166e-02
8.3341e-03
-1.2535e-02
-3.3655e-02
-4.7898e-02
-5.3576e-02
-5.3222e-02
-5.0001e-02
-4.4058e-02
-3.5147e-02
-2.4261e-02
-1.3259e-02
-2.5068e-03
7.4413e-03
1.2894e-02
1.5716e-02
1.8388e-02
2.1662e-02
2.3649e-02
2.7266e-02
3.7198e-02
4.3825e-02
4.0831e-02
3.5772e-02
2.8301e-02
1.4175e-02
-8.6531e-03
-3.3255e-02
-5.4765e-02
-7.4760e-02
-9.1900e-02
-1.0130e-01
-1.0064e-01
-9.1280e-02
-7.8309e-02
-6.4156e-02
-4.9521e-02
-3.8114e-02
-3.1962e-02
-2.4785e-02
-1.7600e-02
-1.2318e-02
-8.1494e-03
-1.1901e-03
9.6385e-03
1.8602e-02
2.3187e-02
2.7931e-02
2.8982e-02
2.7814e-02
2.4228e-02
1.5036e-02
2.0655e-03
-1.1645e-02
-2.1010e-02
-2.5468e-02
-3.1028e-02
-3.7367e-02
-4.4574e-02
-5.3156e-02
-6.0599e-02
-6.5295e-02
-7.1242e-02
-7.8400e-02
-8.2779e-02
-8.2076e-02
-8.0228e-02
-7.9888e-02
-7.8382e-02
-7.3092e-02
-6.4700e-02
-5.9233e-02
-5.6697e-02
-4.8942e-02
-3.6485e-02
-2.4955e-02
-1.4630e-02
-5.8380e-03
-2.4451e-04
5.5258e-03
1.5220e-02
2.6028e-02
3.3948e-02
3.7694e-02
4.0583e-02
3.6772e-02
2.5678e-02
1.3489e-02
1.8958e-03
-6.2170e-03
-9.6345e-03
-9.0297e-03
-5.5560e-03
-2.5554e-03
2.4326e-03
1.2712e-02
2.4739e-02
3.3900e-02
4.2107e-02
4.7447e-02
4.9455e-02
5.1632e-02
5.2085e-02
5.2243e-02
5.4687e-02
5.3927e-02
4.7449e-02
4.0151e-02
3.0940e-02
2.0365e-02
1.3493e-02
8.8036e-03
1.6505e-03
-1.0300e-02
-2.1960e-02
-3.1011e-02
-3.9511e-02
-4.7766e-02
-5.1977e-02
-4.8977e-02
-4.1211e-02
-3.7130e-02
-3.1547e-02
-2.0858e-02
-1.3861e-02
-1.0066e-02
-5.3277e-03
-6.5331e-04
2.5918e-03
4.8542e-03
7.2994e-03
1.1767e-02
1.1809e-02
5.1969e-03
-1.3578e-03
-5.3345e-03
-6.4808e-03
-7.1331e-03
-8.1453e-03
-5.0792e-03
3.3974e-03
1.2735e-02
1.9427e-02
2.4815e-02
3.0029e-02
3.2458e-02
3.1274e-02
3.0882e-02
3.0572e-02
2.4408e-02
1.5011e-02
7.7974e-03
3.9161e-03
2.3326e-03
7.8569e-04
1.4237e-03
4.9518e-03
6.1323e-03
5.6086e-03
1.0039e-02
1.8730e-02
2.5508e-02
2.8696e-02
2.8849e-02
2.8261e-02
3.0443e-02
2.9860e-02
2.8785e-02
2.8579e-02
2.5002e-02
1.9243e-02
1.4369e-02
1.0138e-02
7.3057e-03
5.1625e-03
1.2497e-03
1.8798e-04
4.8177e-03
9.3816e-03
1.3156e-02
1.6527e-02
2.1162e-02
2.4735e-02
2.1828e-02
1.9519e-02
2.0614e-02
1.8438e-02
1.1523e-02
5.4616e-03
1.2078e-03
-2.0871e-03
-5.9300e-03
-8.5464e-03
-5.7638e-03
-1.8090e-03
1.2451e-03
7.1116e-03
1.4328e-02
1.9971e-02
2.1062e-02
1.9316e-02
1.9435e-02
1.8186e-02
1.8267e-02
2.0000e-02
1.9964e-02
2.4473e-02
3.3709e-02
4.1547e-02
4.6691e-02
4.9002e-02
5.3188e-02
5.6707e-02
5.4184e-02
5.2458e-02
5.4225e-02
5.2501e-02
4.7248e-02
4.4927e-02
4.2748e-02
3.6105e-02
2.9568e-02
2.4128e-02
1.9419e-02
1.4928e-02
9.2884e-03
2.1238e-03
-3.8895e-03
-9.2625e-03
-1.8309e-02
-2.8691e-02
-3.9025e-02
-4.9555e-02
-6.0130e-02
-6.9712e-02
-7.5672e-02
-8.0628e-02
-8.7699e-02
-9.3864e-02
-9.7310e-02
-1.0167e-01
-1.0784e-01
-1.1015e-01
-1.0726e-01
-1.0226e-01
-9.5422e-02
-8.4646e-02
-7.0705e-02
-5.5425e-02
-3.8029e-02
-2.0459e-02
-4.8009e-03
8.0589e-03
1.9762e-02
3.0986e-02
3.8722e-02
4.5424e-02
5.5113e-02
6.6536e-02
7.6410e-02
8.5049e-02
9.2884e-02
9.7449e-02
9.8011e-02
9.8235e-02
9.5745e-02
8.5627e-02
7.1121e-02
5.5877e-02
4.0946e-02
2.6881e-02
1.4297e-02
2.2489e-03
-9.8840e-03
-2.1013e-02
-2.9503e-02
-3.7589e-02
-4.5713e-02
-4.9343e-02
-4.9105e-02
-5.0469e-02
-5.5080e-02
-5.9169e-02
-6.0646e-02
-5.7607e-02
-5.3236e-02
-5.0039e-02
-4.2137e-02
-2.8550e-02
-1.3667e-02
-5.3156e-05
1.2201e-02
2.1182e-02
2.7292e-02
3.0928e-02
3.1577e-02
2.8387e-02
2.4264e-02
2.3339e-02
2.3153e-02
2.4867e-02
3.0067e-02
3.4624e-02
3.4361e-02
3.1014e-02
2.9650e-02
3.0316e-02
2.9641e-02
2.7573e-02
2.2701e-02
1.6252e-02
1.2042e-02
8.4831e-03
2.0639e-03
-5.2560e-03
-1.1557e-02
-2.0492e-02
-3.1645e-02
-4.0710e-02
-4.8802e-02
-5.8822e-02
-6.8966e-02
-7.7960e-02
-8.3728e-02
-8.4726e-02
-8.4070e-02
-8.3991e-02
-8.3133e-02
-7.7306e-02
-6.6559e-02
-5.5194e-02
-4.4622e-02
-3.3522e-02
-2.5264e-02
-2.2804e-02
-2.0275e-02
-1.8594e-02
-2.2494e-02
-2.9591e-02
-3.3943e-02
-3.4240e-02
-3.3583e-02
-3.4672e-02
-3.3323e-02
-2.9940e-02
-2.8610e-02
-2.7594e-02
-2.3383e-02
-1.5451e-02
-6.2757e-03
2.8378e-04
6.1341e-03
1.4087e-02
1.8516e-02
1.9069e-02
2.1598e-02
2.2694e-02
2.0699e-02
2.0458e-02
2.0847e-02
1.8532e-02
1.3977e-02
1.2127e-02
1.4350e-02
1.4130e-02
1.1056e-02
9.9558e-03
1.2058e-02
1.5473e-02
1.8311e-02
1.8723e-02
1.9933e-02
2.3609e-02
2.4704e-02
2.1893e-02
1.9154e-02
1.5051e-02
8.0835e-03
-1.2088e-04
-7.8213e-03
-1.4777e-02
-1.7134e-02
-1.8695e-02
-2.3141e-02
-2.4853e-02
-2.3227e-02
-2.2087e-02
-2.0861e-02
-1.6692e-02
-9.3723e-03
-4.1461e-03
-2.0307e-03
2.6546e-03
8.7814e-03
1.0277e-02
9.3931e-03
8.3663e-03
3.2868e-03
-7.1554e-03
-1.8589e-02
-2.8859e-02
-3.6288e-02
-4.1183e-02
-4.5134e-02
-4.7012e-02
-4.5936e-02
-4.5129e-02
-4.3766e-02
-4.1129e-02
-3.7549e-02
-3.3268e-02
-2.8294e-02
-2.1125e-02
-1.3013e-02
-4.0871e-03
3.6145e-03
9.8323e-03
1.4170e-02
1.7525e-02
2.0007e-02
1.9054e-02
1.4644e-02
1.1064e-02
9.2126e-03
5.6825e-03
2.0736e-03
-1.2274e-04
-1.4782e-03
-5.6017e-03
-9.8734e-03
-1.0976e-02
-1.2900e-02
-1.7156e-02
-2.1112e-02
-2.2699e-02
-2.4201e-02
-2.7004e-02
-2.8455e-02
-2.5849e-02
-1.7123e-02
-6.0245e-03
5.1884e-03
1.6931e-02
2.9079e-02
3.9403e-02
4.7078e-02
5.6175e-02
6.6538e-02
7.4540e-02
8.0503e-02
8.7316e-02
9.1374e-02
9.1666e-02
9.1766e-02
8.7660e-02
7.6868e-02
6.3628e-02
5.1275e-02
3.9480e-02
2.7602e-02
1.7434e-02
1.1678e-02
7.5826e-03
3.7392e-03
1.8414e-03
8.1628e-05
-4.3489e-03
-9.3972e-03
-1.4176e-02
-1.8160e-02
-2.0997e-02
-2.1624e-02
-1.8111e-02
-1.3387e-02
-1.0161e-02
-7.8111e-03
-6.8153e-03
-8.2188e-03
-9.9059e-03
-1.1347e-02
-1.0795e-02
-9.5090e-03
-9.7546e-03
-1.1731e-02
-1.2421e-02
-1.0084e-02
-5.5215e-03
1.9576e-03
9.8439e-03
1.4278e-02
1.9051e-02
2.3022e-02
2.3206e-02
2.3761e-02
2.6854e-02
3.1083e-02
3.6775e-02
4.3901e-02
4.9558e-02
5.5092e-02
6.1672e-02
6.3649e-02
5.9111e-02
5.5628e-02
5.5492e-02
5.3034e-02
4.8829e-02
4.6061e-02
4.5019e-02
4.2205e-02
3.7135e-02
3.0740e-02
2.2035e-02
1.4320e-02
7.5314e-03
-5.8125e-05
-6.3584e-03
-9.2354e-03
-8.6353e-03
-5.8547e-03
-3.4507e-03
-3.7905e-03
-4.4212e-03
-1.7970e-03
-5.1479e-04
-1.6988e-03
-2.1343e-03
-2.7684e-03
-4.8396e-03
-9.9784e-03
-1.6557e-02
-2.2082e-02
-2.4898e-02
-2.5206e-02
-2.4869e-02
-2.3928e-02
-2.1503e-02
-2.0382e-02
-2.2692e-02
-2.5258e-02
-2.4741e-02
-2.3574e-02
-2.4581e-02
-2.4599e-02
-2.2818e-02
-2.1924e-02
-2.2367e-02
-2.4672e-02
-2.6784e-02
-2.3864e-02
-1.6271e-02
-7.9742e-03
-6.0333e-04
7.6827e-03
1.6048e-02
2.3563e-02
2.8062e-02
2.9488e-02
3.0256e-02
2.7068e-02
2.0761e-02
1.5667e-02
1.4185e-02
1.4343e-02
1.2095e-02
1.0432e-02
1.4057e-02
2.0781e-02
2.5485e-02
2.4052e-02
1.7984e-02
1.2366e-02
5.6833e-03
-1.5102e-03
-6.9045e-03
-1.0744e-02
-1.2649e-02
-1.4127e-02
-1.6704e-02
-1.8483e-02
-1.7265e-02
-1.5408e-02
-1.6781e-02
-2.2760e-02
-2.9244e-02
-3.3791e-02
-3.6381e-02
-3.8288e-02
-3.8779e-02
-3.3492e-02
-2.3607e-02
-1.2268e-02
-2.2889e-03
4.7420e-03
8.8748e-03
1.1825e-02
1.4688e-02
1.6117e-02
1.5596e-02
1.2014e-02
8.0315e-03
8.1646e-03
9.7796e-03
8.8476e-03
8.5275e-03
9.6197e-03
1.0266e-02
1.0514e-02
1.2998e-02
1.2490e-02
8.2028e-03
3.8929e-03
4.8003e-04
-3.8040e-03
-7.5188e-03
-8.5890e-03
-8.1915e-03
-8.0395e-03
-8.6987e-03
-1.0358e-02
-1.2316e-02
-1.5104e-02
-1.4969e-02
-1.2675e-02
-1.2004e-02
-9.7157e-03
-5.2562e-03
-6.0496e-05
3.8348e-03
6.1878e-03
7.4262e-03
8.4807e-03
7.4084e-03
5.2071e-03
5.0925e-03
5.6683e-03
6.6355e-03
4.1733e-03
1.9285e-03
1.0672e-04
-2.6690e-03
-5.9795e-03
-9.8892e-03
-1.3118e-02
-1.3466e-02
-1.4050e-02
-1.4146e-02
-1.3344e-02
-1.2617e-02
-9.3557e-03
-4.5182e-03
3.8599e-04
4.7719e-03
9.3832e-03
1.4674e-02
2.0361e-02
2.2449e-02
2.1149e-02
1.7535e-02
1.1336e-02
3.4282e-03
-3.5316e-03
-9.4200e-03
-1.3795e-02
-1.6463e-02
-2.0232e-02
-2.2665e-02
-2.2264e-02
-2.1720e-02
-1.9728e-02
-1.4576e-02
-8.9295e-03
-6.4383e-03
-5.3994e-03
-3.9980e-03
-2.1864e-03
-1.6061e-03
-1.8042e-03
-1.8213e-03
-1.6178e-03
-5.4645e-04
1.0678e-03
6.2109e-04
-2.1176e-03
-3.4101e-03
-2.9808e-03
-5.6373e-03
-9.9204e-03
-1.2080e-02
-1.1990e-02
-1.1489e-02
-1.2614e-02
-1.4390e-02
-1.5945e-02
-1.7340e-02
-1.9940e-02
-2.3240e-02
-2.5377e-02
-2.5361e-02
-2.2892e-02
-2.0502e-02
-2.0234e-02
-1.9559e-02
-1.7884e-02
-1.6015e-02
-1.4491e-02
-1.2033e-02
-9.7472e-03
-8.2597e-03
-8.1091e-03
-8.0292e-03
-6.9638e-03
-6.6213e-03
-9.3431e-03
-1.2810e-02
-1.5978e-02
-1.8872e-02
-2.3451e-02
-2.9456e-02
-3.5655e-02
-3.8718e-02
-3.8907e-02
-3.8140e-02
-3.6969e-02
-3.5444e-02
-3.3987e-02
-3.2544e-02
-3.2499e-02
-3.3748e-02
-3.3857e-02
-2.9911e-02
-2.6306e-02
-2.5614e-02
-2.5067e-02
-2.1991e-02
-1.7445e-02
-1.3870e-02
-1.1107e-02
-8.1992e-03
-4.8478e-03
-2.8078e-04
5.5571e-03
1.0282e-02
1.2361e-02
1.6168e-02
2.1839e-02
2.3127e-02
2.3039e-02
2.5140e-02
2.5810e-02
2.6763e-02
3.2027e-02
3.4673e-02
3.1982e-02
3.0096e-02
3.3060e-02
3.3532e-02
3.2457e-02
3.2564e-02
3.1197e-02
2.6303e-02
1.9887e-02
1.5231e-02
1.0817e-02
5.1018e-03
6.4225e-04
-7.3289e-04
-1.7829e-03
-2.8129e-03
-1.2979e-03
1.9693e-03
3.7838e-03
5.4570e-03
9.8318e-03
1.4576e-02
1.7565e-02
1.8758e-02
2.0300e-02
2.1095e-02
2.0128e-02
2.0505e-02
2.2134e-02
2.4590e-02
2.6636e-02
2.6929e-02
2.8993e-02
3.1595e-02
3.3053e-02
3.2049e-02
3.1319e-02
3.1521e-02
2.8027e-02
2.4250e-02
2.2422e-02
2.2108e-02
2.1701e-02
1.8586e-02
1.2924e-02
1.1292e-02
1.1815e-02
8.7480e-03
4.0908e-03
7.9546e-04
-1.7511e-03
-3.0287e-03
-6.3652e-04
1.4224e-03
2.8816e-03
7.3861e-03
1.2631e-02
1.4199e-02
1.4976e-02
1.7442e-02
1.8433e-02
1.7625e-02
1.3165e-02
6.7216e-03
5.0254e-04
-4.5875e-03
-7.4115e-03
-7.8303e-03
-8.2042e-03
-9.1704e-03
-8.3868e-03
-5.1303e-03
1.9462e-04
1.0161e-03
-2.2046e-03
-1.9141e-03
1.2793e-03
3.3629e-03
4.4168e-03
3.9215e-03
3.3491e-03
3.5868e-03
4.8118e-03
8.4497e-03
9.3964e-03
8.2206e-03
9.7840e-03
1.0517e-02
9.9551e-03
1.0617e-02
1.0346e-02
7.7024e-03
6.0429e-03
5.1900e-03
8.3406e-04
-3.9550e-03
-6.8983e-03
-1.0502e-02
-1.4304e-02
-1.7537e-02
-2.1377e-02
-2.4176e-02
-2.5503e-02
-2.7851e-02
-2.8931e-02
-2.6684e-02
-2.2856e-02
-1.8030e-02
-9.4272e-03
1.5368e-03
9.8438e-03
1.5913e-02
2.2405e-02
2.6033e-02
2.3534e-02
1.8701e-02
1.7586e-02
1.6694e-02
1.1789e-02
7.4410e-03
5.2655e-03
-6.4914e-04
-8.6492e-03
-1.4421e-02
-1.8377e-02
-2.2764e-02
-2.6928e-02
-2.5962e-02
-2.4530e-02
-2.5056e-02
-2.3980e-02
-2.0870e-02
-1.9203e-02
-1.9414e-02
-1.9728e-02
-1.9352e-02
-1.7368e-02
-1.4185e-02
-1.0927e-02
-8.3537e-03
-8.9701e-03
-1.2006e-02
-1.3669e-02
-1.4726e-02
-1.6239e-02
-1.7753e-02
-1.6974e-02
-1.5211e-02
-1.3486e-02
-1.2245e-02
-1.0067e-02
-6.4206e-03
-1.9965e-03
8.0348e-07
7.0993e-04
3.7058e-03
5.6217e-03
4.5656e-03
5.6636e-03
1.0644e-02
1.5483e-02
1.9361e-02
2.3770e-02
2.6953e-02
2.6108e-02
2.2993e-02
2.2224e-02
2.0373e-02
1.4862e-02
9.5106e-03
6.0775e-03
1.6453e-03
-2.2337e-03
-6.2316e-03
-8.3384e-03
-7.2662e-03
-6.9122e-03
-9.5593e-03
-1.4006e-02
-1.8147e-02
-1.9338e-02
-1.8891e-02
-1.8676e-02
-1.7931e-02
-1.7392e-02
-1.9469e-02
-2.1977e-02
-2.2473e-02
-2.2006e-02
-2.1911e-02
-2.2108e-02
-2.2060e-02
-1.9900e-02
-1.4519e-02
-9.1276e-03
-7.6706e-03
-7.1806e-03
-4.8528e-03
-4.8565e-03
-7.8808e-03
-1.0119e-02
-1.0253e-02
-1.0943e-02
-1.1100e-02
-8.7852e-03
-6.4669e-03
-4.8469e-03
-3.7811e-03
-4.7535e-03
-6.5435e-03
-8.1595e-03
-9.4211e-03
-1.0736e-02
-1.0569e-02
-7.7921e-03
-5.3257e-03
-1.9513e-03
2.2102e-03
5.2266e-03
5.1845e-03
6.5768e-03
7.6345e-03
7.2072e-03
8.3133e-03
9.6779e-03
8.4845e-03
6.6153e-03
5.1450e-03
5.9424e-03
7.7845e-03
1.0582e-02
1.4156e-02
1.5166e-02
1.6566e-02
1.9645e-02
1.8992e-02
1.7222e-02
1.7916e-02
1.7421e-02
1.4744e-02
1.2747e-02
1.0955e-02
8.7121e-03
6.8893e-03
5.3569e-03
5.5281e-03
6.6275e-03
6.5448e-03
6.4623e-03
4.7290e-03
1.5355e-03
-1.6507e-03
-3.7399e-03
-3.4982e-03
-2.3840e-03
-4.0224e-03
-6.8989e-03
-7.7002e-03
-5.3505e-03
4.3055e-04
6.0923e-03
9.4421e-03
1.0995e-02
1.1304e-02
1.1134e-02
1.0020e-02
7.4002e-03
5.1141e-03
2.7580e-03
-1.2766e-03
-4.9922e-03
-6.8087e-03
-5.9659e-03
-5.4329e-03
-6.5006e-03
-7.1145e-03
-6.9111e-03
-6.7088e-03
-7.0560e-03
-9.5395e-03
-1.1206e-02
-1.0571e-02
-1.2333e-02
-1.5645e-02
-1.7826e-02
-1.8903e-02
-2.0255e-02
-2.1758e-02
-2.2113e-02
-2.1813e-02
-2.1480e-02
-2.0222e-02
-2.0234e-02
-1.9795e-02
-1.8773e-02
-1.8380e-02
-1.8492e-02
-1.8589e-02
-1.8626e-02
-1.8574e-02
-1.8290e-02
-1.6768e-02
-1.5376e-02
-1.5196e-02
-1.4963e-02
-1.2844e-02
-1.0015e-02
-8.3806e-03
-5.9907e-03
-1.8204e-03
1.4239e-03
4.5649e-03
6.3330e-03
6.8599e-03
8.6742e-03
1.1559e-02
1.3582e-02
1.4304e-02
1.2378e-02
1.0487e-02
1.0739e-02
9.5752e-03
7.1787e-03
6.2498e-03
6.5866e-03
6.0513e-03
3.4471e-03
8.6093e-04
2.9745e-04
1.4366e-03
2.5689e-03
1.6507e-03
1.6673e-03
3.4126e-03
4.2848e-03
4.1395e-03
5.0251e-03
7.8590e-03
1.0268e-02
9.7669e-03
9.7300e-03
1.2411e-02
1.3052e-02
1.2032e-02
1.1755e-02
1.2037e-02
1.2314e-02
1.2415e-02
1.3590e-02
1.5293e-02
1.5286e-02
1.2488e-02
7.6008e-03
1.6128e-03
-4.3452e-03
-9.0922e-03
-1.3511e-02
-1.7603e-02
-1.8326e-02
-1.6597e-02
-1.4572e-02
-1.2102e-02
-1.0205e-02
-8.5819e-03
-6.0767e-03
-4.0025e-03
-2.0576e-03
1.0786e-03
5.7578e-03
8.5041e-03
8.3817e-03
7.7919e-03
7.8738e-03
8.0051e-03
8.1245e-03
9.6235e-03
1.1262e-02
1.2996e-02
1.4090e-02
1.4167e-02
1.3506e-02
1.2298e-02
1.2329e-02
1.1758e-02
1.0436e-02
8.6009e-03
7.6672e-03
7.7498e-03
7.8796e-03
6.7527e-03
3.8522e-03
3.8478e-03
6.1878e-03
6.0830e-03
4.6640e-03
3.6734e-03
2.9082e-03
2.3073e-03
4.6305e-04
4.6772e-04
1.3544e-03
1.1920e-04
-2.7687e-03
-2.7189e-03
-7.4947e-04
1.1220e-03
1.5298e-03
1.2212e-03
1.1074e-03
5.3859e-04
-1.1598e-03
-1.2261e-03
6.9533e-04
1.5379e-03
2.0477e-03
2.4945e-03
2.5411e-03
3.5908e-03
5.2702e-03
6.8526e-03
7.1089e-03
5.9401e-03
5.2003e-03
5.3976e-03
4.5921e-03
4.8094e-03
6.5291e-03
8.2683e-03
9.5692e-03
8.8266e-03
6.0169e-03
3.7441e-03
2.5426e-03
2.2969e-03
4.4432e-03
6.8191e-03
7.3236e-03
7.8592e-03
9.5337e-03
1.1527e-02
1.1768e-02
1.0630e-02
1.1190e-02
1.1670e-02
1.0846e-02
1.1222e-02
1.0856e-02
1.2224e-02
1.4750e-02
1.6062e-02
1.6861e-02
1.7092e-02
1.6108e-02
1.5838e-02
1.5849e-02
1.5241e-02
1.6366e-02
1.9444e-02
2.1568e-02
2.1565e-02
2.0057e-02
1.8776e-02
1.8831e-02
1.9225e-02
1.7972e-02
1.4760e-02
1.1322e-02
8.2491e-03
3.7834e-03
-2.2637e-03
-8.4415e-03
-1.3757e-02
-1.6230e-02
-1.7204e-02
-1.6600e-02
-1.6866e-02
-1.7712e-02
-1.6121e-02
-1.2778e-02
-1.1183e-02
-1.2791e-02
-1.4184e-02
-1.2312e-02
-8.5589e-03
-5.1735e-03
-2.2944e-03
5.9782e-04
2.4092e-03
3.8303e-03
3.3913e-03
2.2696e-03
2.1898e-03
2.5684e-03
2.6373e-03
3.0305e-03
4.2981e-03
4.3501e-03
4.8925e-03
6.2665e-03
8.1857e-03
9.6285e-03
1.1201e-02
1.1680e-02
1.0143e-02
8.4425e-03
6.3211e-03
3.3580e-03
6.7254e-04
-2.1846e-04
-4.7050e-04
-1.5345e-03
-2.0857e-03
-3.8342e-03
-4.5457e-03
-3.8743e-03
2.2645e-04
3.7925e-03
5.5026e-03
6.9496e-03
1.0797e-02
1.5092e-02
1.7675e-02
1.8960e-02
2.1223e-02
2.3712e-02
2.3692e-02
2.0842e-02
1.8099e-02
1.7511e-02
1.6359e-02
1.2154e-02
7.7011e-03
4.5837e-03
1.8461e-03
-5.2694e-04
-2.0443e-03
-4.3777e-03
-7.0362e-03
-9.4602e-03
-1.3345e-02
-1.5917e-02
-1.5794e-02
-1.6370e-02
-1.8028e-02
-1.8576e-02
-1.5985e-02
-1.4290e-02
-1.4598e-02
-1.4468e-02
-1.2794e-02
-1.3301e-02
-1.5575e-02
-1.4236e-02
-1.1558e-02
-1.1305e-02
-1.3985e-02
-1.5063e-02
-1.5649e-02
-1.6202e-02
-1.7254e-02
-1.9814e-02
-2.1784e-02
-2.1651e-02
-2.3776e-02
-2.8180e-02
-3.0870e-02
-3.1164e-02
-2.9910e-02
-2.9422e-02
-2.8644e-02
-2.6112e-02
-2.3828e-02
-2.2504e-02
-2.0219e-02
-1.6984e-02
-1.3885e-02
-1.2948e-02
-1.3374e-02
-1.2493e-02
-1.0671e-02
-8.0408e-03
-5.9355e-03
-5.4703e-03
-5.7182e-03
-5.7604e-03
-5.6380e-03
-5.6083e-03
-5.7044e-03
-6.5711e-03
-6.0986e-03
-3.1613e-03
-8.0325e-04
3.6521e-04
-3.5843e-04
-1.1261e-03
-1.0018e-03
-1.7134e-03
-1.3988e-03
-5.5123e-04
5.8746e-04
3.1570e-03
5.2890e-03
5.6377e-03
4.0754e-03
1.2162e-03
-4.1810e-04
6.5441e-04
1.5450e-03
1.3607e-03
9.2881e-04
-1.8122e-04
-3.1029e-04
9.5181e-04
2.5382e-03
1.5589e-03
7.6529e-06
5.8844e-04
1.4198e-03
1.3916e-03
1.2672e-03
2.7237e-03
5.8357e-03
9.0430e-03
1.0827e-02
1.3484e-02
1.7733e-02
2.1371e-02
2.2914e-02
2.2574e-02
2.0062e-02
1.9417e-02
1.9164e-02
1.6157e-02
1.4674e-02
1.4622e-02
1.2463e-02
7.7225e-03
3.0433e-03
1.1711e-03
1.3921e-03
1.4911e-03
1.6871e-04
2.5450e-04
2.8099e-03
3.0822e-03
1.5416e-03
7.8015e-04
-1.1895e-04
5.1290e-05
-3.7453e-04
-1.3942e-03
-1.7111e-03
-1.5174e-03
-1.4282e-03
-1.7191e-03
-3.4874e-03
-6.3610e-03
-7.8390e-03
-7.9983e-03
-9.0687e-03
-9.0950e-03
-9.4159e-03
-1.0421e-02
-1.0850e-02
-1.0706e-02
-1.0594e-02
-1.0651e-02
-1.0685e-02
-1.0561e-02
-1.0231e-02
-8.7189e-03
-7.7932e-03
-1.0488e-02
-1.1932e-02
-1.0845e-02
-1.0086e-02
-1.0552e-02
-1.2102e-02
-1.2043e-02
-1.1772e-02
-9.6147e-03
-7.0103e-03
-4.7874e-03
-2.2259e-03
-1.2098e-03
-2.7874e-03
-3.6751e-03
-2.9510e-03
-4.2982e-03
-4.8607e-03
-4.0439e-03
-3.5746e-03
-3.7118e-03
-4.2806e-03
-5.4154e-03
-4.7821e-03
-3.2051e-03
-1.8652e-03
-2.1040e-03
-1.0473e-03
2.1442e-03
5.1947e-03
6.5561e-03
8.3478e-03
1.1405e-02
1.4270e-02
1.5673e-02
1.7068e-02
1.8051e-02
1.8163e-02
1.7986e-02
1.7018e-02
1.3345e-02
9.0539e-03
5.9522e-03
3.3447e-03
8.2713e-04
-7.2425e-04
-2.1603e-03
-3.0176e-03
-3.5583e-03
-4.5972e-03
-3.0930e-03
1.2823e-03
4.2252e-03
6.7606e-03
1.0810e-02
1.2880e-02
1.3376e-02
1.4700e-02
1.6431e-02
1.7499e-02
1.6478e-02
1.5517e-02
1.4881e-02
1.4211e-02
1.5043e-02
1.6631e-02
1.7699e-02
1.6700e-02
1.6490e-02
1.7546e-02
1.6935e-02
1.4545e-02
1.0321e-02
6.4897e-03
4.3616e-03
3.2613e-03
1.7360e-03
1.6752e-03
2.7344e-03
2.0694e-03
1.8215e-03
3.4867e-03
4.6485e-03
4.6250e-03
4.3963e-03
5.1574e-03
7.6579e-03
1.0202e-02
1.1598e-02
1.3012e-02
1.4562e-02
1.6366e-02
1.6311e-02
1.4466e-02
1.4290e-02
1.5496e-02
1.4749e-02
1.2932e-02
1.1130e-02
1.1336e-02
1.2536e-02
1.1699e-02
1.0582e-02
1.0522e-02
1.0829e-02
1.0850e-02
1.0731e-02
1.0712e-02
1.0756e-02
1.0767e-02
1.0752e-02
1.0691e-02
9.6689e-03
7.8493e-03
5.2600e-03
3.1112e-03
3.7311e-03
3.6271e-03
8.3908e-04
-1.8229e-03
-3.2290e-03
-5.3439e-03
-6.5208e-03
-6.3468e-03
-7.0923e-03
-6.8714e-03
-5.3466e-03
-5.5722e-03
-7.4530e-03
-9.1689e-03
-9.6364e-03
-1.0238e-02
-1.1880e-02
-1.1569e-02
-9.7109e-03
-7.8924e-03
-7.4982e-03
-6.8291e-03
-5.2038e-03
-4.3607e-03
-3.5649e-03
-2.1539e-03
-1.5336e-03
-1.6304e-03
-7.4641e-04
1.0868e-03
2.7630e-03
4.2068e-03
4.6856e-03
5.4558e-03
6.0348e-03
5.0527e-03
4.3555e-03
5.3490e-03
6.1961e-03
5.1075e-03
4.1208e-03
3.0419e-03
5.3067e-04
-2.6501e-03
-3.7257e-03
-2.2349e-03
-1.3468e-03
-1.7302e-03
-4.0056e-03
-6.3564e-03
-6.7267e-03
-7.3830e-03
-8.0550e-03
-9.2263e-03
-1.1831e-02
-1.3984e-02
-1.3351e-02
-1.2374e-02
-1.3513e-02
-1.4446e-02
-1.3369e-02
-1.2322e-02
-1.3233e-02
-1.2919e-02
-1.1369e-02
-1.0776e-02
-1.1061e-02
-1.1367e-02
-1.2486e-02
-1.3714e-02
-1.2752e-02
-1.0972e-02
-1.0336e-02
-9.5111e-03
-9.4495e-03
-1.0611e-02
-1.2366e-02
-1.3720e-02
-1.3843e-02
-1.3682e-02
-1.4820e-02
-1.5166e-02
-1.3964e-02
-1.3367e-02
-1.4617e-02
-1.5081e-02
-1.5030e-02
-1.6014e-02
-1.7750e-02
-1.7843e-02
-1.6379e-02
-1.5623e-02
-1.4446e-02
-1.1752e-02
-9.6648e-03
-9.2655e-03
-8.4419e-03
-8.0680e-03
-7.8076e-03
-6.9840e-03
-7.7146e-03
-9.1770e-03
-9.5147e-03
-9.1878e-03
-9.0040e-03
-9.0220e-03
-9.0470e-03
-8.8793e-03
-7.5372e-03
-5.9049e-03
-5.4669e-03
-5.7120e-03
-5.9281e-03
-7.0470e-03
-8.5947e-03
-1.0400e-02
-1.2660e-02
-1.1745e-02
-8.7786e-03
-7.7271e-03
-8.0363e-03
-6.9571e-03
-5.0607e-03
-3.1441e-03
-6.1361e-04
1.1709e-03
1.5977e-03
2.5156e-03
2.7592e-03
1.6017e-03
-1.8873e-04
-1.4953e-03
-1.7312e-03
-1.5517e-03
-1.6103e-03
-2.8867e-03
-4.2112e-03
-3.1934e-03
-1.3796e-03
-9.8245e-04
-1.3621e-03
-1.5951e-03
-2.6704e-03
-3.9213e-03
-3.1222e-03
-2.6596e-03
-3.7886e-03
-4.4847e-03
-4.0906e-03
-2.4604e-03
-9.4432e-04
-5.7365e-04
4.0267e-04
2.0923e-03
4.3767e-03
7.5973e-03
1.2367e-02
1.6860e-02
1.9811e-02
2.1027e-02
2.2432e-02
2.3433e-02
2.2128e-02
2.0391e-02
1.8770e-02
1.7602e-02
1.5948e-02
1.4544e-02
1.3043e-02
1.3416e-02
1.5010e-02
1.6691e-02
1.6208e-02
1.5124e-02
1.6242e-02
1.6353e-02
1.5370e-02
1.6458e-02
1.7862e-02
1.6989e-02
1.8193e-02
1.8981e-02
1.6730e-02
1.4567e-02
1.2756e-02
1.0245e-02
8.7258e-03
8.9565e-03
1.0612e-02
1.0370e-02
9.2969e-03
1.0376e-02
1.0507e-02
9.0874e-03
6.9717e-03
6.0531e-03
7.2713e-03
6.0027e-03
4.7152e-03
3.9446e-03
3.5542e-03
4.6973e-03
4.5719e-03
3.1697e-03
1.2826e-03
1.2786e-05
-1.5554e-03
-2.9868e-03
-4.4170e-03
-4.0094e-03
-2.5565e-03
-6.6502e-04
7.8065e-04
2.4914e-03
3.9388e-03
5.4256e-03
5.0197e-03
4.0508e-03
5.3380e-03
6.9533e-03
7.2204e-03
6.9122e-03
6.7892e-03
6.9205e-03
6.9279e-03
7.0617e-03
8.7289e-03
1.0006e-02
8.5241e-03
6.5986e-03
4.9978e-03
3.8745e-03
1.8750e-03
-9.9910e-04
-2.1878e-03
-6.3463e-04
-4.6424e-04
-1.5369e-03
-2.2346e-04
2.9584e-03
4.7411e-03
5.9308e-03
6.8946e-03
7.2436e-03
7.4536e-03
8.5523e-03
6.0844e-03
-1.0555e-03
-4.1140e-03
-2.6609e-03
-3.1018e-03
-4.9743e-03
-5.2804e-03
-3.2321e-03
-1.8897e-03
-3.5546e-03
-5.5520e-03
-7.1996e-03
-8.1259e-03
-8.1203e-03
-7.9178e-03
-7.9253e-03
-7.9969e-03
-7.9964e-03
-7.9680e-03
-7.9656e-03
-7.9611e-03
-7.6398e-03
-5.8164e-03
-2.9113e-03
-1.2343e-03
1.0258e-04
9.8959e-04
-3.1740e-04
-1.8434e-03
-1.9932e-03
-1.6432e-03
-1.8485e-03
-3.5899e-03
-5.2201e-03
-6.5443e-03
-6.0416e-03
-5.0703e-03
-6.0970e-03
-6.0827e-03
-4.7246e-03
-2.7401e-03
-1.3784e-03
1.8946e-04
1.1474e-03
-3.0041e-04
-1.6570e-03
-3.8548e-04
-1.3321e-04
-1.1908e-03
-4.4674e-04
-4.1658e-04
-1.5118e-03
-1.7546e-03
2.8394e-04
3.4214e-03
4.6021e-03
2.7457e-03
8.5430e-04
-7.0111e-04
-1.9072e-03
-3.8656e-03
-6.6308e-03
-8.2718e-03
-9.8193e-03
-1.1160e-02
-1.2871e-02
-1.4063e-02
-1.4152e-02
-1.4158e-02
-1.5444e-02
-1.5337e-02
-1.3672e-02
-9.8562e-03
-5.6155e-03
-2.0764e-03
2.2948e-03
4.8719e-03
4.8209e-03
4.2870e-03
3.8933e-03
2.0474e-03
-6.8761e-04
-2.3106e-03
-3.1599e-03
-2.4050e-03
-1.9193e-03
-3.4003e-03
-4.2032e-03
-2.6185e-03
-1.7202e-03
-2.8846e-03
-2.6791e-03
-1.4564e-03
-1.0494e-03
-1.3170e-03
-1.9390e-03
-3.5162e-03
-4.1139e-03
-2.5385e-03
-7.5972e-04
4.7209e-04
-3.5956e-04
-1.0937e-03
4.1712e-04
1.3251e-03
1.0445e-04
2.0019e-04
1.2944e-03
1.6425e-03
1.3938e-03
2.0297e-03
3.8851e-03
5.4781e-03
6.1596e-03
4.9788e-03
4.0573e-03
3.3903e-03
1.8663e-03
2.3419e-04
-7.0314e-04
-3.9991e-04
-1.2923e-03
-1.5524e-03
6.4838e-05
1.9559e-03
3.5763e-03
4.0234e-03
3.8429e-03
3.7884e-03
4.5714e-03
5.5379e-03
4.6563e-03
3.6846e-03
2.9233e-03
1.4198e-03
-1.7253e-04
-1.1628e-03
-8.9189e-04
-1.6141e-03
-2.4489e-03
-2.5344e-03
-2.2662e-03
-2.0767e-03
-1.2068e-03
-4.9536e-04
4.0469e-04
1.9825e-03
2.5471e-03
2.4934e-03
1.3593e-03
8.1106e-04
1.9680e-03
3.8851e-03
5.3872e-03
5.8163e-03
5.6692e-03
6.7381e-03
6.5132e-03
4.7956e-03
4.0577e-03
3.3485e-03
1.7815e-03
1.0354e-04
-4.7122e-04
-1.3449e-04
-9.6714e-04
-1.7037e-03
-1.6894e-03
-1.4929e-03
-1.5510e-03
-2.5334e-03
-3.1134e-03
-1.8436e-03
1.1649e-04
2.0032e-04
-1.1616e-03
-4.5016e-04
1.1833e-03
3.8118e-04
-1.5314e-03
-3.0563e-03
-3.2297e-03
-4.4149e-03
-5.8263e-03
-6.5702e-03
-7.4016e-03
-7.7862e-03
-7.7216e-03
-7.5774e-03
-7.7157e-03
-8.9378e-03
-9.2630e-03
-7.9969e-03
-6.3694e-03
-7.4086e-03
-8.7939e-03
-6.8764e-03
-4.3910e-03
-2.2251e-03
2.0360e-03
6.1847e-03
6.1154e-03
4.3518e-03
4.2554e-03
6.1268e-03
6.0358e-03
4.3223e-03
2.0354e-03
-6.0094e-04
-1.9208e-03
-1.7523e-03
-1.4539e-03
-1.6297e-03
-1.6097e-03
-2.2825e-04
-3.7363e-04
-1.4504e-03
-5.7245e-04
-3.7783e-04
-1.1423e-03
-1.0950e-04
1.1431e-03
1.3387e-05
-3.4442e-04
-7.1955e-04
-1.5742e-03
-1.8175e-03
-1.5959e-03
-5.4109e-04
3.1014e-03
7.3126e-03
1.0066e-02
1.1125e-02
1.2460e-02
1.4072e-02
1.4950e-02
1.2999e-02
1.1874e-02
1.0274e-02
6.4113e-03
3.5440e-03
1.5361e-03
-6.3884e-04
-1.7465e-03
-1.6881e-03
-1.5178e-03
-1.6845e-03
-1.8475e-03
-1.8326e-03
-1.7820e-03
-1.7868e-03
-1.8124e-03
-2.4327e-03
-4.8962e-03
-7.5101e-03
-8.9224e-03
-1.0300e-02
-1.0993e-02
-1.1620e-02
-1.2436e-02
-1.1567e-02
-1.1366e-02
-1.2391e-02
-1.1833e-02
-1.0123e-02
-8.2417e-03
-7.6393e-03
-7.1006e-03
-5.4332e-03
-3.7368e-03
-2.8501e-03
-3.2346e-03
-2.4944e-03
-2.3954e-03
-4.0042e-03
-4.9567e-03
-4.7413e-03
-4.5355e-03
-3.9141e-03
-2.2611e-03
-6.8020e-04
8.7888e-04
1.5843e-03
1.5443e-03
1.3855e-03
5.1282e-04
8.5029e-04
2.7029e-03
3.4175e-03
4.2354e-03
5.7325e-03
7.3573e-03
6.7861e-03
4.9542e-03
5.3530e-03
7.3603e-03
7.1376e-03
6.0086e-03
5.8969e-03
5.1707e-03
4.5636e-03
4.4159e-03
2.4973e-03
-8.5461e-04
-1.9647e-03
-1.4341e-03
-1.2186e-03
-2.3440e-03
-3.1074e-03
-1.9841e-03
-1.1512e-03
-1.2832e-03
-1.5287e-03
-1.4274e-03
-2.4904e-04
2.4139e-03
4.6131e-03
5.9372e-03
7.3540e-03
8.9514e-03
1.0519e-02
9.9752e-03
7.0782e-03
4.6202e-03
4.3195e-03
4.6446e-03
2.6674e-03
-8.8906e-04
-3.1280e-03
-5.3131e-03
-7.2082e-03
-6.6850e-03
-5.8937e-03
-4.9235e-03
-2.4566e-03
-2.3437e-03
-4.2700e-03
-6.2102e-03
-7.5200e-03
-7.7584e-03
-7.4794e-03
-6.0303e-03
-3.3239e-03
-1.3901e-03
2.2185e-04
2.7897e-03
4.6422e-03
4.5343e-03
1.6573e-03
-1.7029e-03
-4.8695e-03
-7.3577e-03
-8.1924e-03
-1.0215e-02
-1.1814e-02
-1.1143e-02
-1.0227e-02
-8.9251e-03
-6.1938e-03
-3.1179e-03
-2.6303e-03
-2.7528e-03
-6.2906e-04
4.4943e-04
4.7311e-04
1.0668e-03
3.2279e-04
-1.0851e-03
-3.1432e-04
2.9969e-04
-9.0687e-04
-3.0953e-03
-5.8772e-03
-8.9013e-03
-1.1998e-02
-1.5034e-02
-1.7900e-02
-1.9453e-02
-1.9490e-02
-1.9322e-02
-1.9245e-02
-1.8104e-02
-1.7540e-02
-1.6169e-02
-1.3563e-02
-1.1150e-02
-8.6001e-03
-6.7836e-03
-5.1185e-03
-2.3120e-03
1.3332e-03
4.0422e-03
2.1814e-03
-6.1499e-04
-1.1800e-03
-2.3248e-03
-5.1280e-03
-7.0067e-03
-8.5918e-03
-1.1105e-02
-1.2567e-02
-1.2459e-02
-1.2142e-02
-1.2210e-02
-1.2343e-02
-1.1864e-02
-8.6098e-03
-5.6008e-03
-3.5915e-03
-1.1683e-03
6.4565e-04
2.2810e-03
3.0952e-03
1.6835e-03
3.7164e-04
1.9167e-03
4.0540e-03
5.7699e-03
6.6247e-03
7.1367e-03
1.0247e-02
1.2824e-02
1.1248e-02
7.7752e-03
6.1250e-03
5.1790e-03
5.6032e-03
6.4685e-03
5.1972e-03
3.6112e-03
3.2003e-03
2.2176e-03
2.3289e-03
1.8572e-03
7.4067e-04
1.6406e-04
-9.0990e-04
-6.1273e-04
2.9643e-04
-5.9604e-04
-4.6593e-04
8.7393e-04
3.0489e-03
5.2913e-03
5.3841e-03
6.2854e-03
8.3966e-03
8.1383e-03
6.8043e-03
6.0126e-03
4.1848e-03
1.4918e-03
2.7971e-04
4.4638e-05
-1.2816e-03
-2.9027e-03
-4.5779e-03
-5.4403e-03
-5.3607e-03
-5.1969e-03
-5.3495e-03
-5.9887e-03
-7.1287e-03
-6.4094e-03
-5.2182e-03
-5.1081e-03
-4.4134e-03
-1.1734e-03
1.4986e-03
3.5360e-03
5.8237e-03
6.9840e-03
6.4599e-03
5.1360e-03
5.2264e-03
4.7455e-03
3.3890e-03
1.4078e-03
-5.8013e-05
-1.0336e-03
-2.0858e-04
8.7168e-04
9.7344e-04
7.2452e-04
1.8802e-03
4.8129e-03
5.7422e-03
6.2850e-03
6.2634e-03
4.1802e-03
1.3499e-03
1.1653e-03
3.3037e-03
5.0387e-03
6.3851e-03
7.0084e-03
7.0506e-03
7.7393e-03
9.4580e-03
9.4549e-03
6.7535e-03
3.3261e-03
1.0999e-03
8.0571e-04
1.0998e-03
1.0837e-03
9.4269e-04
9.4199e-04
1.6919e-03
2.6499e-03
3.2219e-03
4.2108e-03
3.1350e-03
2.3774e-03
2.9412e-03
5.0637e-03
5.6718e-03
6.3937e-03
7.1047e-03
6.3957e-03
4.5764e-03
3.8087e-03
3.9290e-03
3.0345e-03
1.2920e-03
6.8066e-04
9.5462e-04
1.1047e-03
9.9237e-04
9.2288e-04
9.5926e-04
9.3415e-04
-5.0742e-05
-7.4819e-04
3.8182e-04
1.2763e-03
2.0806e-03
1.7260e-03
2.0044e-03
4.7673e-03
6.0780e-03
6.6966e-03
6.1019e-03
5.5223e-03
6.5039e-03
6.1796e-03
4.2691e-03
2.5601e-03
2.2235e-03
3.5630e-03
4.2197e-03
2.8836e-03
1.0751e-03
6.8417e-04
1.0217e-03
9.6643e-04
-6.7978e-04
-4.7142e-03
-7.8476e-03
-7.1512e-03
-6.4417e-03
-7.7254e-03
-9.7215e-03
-9.7174e-03
-6.9703e-03
-4.6991e-03
-3.4061e-03
-3.4531e-03
-3.2388e-03
-8.3538e-04
1.2743e-03
1.4648e-03
1.1927e-03
2.5859e-03
4.4186e-03
4.8039e-03
4.3061e-03
2.9053e-03
1.4986e-03
1.2047e-03
1.0761e-03
-1.8428e-03
-4.7630e-03
-5.0082e-03
-3.9441e-03
-7.7433e-04
1.7286e-03
2.3656e-03
5.1034e-03
7.9871e-03
8.3871e-03
7.8407e-03
7.8270e-03
8.0793e-03
8.1194e-03
8.0300e-03
8.0067e-03
8.0573e-03
8.1439e-03
7.6441e-03
5.5028e-03
2.3056e-03
-8.1682e-04
-3.2720e-03
-4.1335e-03
-4.8843e-03
-8.0572e-03
-1.0383e-02
-1.0377e-02
-9.3669e-03
-7.2433e-03
-4.6240e-03
-2.9361e-03
-9.0853e-04
2.8031e-03
7.4372e-03
9.1917e-03
8.7143e-03
8.3713e-03
7.8928e-03
5.6584e-03
3.0328e-03
1.5690e-03
-5.0240e-04
-2.9705e-03
-3.7587e-03
-3.4635e-03
-3.3083e-03
-3.2671e-03
-2.5189e-03
-8.3423e-04
7.1224e-04
2.2978e-03
2.9824e-03
4.6049e-03
8.1362e-03
1.1664e-02
1.4604e-02
1.5383e-02
1.5018e-02
1.3905e-02
1.1433e-02
9.1236e-03
6.7286e-03
3.6544e-03
5.2230e-04
-2.6136e-03
-5.5577e-03
-9.6089e-03
-1.3314e-02
-1.6216e-02
-1.6995e-02
-1.5398e-02
-1.3210e-02
-1.0704e-02
-8.8709e-03
-6.1589e-03
-3.1668e-03
-9.9555e-04
1.5849e-03
4.7912e-03
7.8247e-03
9.2041e-03
7.7774e-03
4.7196e-03
2.9735e-03
3.0262e-03
3.2200e-03
1.8174e-03
-1.3102e-03
-4.9333e-03
-7.9697e-03
-8.9392e-03
-7.3149e-03
-5.6167e-03
-4.3895e-03
-6.4577e-03
-9.0978e-03
-9.6907e-03
-1.0712e-02
-1.2242e-02
-1.4066e-02
-1.5123e-02
-1.4895e-02
-1.2833e-02
-1.0306e-02
-1.0661e-02
-1.2509e-02
-1.3411e-02
-1.0329e-02
-5.8854e-03
-2.5648e-03
8.9434e-05
2.5721e-03
3.1765e-03
1.8826e-03
2.7440e-03
4.7022e-03
2.8701e-03
1.1263e-03
2.6174e-03
4.0788e-03
3.9713e-03
2.7788e-03
3.0197e-04
-2.1249e-03
-2.7425e-03
-2.3280e-03
-2.1703e-03
-2.3303e-03
-3.1429e-03
-4.0882e-03
-3.1448e-03
-2.1464e-03
-2.1413e-03
-2.4064e-03
-2.4019e-03
-2.2410e-03
-1.1490e-03
1.5531e-03
3.7944e-03
3.1863e-03
1.1566e-03
-4.4840e-04
-1.8305e-03
-3.2934e-03
-3.8375e-03
-5.2357e-03
-7.5255e-03
-6.9227e-03
-3.6984e-03
-1.3230e-03
1.1445e-03
3.7140e-03
4.4697e-03
3.9951e-03
2.5436e-03
1.2150e-03
1.1408e-03
2.3646e-03
7.3296e-04
-1.8741e-03
-2.8383e-03
-5.2368e-03
-6.4966e-03
-6.8026e-03
-5.9965e-03
-4.9986e-03
-4.6089e-03
-3.1904e-03
-1.5047e-03
5.4894e-04
3.2521e-03
4.5987e-03
3.9774e-03
1.5873e-03
-1.0055e-03
-1.9010e-03
-2.1063e-03
-3.0724e-03
-2.6806e-03
-1.6414e-03
-1.3269e-03
-1.6002e-03
-2.7015e-03
-5.8719e-03
-7.9597e-03
-6.4462e-03
-1.7823e-03
3.8662e-03
9.4056e-03
1.2103e-02
1.4088e-02
1.6266e-02
1.7123e-02
1.5466e-02
1.1894e-02
1.0197e-02
7.4859e-03
6.9074e-04
-5.7732e-03
-1.0001e-02
-1.3011e-02
-1.5937e-02
-1.9098e-02
-2.0119e-02
-1.9625e-02
-1.7261e-02
-1.1913e-02
-5.3716e-03
1.7677e-03
8.4035e-03
1.3341e-02
1.7930e-02
2.1919e-02
2.6020e-02
2.7773e-02
2.6851e-02
2.6963e-02
2.4905e-02
2.0908e-02
1.7924e-02
1.3011e-02
6.8415e-03
1.4863e-03
-3.6796e-03
-7.0430e-03
-8.7232e-03
-9.8844e-03
-1.1452e-02
-1.3079e-02
-1.4814e-02
-1.5722e-02
-1.3768e-02
-8.8688e-03
-4.0273e-03
6.0269e-04
4.6409e-03
7.8251e-03
1.0574e-02
1.1875e-02
1.1836e-02
1.1205e-02
8.2850e-03
6.3515e-03
8.9965e-03
9.9744e-03
6.3765e-03
2.9219e-04
-4.8970e-03
-6.4517e-03
-5.8974e-03
-5.1776e-03
-3.3411e-03
-6.3424e-04
-3.7115e-04
-3.9337e-03
-6.3800e-03
-6.0749e-03
-4.9098e-03
-2.8421e-03
8.8025e-04
6.1694e-03
1.1093e-02
1.5682e-02
1.8688e-02
1.8546e-02
1.7213e-02
1.6635e-02
1.4419e-02
1.2822e-02
1.1318e-02
8.2071e-03
6.6009e-03
6.1641e-03
5.5991e-03
6.3304e-03
7.1244e-03
7.1762e-03
6.9878e-03
6.9818e-03
7.0594e-03
7.0751e-03
7.1688e-03
8.2933e-03
1.0920e-02
1.2154e-02
9.8703e-03
7.1913e-03
5.7844e-03
4.6630e-03
5.1680e-03
6.9775e-03
8.6832e-03
8.3478e-03
2.9617e-03
-5.0609e-03
-1.3449e-02
-2.4421e-02
-3.5181e-02
-4.2143e-02
-4.5533e-02
-4.2788e-02
-3.4135e-02
-2.3939e-02
-1.2377e-02
-4.0998e-04
9.2225e-03
1.3352e-02
9.5235e-03
2.8667e-03
-2.3056e-03
-7.1311e-03
-1.0373e-02
-1.0593e-02
-7.2358e-03
-1.3023e-03
4.4030e-03
1.0138e-02
1.0683e-02
7.9935e-03
5.0195e-03
-6.2004e-04
-6.4879e-03
-1.1351e-02
-1.4992e-02
-1.5864e-02
-1.2272e-02
-7.4913e-03
-3.9605e-03
5.3319e-04
6.5782e-03
1.1033e-02
1.1628e-02
7.8375e-03
3.0210e-03
-1.6225e-03
-5.0578e-03
-4.8259e-03
-3.2124e-03
-2.8635e-03
-3.0321e-03
-1.3140e-03
1.5136e-03
1.2387e-03
-1.8948e-03
-3.5645e-03
-3.1637e-03
-3.2248e-03
-5.5663e-03
-9.0413e-03
-1.2217e-02
-1.5499e-02
-1.9589e-02
-2.1757e-02
-2.2124e-02
-2.2839e-02
-2.1915e-02
-1.7875e-02
-1.0655e-02
-3.3635e-03
3.2014e-03
1.0656e-02
1.7387e-02
2.1446e-02
2.4048e-02
2.5516e-02
2.3419e-02
2.1175e-02
2.0081e-02
1.6131e-02
9.1800e-03
2.3129e-03
-4.9978e-03
-1.1874e-02
-1.5332e-02
-1.4002e-02
-7.8469e-03
3.4892e-04
7.8884e-03
1.4561e-02
1.7375e-02
1.3781e-02
6.6585e-03
5.6974e-04
-5.2363e-03
-1.0301e-02
-1.5060e-02
-1.8078e-02
-1.7815e-02
-1.5722e-02
-1.4773e-02
-1.2125e-02
-4.0045e-03
5.8954e-03
1.6177e-02
2.7169e-02
3.9044e-02
4.8146e-02
5.2911e-02
5.0575e-02
3.9754e-02
2.3387e-02
5.1329e-03
-8.9178e-03
-1.7126e-02
-2.2694e-02
-2.5556e-02
-2.2621e-02
-1.5094e-02
-7.8085e-03
-2.1908e-03
2.4563e-03
3.8304e-03
2.3268e-03
-6.6825e-04
-4.6266e-03
-8.1248e-03
-8.8548e-03
-6.2518e-03
3.0550e-04
8.4198e-03
1.5115e-02
2.0745e-02
2.4712e-02
2.6465e-02
2.5577e-02
2.0616e-02
1.4858e-02
8.2969e-03
-1.3212e-03
-1.0486e-02
-1.6779e-02
-2.0130e-02
-2.0728e-02
-2.0363e-02
-1.8213e-02
-1.2940e-02
-8.4624e-03
-7.7659e-03
-8.4857e-03
-9.3958e-03
-9.6470e-03
-8.6195e-03
-7.6949e-03
-5.1956e-03
-2.3155e-03
-1.6754e-03
-3.4212e-03
-4.9563e-03
-3.5892e-03
-2.9548e-04
3.0055e-03
6.8453e-03
8.8465e-03
9.0375e-03
8.2066e-03
4.3713e-03
-1.7213e-03
-6.5892e-03
-8.1973e-03
-7.7931e-03
-5.8990e-03
-4.7090e-04
5.9503e-03
1.1134e-02
1.6123e-02
1.7999e-02
1.5498e-02
1.1925e-02
1.0052e-02
7.5599e-03
3.0690e-03
-3.2838e-03
-9.2857e-03
-1.4048e-02
-1.8287e-02
-2.2649e-02
-2.4173e-02
-2.0135e-02
-1.3321e-02
-6.8970e-03
-8.2800e-04
3.6923e-03
5.0787e-03
4.7654e-03
4.0315e-03
-5.8982e-04
-6.7418e-03
-1.3338e-02
-1.8291e-02
-1.9658e-02
-1.8535e-02
-1.2687e-02
-2.0796e-03
7.4972e-03
1.4661e-02
1.8088e-02
1.9938e-02
2.2326e-02
2.1928e-02
1.7221e-02
1.1929e-02
5.1850e-03
-5.3780e-03
-1.8093e-02
-3.0356e-02
-3.9864e-02
-4.3418e-02
-4.2538e-02
-3.8660e-02
-3.3695e-02
-2.5798e-02
-1.8637e-02
-1.3419e-02
-7.9058e-03
-9.7487e-04
5.5028e-03
9.5613e-03
1.2312e-02
1.4816e-02
1.5957e-02
1.6360e-02
1.8333e-02
2.0720e-02
2.1201e-02
2.3145e-02
2.4723e-02
2.3466e-02
2.1024e-02
1.6677e-02
1.0596e-02
4.2017e-03
-1.8268e-03
-6.7864e-03
-9.0981e-03
-9.5347e-03
-7.1113e-03
-4.5229e-03
-2.3368e-03
4.0395e-04
3.0674e-03
3.5726e-03
8.2847e-04
-4.1117e-03
-8.3590e-03
-1.0788e-02
-1.1333e-02
-9.9658e-03
-5.0892e-03
1.9967e-04
2.4388e-03
3.4159e-03
3.2063e-03
1.6172e-03
1.4952e-03
4.1077e-03
7.5645e-03
1.0692e-02
1.4433e-02
1.8467e-02
1.8460e-02
1.3907e-02
9.4960e-03
6.6605e-03
3.2656e-03
-1.5392e-03
-5.4939e-03
-7.6017e-03
-7.2278e-03
-6.8346e-03
-1.0288e-02
-1.4714e-02
-1.8496e-02
-2.1986e-02
-2.1863e-02
-1.6709e-02
-9.1028e-03
-1.3274e-04
7.9320e-03
1.4061e-02
1.8849e-02
2.1232e-02
2.1352e-02
1.7021e-02
1.1270e-02
7.6654e-03
4.1822e-03
1.7202e-03
1.3621e-03
1.8754e-03
2.9244e-03
4.3611e-03
4.8215e-03
3.6968e-03
2.0022e-03
1.4327e-03
-3.2433e-04
-4.5603e-03
-7.5737e-03
-8.8051e-03
-1.0991e-02
-1.3214e-02
-1.2655e-02
-9.4978e-03
-5.0253e-03
-3.1095e-04
4.4984e-03
9.0119e-03
1.1282e-02
1.2307e-02
1.0748e-02
5.5904e-03
1.7909e-03
1.6402e-03
2.6709e-03
5.1590e-03
7.9879e-03
9.9619e-03
1.1129e-02
1.1162e-02
8.2673e-03
2.5122e-03
-2.6444e-03
-6.9676e-03
-1.0976e-02
-1.3036e-02
-1.2852e-02
-9.6617e-03
-3.7148e-03
2.7748e-03
8.8433e-03
1.4531e-02
1.7932e-02
1.9380e-02
1.9177e-02
1.8042e-02
1.7587e-02
1.6437e-02
1.3879e-02
1.3050e-02
1.1499e-02
7.4284e-03
3.5392e-03
2.5795e-03
4.4632e-03
4.2919e-03
9.6786e-04
-2.5191e-03
-3.6392e-03
-3.7336e-03
-6.7537e-03
-9.6149e-03
-9.8013e-03
-8.9097e-03
-7.0613e-03
-3.9672e-03
6.0260e-04
3.5169e-03
5.2865e-03
7.6951e-03
9.0780e-03
7.3613e-03
3.8723e-03
6.7655e-04
-1.6674e-03
-1.4744e-03
-1.6568e-03
-2.6816e-03
-3.0306e-03
-2.8028e-03
-2.4610e-03
-1.0389e-03
4.7838e-04
2.1930e-03
3.2876e-03
3.8856e-03
5.4080e-03
6.5431e-03
6.5818e-03
5.8856e-03
3.8434e-03
1.2310e-03
6.4142e-04
1.1022e-03
-2.4972e-03
-5.4302e-03
-3.9701e-03
-2.0619e-03
-1.5718e-03
5.1756e-05
2.8546e-03
4.1590e-03
3.9406e-03
3.7446e-03
3.8722e-03
4.0385e-03
4.0974e-03
3.6542e-03
1.9709e-03
4.5087e-04
-1.0050e-03
-1.3258e-03
7.2129e-04
3.6008e-03
4.7749e-03
4.5409e-03
4.3435e-03
4.0293e-03
2.5678e-03
1.4841e-03
1.0254e-03
1.6637e-04
1.1785e-03
4.8322e-03
9.9893e-03
1.3160e-02
1.3220e-02
1.4620e-02
1.5790e-02
1.6391e-02
1.5011e-02
1.0670e-02
6.1485e-03
3.1098e-03
4.4918e-04
-2.4353e-03
-4.1003e-03
-5.7308e-03
-8.3598e-03
-1.0132e-02
-1.1548e-02
-1.2202e-02
-1.0763e-02
-9.0844e-03
-7.1740e-03
-4.3822e-03
-9.1964e-04
3.8465e-03
8.3041e-03
1.1507e-02
1.4365e-02
1.7270e-02
1.8677e-02
1.8589e-02
1.8354e-02
1.8212e-02
1.6958e-02
1.6922e-02
1.6574e-02
1.5584e-02
1.4772e-02
1.1658e-02
7.3960e-03
3.0031e-03
-1.2468e-03
-5.9650e-03
-1.1711e-02
-1.6594e-02
-1.9601e-02
-2.1067e-02
-2.2508e-02
-2.3752e-02
-2.2923e-02
-2.2473e-02
-2.3464e-02
-2.2554e-02
-1.8066e-02
-1.3035e-02
-9.7789e-03
-7.0814e-03
-2.9042e-03
4.2201e-04
-2.1608e-04
-1.0048e-03
2.1201e-04
1.0219e-03
7.6922e-04
5.6194e-04
7.4284e-04
8.8872e-04
8.6910e-04
1.0468e-03
2.3933e-03
3.9588e-03
5.4386e-03
6.9108e-03
8.4239e-03
1.0040e-02
9.5729e-03
7.6789e-03
7.0618e-03
7.5190e-03
7.8020e-03
8.6341e-03
9.3555e-03
9.4278e-03
1.0447e-02
1.2152e-02
1.3783e-02
1.3251e-02
1.1430e-02
1.0736e-02
9.3567e-03
7.0015e-03
7.2372e-03
8.4407e-03
9.4405e-03
1.0111e-02
9.1923e-03
9.0651e-03
1.0795e-02
1.2663e-02
1.3039e-02
1.0246e-02
8.1668e-03
8.2670e-03
8.2709e-03
6.0585e-03
2.2214e-03
-2.0424e-03
-3.4623e-03
-2.0851e-03
-2.3428e-03
-3.4269e-03
-2.2721e-03
-4.1034e-04
1.1781e-03
3.4999e-04
-2.5947e-03
-4.4460e-03
-5.8293e-03
-6.9617e-03
-7.0897e-03
-5.7855e-03
-5.6668e-03
-6.8909e-03
-6.2740e-03
-4.7246e-03
-5.5799e-03
-7.1834e-03
-7.0632e-03
-7.1677e-03
-6.0216e-03
-3.6914e-03
-2.6040e-03
-6.4076e-04
3.1519e-03
5.8062e-03
6.9872e-03
9.0939e-03
1.1230e-02
1.0724e-02
8.6126e-03
6.8493e-03
4.4661e-03
1.4643e-03
-7.1703e-04
-1.1279e-03
-1.4723e-04
1.5262e-03
2.1391e-03
1.8430e-03
1.6724e-03
2.5276e-03
3.6090e-03
2.6690e-03
1.5824e-03
1.0083e-03
-3.3655e-04
-1.8240e-03
-2.9903e-03
-2.7095e-03
-3.1906e-03
-3.6657e-03
-2.7871e-03
-3.1090e-03
-4.4966e-03
-6.4986e-03
-8.9993e-03
-1.0556e-02
-1.2096e-02
-1.3465e-02
-1.4887e-02
-1.4389e-02
-1.3066e-02
-1.2551e-02
-1.1570e-02
-1.1652e-02
-1.1325e-02
-1.0310e-02
-1.1130e-02
-1.2982e-02
-1.4676e-02
-1.5635e-02
-1.4365e-02
-1.1375e-02
-9.3301e-03
-7.9964e-03
-6.7826e-03
-6.2224e-03
-4.8969e-03
-2.2516e-03
-2.4575e-04
1.1686e-03
3.6430e-03
5.8000e-03
7.2563e-03
8.5570e-03
9.0572e-03
8.9765e-03
9.8815e-03
1.1708e-02
1.3307e-02
1.4716e-02
1.5110e-02
1.3975e-02
1.1290e-02
8.9390e-03
5.4892e-03
-2.5130e-04
-3.6356e-03
-4.6632e-03
-6.7229e-03
-9.0366e-03
-9.5971e-03
-9.1993e-03
-9.0690e-03
-9.2683e-03
-1.0212e-02
-1.1098e-02
-1.0781e-02
-1.1512e-02
-1.2326e-02
-1.2344e-02
-1.1447e-02
-1.0472e-02
-1.0710e-02
-1.0668e-02
-1.1445e-02
-1.2124e-02
-1.2156e-02
-1.2000e-02
-1.1985e-02
-1.1326e-02
-8.8826e-03
-6.1856e-03
-4.6802e-03
-3.2787e-03
-1.8030e-03
-4.5241e-05
6.7604e-04
-1.6971e-04
-1.9393e-03
-2.6436e-03
-2.4201e-03
-2.8499e-03
-4.4832e-03
-5.9806e-03
-6.9914e-03
-6.5640e-03
-6.5834e-03
-5.8204e-03
-4.8240e-03
-4.0256e-03
-2.4556e-03
-1.8353e-03
-2.9219e-03
-3.5623e-03
-6.1312e-03
-9.4584e-03
-1.0609e-02
-1.0166e-02
-9.8158e-03
-9.4280e-03
-7.7893e-03
-6.3968e-03
-6.2279e-03
-6.4747e-03
-5.9873e-03
-4.1931e-03
-3.0187e-03
-2.5635e-03
-8.7986e-04
1.7287e-03
1.6821e-03
5.3430e-04
1.8199e-03
3.4718e-03
2.2935e-03
3.6627e-04
-1.2934e-03
-1.9138e-03
-5.8235e-04
-4.4036e-04
-4.9817e-05
1.2331e-03
3.2421e-03
4.2519e-03
2.9674e-03
2.9608e-03
4.3249e-03
5.1179e-03
6.4699e-03
7.7849e-03
7.9908e-03
7.5857e-03
6.3484e-03
6.4498e-03
5.8868e-03
2.8342e-03
-4.5471e-04
-1.7942e-03
-2.9872e-03
-4.0288e-03
-4.2393e-03
-4.0615e-03
-4.0056e-03
-3.6066e-03
-2.0244e-03
-8.3649e-04
-2.8211e-04
1.6287e-03
4.3339e-03
5.4453e-03
5.2130e-03
5.0764e-03
5.2079e-03
4.8584e-03
3.2088e-03
2.5282e-03
3.6770e-03
3.4154e-03
2.7672e-03
4.0477e-03
5.8551e-03
7.5674e-03
7.7992e-03
6.6152e-03
7.6413e-03
1.0552e-02
1.2373e-02
1.3617e-02
1.5144e-02
1.6337e-02
1.5288e-02
1.4195e-02
1.3506e-02
1.1449e-02
7.5016e-03
2.4901e-03
-1.3199e-03
-3.3152e-03
-4.4464e-03
-6.0386e-03
-7.5352e-03
-9.1440e-03
-1.0509e-02
-1.2026e-02
-1.1987e-02
-1.0238e-02
-8.5164e-03
-6.8477e-03
-5.4618e-03
-3.1453e-03
6.3718e-05
3.3234e-03
5.6355e-03
6.9350e-03
8.4736e-03
9.2817e-03
9.2334e-03
9.0791e-03
9.1162e-03
8.4935e-03
7.5569e-03
8.4286e-03
8.7355e-03
6.1887e-03
3.3612e-03
2.9269e-03
3.5052e-03
3.6490e-03
4.4495e-03
6.1105e-03
6.7763e-03
7.4894e-03
8.0900e-03
6.9966e-03
5.1575e-03
3.5433e-03
2.2563e-03
1.7895e-03
2.9022e-03
2.6801e-03
8.2433e-04
-1.0058e-03
-1.4350e-03
-7.4367e-05
6.7608e-04
-3.9664e-04
-1.3672e-03
-1.2545e-03
-1.0575e-03
-3.8414e-05
5.5481e-04
-4.3532e-04
-2.1948e-03
-1.7633e-03
-1.0611e-03
-1.9730e-03
-1.4846e-03
3.3741e-05
-5.4381e-04
-1.2227e-03
-1.4879e-03
-2.3049e-03
-2.6256e-03
-1.3971e-03
-9.1057e-04
-9.1162e-04
-2.4989e-04
-9.4444e-04
-2.5747e-03
-4.2542e-03
-5.2889e-03
-4.2571e-03
-2.8049e-03
-3.6451e-03
-4.1965e-03
-2.9102e-03
-9.9125e-04
-9.1243e-04
-2.2086e-03
-1.5317e-03
2.2610e-04
6.6091e-04
-7.6547e-04
-1.2547e-03
-1.2321e-03
-2.1043e-03
-2.9013e-03
-4.0956e-03
-3.6456e-03
-2.2414e-03
-4.2150e-04
9.1440e-04
2.3321e-03
2.0360e-03
5.3734e-04
-1.2196e-03
-7.4501e-04
4.2750e-04
-8.6570e-04
-2.7151e-03
-4.6370e-03
-7.1948e-03
-8.8656e-03
-1.0329e-02
-1.1121e-02
-9.6632e-03
-7.8817e-03
-6.1803e-03
-5.0170e-03
-3.1854e-03
-3.4275e-04
1.4178e-03
2.6657e-03
2.1733e-03
1.0694e-03
8.1951e-04
1.0953e-03
9.1174e-04
-7.4520e-04
-1.5976e-03
4.2745e-05
1.4567e-03
1.4094e-03
1.0527e-03
1.0920e-03
1.2443e-03
1.2496e-03
1.1941e-03
7.0379e-04
-4.5561e-04
1.1141e-04
8.0866e-04
4.0147e-04
2.2990e-03
4.3245e-03
4.5467e-03
4.1937e-03
3.7368e-03
1.7829e-03
-9.1713e-04
-2.5836e-03
-3.5501e-03
-3.6451e-03
-5.4284e-03
-6.4496e-03
-7.1603e-03
-8.2634e-03
-1.0098e-02
-1.0642e-02
-8.8848e-03
-6.9654e-03
-5.4760e-03
-4.2608e-03
-1.8124e-03
7.8766e-04
1.6157e-03
2.0266e-03
2.8387e-03
2.8403e-03
3.6127e-03
5.0852e-03
6.1520e-03
5.0851e-03
4.0555e-03
3.3430e-03
1.1192e-03
-1.4548e-03
-2.8657e-03
-3.5046e-03
-3.2701e-03
-4.1175e-03
-4.9335e-03
-4.2135e-03
-2.2517e-03
-1.3983e-03
-1.6959e-03
-2.0156e-03
-2.6681e-03
-4.9049e-03
-7.3405e-03
-7.3105e-03
-6.0310e-03
-6.7600e-03
-7.9074e-03
-8.0491e-03
-7.6776e-03
-7.5670e-03
-6.9352e-03
-6.1015e-03
-6.9972e-03
-7.1573e-03
-6.2468e-03
-6.7759e-03
-7.6831e-03
-8.8271e-03
-9.2660e-03
-8.0990e-03
-8.4194e-03
-1.1174e-02
-1.3534e-02
-1.2859e-02
-1.0736e-02
-1.0005e-02
-9.4106e-03
-8.8378e-03
-8.7699e-03
-7.8220e-03
-6.1315e-03
-3.4290e-03
-1.2237e-03
1.0114e-04
1.5056e-03
3.1656e-03
4.7094e-03
4.0457e-03
2.0992e-03
5.3788e-04
-8.2901e-04
-2.2750e-03
-4.7459e-03
-5.9130e-03
-4.6550e-03
-4.6316e-03
-5.4648e-03
-4.6406e-03
-2.8274e-03
-1.1635e-03
1.2521e-04
6.4448e-04
-3.9606e-04
-1.1994e-03
-2.1778e-03
-2.4942e-03
-1.5772e-03
-2.1961e-03
-3.7862e-03
-4.2717e-03
-3.9603e-03
-3.6890e-03
-2.5696e-03
-9.5085e-04
9.6401e-04
3.5448e-03
5.1005e-03
3.9271e-03
2.1159e-03
1.8853e-03
2.3836e-03
2.3273e-03
7.5083e-04
-1.0815e-03
-2.6053e-03
-3.8718e-03
-5.2311e-03
-5.4717e-03
-5.6146e-03
-6.5711e-03
-7.2352e-03
-8.2738e-03
-8.2973e-03
-7.2406e-03
-7.8647e-03
-8.1637e-03
-5.7433e-03
-2.2239e-03
9.5538e-04
3.7822e-03
5.2129e-03
4.2326e-03
3.9834e-03
4.9401e-03
4.2206e-03
2.5544e-03
1.8564e-03
6.7883e-04
-5.7322e-04
-7.7571e-04
-7.1223e-04
-2.0080e-03
-1.6785e-03
1.3101e-03
4.6356e-03
5.8622e-03
5.4328e-03
3.5029e-03
6.9242e-04
-1.1636e-03
-3.9038e-03
-5.0519e-03
-5.5369e-03
-6.0622e-03
-4.7891e-03
-3.3124e-03
-2.8941e-03
-1.8300e-03
-1.7376e-03
-1.2190e-03
-5.6882e-05
1.5573e-03
1.2641e-03
2.3467e-04
1.5285e-03
2.9876e-03
1.5828e-03
2.4962e-05
1.2490e-03
1.4881e-03
1.7604e-05
-2.0395e-03
-3.2927e-03
-4.4051e-03
-3.8477e-03
-2.9905e-03
-4.3998e-03
-5.3586e-03
-3.7031e-03
-2.6949e-03
-3.9149e-03
-3.7399e-03
-2.5247e-03
-2.0502e-03
-2.2529e-03
-2.8680e-03
-4.4561e-03
-5.0146e-03
-2.7975e-03
2.9400e-04
1.3388e-03
1.0076e-03
8.7814e-04
1.5341e-03
3.2250e-03
4.8111e-03
6.4892e-03
6.9119e-03
5.7294e-03
6.1407e-03
6.8376e-03
5.4633e-03
4.1732e-03
4.1986e-03
4.5422e-03
4.0711e-03
2.3671e-03
8.5554e-04
-1.1168e-03
-3.6039e-03
-4.7401e-03
-4.5768e-03
-4.3596e-03
-4.3953e-03
-3.6685e-03
-1.8861e-03
-1.9731e-04
1.4363e-03
2.0830e-03
1.9837e-03
1.9256e-03
1.3607e-03
4.4974e-04
-1.6829e-04
-1.8976e-03
-2.3790e-03
-2.3257e-03
-1.2819e-03
-5.8857e-04
1.1577e-04
1.7757e-03
3.4684e-03
4.3544e-03
3.3050e-03
3.1483e-03
4.2732e-03
3.7256e-03
2.7269e-03
1.9021e-03
1.2240e-03
1.4177e-03
6.2948e-04
-1.5820e-04
5.3225e-04
1.7737e-03
1.0473e-03
9.8841e-04
1.6335e-03
8.4816e-04
1.0568e-03
2.7257e-03
2.6298e-03
1.8083e-03
2.7566e-03
3.6205e-03
2.6165e-03
1.6728e-03
2.7595e-03
2.7891e-03
2.0398e-03
2.7655e-03
2.6245e-03
1.0830e-03
1.3390e-03
3.2293e-03
3.0539e-03
2.0304e-03
2.9907e-03
4.9362e-03
5.6718e-03
4.3802e-03
3.5876e-03
3.7977e-03
4.0877e-03
4.9743e-03
6.5969e-03
8.3070e-03
9.8669e-03
1.0309e-02
1.0135e-02
9.9350e-03
8.7921e-03
7.2367e-03
5.5749e-03
4.1261e-03
2.7639e-03
2.7257e-03
3.8289e-03
3.1102e-03
1.5084e-03
2.1032e-03
2.6708e-03
1.6886e-03
1.0609e-03
1.2106e-03
1.4318e-03
1.4439e-03
1.3162e-03
1.4465e-03
2.8665e-03
4.4614e-03
4.7813e-03
4.4982e-03
4.4305e-03
4.3278e-03
3.1752e-03
2.9782e-03
3.9787e-03
3.2382e-03
3.3353e-03
4.4492e-03
4.7028e-03
3.1900e-03
2.8190e-03
1.2057e-03
2.3952e-04
-4.7647e-04
-1.0824e-03
1.2234e-04
1.0194e-04
-1.2281e-03
-1.9920e-03
-3.0152e-03
-2.6370e-03
-1.4356e-03
-1.1597e-03
-1.4851e-03
-1.5938e-03
-1.4819e-03
-1.4004e-03
-1.3236e-03
-8.1463e-04
2.7276e-04
1.2355e-04
6.4966e-04
1.5856e-03
2.3199e-03
3.8084e-03
4.3677e-03
3.2167e-03
3.5669e-03
4.2426e-03
2.8581e-03
1.9529e-03
3.0797e-03
2.8652e-03
2.2112e-03
3.5413e-03
4.1764e-03
3.2510e-03
3.8248e-03
4.7784e-03
4.8551e-03
3.9067e-03
2.1596e-03
6.5799e-04
-9.1579e-04
-1.6117e-03
-2.2246e-03
-2.9905e-03
-2.0697e-03
-4.1542e-04
1.2440e-03
1.7950e-03
2.3302e-03
3.1418e-03
3.0632e-03
3.9180e-03
3.7551e-03
2.1606e-03
2.4057e-03
4.3059e-03
4.1381e-03
2.1263e-03
1.2421e-03
1.5690e-03
1.8624e-03
2.7581e-03
4.3087e-03
3.9607e-03
3.0709e-03
3.9996e-03
3.8392e-03
1.0445e-03
-1.4659e-03
-8.1241e-04
3.5797e-04
-7.4043e-04
-1.9179e-03
-2.9267e-03
-2.8233e-03
-1.7758e-03
-2.4072e-03
-2.9006e-03
-1.9340e-03
-1.4085e-03
-2.7597e-03
-4.4049e-03
-4.6818e-03
-4.3511e-03
-4.1646e-03
-3.0751e-03
-1.5089e-03
1.1713e-04
2.2146e-04
-9.0153e-04
-3.0000e-04
-4.3898e-05
-1.2515e-03
-3.1432e-03
-2.7676e-03
-1.3154e-03
-9.8541e-04
-1.3421e-03
-1.4488e-03
-1.3150e-03
-1.2630e-03
-1.3106e-03
-1.3364e-03
-1.3223e-03
-1.2936e-03
-1.1882e-03
-1.1067e-03
-1.1003e-03
-6.2496e-04
1.0531e-03
2.1717e-03
1.6769e-03
3.2708e-04
8.8610e-04
1.6067e-03
6.7980e-04
4.4198e-04
-7.5619e-05
-7.1063e-04
-1.5772e-03
-2.4638e-03
-2.2273e-03
-2.9057e-03
-4.3964e-03
-6.1306e-03
-6.7286e-03
-5.7899e-03
-3.9297e-03
-3.1791e-03
-3.3544e-03
-3.3980e-03
-3.2386e-03
-3.1775e-03
-3.2345e-03
-4.0842e-03
-5.6250e-03
-5.2529e-03
-4.3583e-03
-5.2795e-03
-6.2144e-03
-7.0719e-03
-7.3882e-03
-6.1835e-03
-4.4904e-03
-3.8141e-03
-3.9938e-03
-2.9707e-03
-1.1738e-03
5.7245e-04
1.2134e-03
2.1971e-03
2.4498e-03
1.5845e-03
2.2133e-03
2.8202e-03
2.9627e-03
2.6792e-03
2.8382e-03
2.6927e-03
1.6485e-03
1.3006e-03
1.6462e-03
1.8288e-03
1.5022e-03
6.3623e-05
1.0347e-04
3.3737e-05
-7.9298e-04
-1.1799e-03
-1.0495e-03
-9.3769e-04
-7.5478e-04
7.9662e-04
2.2128e-03
2.6681e-03
3.8343e-03
3.6138e-03
2.0339e-03
4.3223e-04
1.2177e-03
2.6120e-03
2.8214e-03
2.5794e-03
2.6006e-03
2.7336e-03
2.7808e-03
2.8399e-03
2.4121e-03
1.2393e-03
1.7889e-03
2.9697e-03
3.2865e-03
3.0804e-03
3.0126e-03
3.1016e-03
3.1863e-03
3.2782e-03
4.0614e-03
5.0665e-03
4.9021e-03
5.6420e-03
6.4684e-03
6.6152e-03
6.5410e-03
6.5695e-03
6.6290e-03
6.6301e-03
6.6103e-03
6.6734e-03
6.7381e-03
5.8032e-03
5.0423e-03
5.1290e-03
4.2056e-03
2.4944e-03
-5.7484e-05
-2.0347e-03
-2.4280e-03
-2.2540e-03
-2.2055e-03
-2.2077e-03
-2.1840e-03
-2.1619e-03
-2.1647e-03
-2.0313e-03
-7.2009e-04
9.7483e-04
2.4950e-03
2.6794e-03
2.7311e-03
3.5665e-03
2.8774e-03
1.3106e-03
8.4040e-04
9.6641e-04
-3.4223e-04
-1.8453e-03
-1.9259e-03
-3.2391e-04
-1.8057e-04
5.9136e-06
8.9018e-04
1.5182e-03
2.9816e-03
4.2687e-03
4.5198e-03
4.3672e-03
4.5720e-03
5.9274e-03
5.7261e-03
4.4013e-03
4.0463e-03
4.4035e-03
4.5399e-03
4.4142e-03
4.3496e-03
4.3556e-03
4.3011e-03
4.3224e-03
4.3846e-03
4.3952e-03
3.8810e-03
1.7011e-03
-1.0546e-03
-1.7182e-03
-3.5322e-04
-9.2711e-04
-1.4175e-03
-6.1696e-04
-1.1638e-03
-1.9958e-03
-1.3441e-03
-1.8153e-04
-1.1790e-03
-1.5967e-03
-5.8227e-04
-1.0722e-03
-2.0412e-03
-2.9459e-03
-3.6373e-03
-2.8146e-03
-2.9867e-03
-3.6251e-03
-2.6751e-03
-1.9090e-03
-2.0744e-03
-2.3497e-03
-2.2048e-03
-1.0969e-03
-5.0376e-04
-1.6735e-03
-1.5373e-03
-7.1390e-04
-1.5419e-03
-2.3883e-03
-2.4496e-03
-2.2625e-03
-2.1981e-03
-1.2640e-03
-7.8489e-04
-5.3648e-04
3.8729e-04
8.7102e-04
7.6943e-04
6.2559e-04
5.7639e-04
4.6018e-04
-6.3506e-04
-9.9790e-04
-1.1208e-03
-2.0564e-03
-2.5922e-03
-2.5057e-03
-2.3708e-03
-2.5429e-03
-3.6757e-03
-3.8839e-03
-2.7469e-03
-2.1061e-03
-2.2151e-03
-2.4518e-03
-2.7075e-03
-3.9061e-03
-3.9196e-03
-4.2230e-03
-5.3600e-03
-7.2527e-03
-8.4349e-03
-8.1921e-03
-6.6115e-03
-6.7426e-03
-7.7617e-03
-6.5596e-03
-4.9072e-03
-4.6856e-03
-5.0675e-03
-4.8905e-03
-3.1877e-03
-2.0358e-03
-3.3087e-03
-3.4106e-03
-2.4606e-03
-3.2433e-03
-3.1382e-03
-2.0549e-03
-1.6495e-03
-1.7735e-03
-1.8525e-03
-1.8442e-03
-1.7677e-03
-1.7198e-03
-2.1840e-03
-3.3097e-03
-2.7706e-03
-2.1364e-03
-3.5177e-03
-4.3579e-03
-2.7938e-03
-1.8708e-03
-3.0166e-03
-2.8363e-03
-1.7255e-03
-1.8478e-03
-3.6634e-03
-4.8000e-03
-4.6534e-03
-4.3611e-03
-4.4112e-03
-4.5088e-03
-4.4745e-03
-4.4167e-03
-5.0850e-03
-6.0059e-03
-5.7890e-03
-6.3254e-03
-6.9973e-03
-7.0663e-03
-6.8640e-03
-6.1204e-03
-5.2319e-03
-5.3619e-03
-4.6404e-03
-3.8516e-03
-3.0650e-03
-1.6365e-03
-8.4041e-04
-8.1407e-04
-9.1159e-04
-8.6409e-04
-7.9943e-04
-8.4401e-04
-1.7104e-03
-3.1610e-03
-4.4658e-03
-5.6923e-03
-6.8912e-03
-7.3289e-03
-6.1217e-03
-4.4011e-03
-2.9647e-03
-2.6308e-03
-2.7817e-03
-2.7404e-03
-1.7356e-03
-1.0303e-04
1.3720e-03
2.6592e-03
3.0411e-03
2.9634e-03
2.9964e-03
3.0926e-03
2.3607e-03
1.7305e-03
1.8487e-03
1.2016e-03
6.6021e-04
-1.1342e-04
-1.4226e-03
-2.6758e-03
-3.0230e-03
-2.7079e-03
-3.3521e-03
-3.0706e-03
-1.4902e-03
1.2762e-04
1.3716e-03
1.6713e-03
1.5978e-03
1.7071e-03
2.6025e-03
3.2136e-03
2.3006e-03
9.0243e-04
4.8234e-04
1.5867e-03
2.3276e-03
2.2789e-03
2.1163e-03
2.1953e-03
3.0405e-03
3.6186e-03
2.8203e-03
2.9934e-03
3.3510e-03
2.6580e-03
2.0222e-03
1.1095e-03
2.3622e-04
1.1127e-03
3.3753e-03
3.9230e-03
2.8790e-03
3.2864e-03
4.5866e-03
4.0452e-03
2.4646e-03
1.2273e-03
1.4248e-03
2.2995e-03
1.7197e-03
1.3840e-03
2.2293e-03
2.7480e-03
2.6127e-03
2.4457e-03
2.5370e-03
2.6616e-03
2.6511e-03
2.4893e-03
1.4086e-03
-6.1343e-04
-1.7974e-03
-9.6395e-04
-5.4726e-04
-1.4413e-03
-1.8575e-03
-7.4037e-04
5.5050e-04
7.4513e-04
4.8572e-04
4.5508e-04
5.6570e-04
5.9198e-04
5.5596e-04
6.4666e-04
1.4761e-03
1.7387e-03
1.7977e-03
2.5300e-03
3.7881e-03
4.7552e-03
4.9794e-03
5.6327e-03
5.6710e-03
4.7571e-03
4.3096e-03
4.4518e-03
4.5463e-03
4.4434e-03
4.1899e-03
3.1105e-03
2.2017e-03
2.0301e-03
1.3599e-03
1.4919e-03
2.3669e-03
3.3974e-03
3.0234e-03
2.1594e-03
2.0183e-03
2.2165e-03
2.2335e-03
2.1269e-03
2.0807e-03
2.0867e-03
2.0746e-03
2.0411e-03
2.0124e-03
1.9923e-03
1.8383e-03
1.0481e-03
1.2197e-03
1.8475e-03
1.0852e-03
6.9141e-05
-5.7051e-05
1.8039e-04
3.4854e-04
1.1939e-03
1.8344e-03
9.6801e-04
-6.8779e-06
-6.6335e-05
2.2644e-04
2.8800e-04
3.2079e-04
1.0170e-03
1.0472e-03
1.2170e-03
1.6408e-03
1.0943e-03
1.0572e-03
1.7662e-03
2.8595e-03
3.4655e-03
3.4509e-03
3.3359e-03
3.1956e-03
2.3282e-03
1.3228e-03
5.3527e-04
9.7492e-04
1.4065e-03
5.3936e-04
-9.6372e-06
8.4995e-04
1.3557e-03
7.1350e-04
5.7165e-04
2.8909e-04
-1.3990e-04
-5.0004e-04
-1.2118e-03
-1.9086e-03
-2.4369e-03
-2.0505e-03
-1.7276e-03
-2.1863e-03
-2.0253e-03
-1.4738e-03
-1.2729e-03
-1.3841e-03
-1.4434e-03
-1.5963e-03
-2.0519e-03
-1.7862e-03
-1.4807e-03
-1.8503e-03
-1.6529e-03
-9.6057e-04
-3.1723e-04
-4.2905e-04
2.9553e-05
9.8329e-04
1.0600e-03
1.1539e-03
1.2542e-03
8.6612e-04
1.0310e-03
1.2619e-03
7.0194e-04
3.5630e-04
9.6352e-04
1.3060e-03
8.3123e-04
8.8151e-04
1.1012e-03
5.6485e-04
3.3235e-05
7.3320e-06
1.4894e-04
1.0407e-06
-6.6916e-04
-8.7001e-04
-4.5851e-04
-6.2377e-04
-9.4639e-04
-9.5161e-04
-8.5162e-04
-8.3071e-04
-1.0690e-03
-1.3465e-03
-1.0048e-03
-8.6822e-04
-1.3709e-03
-1.4581e-03
-1.0722e-03
-1.2033e-03
-1.6923e-03
-2.1948e-03
-2.0734e-03
-1.6499e-03
-1.8211e-03
-1.8613e-03
-1.3244e-03
-7.6335e-04
-3.2230e-04
2.7589e-05
2.8223e-04
2.3910e-04
4.5498e-04
8.6054e-04
1.3029e-03
1.4348e-03
1.1861e-03
9.0614e-04
1.1139e-03
1.1544e-03
7.5239e-04
3.4422e-04
1.1395e-05
-8.8669e-05
-4.9074e-05
-1.5899e-04
-4.7801e-04
-6.0489e-04
-3.9434e-04
-1.4356e-04
-1.6130e-04
-2.4700e-05
1.4134e-04
1.8111e-04
1.6602e-04
3.0365e-04
6.1314e-04
6.1890e-04
3.3171e-04
3.3784e-04
4.8928e-04
3.6230e-04
2.3207e-04
2.4716e-04
2.9955e-04
3.1935e-04
4.4850e-04
5.4541e-04
4.1313e-04
4.3815e-04
5.4380e-04
4.3768e-04
3.3276e-04
2.4017e-04
2.0987e-04
3.3672e-04
3.2383e-04
2.5433e-04
3.5828e-04
4.5305e-04
4.5602e-04
4.3912e-04
4.5809e-04
5.7197e-04
6.3810e-04
5.2745e-04
3.6910e-04
2.5194e-04
3.2184e-04
4.8385e-04
5.3491e-04
5.0956e-04
5.0004e-04
5.1254e-04
5.1915e-04
5.1661e-04
5.1499e-04
5.1643e-04
5.1744e-04
5.1691e-04
5.1602e-04
5.1529e-04
5.1158e-04
4.6245e-04
4.3027e-04
4.8257e-04
4.7643e-04
4.4040e-04
4.7642e-04
4.6962e-04
3.9896e-04
4.0633e-04
4.8682e-04
5.5309e-04
5.5874e-04
5.0305e-04
5.0828e-04
5.6556e-04
5.4780e-04
4.7276e-04
4.1304e-04
4.0355e-04
4.0528e-04
3.7413e-04
3.5432e-04
3.5574e-04
3.5877e-04
3.5863e-04
3.8172e-04
4.0592e-04
3.8374e-04
3.6970e-04
3.8796e-04
3.9402e-04
3.8084e-04
3.6547e-04
3.3723e-04
3.1112e-04
3.1932e-04
3.1985e-04
2.9506e-04
2.7584e-04
2.5850e-04
2.5490e-04
2.6350e-04
2.6267e-04
2.5345e-04
2.4643e-04
2.5280e-04
2.5816e-04
2.4100e-04
2.2720e-04
2.2660e-04
2.1396e-04
2.0157e-04
1.9928e-04
1.9412e-04
1.8330e-04
1.7206e-04
1.6275e-04
1.5326e-04
1.4277e-04
1.3277e-04
1.2266e-04
1.0813e-04
9.7482e-05
9.1805e-05
8.0179e-05
6.8839e-05
5.8525e-05
4.6423e-05
3.5514e-05
2.3423e-05
1.1502e-05
4.8877e-06
-2.1494e-06
-1.0436e-05
-1.7689e-05
-2.5742e-05
-3.4814e-05
-4.3844e-05
-5.2381e-05
-5.9378e-05
-6.6481e-05
-7.5412e-05
-8.4883e-05
-9.2838e-05
-1.0046e-04
-1.0955e-04
-1.2011e-04
-1.2946e-04
-1.3739e-04
-1.4588e-04
-1.5495e-04
-1.6393e-04
-1.7316e-04
-1.8221e-04
-1.9015e-04
-1.9825e-04
-2.0727e-04
-2.1590e-04
-2.2356e-04
-2.3065e-04
-2.3785e-04
-2.4539e-04
-2.5286e-04
-2.5994e-04
-2.6693e-04
-2.7412e-04
-2.8130e-04
-2.8834e-04
-2.9536e-04
-3.0227e-04
-3.0894e-04
-3.1552e-04
-3.2188e-04
-3.2806e-04
-3.3414e-04
-3.4025e-04
-3.4629e-04
-3.5217e-04
-3.5794e-04
-3.6360e-04
-3.6910e-04
-3.7448e-04
-3.7974e-04
-3.8490e-04
-3.8998e-04
-3.9496e-04
-3.9982e-04
-4.0457e-04
-4.0922e-04
-4.1374e-04
-4.1815e-04
-4.2245e-04
-4.2666e-04
-4.3075e-04
-4.3473e-04
-4.3860e-04
-4.4236e-04
-4.4601e-04
-4.4956e-04
-4.5300e-04
-4.5632e-04
-4.5954e-04
-4.6266e-04
-4.6566e-04
-4.6856e-04
-4.7135e-04
-4.7404e-04
-4.7662e-04
-4.7909e-04
-4.8146e-04
-4.8372e-04
-4.8588e-04
-4.8794e-04
-4.8989e-04
-4.9174e-04
-4.9349e-04
-4.9513e-04
-4.9668e-04
-4.9812e-04
-4.9946e-04
-5.0070e-04
-5.0184e-04
