-3.0689e-03
-3.0898e-03
-3.0142e-03
-2.8710e-03
-2.7930e-03
-2.8071e-03
-2.9772e-03
-2.8948e-03
-2.7678e-03
-2.8541e-03
-3.2888e-03
-4.0616e-03
-4.6151e-03
-3.9406e-03
-2.8154e-03
-2.1453e-03
-1.0622e-03
-2.2152e-04
-1.3116e-03
-2.9325e-03
-3.7562e-03
-5.4665e-03
-7.4445e-03
-7.2959e-03
-6.1769e-03
-4.3437e-03
-2.6630e-03
-3.2847e-03
-3.5932e-03
-2.3337e-03
6.1437e-04
3.8947e-03
4.1084e-03
2.5823e-03
-1.1832e-03
-6.9589e-03
-1.1012e-02
-1.3040e-02
-1.4292e-02
-1.1477e-02
-7.4866e-03
-5.1275e-03
-1.7557e-03
7.2445e-04
3.5091e-03
3.9827e-03
3.6822e-03
2.2943e-03
-1.2663e-03
-5.2920e-03
-5.8373e-03
-3.1732e-03
3.2162e-03
5.4347e-03
9.9500e-04
-6.1117e-03
-1.1615e-02
-7.7797e-03
6.0189e-04
9.0584e-03
1.0056e-02
5.1028e-03
-4.3463e-03
-1.2974e-02
-1.6164e-02
-1.0438e-02
-1.9729e-03
3.8281e-03
5.6939e-03
2.7672e-03
-2.7948e-03
-9.7915e-03
-1.3356e-02
-1.0803e-02
-3.0375e-03
3.0026e-03
5.6666e-03
5.7823e-03
5.1931e-03
2.9248e-03
3.6845e-03
4.6724e-03
3.5043e-03
-4.7954e-05
-4.7584e-03
-5.9812e-03
-2.1946e-03
7.3000e-03
1.3655e-02
1.7274e-02
1.1133e-02
-4.0276e-03
-2.0266e-02
-2.7476e-02
-2.4353e-02
-1.5285e-02
-4.1564e-03
6.2164e-03
1.0363e-02
5.0449e-03
-5.3635e-03
-1.5643e-02
-2.0984e-02
-2.0971e-02
-1.7719e-02
-1.2729e-02
-8.0708e-03
-8.6025e-03
-1.0555e-02
-1.0830e-02
-8.4485e-03
-3.0416e-03
3.0181e-03
3.5182e-03
-4.5701e-03
-1.6266e-02
-2.1502e-02
-1.5859e-02
7.9941e-04
1.8900e-02
2.3287e-02
7.4615e-03
-1.8642e-02
-3.6476e-02
-3.4593e-02
-1.4440e-02
1.0550e-02
3.0053e-02
3.6493e-02
2.8657e-02
1.3254e-02
-3.3226e-03
-1.3015e-02
-1.4394e-02
-9.4993e-03
-5.3805e-04
8.4863e-03
1.2785e-02
1.1009e-02
4.4943e-03
-1.5220e-03
-2.8086e-03
-3.5395e-03
-7.5796e-03
-1.3001e-02
-1.7640e-02
-1.7035e-02
-8.2216e-03
2.8779e-03
7.0479e-03
5.0153e-04
-1.4751e-02
-3.0816e-02
-3.3962e-02
-1.5759e-02
1.7972e-02
4.9718e-02
5.7585e-02
3.7256e-02
-2.1292e-03
-4.6352e-02
-7.2603e-02
-5.6702e-02
-5.7033e-03
4.8412e-02
6.5495e-02
3.8053e-02
-1.1514e-02
-5.4243e-02
-6.8079e-02
-4.9941e-02
-1.1315e-02
3.0899e-02
5.7727e-02
6.2181e-02
4.7064e-02
2.0308e-02
-6.8073e-03
-2.3363e-02
-2.5646e-02
-2.2340e-02
-1.8703e-02
-1.2814e-02
-1.0692e-03
1.2887e-02
2.0490e-02
1.4687e-02
-1.1100e-03
-1.7884e-02
-2.6332e-02
-2.1306e-02
-8.3804e-03
3.0272e-03
9.1095e-03
1.0448e-02
7.0009e-03
-7.5215e-04
-9.5643e-03
-1.2422e-02
-1.0427e-02
-1.2365e-02
-2.3583e-02
-4.2280e-02
-5.5653e-02
-5.1513e-02
-2.9462e-02
-7.4693e-04
1.9455e-02
2.7777e-02
2.6740e-02
2.0003e-02
1.0485e-02
1.3851e-03
-4.7490e-03
-8.4782e-03
-8.0111e-03
-6.9301e-04
1.5160e-02
3.8210e-02
5.7185e-02
5.5456e-02
2.9793e-02
-1.4049e-02
-5.8866e-02
-8.1922e-02
-7.1909e-02
-3.3705e-02
1.5779e-02
4.9898e-02
5.9181e-02
4.8463e-02
2.5264e-02
-6.1732e-04
-2.0881e-02
-2.8954e-02
-2.4552e-02
-1.0476e-02
7.5784e-03
2.2669e-02
3.0544e-02
2.8310e-02
1.1142e-02
-2.0088e-02
-4.8889e-02
-5.3499e-02
-2.4248e-02
2.5313e-02
6.6851e-02
7.1617e-02
4.2834e-02
1.5875e-03
-3.4491e-02
-5.1196e-02
-4.1214e-02
-1.5581e-02
6.8638e-03
8.6164e-03
-8.0332e-03
-2.4021e-02
-2.2609e-02
-2.5053e-04
3.2980e-02
5.6370e-02
5.1452e-02
1.8209e-02
-2.8428e-02
-6.2635e-02
-5.9261e-02
-2.4633e-02
1.7055e-02
3.7013e-02
2.8045e-02
4.8004e-03
-1.5590e-02
-1.8700e-02
-2.2924e-03
1.9267e-02
2.7246e-02
1.2525e-02
-1.4895e-02
-3.7328e-02
-4.0078e-02
-2.7906e-02
-1.2685e-02
-6.2277e-03
-1.4787e-02
-3.5270e-02
-5.4499e-02
-5.9440e-02
-4.4364e-02
-1.6467e-02
9.7542e-03
2.3461e-02
3.0972e-02
3.9410e-02
5.0498e-02
6.3880e-02
6.7321e-02
5.6298e-02
3.3234e-02
7.3539e-03
-1.2404e-02
-2.0931e-02
-1.7402e-02
-6.4849e-03
9.3812e-03
2.1642e-02
2.5871e-02
1.8707e-02
1.8156e-03
-1.8404e-02
-2.9257e-02
-2.0178e-02
9.3197e-03
4.7688e-02
7.4384e-02
7.1039e-02
3.4880e-02
-1.3535e-02
-4.1656e-02
-4.5978e-02
-3.7841e-02
-2.6662e-02
-2.1207e-02
-2.0459e-02
-1.5809e-02
-5.1023e-04
2.3397e-02
4.1492e-02
4.6830e-02
4.4281e-02
4.1497e-02
4.1377e-02
4.4723e-02
4.5577e-02
3.6845e-02
1.5107e-02
-1.2960e-02
-3.4438e-02
-3.7335e-02
-2.6247e-02
-1.1910e-02
-5.8874e-03
-1.4221e-02
-3.3541e-02
-4.9552e-02
-4.8068e-02
-1.7829e-02
3.8323e-02
9.8725e-02
1.3008e-01
1.3400e-01
1.2974e-01
1.2952e-01
1.3695e-01
1.4844e-01
1.4854e-01
1.2385e-01
6.9055e-02
-1.1417e-03
-5.2377e-02
-4.2735e-02
2.0029e-02
1.1628e-01
1.9947e-01
2.3176e-01
1.8847e-01
1.1106e-01
3.9363e-02
1.9548e-02
3.6991e-02
6.2645e-02
7.7228e-02
6.2717e-02
1.7965e-02
-3.4811e-02
-6.4580e-02
-5.9098e-02
-3.5073e-02
3.9596e-03
5.3309e-02
1.1492e-01
1.7702e-01
2.1702e-01
2.3721e-01
2.3704e-01
2.1890e-01
1.9220e-01
1.7271e-01
1.5962e-01
1.5302e-01
1.5642e-01
1.6787e-01
1.9012e-01
2.1824e-01
2.4944e-01
2.8089e-01
3.0273e-01
3.2117e-01
3.3692e-01
3.3596e-01
3.0499e-01
2.3440e-01
1.3118e-01
2.2783e-02
-7.1121e-02
-1.8015e-01
-2.8386e-01
-3.7036e-01
-4.3653e-01
-4.8601e-01
-5.2553e-01
-5.4852e-01
-5.5050e-01
-5.1798e-01
-4.4376e-01
-3.3711e-01
-2.1929e-01
-1.1072e-01
-2.5677e-02
5.9435e-02
1.4785e-01
2.3831e-01
3.3474e-01
4.1891e-01
4.8948e-01
5.1812e-01
5.1008e-01
4.7520e-01
4.1105e-01
3.2117e-01
2.0729e-01
9.0633e-02
-3.5257e-04
-6.5998e-02
-1.0753e-01
-1.4810e-01
-2.0324e-01
-2.7645e-01
-3.7566e-01
-4.9540e-01
-6.1851e-01
-7.4687e-01
-8.6716e-01
-9.3527e-01
-9.3270e-01
-8.2631e-01
-6.2591e-01
-3.9740e-01
-2.1205e-01
3.7714e-02
3.4704e-01
5.9534e-01
6.8409e-01
5.8766e-01
4.1776e-01
2.4733e-01
6.8159e-02
-6.3487e-02
-1.4478e-01
-1.7036e-01
-1.2749e-01
-3.8054e-02
4.4564e-02
5.4793e-02
-1.5986e-02
-8.1020e-02
-9.4331e-02
-5.4951e-02
1.1252e-02
6.1613e-02
7.5012e-02
6.2634e-02
3.6400e-02
8.7998e-03
-1.1315e-02
-2.7640e-02
-5.3290e-02
-9.8228e-02
-1.5288e-01
-1.9434e-01
-2.0096e-01
-1.6838e-01
-1.1364e-01
-5.7350e-02
-1.5800e-02
7.4981e-03
5.6188e-03
-2.6955e-02
-7.4003e-02
-1.1085e-01
-1.2061e-01
-9.5008e-02
-3.1176e-02
6.3702e-02
1.7479e-01
2.9656e-01
4.0748e-01
4.7167e-01
4.7901e-01
4.2934e-01
3.2024e-01
1.7077e-01
3.7167e-02
-6.4065e-02
-1.3552e-01
-1.6072e-01
-1.4361e-01
-1.0377e-01
-6.4302e-02
-4.2155e-02
-4.3196e-02
-6.5603e-02
-1.0373e-01
-1.4573e-01
-1.8483e-01
-2.1277e-01
-2.1388e-01
-1.8806e-01
-1.4018e-01
-8.0057e-02
-1.3716e-02
4.5660e-02
6.6687e-02
2.2404e-02
-8.5669e-02
-2.2067e-01
-3.3583e-01
-3.9358e-01
-4.1249e-01
-4.0215e-01
-3.4699e-01
-2.4684e-01
-1.2435e-01
-8.1548e-03
7.2809e-02
1.3134e-01
1.7866e-01
2.2007e-01
2.5040e-01
2.7250e-01
2.8351e-01
2.7774e-01
2.4878e-01
1.8525e-01
8.6336e-02
-3.4371e-02
-1.3725e-01
-1.8095e-01
-1.8188e-01
-1.4830e-01
-8.7937e-02
-1.4624e-02
5.6223e-02
1.4321e-01
2.3921e-01
3.2990e-01
4.0101e-01
4.3586e-01
4.3320e-01
4.0241e-01
3.4671e-01
2.6750e-01
1.7756e-01
1.0531e-01
4.3144e-02
-1.5244e-02
-4.6509e-02
-5.8670e-02
-4.8723e-02
-7.3096e-03
6.1735e-02
1.3733e-01
2.1402e-01
2.6424e-01
2.7411e-01
2.6027e-01
2.2284e-01
1.6066e-01
7.1027e-02
-3.4877e-02
-1.4353e-01
-2.5832e-01
-3.8055e-01
-4.8022e-01
-5.4796e-01
-5.6679e-01
-5.3005e-01
-4.2255e-01
-2.3644e-01
-1.1069e-02
1.6964e-01
2.9369e-01
3.7833e-01
4.0870e-01
3.6498e-01
2.6580e-01
1.2764e-01
-2.6273e-02
-1.4796e-01
-2.0888e-01
-2.2775e-01
-2.0129e-01
-1.3872e-01
-5.7362e-02
1.3379e-02
5.2216e-02
5.3397e-02
1.4023e-02
-6.2355e-02
-1.6453e-01
-2.7003e-01
-3.6362e-01
-4.1796e-01
-4.0570e-01
-3.4037e-01
-2.4031e-01
-1.3033e-01
-3.8215e-02
2.8494e-02
8.1370e-02
1.1551e-01
1.3158e-01
1.4345e-01
1.4935e-01
1.4560e-01
1.3153e-01
1.0673e-01
7.3246e-02
3.6651e-02
-8.5904e-04
-3.9266e-02
-7.3000e-02
-9.3835e-02
-1.0094e-01
-9.6033e-02
-8.7319e-02
-8.4536e-02
-8.7420e-02
-9.1238e-02
-9.2640e-02
-8.7465e-02
-7.5114e-02
-5.4369e-02
-2.1435e-02
2.0351e-02
5.7338e-02
8.1241e-02
8.3151e-02
5.4779e-02
-1.8618e-03
-6.9685e-02
-1.1877e-01
-1.3627e-01
-1.2402e-01
-8.5998e-02
-3.2510e-02
1.2682e-02
3.9663e-02
4.8805e-02
3.6196e-02
5.8759e-03
-3.3275e-02
-6.7348e-02
-8.9221e-02
-9.4058e-02
-8.2989e-02
-6.4563e-02
-5.1055e-02
-4.7978e-02
-5.4554e-02
-6.5512e-02
-7.5310e-02
-7.7075e-02
-6.1399e-02
-2.8727e-02
9.7083e-03
4.9269e-02
7.9124e-02
8.8622e-02
7.8221e-02
4.9918e-02
1.1468e-02
-3.0190e-02
-6.8187e-02
-9.1481e-02
-1.0376e-01
-1.0401e-01
-9.3496e-02
-7.5025e-02
-5.0313e-02
-1.9883e-02
1.0157e-02
3.4745e-02
5.6966e-02
7.6871e-02
9.3397e-02
1.0792e-01
1.1610e-01
1.1929e-01
1.1086e-01
8.7631e-02
5.3893e-02
1.9090e-02
1.3303e-03
-7.9191e-04
4.2434e-03
1.1672e-02
1.2468e-02
2.2190e-03
-1.8468e-02
-4.3822e-02
-6.0649e-02
-6.3754e-02
-4.8563e-02
-2.1022e-02
9.6025e-03
3.7586e-02
5.5869e-02
6.7893e-02
7.4942e-02
7.6585e-02
7.4151e-02
7.0392e-02
6.8267e-02
6.7396e-02
7.1436e-02
7.7110e-02
7.8257e-02
6.5909e-02
3.9583e-02
9.2569e-03
-1.1047e-02
-1.6103e-02
-4.8739e-03
1.4085e-02
2.8545e-02
2.9394e-02
2.0817e-02
1.1248e-02
1.1411e-02
2.8367e-02
5.9936e-02
9.1447e-02
1.0832e-01
1.0010e-01
7.0251e-02
2.7177e-02
-1.5615e-02
-5.3570e-02
-8.1338e-02
-9.2880e-02
-9.4170e-02
-8.6906e-02
-7.1181e-02
-4.8107e-02
-2.1736e-02
7.7429e-03
3.9497e-02
7.2702e-02
1.1551e-01
1.6651e-01
2.1149e-01
2.4661e-01
2.5881e-01
2.3409e-01
1.7946e-01
1.0488e-01
2.6147e-02
-4.2758e-02
-1.0061e-01
-1.5274e-01
-1.9174e-01
-2.1130e-01
-2.0905e-01
-1.8187e-01
-1.3227e-01
-7.3088e-02
-2.7252e-02
-6.3196e-03
-1.2765e-03
-4.1794e-03
-8.4555e-03
-1.0275e-02
-6.6276e-03
3.4712e-03
1.7214e-02
2.9434e-02
3.3150e-02
2.3297e-02
-2.2948e-04
-2.9598e-02
-5.4931e-02
-6.8347e-02
-6.0434e-02
-3.3593e-02
-1.0739e-03
1.8321e-02
1.2789e-02
-1.2746e-02
-4.5010e-02
-6.7384e-02
-6.9304e-02
-5.7344e-02
-4.6949e-02
-4.7518e-02
-5.8194e-02
-6.8858e-02
-6.3919e-02
-3.3512e-02
2.0080e-02
8.0738e-02
1.2934e-01
1.4872e-01
1.4143e-01
1.2066e-01
9.5806e-02
7.3453e-02
6.0366e-02
5.3699e-02
4.3141e-02
2.8503e-02
1.1177e-02
-7.5313e-03
-2.3953e-02
-3.6299e-02
-4.5338e-02
-4.8997e-02
-4.5496e-02
-3.3178e-02
-1.1621e-02
1.8492e-02
5.0924e-02
7.3467e-02
8.3299e-02
7.8894e-02
6.0313e-02
3.4276e-02
1.2392e-02
-3.5358e-03
-1.5743e-02
-2.3616e-02
-3.3085e-02
-4.7981e-02
-6.8631e-02
-9.4367e-02
-1.1814e-01
-1.3019e-01
-1.3212e-01
-1.1846e-01
-9.6366e-02
-7.0158e-02
-4.4908e-02
-1.7427e-02
4.6066e-03
1.7825e-02
2.8245e-02
3.8446e-02
4.8804e-02
6.0127e-02
6.8046e-02
7.0482e-02
6.2590e-02
4.1872e-02
1.0772e-02
-2.6132e-02
-5.6453e-02
-7.5258e-02
-8.1006e-02
-6.9336e-02
-4.5063e-02
-1.4708e-02
1.8951e-02
4.4180e-02
5.2001e-02
4.5242e-02
2.3930e-02
-5.3417e-03
-3.3105e-02
-5.1629e-02
-5.2530e-02
-3.7808e-02
-7.8991e-03
2.8779e-02
5.9755e-02
8.1368e-02
9.4414e-02
9.6523e-02
8.6271e-02
6.4492e-02
3.3171e-02
-1.3397e-03
-2.9248e-02
-3.8138e-02
-2.7363e-02
-7.9748e-03
7.7632e-03
1.0626e-02
-2.2508e-03
-2.4763e-02
-4.5163e-02
-5.6828e-02
-6.1215e-02
-6.4921e-02
-7.2066e-02
-8.2200e-02
-9.2344e-02
-9.5363e-02
-8.1595e-02
-4.5701e-02
7.4608e-03
6.2517e-02
9.6610e-02
1.0263e-01
8.4085e-02
4.6403e-02
6.0402e-03
-1.5955e-02
-2.2448e-02
-2.2263e-02
-1.4001e-02
-4.4306e-04
1.5773e-02
3.2342e-02
4.5901e-02
4.6656e-02
2.8834e-02
-6.0495e-04
-2.8361e-02
-4.2236e-02
-3.0959e-02
6.0132e-03
4.7220e-02
6.9282e-02
5.7187e-02
1.8608e-02
-3.2127e-02
-6.9422e-02
-8.2506e-02
-6.4960e-02
-3.0466e-02
4.7158e-03
2.3247e-02
2.5871e-02
1.1510e-02
-1.0829e-02
-3.0687e-02
-3.8507e-02
-2.6396e-02
2.9272e-04
3.3048e-02
6.1703e-02
8.4679e-02
1.0272e-01
1.1983e-01
1.2895e-01
1.2117e-01
9.4792e-02
5.5304e-02
1.5222e-02
-1.5370e-02
-2.6840e-02
-1.6770e-02
-1.0673e-03
8.7746e-03
4.7486e-03
-1.2754e-02
-3.8118e-02
-6.6108e-02
-8.6765e-02
-9.5040e-02
-9.0544e-02
-7.4325e-02
-5.2745e-02
-3.4889e-02
-2.2324e-02
-1.3943e-02
-7.3299e-03
2.0646e-03
1.6562e-02
3.5269e-02
6.0589e-02
9.1480e-02
1.1734e-01
1.3280e-01
1.3266e-01
1.1866e-01
9.2942e-02
5.6434e-02
7.7716e-03
-4.3076e-02
-7.7692e-02
-1.0361e-01
-1.2115e-01
-1.2449e-01
-1.1921e-01
-1.1110e-01
-1.0429e-01
-1.0171e-01
-1.0006e-01
-9.6277e-02
-8.5567e-02
-6.6867e-02
-3.9401e-02
-4.5804e-03
3.0931e-02
6.6974e-02
9.5793e-02
1.1767e-01
1.3219e-01
1.3688e-01
1.3363e-01
1.1856e-01
8.7986e-02
4.7828e-02
1.2169e-02
-7.7420e-03
-1.4566e-02
-1.4250e-02
-1.1140e-02
-1.1703e-02
-1.9260e-02
-3.0566e-02
-4.2882e-02
-5.8453e-02
-7.5030e-02
-8.4332e-02
-8.3003e-02
-7.1187e-02
-5.2032e-02
-3.0896e-02
-1.5619e-02
-9.0466e-03
-1.1467e-02
-2.1512e-02
-3.1289e-02
-3.5752e-02
-2.7543e-02
-7.1462e-03
2.2469e-02
5.1702e-02
7.3062e-02
7.4338e-02
6.4213e-02
4.8606e-02
2.8113e-02
6.4006e-03
-1.4598e-02
-3.2217e-02
-5.0730e-02
-6.8957e-02
-8.3187e-02
-9.0343e-02
-8.9846e-02
-8.2564e-02
-7.0357e-02
-5.6263e-02
-4.4109e-02
-3.7854e-02
-3.8142e-02
-4.0468e-02
-4.2360e-02
-4.1763e-02
-3.4841e-02
-2.2643e-02
-9.4984e-03
-1.5248e-03
-1.1619e-03
-9.3048e-03
-2.5661e-02
-4.8031e-02
-7.1811e-02
-8.7359e-02
-9.3044e-02
-8.8194e-02
-7.1780e-02
-4.3931e-02
-1.1347e-02
1.9049e-02
4.0732e-02
4.5091e-02
4.1441e-02
3.4221e-02
2.8391e-02
2.5880e-02
2.8080e-02
3.5446e-02
4.1458e-02
3.8622e-02
3.1116e-02
2.2010e-02
1.6645e-02
2.1859e-02
4.2258e-02
7.5710e-02
1.1368e-01
1.4060e-01
1.3953e-01
1.1398e-01
7.0852e-02
2.7526e-02
-1.1553e-04
-6.2111e-03
5.6015e-03
3.0238e-02
5.4568e-02
6.5289e-02
5.2845e-02
1.4972e-02
-3.4147e-02
-7.6259e-02
-1.0021e-01
-9.7225e-02
-7.1782e-02
-3.7414e-02
-1.3221e-02
-8.2617e-03
-1.6559e-02
-2.5514e-02
-2.1679e-02
1.7948e-03
4.1092e-02
8.0495e-02
1.0120e-01
1.0131e-01
8.0753e-02
4.5989e-02
7.8039e-03
-2.8268e-02
-5.3380e-02
-7.3081e-02
-8.6215e-02
-8.6321e-02
-7.0081e-02
-4.3443e-02
-1.5676e-02
2.5471e-03
1.3188e-03
-1.3169e-02
-3.3639e-02
-4.7408e-02
-4.7676e-02
-3.5740e-02
-1.6467e-02
-2.7698e-03
-6.2112e-03
-2.2864e-02
-4.4196e-02
-6.1864e-02
-6.7654e-02
-5.6184e-02
-2.8600e-02
5.7433e-03
3.2893e-02
4.5418e-02
4.6693e-02
4.0173e-02
3.2516e-02
2.7452e-02
2.4483e-02
2.1629e-02
1.7791e-02
1.1533e-02
4.7864e-03
1.0976e-03
1.5159e-03
2.8680e-03
2.5534e-03
-1.3060e-03
-9.7061e-03
-1.9743e-02
-2.7082e-02
-2.5318e-02
-1.2585e-02
1.2111e-02
4.2312e-02
7.4511e-02
9.8763e-02
1.1511e-01
1.2225e-01
1.1371e-01
9.2263e-02
6.5532e-02
4.4081e-02
3.0346e-02
2.3952e-02
2.1656e-02
2.5002e-02
3.2971e-02
4.3571e-02
5.4367e-02
5.7391e-02
4.8604e-02
3.2672e-02
1.5179e-02
-1.4404e-03
-1.0846e-02
-1.0033e-02
-3.7280e-03
3.9157e-03
7.8067e-03
4.3547e-03
-7.3877e-03
-2.1261e-02
-3.1748e-02
-2.9986e-02
-1.8836e-02
-4.2839e-03
5.1056e-03
7.7957e-03
2.8484e-03
-1.2149e-02
-3.1186e-02
-4.3149e-02
-4.3547e-02
-3.2216e-02
-1.0678e-02
1.8935e-02
5.0902e-02
7.3229e-02
8.7645e-02
9.1117e-02
8.3471e-02
7.0305e-02
5.4921e-02
4.3145e-02
3.9627e-02
4.3249e-02
5.2260e-02
6.1981e-02
6.8618e-02
7.0453e-02
6.5335e-02
5.3518e-02
3.5617e-02
1.4952e-02
-6.1829e-03
-2.4515e-02
-3.5972e-02
-3.8977e-02
-3.2190e-02
-1.6656e-02
3.3328e-03
2.1615e-02
3.3435e-02
3.8469e-02
3.6652e-02
2.6179e-02
1.0224e-02
-6.5861e-03
-1.9635e-02
-2.4340e-02
-2.0692e-02
-9.7652e-03
7.0600e-03
2.4959e-02
3.9081e-02
4.2092e-02
3.2627e-02
1.5147e-02
-6.8313e-03
-2.7350e-02
-3.7901e-02
-3.8224e-02
-3.2278e-02
-2.2770e-02
-1.0692e-02
1.7324e-03
1.0304e-02
1.2775e-02
9.0743e-03
-2.6388e-04
-1.3381e-02
-2.6891e-02
-3.7251e-02
-3.9037e-02
-2.7917e-02
-5.4944e-03
2.1514e-02
4.2171e-02
5.3144e-02
5.2864e-02
4.4879e-02
3.4747e-02
2.9786e-02
3.2272e-02
3.7457e-02
4.3097e-02
4.6044e-02
4.5007e-02
4.1350e-02
3.4995e-02
2.6707e-02
1.6330e-02
5.3014e-03
-1.4194e-03
-7.1665e-03
-1.3609e-02
-1.9096e-02
-2.2968e-02
-2.3017e-02
-1.4048e-02
-1.8346e-04
8.3270e-03
7.1822e-03
-2.8769e-03
-1.7851e-02
-2.9993e-02
-3.5597e-02
-3.1942e-02
-2.0693e-02
-7.7555e-03
4.2421e-03
1.5795e-02
2.5804e-02
3.2054e-02
3.5729e-02
3.0718e-02
2.1190e-02
1.2459e-02
6.5496e-03
6.2683e-04
-5.4218e-03
-1.0710e-02
-2.1283e-02
-3.1887e-02
-3.4811e-02
-2.8463e-02
-1.2367e-02
1.1643e-02
3.5837e-02
5.3350e-02
6.0765e-02
5.8418e-02
4.4195e-02
2.4316e-02
2.8959e-03
-1.7055e-02
-3.5580e-02
-4.9962e-02
-6.0457e-02
-6.6972e-02
-6.7692e-02
-6.5094e-02
-6.2722e-02
-6.1942e-02
-5.9978e-02
-5.5167e-02
-4.3149e-02
-2.4712e-02
-2.8718e-03
1.9099e-02
3.7448e-02
4.9795e-02
6.2266e-02
7.3275e-02
8.0100e-02
8.5902e-02
8.8899e-02
8.6938e-02
7.9882e-02
6.7621e-02
5.4332e-02
4.3930e-02
3.3345e-02
1.8118e-02
-1.9365e-04
-2.3521e-02
-5.0619e-02
-7.0041e-02
-7.2893e-02
-5.8097e-02
-2.5581e-02
1.6735e-02
5.4219e-02
7.8158e-02
8.7551e-02
8.2218e-02
6.4186e-02
4.3172e-02
2.8456e-02
1.9180e-02
9.3411e-03
-5.1927e-04
-9.0554e-03
-1.6089e-02
-2.2316e-02
-2.9686e-02
-3.9567e-02
-5.1612e-02
-6.1938e-02
-6.6929e-02
-6.7694e-02
-6.5263e-02
-5.7561e-02
-4.2891e-02
-2.2189e-02
1.2820e-03
2.1914e-02
3.3036e-02
3.3556e-02
2.5197e-02
1.0245e-02
-8.3459e-03
-2.7100e-02
-4.2702e-02
-5.6176e-02
-6.6837e-02
-7.5986e-02
-8.5185e-02
-9.0634e-02
-9.0264e-02
-8.5018e-02
-7.4949e-02
-5.8346e-02
-3.6597e-02
-1.6272e-02
-1.9817e-03
3.4033e-03
1.3952e-03
-8.1876e-03
-2.0983e-02
-3.0559e-02
-3.1896e-02
-1.8695e-02
9.0874e-03
4.1741e-02
6.7910e-02
8.6126e-02
9.3320e-02
9.2813e-02
8.8195e-02
8.2414e-02
7.4436e-02
6.2745e-02
5.0156e-02
3.9087e-02
3.1460e-02
2.7053e-02
2.0809e-02
7.5973e-03
-1.5054e-02
-4.2115e-02
-6.1212e-02
-6.9071e-02
-6.7029e-02
-5.3961e-02
-3.8489e-02
-2.7010e-02
-2.3096e-02
-2.2786e-02
-1.9651e-02
-1.5824e-02
-9.7130e-03
-3.7243e-03
2.4480e-03
9.3911e-03
9.5509e-03
3.8080e-03
-1.0876e-02
-3.4141e-02
-5.9270e-02
-7.9991e-02
-8.5363e-02
-7.6689e-02
-5.4426e-02
-2.5681e-02
3.6828e-04
1.1284e-02
1.0087e-02
-1.0486e-03
-1.5851e-02
-2.3525e-02
-1.7796e-02
3.0552e-03
2.7260e-02
4.7906e-02
6.3868e-02
6.5775e-02
5.4093e-02
4.1024e-02
3.3896e-02
3.3806e-02
3.9784e-02
4.9636e-02
5.5702e-02
5.2662e-02
3.9026e-02
2.2696e-02
1.0690e-02
9.2122e-03
1.2221e-02
1.5695e-02
1.3814e-02
2.4557e-03
-1.3216e-02
-2.4974e-02
-2.8189e-02
-2.0963e-02
-7.0132e-03
4.9339e-03
1.0173e-02
1.1212e-02
8.0459e-03
5.1826e-03
2.6252e-03
-4.6373e-03
-1.7163e-02
-3.4404e-02
-5.0922e-02
-6.0492e-02
-6.0651e-02
-5.1213e-02
-3.4323e-02
-1.4821e-02
-2.8576e-05
8.5571e-03
1.6381e-02
2.5103e-02
3.4966e-02
4.1317e-02
3.8982e-02
3.0746e-02
2.2051e-02
1.4493e-02
1.0948e-02
1.3497e-02
1.5405e-02
8.8877e-03
-5.7429e-03
-2.7307e-02
-5.2453e-02
-7.4228e-02
-9.0262e-02
-9.9753e-02
-1.0385e-01
-1.0181e-01
-9.3544e-02
-8.3571e-02
-7.3809e-02
-6.5650e-02
-5.7682e-02
-4.8558e-02
-3.7880e-02
-2.4481e-02
-9.2721e-03
6.9827e-03
2.1176e-02
2.9615e-02
3.1143e-02
2.6408e-02
1.8775e-02
1.2941e-02
1.6580e-02
3.1481e-02
4.9729e-02
6.4781e-02
7.3047e-02
6.6744e-02
4.4325e-02
1.5054e-02
-8.9698e-03
-1.8680e-02
-1.6695e-02
-7.9611e-03
4.9366e-05
-3.1898e-03
-2.1468e-02
-4.8996e-02
-7.1982e-02
-7.6336e-02
-6.0787e-02
-3.4152e-02
-8.9206e-03
6.6526e-03
8.9801e-03
6.0699e-04
-9.6001e-03
-1.5514e-02
-1.6328e-02
-1.4289e-02
-1.1733e-02
-1.1581e-02
-1.2388e-02
-8.9931e-03
1.0038e-03
1.5128e-02
2.9096e-02
4.1284e-02
4.9754e-02
5.5537e-02
6.2448e-02
6.9475e-02
7.3676e-02
7.2617e-02
6.7115e-02
6.1828e-02
6.0773e-02
6.4642e-02
7.2986e-02
8.4232e-02
9.3701e-02
9.8149e-02
9.9636e-02
1.0326e-01
1.1148e-01
1.2358e-01
1.3820e-01
1.4927e-01
1.5064e-01
1.4327e-01
1.3026e-01
1.1232e-01
9.0253e-02
6.5480e-02
3.6442e-02
5.4030e-03
-2.8586e-02
-6.7852e-02
-1.0529e-01
-1.3771e-01
-1.6751e-01
-1.8944e-01
-2.0040e-01
-2.0274e-01
-1.9643e-01
-1.8483e-01
-1.7419e-01
-1.6544e-01
-1.5673e-01
-1.5021e-01
-1.4462e-01
-1.3721e-01
-1.2902e-01
-1.2249e-01
-1.1837e-01
-1.1783e-01
-1.2012e-01
-1.2282e-01
-1.2386e-01
-1.2291e-01
-1.2222e-01
-1.2252e-01
-1.2372e-01
-1.2502e-01
-1.2375e-01
-1.1581e-01
-9.8123e-02
-7.1028e-02
-3.7252e-02
5.6448e-04
4.2348e-02
8.2995e-02
1.1360e-01
1.3158e-01
1.3170e-01
1.1277e-01
8.0873e-02
4.4948e-02
1.4697e-02
-3.4467e-03
-7.1532e-03
-2.8192e-03
5.6591e-03
1.4262e-02
1.8714e-02
1.6800e-02
8.1753e-03
-1.5584e-03
-6.7251e-03
-4.8907e-03
2.1692e-03
1.1905e-02
2.2283e-02
3.0029e-02
3.1543e-02
2.8381e-02
2.4518e-02
2.1801e-02
2.1777e-02
2.5421e-02
3.2756e-02
4.1383e-02
5.1517e-02
6.1597e-02
6.9246e-02
7.5382e-02
8.0492e-02
8.1774e-02
7.6611e-02
6.3914e-02
4.6036e-02
2.6723e-02
7.9039e-03
-4.1107e-03
-6.7606e-03
-3.9058e-03
3.6819e-04
3.9340e-03
6.3574e-03
5.0565e-03
1.3669e-03
-6.1373e-04
2.0179e-04
2.6715e-03
7.5876e-03
1.4958e-02
2.4229e-02
3.5758e-02
4.9939e-02
6.4908e-02
7.5705e-02
7.9712e-02
7.4396e-02
6.0151e-02
3.9641e-02
1.9045e-02
6.4574e-03
1.4529e-03
-8.9869e-04
-4.1405e-03
-1.0718e-02
-2.0339e-02
-2.9499e-02
-3.4672e-02
-3.4046e-02
-2.7082e-02
-1.4421e-02
1.9881e-03
2.2356e-02
4.6458e-02
7.0394e-02
8.9009e-02
1.0304e-01
1.1639e-01
1.2797e-01
1.3657e-01
1.4148e-01
1.3877e-01
1.2443e-01
9.7767e-02
6.0780e-02
2.1882e-02
-5.3559e-03
-1.7080e-02
-1.2560e-02
4.8896e-03
2.7411e-02
4.6587e-02
5.2634e-02
4.4982e-02
3.1039e-02
1.8973e-02
1.4693e-02
2.0885e-02
3.4409e-02
4.7847e-02
5.6148e-02
5.6248e-02
4.7485e-02
3.3042e-02
1.6238e-02
-5.8752e-04
-1.2518e-02
-2.0024e-02
-2.7178e-02
-3.8798e-02
-5.8390e-02
-8.4247e-02
-1.1630e-01
-1.5426e-01
-1.9004e-01
-2.1701e-01
-2.2848e-01
-2.1211e-01
-1.6444e-01
-9.5876e-02
-1.8467e-02
5.1474e-02
9.9084e-02
1.2456e-01
1.3276e-01
1.2246e-01
9.4915e-02
5.6982e-02
2.1408e-02
-6.1727e-03
-2.2546e-02
-3.0375e-02
-3.6288e-02
-4.4385e-02
-5.7124e-02
-7.2151e-02
-8.4009e-02
-8.7337e-02
-7.8576e-02
-5.7218e-02
-2.9188e-02
-3.8083e-03
1.7641e-02
3.6939e-02
5.1624e-02
6.2222e-02
6.8083e-02
6.5692e-02
5.2671e-02
2.9934e-02
4.7256e-03
-1.6546e-02
-2.9926e-02
-2.8826e-02
-1.4005e-02
5.1572e-03
2.1060e-02
2.9694e-02
2.9974e-02
2.6566e-02
2.2356e-02
1.6786e-02
7.9579e-03
-6.0401e-03
-2.3847e-02
-4.1689e-02
-5.1869e-02
-5.4319e-02
-4.8249e-02
-3.3528e-02
-1.5486e-02
-1.4151e-03
2.2884e-03
-1.1697e-04
-5.8552e-03
-1.3392e-02
-2.0590e-02
-2.5912e-02
-3.2310e-02
-4.1731e-02
-5.2523e-02
-5.9949e-02
-6.1299e-02
-5.3601e-02
-3.7531e-02
-1.9649e-02
-5.4920e-03
3.1960e-03
8.3666e-03
1.1581e-02
1.1691e-02
8.2071e-03
6.1938e-04
-8.5225e-03
-1.5622e-02
-2.1267e-02
-2.3864e-02
-2.0581e-02
-1.1385e-02
1.9178e-03
1.7372e-02
3.3419e-02
4.6434e-02
5.5414e-02
6.3557e-02
6.8070e-02
6.8191e-02
6.4538e-02
5.5945e-02
4.4009e-02
3.1723e-02
1.9816e-02
8.5457e-03
-1.3794e-03
-9.7547e-03
-1.7744e-02
-2.3615e-02
-2.9678e-02
-3.7720e-02
-4.2574e-02
-4.4910e-02
-4.7830e-02
-5.0366e-02
-5.4855e-02
-6.2170e-02
-7.4845e-02
-9.2786e-02
-1.1368e-01
-1.3142e-01
-1.3912e-01
-1.3094e-01
-1.0850e-01
-7.2656e-02
-3.2472e-02
7.5468e-03
3.7512e-02
5.9782e-02
7.6031e-02
8.0796e-02
8.2439e-02
8.0790e-02
7.8044e-02
7.7254e-02
7.6362e-02
7.6695e-02
7.3762e-02
6.4863e-02
5.0759e-02
3.1676e-02
1.3349e-02
-3.4800e-03
-1.8591e-02
-2.8174e-02
-3.5580e-02
-4.1418e-02
-4.1733e-02
-4.0670e-02
-3.8192e-02
-3.4407e-02
-3.2424e-02
-3.1189e-02
-3.2659e-02
-3.2341e-02
-2.6057e-02
-1.1984e-02
6.3688e-03
2.5329e-02
4.1275e-02
4.4217e-02
3.6164e-02
2.2499e-02
5.5079e-03
-1.0144e-02
-1.8772e-02
-1.8558e-02
-1.1938e-02
-1.2388e-03
6.8974e-03
1.1521e-02
1.0575e-02
6.9279e-03
5.0660e-03
6.2639e-03
7.6565e-03
7.9743e-03
6.5299e-03
2.2890e-03
-4.3179e-03
-1.1642e-02
-2.0120e-02
-2.9373e-02
-3.6847e-02
-4.0808e-02
-4.0206e-02
-3.5243e-02
-3.0232e-02
-2.9892e-02
-3.4906e-02
-4.2703e-02
-5.1376e-02
-6.0461e-02
-6.6361e-02
-6.4018e-02
-5.4190e-02
-3.8886e-02
-1.8252e-02
1.3749e-03
1.3663e-02
2.1760e-02
2.6385e-02
2.6794e-02
2.1934e-02
1.0811e-02
-1.8724e-03
-1.2558e-02
-1.9287e-02
-2.0545e-02
-1.5762e-02
-6.6290e-03
2.2611e-03
7.0020e-03
5.0140e-03
-1.8104e-03
-1.0101e-02
-1.6834e-02
-1.9128e-02
-1.6478e-02
-1.0804e-02
-1.9615e-03
9.2272e-03
2.0019e-02
2.6277e-02
2.6110e-02
1.9646e-02
9.9914e-03
6.1967e-04
-8.5995e-03
-1.2724e-02
-9.1195e-03
9.7864e-04
1.6965e-02
3.6525e-02
5.4622e-02
6.8325e-02
7.7005e-02
7.6668e-02
6.6472e-02
5.0395e-02
3.3541e-02
1.7983e-02
6.7422e-03
-1.4691e-03
-1.0484e-02
-1.8480e-02
-2.3678e-02
-2.4916e-02
-2.0931e-02
-1.0475e-02
4.5593e-03
1.7989e-02
2.6896e-02
3.0391e-02
2.8183e-02
2.1581e-02
1.2308e-02
2.1539e-03
-4.8979e-03
-5.6882e-03
-2.1844e-03
4.2072e-03
1.2792e-02
2.1975e-02
2.9109e-02
3.5043e-02
3.9147e-02
3.8663e-02
3.3628e-02
2.9988e-02
3.0092e-02
3.1917e-02
3.5594e-02
4.1024e-02
4.5218e-02
4.7009e-02
4.7224e-02
4.3588e-02
3.7929e-02
2.8682e-02
1.7793e-02
6.3268e-03
-1.0618e-02
-3.0599e-02
-4.6240e-02
-5.6937e-02
-5.9648e-02
-5.6216e-02
-5.0153e-02
-4.3644e-02
-3.7131e-02
-3.1232e-02
-2.7517e-02
-2.2073e-02
-1.5849e-02
-8.5571e-03
1.0977e-03
1.1508e-02
2.0579e-02
2.9688e-02
3.5308e-02
3.7777e-02
3.6269e-02
3.1705e-02
2.5037e-02
2.0226e-02
1.9769e-02
2.3741e-02
2.8027e-02
2.8558e-02
2.6742e-02
2.0929e-02
1.3640e-02
7.1123e-03
2.2386e-03
4.7374e-04
2.5966e-03
5.8748e-03
8.4152e-03
6.8808e-03
3.2166e-03
-1.4891e-03
-5.2501e-03
-9.2206e-03
-9.5094e-03
-6.1111e-03
-4.7313e-03
-5.4741e-03
-6.1511e-03
-6.2097e-03
-5.6742e-03
-4.8642e-03
-4.7239e-03
-6.5621e-03
-1.1223e-02
-1.7003e-02
-1.8407e-02
-1.3922e-02
-6.9323e-03
-7.2024e-04
4.7211e-03
1.0074e-02
1.5818e-02
2.2350e-02
2.9380e-02
3.5813e-02
3.9325e-02
3.7100e-02
2.8214e-02
1.1619e-02
-7.5102e-03
-2.9021e-02
-4.9999e-02
-6.4509e-02
-7.1806e-02
-7.0755e-02
-6.0259e-02
-4.3326e-02
-2.8387e-02
-1.5276e-02
-7.5970e-03
-4.9103e-03
-5.5943e-03
-8.8615e-03
-8.5415e-03
-5.9075e-03
-2.2534e-04
8.5566e-03
1.5392e-02
1.7049e-02
1.7204e-02
1.2854e-02
6.5319e-03
9.5042e-04
-4.8866e-03
-1.1664e-02
-1.9527e-02
-2.7034e-02
-3.2935e-02
-3.7770e-02
-3.6568e-02
-3.0534e-02
-1.9250e-02
-4.3115e-03
1.0897e-02
2.3255e-02
2.8399e-02
2.7770e-02
2.4845e-02
2.3357e-02
2.4509e-02
2.5464e-02
2.5627e-02
2.5515e-02
2.5391e-02
2.5490e-02
2.5479e-02
2.4787e-02
2.2730e-02
1.9654e-02
1.6798e-02
1.4399e-02
1.3521e-02
1.6663e-02
2.1056e-02
2.5170e-02
3.0087e-02
3.2846e-02
3.3107e-02
3.2151e-02
3.0349e-02
3.2138e-02
3.5496e-02
3.8021e-02
3.8166e-02
3.7848e-02
3.6658e-02
3.2882e-02
2.6186e-02
1.7395e-02
5.8825e-03
-6.5779e-03
-1.6876e-02
-2.7518e-02
-3.4699e-02
-3.6691e-02
-3.5800e-02
-3.3390e-02
-2.9383e-02
-2.6455e-02
-2.9677e-02
-3.8390e-02
-4.7589e-02
-5.6243e-02
-6.1200e-02
-5.9600e-02
-5.3637e-02
-4.6598e-02
-4.0827e-02
-3.7454e-02
-3.7642e-02
-4.0783e-02
-4.4356e-02
-4.4977e-02
-3.9764e-02
-2.9018e-02
-1.5920e-02
-5.2853e-03
1.3098e-03
4.0480e-03
3.2907e-03
2.9302e-05
-2.9212e-03
-4.8388e-03
-6.1479e-03
-6.1706e-03
-5.7853e-03
-3.7976e-03
8.9812e-04
7.0957e-03
1.2882e-02
1.8501e-02
2.4756e-02
3.2384e-02
4.1576e-02
5.0816e-02
5.9000e-02
6.5783e-02
6.7044e-02
6.1273e-02
5.2154e-02
4.1323e-02
3.0450e-02
2.2570e-02
1.8328e-02
1.6882e-02
1.8288e-02
2.1932e-02
2.6397e-02
3.2063e-02
3.6897e-02
4.0075e-02
4.2094e-02
4.3885e-02
4.6079e-02
4.8047e-02
4.7023e-02
4.4147e-02
4.3389e-02
4.4162e-02
4.4165e-02
4.2193e-02
3.7809e-02
3.2055e-02
2.5008e-02
1.9256e-02
1.4808e-02
8.7493e-03
3.2874e-03
-1.3768e-03
-4.0834e-03
-2.4490e-03
8.3679e-04
1.1792e-03
-1.9527e-03
-7.1817e-03
-1.2607e-02
-1.7673e-02
-2.3463e-02
-2.6902e-02
-2.7340e-02
-2.4952e-02
-2.1170e-02
-1.6156e-02
-1.0209e-02
-4.7198e-03
-1.9323e-04
3.3540e-03
7.5618e-03
9.3189e-03
6.1983e-03
2.1806e-03
-2.9986e-03
-7.6971e-03
-1.0965e-02
-1.4099e-02
-1.6720e-02
-1.8239e-02
-2.1305e-02
-2.6416e-02
-3.0484e-02
-3.3719e-02
-3.9120e-02
-4.5594e-02
-5.2301e-02
-5.9084e-02
-6.4756e-02
-6.7568e-02
-6.6203e-02
-6.2268e-02
-5.7157e-02
-5.1883e-02
-4.9050e-02
-5.0118e-02
-5.3375e-02
-5.7637e-02
-6.0559e-02
-6.2336e-02
-6.0468e-02
-5.7313e-02
-5.4870e-02
-5.5584e-02
-5.6493e-02
-5.6332e-02
-5.5043e-02
-5.2368e-02
-4.9582e-02
-4.8870e-02
-4.6711e-02
-4.2646e-02
-3.9106e-02
-3.3957e-02
-3.0201e-02
-2.7812e-02
-2.4198e-02
-2.1685e-02
-1.8929e-02
-1.7779e-02
-1.5643e-02
-1.2681e-02
-1.1569e-02
-8.9305e-03
-4.8869e-03
-7.7215e-04
4.3878e-03
8.0428e-03
1.0217e-02
1.2035e-02
1.1721e-02
1.1432e-02
1.1900e-02
1.3487e-02
1.6388e-02
1.9398e-02
2.0974e-02
2.2836e-02
2.3131e-02
1.9922e-02
1.7633e-02
1.9269e-02
2.2764e-02
2.6924e-02
3.0708e-02
3.5107e-02
3.7605e-02
3.8478e-02
3.9853e-02
3.9894e-02
3.7531e-02
3.6797e-02
3.7419e-02
3.7722e-02
3.7318e-02
3.5723e-02
3.2907e-02
2.9679e-02
2.5457e-02
1.8340e-02
8.6841e-03
-3.2576e-03
-1.4762e-02
-2.4764e-02
-3.4994e-02
-4.3308e-02
-4.9741e-02
-5.4508e-02
-5.5119e-02
-5.0662e-02
-4.2727e-02
-3.5329e-02
-3.2068e-02
-3.1828e-02
-3.2715e-02
-3.2431e-02
-2.9976e-02
-2.4985e-02
-1.8402e-02
-1.1501e-02
-3.5371e-03
5.2508e-03
1.2383e-02
1.6481e-02
1.9286e-02
2.2232e-02
2.5682e-02
2.9163e-02
3.3240e-02
3.7605e-02
4.1983e-02
4.6073e-02
5.0931e-02
5.5196e-02
5.5648e-02
5.2980e-02
4.7969e-02
4.1673e-02
3.4587e-02
2.6297e-02
1.8056e-02
1.3384e-02
1.2760e-02
1.3660e-02
1.5569e-02
1.8771e-02
2.1727e-02
2.4181e-02
2.4965e-02
2.3933e-02
2.1914e-02
1.9300e-02
1.7822e-02
1.6553e-02
1.4357e-02
1.2639e-02
9.9603e-03
4.6266e-03
-1.1257e-03
-5.3728e-03
-8.6726e-03
-1.3092e-02
-1.7630e-02
-2.0787e-02
-2.3546e-02
-2.4800e-02
-2.4351e-02
-2.2694e-02
-1.9426e-02
-1.5299e-02
-9.5212e-03
-3.4843e-03
-4.0893e-04
-4.5364e-04
-9.5949e-04
-1.0999e-03
-9.0828e-04
1.3729e-04
2.7621e-03
6.7410e-03
9.9304e-03
1.2739e-02
1.2724e-02
9.4890e-03
2.7072e-03
-6.7713e-03
-1.8003e-02
-2.8383e-02
-3.7056e-02
-4.4836e-02
-4.8504e-02
-4.8579e-02
-4.7319e-02
-4.4472e-02
-3.9937e-02
-3.3832e-02
-2.7521e-02
-2.2487e-02
-1.9780e-02
-1.9167e-02
-1.7470e-02
-1.3802e-02
-9.4779e-03
-2.8400e-03
4.1229e-03
8.8639e-03
9.5024e-03
5.6420e-03
8.1101e-04
-5.5832e-03
-1.0962e-02
-1.3498e-02
-1.2662e-02
-9.8843e-03
-4.4159e-03
2.1326e-03
4.0166e-03
5.4003e-03
4.8186e-03
4.7933e-03
6.7466e-03
1.0252e-02
1.3625e-02
1.2638e-02
8.5553e-03
1.5577e-03
-6.0146e-03
-1.3595e-02
-1.9717e-02
-2.1924e-02
-2.4299e-02
-2.4223e-02
-2.2871e-02
-2.0659e-02
-1.8334e-02
-1.8956e-02
-1.9228e-02
-1.8167e-02
-1.5725e-02
-1.2953e-02
-1.1898e-02
-9.2422e-03
-5.0166e-03
-2.5537e-03
-4.8617e-04
-1.0535e-03
-8.8581e-04
1.9620e-03
7.5950e-03
1.4545e-02
2.3617e-02
2.8566e-02
3.0211e-02
2.9891e-02
2.9996e-02
3.0502e-02
3.0206e-02
2.8796e-02
2.6731e-02
2.6307e-02
2.8961e-02
3.0394e-02
2.7867e-02
2.4232e-02
1.9858e-02
1.1718e-02
1.0112e-03
-1.0241e-02
-1.8452e-02
-2.2764e-02
-2.4360e-02
-2.2614e-02
-1.8455e-02
-1.2450e-02
-6.8340e-03
-2.1660e-03
1.3052e-03
3.8239e-03
5.5926e-03
4.1355e-03
1.3540e-03
-7.7517e-04
-6.7598e-04
-2.2085e-04
9.1447e-04
3.9080e-03
8.2452e-03
1.2568e-02
1.6788e-02
1.6807e-02
1.1809e-02
5.4185e-03
-1.1962e-03
-9.0144e-03
-1.7955e-02
-2.5419e-02
-2.9414e-02
-3.0486e-02
-2.9542e-02
-2.7879e-02
-2.6179e-02
-2.6421e-02
-2.9121e-02
-3.1195e-02
-3.3220e-02
-3.8179e-02
-4.4645e-02
-4.9144e-02
-5.0050e-02
-4.7402e-02
-4.2311e-02
-3.5991e-02
-3.0209e-02
-2.5224e-02
-2.1131e-02
-1.7475e-02
-1.2541e-02
-6.4157e-03
-2.0998e-03
-3.0688e-04
9.4457e-04
3.5511e-03
6.0836e-03
7.9975e-03
1.0703e-02
1.2346e-02
1.1932e-02
1.1281e-02
1.0997e-02
1.1752e-02
1.4582e-02
1.9531e-02
2.4058e-02
2.5198e-02
2.4476e-02
2.3388e-02
2.1519e-02
1.9274e-02
1.8598e-02
1.8528e-02
1.7139e-02
1.4697e-02
1.3012e-02
1.3118e-02
1.3575e-02
1.2872e-02
1.2544e-02
1.2950e-02
1.2485e-02
9.7579e-03
4.3049e-03
-1.8168e-03
-6.6292e-03
-9.7948e-03
-1.1618e-02
-9.7073e-03
-3.7143e-03
2.9123e-03
7.7852e-03
9.8116e-03
8.7279e-03
5.1260e-03
1.8628e-03
3.4606e-04
2.1566e-03
6.7635e-03
1.1007e-02
1.4602e-02
1.7832e-02
1.9130e-02
1.8369e-02
1.5015e-02
7.9355e-03
-9.9648e-04
-9.6215e-03
-1.4683e-02
-1.7048e-02
-1.8392e-02
-2.1091e-02
-2.4422e-02
-2.4582e-02
-2.2323e-02
-1.8767e-02
-1.5278e-02
-9.9336e-03
-3.8718e-03
2.0610e-03
8.3452e-03
1.5312e-02
2.2943e-02
2.9781e-02
3.3910e-02
3.8628e-02
4.2224e-02
4.3083e-02
4.3218e-02
4.2375e-02
3.9304e-02
3.4149e-02
3.0046e-02
2.7711e-02
2.5480e-02
2.4960e-02
2.4983e-02
2.4911e-02
2.5467e-02
2.7059e-02
2.9341e-02
3.0824e-02
3.4276e-02
4.0128e-02
4.4137e-02
4.3744e-02
3.9359e-02
3.0440e-02
1.8936e-02
7.7389e-03
-3.1973e-03
-1.4397e-02
-2.0641e-02
-2.3527e-02
-2.4301e-02
-2.3780e-02
-2.1214e-02
-1.5695e-02
-9.4879e-03
-3.3947e-03
2.1317e-03
6.3206e-03
8.7660e-03
1.0203e-02
8.3878e-03
5.5360e-03
5.1950e-03
5.9106e-03
7.0161e-03
8.9907e-03
1.1341e-02
1.2459e-02
1.4737e-02
1.8799e-02
2.1810e-02
2.3659e-02
2.1949e-02
1.8226e-02
1.4776e-02
9.3514e-03
2.9440e-03
-3.5537e-03
-9.7041e-03
-1.4396e-02
-1.6803e-02
-1.7753e-02
-2.1073e-02
-2.7750e-02
-3.4787e-02
-4.0345e-02
-4.3495e-02
-4.3858e-02
-4.2903e-02
-3.9888e-02
-3.4072e-02
-2.7580e-02
-2.1690e-02
-1.6975e-02
-1.4175e-02
-1.2691e-02
-9.9425e-03
-6.5232e-03
-6.0407e-03
-6.3927e-03
-7.7052e-03
-1.0496e-02
-1.3249e-02
-1.2479e-02
-8.9763e-03
-4.5468e-03
-1.8692e-03
1.3953e-04
-1.2871e-03
-4.2175e-03
-7.0528e-03
-8.0083e-03
-1.0003e-02
-1.2521e-02
-1.2159e-02
-1.2063e-02
-1.3233e-02
-1.5758e-02
-1.8688e-02
-1.9813e-02
-2.2189e-02
-2.5291e-02
-2.5652e-02
-2.5441e-02
-2.4125e-02
-2.0392e-02
-1.4980e-02
-1.1568e-02
-9.9005e-03
-7.4498e-03
-6.1360e-03
-3.1891e-03
4.4942e-04
6.7685e-04
-9.6201e-04
-5.0390e-03
-1.1136e-02
-1.5029e-02
-1.5855e-02
-1.4596e-02
-8.9347e-03
-3.9387e-03
6.0018e-04
6.8550e-03
9.9845e-03
1.4356e-02
1.7447e-02
1.8834e-02
2.2040e-02
2.5213e-02
2.3985e-02
1.9885e-02
1.4249e-02
1.0376e-02
8.2904e-03
5.8850e-03
6.2617e-03
7.7303e-03
1.0078e-02
1.2432e-02
1.1994e-02
1.1594e-02
1.1882e-02
1.2288e-02
1.2218e-02
1.0703e-02
7.2288e-03
2.6770e-03
-1.1804e-03
-6.6221e-03
-1.5939e-02
-2.5067e-02
-3.0895e-02
-3.4329e-02
-3.4378e-02
-3.1695e-02
-2.9247e-02
-2.5636e-02
-1.9764e-02
-1.3930e-02
-8.2242e-03
-2.0136e-03
4.9807e-03
1.2746e-02
2.0104e-02
2.4376e-02
2.4121e-02
2.3699e-02
2.2895e-02
2.0345e-02
1.6510e-02
1.2535e-02
7.8785e-03
5.6677e-03
6.1481e-03
7.3913e-03
1.0074e-02
1.3991e-02
1.8096e-02
2.2868e-02
2.4965e-02
2.3991e-02
2.2164e-02
1.9613e-02
1.7766e-02
1.8306e-02
1.8844e-02
1.8817e-02
1.8507e-02
1.7984e-02
1.7755e-02
1.8633e-02
2.1705e-02
2.7052e-02
3.4086e-02
4.2892e-02
4.9265e-02
5.3681e-02
5.5222e-02
5.2889e-02
4.8115e-02
4.1770e-02
3.5568e-02
3.0050e-02
2.6185e-02
2.4868e-02
2.5486e-02
2.6945e-02
2.9578e-02
3.2513e-02
3.5412e-02
3.8714e-02
4.1640e-02
4.3576e-02
4.3255e-02
4.0988e-02
3.6163e-02
2.9684e-02
2.3626e-02
1.8149e-02
1.3411e-02
9.1152e-03
3.4778e-03
-2.7146e-03
-9.9890e-03
-1.9100e-02
-2.6687e-02
-3.2837e-02
-3.8415e-02
-4.2348e-02
-4.3668e-02
-4.3120e-02
-4.0536e-02
-3.5241e-02
-2.9183e-02
-2.4695e-02
-2.2592e-02
-2.2804e-02
-2.6677e-02
-3.2175e-02
-3.7116e-02
-4.2229e-02
-4.4295e-02
-4.3229e-02
-4.0294e-02
-3.4754e-02
-2.8047e-02
-2.1940e-02
-1.6209e-02
-1.0933e-02
-6.6928e-03
-3.7106e-03
-1.1215e-03
-1.4164e-03
-3.7007e-03
-6.2874e-03
-7.3377e-03
-9.1078e-03
-1.2356e-02
-1.4987e-02
-1.8455e-02
-2.2194e-02
-2.7267e-02
-3.1562e-02
-3.4167e-02
-3.6753e-02
-3.7452e-02
-3.7352e-02
-3.6716e-02
-3.4553e-02
-3.0960e-02
-2.7364e-02
-2.0997e-02
-1.4290e-02
-8.4107e-03
-3.6967e-03
-1.1397e-03
1.1031e-04
3.0770e-03
6.2210e-03
5.2368e-03
2.2064e-03
-1.5457e-03
-3.8312e-03
-6.6530e-03
-8.4295e-03
-1.1158e-02
-1.3310e-02
-1.3435e-02
-1.1992e-02
-7.5974e-03
-5.7250e-04
6.1492e-03
1.0077e-02
1.1131e-02
1.0554e-02
1.1299e-02
1.3704e-02
1.6646e-02
1.7301e-02
1.3215e-02
7.9083e-03
4.3097e-03
6.8957e-04
-4.5358e-03
-8.5258e-03
-1.0670e-02
-1.0976e-02
-6.9506e-03
-1.8238e-03
1.4678e-03
4.2264e-03
7.9113e-03
1.0040e-02
9.8029e-03
5.2545e-03
1.4494e-05
-3.1948e-03
-5.2395e-03
-5.7787e-03
-3.8314e-03
-1.3008e-03
-6.6069e-05
5.0303e-05
1.4539e-03
4.0929e-03
5.8029e-03
6.1921e-03
7.4707e-03
9.8083e-03
1.1725e-02
1.3555e-02
1.7352e-02
2.1556e-02
2.3679e-02
2.1800e-02
1.4270e-02
4.8382e-03
-3.3344e-03
-1.1239e-02
-1.9065e-02
-2.3385e-02
-2.3849e-02
-2.3562e-02
-2.3910e-02
-2.4645e-02
-2.5465e-02
-2.5913e-02
-2.5178e-02
-2.2291e-02
-1.7313e-02
-1.2742e-02
-9.9854e-03
-7.7743e-03
-6.9260e-03
-7.0854e-03
-7.0001e-03
-6.7465e-03
-6.5316e-03
-6.4103e-03
-6.3905e-03
-6.4397e-03
-6.5347e-03
-6.6102e-03
-6.5843e-03
-6.3635e-03
-6.0215e-03
-5.9302e-03
-6.8224e-03
-9.3997e-03
-1.3191e-02
-1.5889e-02
-1.8197e-02
-1.8744e-02
-1.8773e-02
-1.8717e-02
-1.7326e-02
-1.3897e-02
-9.0828e-03
-3.8665e-03
-7.4348e-05
2.1065e-03
4.6750e-03
6.3166e-03
8.4946e-03
1.0917e-02
1.0604e-02
7.5172e-03
5.5260e-03
8.8217e-03
1.4455e-02
1.9507e-02
2.4755e-02
2.5701e-02
2.7842e-02
3.0816e-02
2.9951e-02
2.7000e-02
2.2855e-02
1.9966e-02
1.7523e-02
1.8884e-02
2.2786e-02
2.8060e-02
3.1910e-02
3.4158e-02
3.3192e-02
2.8726e-02
2.4093e-02
1.8152e-02
1.3727e-02
1.2354e-02
1.3166e-02
1.3598e-02
1.3047e-02
1.1215e-02
7.8006e-03
4.0171e-03
1.6842e-03
1.7213e-04
5.5083e-04
3.4361e-04
-1.3776e-03
-4.0508e-03
-6.1930e-03
-6.3599e-03
-7.6420e-03
-1.0511e-02
-1.3030e-02
-1.3053e-02
-1.2329e-02
-1.0665e-02
-7.6588e-03
-4.5724e-03
-1.7608e-03
1.4848e-03
4.8354e-03
8.1789e-03
1.0218e-02
1.0162e-02
7.6901e-03
5.5911e-03
3.7923e-03
-1.8900e-04
-4.8467e-03
-8.2632e-03
-1.1963e-02
-1.6602e-02
-2.0718e-02
-2.5486e-02
-3.0261e-02
-3.1531e-02
-2.8977e-02
-2.3866e-02
-1.7463e-02
-1.1624e-02
-6.5514e-03
-2.3039e-03
1.3480e-03
5.8446e-03
1.0918e-02
1.4148e-02
1.6650e-02
1.8539e-02
2.0603e-02
2.3440e-02
2.4616e-02
2.4413e-02
2.4289e-02
2.4365e-02
2.4567e-02
2.4866e-02
2.5082e-02
2.4818e-02
2.3502e-02
2.0967e-02
1.8186e-02
1.5657e-02
1.3128e-02
1.2263e-02
1.2708e-02
1.2941e-02
1.2515e-02
1.0827e-02
7.5040e-03
3.1882e-03
-3.1593e-03
-1.0302e-02
-1.4827e-02
-1.5197e-02
-1.2178e-02
-1.0223e-02
-8.5630e-03
-7.3781e-03
-9.6392e-03
-1.2738e-02
-1.3175e-02
-1.2826e-02
-1.2838e-02
-1.2667e-02
-1.1599e-02
-9.1643e-03
-6.5051e-03
-6.3460e-03
-7.0964e-03
-7.2371e-03
-6.2650e-03
-3.5019e-03
4.1259e-04
3.2466e-03
5.5988e-03
6.1408e-03
6.1699e-03
6.3349e-03
5.4028e-03
2.6029e-03
-1.5315e-03
-4.0652e-03
-6.3503e-03
-5.9062e-03
-5.2962e-03
-5.5428e-03
-7.0609e-03
-1.0039e-02
-1.3037e-02
-1.3080e-02
-1.2658e-02
-1.1837e-02
-9.4539e-03
-5.6629e-03
-1.9749e-03
4.0545e-03
9.5747e-03
1.3284e-02
1.5884e-02
1.8367e-02
1.7354e-02
1.4402e-02
1.0938e-02
8.8834e-03
6.3449e-03
4.7158e-03
2.0945e-03
-1.2411e-04
1.2379e-03
4.1803e-03
7.6966e-03
1.0837e-02
1.5259e-02
1.9293e-02
2.2893e-02
2.4559e-02
2.2885e-02
2.0126e-02
1.7828e-02
1.6969e-02
1.5071e-02
1.2759e-02
1.1477e-02
8.5012e-03
4.6759e-03
2.2592e-03
4.8437e-04
2.4448e-04
-1.0421e-03
-3.8289e-03
-6.1844e-03
-6.8948e-03
-8.0402e-03
-9.1350e-03
-7.7617e-03
-4.5613e-03
-1.5746e-03
2.0172e-03
6.7499e-03
1.2594e-02
1.7273e-02
2.0077e-02
2.2259e-02
2.4146e-02
2.5879e-02
2.9143e-02
3.2826e-02
3.5648e-02
3.7536e-02
3.7610e-02
3.6853e-02
3.4375e-02
2.9879e-02
2.5675e-02
2.4498e-02
2.5091e-02
2.5336e-02
2.5175e-02
2.4931e-02
2.4624e-02
2.4329e-02
2.4152e-02
2.4623e-02
2.6421e-02
2.9808e-02
3.3650e-02
3.8599e-02
4.3593e-02
4.6848e-02
4.8597e-02
4.9177e-02
4.8729e-02
4.6836e-02
4.2950e-02
3.8233e-02
3.2741e-02
2.8334e-02
2.3483e-02
1.7174e-02
1.0796e-02
4.8519e-03
-4.3880e-07
-3.1584e-03
-4.8200e-03
-2.9565e-03
2.1249e-03
6.4881e-03
8.3383e-03
8.6994e-03
7.1139e-03
5.2412e-03
2.4906e-03
-3.0490e-03
-9.1929e-03
-1.4538e-02
-1.8445e-02
-2.1772e-02
-2.6830e-02
-3.1278e-02
-3.4083e-02
-3.6769e-02
-3.7517e-02
-3.7250e-02
-3.6318e-02
-3.4130e-02
-3.1604e-02
-3.1188e-02
-3.1484e-02
-3.1682e-02
-3.2472e-02
-3.4421e-02
-3.7138e-02
-3.8611e-02
-4.0927e-02
-4.4018e-02
-4.4675e-02
-4.3486e-02
-4.0516e-02
-3.5711e-02
-3.1606e-02
-2.8138e-02
-2.3288e-02
-1.9938e-02
-1.9875e-02
-2.1214e-02
-2.3585e-02
-2.6140e-02
-2.6615e-02
-2.6385e-02
-2.6235e-02
-2.5311e-02
-2.3336e-02
-2.1057e-02
-2.0921e-02
-2.0277e-02
-1.7662e-02
-1.3893e-02
-1.1351e-02
-8.0011e-03
-5.3667e-03
-1.7733e-03
8.9892e-04
3.5514e-03
3.8636e-03
3.5025e-03
2.4745e-03
-3.3503e-04
-3.9223e-03
-6.0618e-03
-8.4166e-03
-9.8528e-03
-1.3398e-02
-1.8919e-02
-2.1863e-02
-2.2687e-02
-2.5084e-02
-2.8296e-02
-2.8741e-02
-2.8664e-02
-2.7704e-02
-2.4994e-02
-2.1226e-02
-1.9092e-02
-1.6824e-02
-1.6007e-02
-1.3921e-02
-1.0729e-02
-9.3892e-03
-6.9428e-03
-4.2212e-03
-2.9817e-03
-1.0459e-03
5.5030e-04
2.6952e-04
1.8182e-03
6.7804e-03
1.3680e-02
1.8711e-02
2.0039e-02
1.8201e-02
1.4955e-02
1.0998e-02
7.5600e-03
6.2091e-03
7.1538e-03
9.5339e-03
1.3664e-02
1.8111e-02
2.0984e-02
2.3760e-02
2.6994e-02
2.9436e-02
3.0687e-02
3.0833e-02
3.1095e-02
3.1249e-02
3.0490e-02
2.8401e-02
2.5667e-02
2.4676e-02
2.4974e-02
2.5101e-02
2.5073e-02
2.5126e-02
2.5267e-02
2.5180e-02
2.4258e-02
2.1994e-02
1.9044e-02
1.7561e-02
1.5734e-02
1.3461e-02
1.3179e-02
1.2687e-02
9.9568e-03
5.4218e-03
1.3323e-03
-3.8079e-03
-6.2989e-03
-5.5127e-03
-5.0380e-03
-5.2455e-03
-5.8053e-03
-6.4296e-03
-6.6756e-03
-5.6831e-03
-2.6151e-03
2.1439e-03
6.2950e-03
1.0842e-02
1.2950e-02
1.2625e-02
1.2227e-02
1.1106e-02
8.5062e-03
5.0801e-03
2.3491e-03
-8.3114e-04
-3.2086e-03
-5.6056e-03
-7.2046e-03
-9.7036e-03
-1.2082e-02
-1.3738e-02
-1.6399e-02
-1.8373e-02
-1.8944e-02
-1.9538e-02
-1.9392e-02
-1.8129e-02
-1.5985e-02
-1.1666e-02
-6.7453e-03
-3.0584e-03
1.2705e-03
5.7786e-03
8.8609e-03
1.1536e-02
1.2641e-02
1.1937e-02
9.9604e-03
6.8924e-03
4.1986e-03
1.6787e-03
-4.6993e-04
-2.8490e-03
-5.4002e-03
-4.8322e-03
-2.3818e-03
-2.9216e-05
1.2003e-04
6.2109e-04
3.4245e-03
7.6927e-03
1.0557e-02
1.3103e-02
1.2643e-02
1.0832e-02
8.2305e-03
5.6942e-03
4.9761e-03
4.2575e-03
4.8019e-03
7.0564e-03
7.0467e-03
6.7463e-03
6.8461e-03
6.6231e-03
5.5199e-03
3.0722e-03
2.0819e-04
-2.3754e-03
-4.9753e-03
-6.0034e-03
-5.6101e-03
-5.2425e-03
-5.0935e-03
-5.4112e-03
-6.6045e-03
-9.0481e-03
-1.1764e-02
-1.2286e-02
-1.2209e-02
-1.2345e-02
-1.1667e-02
-9.1131e-03
-4.6899e-03
-5.4200e-04
4.7207e-03
6.8190e-03
4.5693e-03
1.4709e-03
-5.2901e-04
9.7762e-05
8.9323e-04
1.2365e-03
1.1815e-03
2.8482e-04
-1.7585e-03
-4.5603e-03
-6.0808e-03
-5.7109e-03
-5.3967e-03
-5.4608e-03
-5.6361e-03
-5.8485e-03
-5.9318e-03
-5.8504e-03
-5.5711e-03
-5.3118e-03
-5.4796e-03
-6.6693e-03
-9.0937e-03
-1.1658e-02
-1.1777e-02
-1.1466e-02
-1.2426e-02
-1.4928e-02
-1.7996e-02
-1.9258e-02
-2.1596e-02
-2.4314e-02
-2.4107e-02
-2.3804e-02
-2.4036e-02
-2.4426e-02
-2.4677e-02
-2.4189e-02
-2.2465e-02
-1.9688e-02
-1.7487e-02
-1.6118e-02
-1.3907e-02
-1.2027e-02
-1.0062e-02
-6.5095e-03
-3.1153e-03
-2.0742e-04
1.3059e-03
1.4251e-03
7.4914e-04
3.3168e-04
-4.4531e-04
-2.5401e-03
-5.0067e-03
-5.5145e-03
-6.1012e-03
-8.2768e-03
-1.1101e-02
-1.2534e-02
-1.4713e-02
-1.8358e-02
-2.1254e-02
-2.5428e-02
-2.8559e-02
-3.1095e-02
-2.9627e-02
-2.5455e-02
-2.0066e-02
-1.6677e-02
-1.5083e-02
-1.2433e-02
-1.0841e-02
-8.1294e-03
-5.6892e-03
-5.8989e-03
-6.4217e-03
-6.5295e-03
-5.8854e-03
-3.9259e-03
-9.4714e-04
1.0223e-03
-3.3336e-04
-2.8089e-03
-5.0759e-03
-6.1998e-03
-7.5844e-03
-1.0165e-02
-1.1924e-02
-1.1996e-02
-1.1937e-02
-1.1511e-02
-9.9349e-03
-7.3169e-03
-5.0920e-03
-3.4947e-03
-9.4317e-04
1.0186e-03
3.0181e-03
5.7295e-03
6.7842e-03
6.4891e-03
6.3814e-03
6.5949e-03
7.0340e-03
7.4407e-03
7.3183e-03
6.0199e-03
3.3484e-03
6.5829e-04
1.1237e-03
3.8071e-03
6.7374e-03
7.8766e-03
9.3954e-03
1.1947e-02
1.3456e-02
1.5780e-02
1.8806e-02
1.9572e-02
1.9174e-02
1.8061e-02
1.5652e-02
1.2813e-02
1.1812e-02
9.6867e-03
7.0383e-03
7.1484e-03
7.2997e-03
6.9960e-03
6.7222e-03
6.9522e-03
8.2505e-03
1.0677e-02
1.3011e-02
1.4138e-02
1.6632e-02
1.9884e-02
2.2067e-02
2.4602e-02
2.5816e-02
2.5106e-02
2.3359e-02
2.0831e-02
1.9187e-02
2.0178e-02
2.0995e-02
2.0383e-02
1.9315e-02
1.9129e-02
1.9163e-02
1.9191e-02
1.9350e-02
1.9565e-02
1.9653e-02
1.9115e-02
1.7448e-02
1.4751e-02
1.2540e-02
1.1014e-02
8.6265e-03
7.0423e-03
7.1853e-03
7.2788e-03
7.2072e-03
7.2186e-03
7.3125e-03
7.2463e-03
6.5384e-03
4.7607e-03
2.2736e-03
6.7931e-04
-7.5555e-04
-4.0834e-03
-8.2579e-03
-1.2810e-02
-1.6638e-02
-1.7622e-02
-1.7202e-02
-1.7160e-02
-1.7416e-02
-1.7689e-02
-1.7839e-02
-1.7839e-02
-1.7761e-02
-1.7728e-02
-1.7849e-02
-1.8106e-02
-1.8221e-02
-1.7612e-02
-1.5620e-02
-1.2363e-02
-9.3984e-03
-6.3484e-03
-3.3102e-03
6.0486e-05
3.1922e-03
5.7533e-03
6.7466e-03
6.5920e-03
6.6607e-03
6.8701e-03
6.9965e-03
6.8924e-03
6.6758e-03
6.7007e-03
7.5768e-03
9.6703e-03
1.2293e-02
1.3178e-02
1.2859e-02
1.2853e-02
1.3177e-02
1.3345e-02
1.2736e-02
1.0777e-02
7.8642e-03
5.7545e-03
3.8215e-03
1.2727e-03
-1.9667e-03
-6.5640e-03
-1.0456e-02
-1.2244e-02
-1.5871e-02
-1.8464e-02
-1.9217e-02
-1.9277e-02
-1.9638e-02
-1.9864e-02
-1.9199e-02
-1.6910e-02
-1.3343e-02
-1.0458e-02
-7.2336e-03
-4.7988e-03
-2.2849e-03
-6.2589e-04
1.8607e-03
4.9983e-03
5.3890e-03
3.9880e-03
1.4666e-03
-1.1902e-03
-1.4170e-03
-8.6069e-04
-6.8277e-04
-7.7293e-04
-1.1671e-03
-1.7971e-03
-2.5421e-03
-2.6908e-03
-1.5030e-03
-1.1280e-03
-1.2822e-03
-1.2094e-03
-1.0353e-03
-1.0271e-03
-1.8425e-03
-3.9482e-03
-6.8496e-03
-8.5298e-03
-1.0807e-02
-1.3293e-02
-1.2636e-02
-9.8584e-03
-6.8692e-03
-5.8233e-03
-3.8455e-03
-1.5336e-03
-2.0350e-03
-2.1309e-03
-6.4160e-04
2.4413e-03
5.5708e-03
5.3812e-03
3.7581e-03
8.2389e-04
-2.9688e-03
-4.9263e-03
-6.7241e-03
-6.6239e-03
-7.6098e-03
-1.0527e-02
-1.3522e-02
-1.3531e-02
-1.2626e-02
-1.1134e-02
-8.7975e-03
-7.0947e-03
-7.0868e-03
-6.0207e-03
-3.2571e-03
-5.3572e-04
4.6760e-04
1.1942e-03
6.9812e-04
-1.4435e-03
-1.3333e-03
-9.1189e-04
-9.2197e-04
-1.1584e-03
-1.3907e-03
-1.0590e-03
3.5753e-04
2.8073e-03
4.7796e-03
4.6611e-03
4.5232e-03
4.5287e-03
3.9281e-03
2.3107e-03
1.3055e-05
-1.1478e-03
-7.9056e-04
-1.0414e-03
-2.6066e-03
-5.1159e-03
-7.1447e-03
-8.3910e-03
-1.0273e-02
-1.1522e-02
-1.1832e-02
-1.3204e-02
-1.5450e-02
-1.6683e-02
-1.6355e-02
-1.6101e-02
-1.6186e-02
-1.6264e-02
-1.5933e-02
-1.4684e-02
-1.2546e-02
-1.0601e-02
-9.8855e-03
-1.0016e-02
-1.0702e-02
-1.2249e-02
-1.4185e-02
-1.4690e-02
-1.4180e-02
-1.3850e-02
-1.3742e-02
-1.3711e-02
-1.3682e-02
-1.3581e-02
-1.3352e-02
-1.2955e-02
-1.2486e-02
-1.2256e-02
-1.2788e-02
-1.4448e-02
-1.6631e-02
-1.7258e-02
-1.6198e-02
-1.4065e-02
-1.1054e-02
-8.5427e-03
-6.7045e-03
-6.1134e-03
-6.1444e-03
-5.9906e-03
-5.8491e-03
-5.7949e-03
-5.6138e-03
-4.7367e-03
-2.6632e-03
2.2286e-04
2.1579e-03
3.6690e-03
3.9752e-03
4.6241e-03
6.5989e-03
8.8569e-03
9.2368e-03
8.4593e-03
7.0941e-03
5.3605e-03
4.5754e-03
4.8172e-03
4.8920e-03
4.1183e-03
2.5152e-03
8.5948e-04
7.5269e-04
5.4450e-04
-1.0423e-03
-3.6273e-03
-5.5457e-03
-6.9328e-03
-6.5233e-03
-4.9568e-03
-3.1587e-03
-2.1202e-03
-2.1456e-03
-2.3095e-03
-2.3128e-03
-2.0239e-03
-1.2365e-03
2.9692e-04
2.1567e-03
3.1754e-03
4.5727e-03
6.3655e-03
6.6324e-03
5.9944e-03
4.7347e-03
3.1315e-03
2.2895e-03
1.1232e-03
-1.9441e-04
2.9010e-04
1.8300e-03
3.3422e-03
3.6526e-03
4.1892e-03
5.6338e-03
7.0658e-03
6.8840e-03
6.8036e-03
7.5438e-03
9.0387e-03
1.0587e-02
1.0571e-02
1.0411e-02
1.0216e-02
9.4761e-03
8.0680e-03
6.6517e-03
6.7741e-03
7.0446e-03
7.1536e-03
7.2033e-03
6.9853e-03
6.2661e-03
4.9360e-03
3.6764e-03
3.8620e-03
4.1491e-03
4.1957e-03
4.1958e-03
4.1608e-03
4.1723e-03
4.2123e-03
4.2946e-03
4.3827e-03
4.4608e-03
4.4817e-03
4.4385e-03
4.3777e-03
4.4770e-03
4.9852e-03
6.0802e-03
7.3830e-03
7.9543e-03
8.8654e-03
9.7875e-03
1.0583e-02
1.1422e-02
1.1244e-02
1.0993e-02
1.0849e-02
1.0638e-02
1.0390e-02
1.0225e-02
1.0433e-02
1.1237e-02
1.2371e-02
1.2917e-02
1.3356e-02
1.2968e-02
1.2542e-02
1.2294e-02
1.2047e-02
1.1810e-02
1.1523e-02
1.1217e-02
1.0878e-02
1.0540e-02
1.0220e-02
9.9818e-03
9.8438e-03
9.7726e-03
9.5237e-03
8.8280e-03
8.2431e-03
7.4331e-03
6.4921e-03
6.0278e-03
5.2989e-03
4.5015e-03
4.3705e-03
4.2870e-03
4.1157e-03
3.9452e-03
3.7687e-03
3.6113e-03
3.4532e-03
3.3081e-03
3.1779e-03
3.0962e-03
3.0603e-03
3.0405e-03
2.8877e-03
2.4935e-03
2.3642e-03
2.3252e-03
2.2447e-03
2.0955e-03
1.7761e-03
1.2924e-03
8.3209e-04
8.0082e-04
7.9405e-04
7.2828e-04
6.4664e-04
5.6237e-04
4.8674e-04
4.2186e-04
3.6217e-04
3.0833e-04
2.5579e-04
2.0712e-04
1.5290e-04
8.9773e-05
1.0526e-05
-6.5059e-05
-1.0055e-04
-3.9492e-05
1.3042e-04
2.9655e-04
2.1553e-04
8.4942e-05
-8.5093e-05
-3.2986e-04
-5.5013e-04
-5.5964e-04
-5.5029e-04
-5.7775e-04
-6.3994e-04
-7.6585e-04
-9.5139e-04
-1.1165e-03
-1.1061e-03
-1.0789e-03
-1.0763e-03
-1.0913e-03
-1.1433e-03
-1.2357e-03
-1.3411e-03
-1.3709e-03
-1.3412e-03
-1.3233e-03
-1.3237e-03
-1.3236e-03
-1.3051e-03
-1.2481e-03
-1.1583e-03
-1.0890e-03
-1.1332e-03
-1.2101e-03
-1.2673e-03
-1.2493e-03
-1.2289e-03
-1.2212e-03
-1.2090e-03
-1.1826e-03
-1.1370e-03
-1.0959e-03
-1.0983e-03
-1.0888e-03
-1.0561e-03
-1.0269e-03
-1.0370e-03
-1.0489e-03
-1.0549e-03
-1.0648e-03
-1.0827e-03
-1.1105e-03
-1.1341e-03
-1.1311e-03
-1.1269e-03
-1.1276e-03
-1.1279e-03
-1.1255e-03
-1.1166e-03
-1.1018e-03
-1.0888e-03
-1.0909e-03
-1.0930e-03
-1.0926e-03
-1.0911e-03
-1.0889e-03
-1.0864e-03
-1.0833e-03
-1.0801e-03
-1.0772e-03
-1.0755e-03
-1.0745e-03
-1.0721e-03
-1.0664e-03
-1.0610e-03
-1.0540e-03
-1.0426e-03
-1.0303e-03
-1.0185e-03
-1.0083e-03
-9.9866e-04
-9.8994e-04
-9.8071e-04
-9.7083e-04
-9.6063e-04
-9.5009e-04
-9.3927e-04
-9.2810e-04
-9.1660e-04
-9.0471e-04
-8.9249e-04
-8.7991e-04
-8.6700e-04
-8.5376e-04
-8.4021e-04
-8.2635e-04
-8.1219e-04
-7.9773e-04
-7.8295e-04
-7.6784e-04
-7.5244e-04
-7.3677e-04
-7.2082e-04
-7.0459e-04
-6.8810e-04
-6.7134e-04
-6.5431e-04
-6.3702e-04
-6.1946e-04
-6.0164e-04
-5.8355e-04
