1.5415e-03
1.4702e-03
1.4057e-03
1.4218e-03
1.5151e-03
1.6426e-03
2.0305e-03
2.7207e-03
3.9076e-03
4.9998e-03
5.3709e-03
4.7337e-03
2.6276e-03
-4.5933e-04
-3.4468e-03
-4.2521e-03
-2.6129e-03
4.0518e-04
3.1241e-03
4.2364e-03
2.8844e-03
-4.7474e-04
-5.0638e-03
-7.8670e-03
-6.7179e-03
-1.8054e-03
2.3117e-03
3.9882e-03
3.4558e-03
2.1147e-03
-7.7325e-04
-5.3714e-03
-9.1152e-03
-1.1915e-02
-1.1679e-02
-6.7231e-03
-1.1873e-03
4.8766e-03
6.5375e-03
5.7146e-03
3.8394e-04
-6.6307e-03
-1.4858e-02
-1.7865e-02
-1.4718e-02
-6.2870e-03
8.2129e-03
2.1885e-02
3.0583e-02
2.9827e-02
2.4615e-02
1.9636e-02
1.8577e-02
2.0591e-02
2.1381e-02
1.8755e-02
1.2043e-02
2.4995e-03
-9.9316e-03
-2.2163e-02
-2.5409e-02
-2.0798e-02
-8.0341e-03
5.8078e-03
1.2577e-02
7.9221e-03
-1.4757e-03
-1.1975e-02
-1.3173e-02
-5.2396e-03
8.0979e-03
1.5527e-02
1.3108e-02
3.8751e-03
-7.6152e-03
-2.0204e-02
-2.9640e-02
-3.1854e-02
-2.5524e-02
-1.5905e-02
-7.9885e-03
-4.7327e-03
-4.0914e-03
-4.6860e-03
-3.4834e-03
2.6307e-04
5.2317e-03
8.6295e-03
1.1808e-02
1.7959e-02
2.2934e-02
2.1788e-02
1.1522e-02
-9.7923e-03
-3.8968e-02
-5.8522e-02
-5.0854e-02
-1.8953e-02
2.3536e-02
5.0929e-02
5.4830e-02
3.3295e-02
-3.1769e-03
-3.2344e-02
-3.4395e-02
-1.3053e-02
1.7707e-02
3.9964e-02
4.3216e-02
3.1001e-02
1.2231e-02
-4.9934e-03
-2.1258e-02
-4.3262e-02
-6.6699e-02
-7.8202e-02
-7.1886e-02
-4.7958e-02
-1.4353e-02
1.5889e-02
3.3882e-02
3.1852e-02
2.6273e-02
2.7076e-02
3.5911e-02
4.7780e-02
5.1935e-02
4.4360e-02
2.4932e-02
-1.4329e-03
-2.6713e-02
-4.1461e-02
-4.2416e-02
-3.1272e-02
-1.2499e-02
7.9100e-03
1.9578e-02
1.5156e-02
-6.6123e-04
-1.8356e-02
-2.7229e-02
-2.2796e-02
-8.0760e-03
8.8028e-03
1.8561e-02
1.3102e-02
-8.7745e-03
-3.9352e-02
-5.7641e-02
-5.0931e-02
-2.3234e-02
1.4660e-02
4.8365e-02
6.5036e-02
6.2389e-02
4.8636e-02
2.8316e-02
3.7793e-03
-2.3244e-02
-4.4799e-02
-4.9948e-02
-3.6261e-02
-1.3550e-02
2.6681e-03
9.4356e-03
1.2482e-02
1.5607e-02
2.0364e-02
2.7331e-02
3.6753e-02
4.2421e-02
3.3836e-02
4.7002e-03
-3.9310e-02
-7.9556e-02
-9.0773e-02
-6.1472e-02
-3.9372e-03
5.1388e-02
7.1472e-02
5.6671e-02
2.4715e-02
-1.1948e-02
-3.7904e-02
-3.7669e-02
-1.1616e-02
2.6595e-02
5.2326e-02
5.0543e-02
3.2275e-02
1.3017e-02
2.6525e-03
-3.0720e-03
-1.6993e-02
-3.7960e-02
-4.8683e-02
-4.0179e-02
-1.9374e-02
6.6649e-05
1.0660e-02
9.8621e-03
-1.0309e-03
-1.6298e-02
-2.9361e-02
-3.7609e-02
-3.8408e-02
-2.8489e-02
-7.9225e-03
1.9167e-02
4.2207e-02
5.1840e-02
4.6865e-02
2.7811e-02
-1.7294e-04
-2.5819e-02
-3.9513e-02
-4.3043e-02
-3.7781e-02
-2.3113e-02
-3.0844e-03
1.5769e-02
2.8935e-02
3.0885e-02
1.4760e-02
-1.9742e-02
-6.0093e-02
-7.8769e-02
-6.3368e-02
-2.1111e-02
3.4851e-02
8.8626e-02
1.2393e-01
1.2884e-01
1.0414e-01
5.5026e-02
-5.0990e-03
-4.8684e-02
-5.3409e-02
-3.1191e-02
-2.1481e-03
2.0528e-02
2.6485e-02
1.5232e-02
-5.7247e-03
-2.6078e-02
-3.6433e-02
-3.5375e-02
-2.8255e-02
-2.0738e-02
-1.4114e-02
-5.6309e-03
7.1342e-03
2.0479e-02
2.6701e-02
2.1998e-02
5.0899e-03
-2.2621e-02
-5.4067e-02
-7.6620e-02
-7.9382e-02
-6.2082e-02
-3.0840e-02
-1.9024e-04
1.5129e-02
2.0637e-02
3.4604e-02
6.4199e-02
9.7828e-02
1.1627e-01
1.0848e-01
7.4897e-02
2.3884e-02
-2.5287e-02
-4.4449e-02
-2.7799e-02
7.9290e-03
3.8399e-02
3.7560e-02
1.2190e-03
-4.5892e-02
-7.9123e-02
-8.7272e-02
-7.7270e-02
-5.3575e-02
-2.0463e-02
1.3410e-02
4.1215e-02
6.5979e-02
7.3651e-02
5.2104e-02
9.6079e-03
-3.6251e-02
-5.9989e-02
-5.2152e-02
-2.5988e-02
-2.6744e-04
8.6122e-03
-3.8694e-03
-3.0098e-02
-5.9590e-02
-7.3354e-02
-6.6181e-02
-3.8939e-02
6.1202e-03
6.1796e-02
1.0831e-01
1.2615e-01
1.2080e-01
9.6313e-02
5.8306e-02
2.3229e-02
6.8364e-03
3.0318e-03
-1.3672e-03
-1.8553e-02
-5.2474e-02
-9.0380e-02
-9.9254e-02
-6.8059e-02
-1.3119e-02
3.5155e-02
4.9549e-02
3.3936e-02
3.5166e-03
-2.3910e-02
-2.7544e-02
-5.6852e-03
2.8291e-02
5.3140e-02
5.0028e-02
1.1598e-02
-5.2104e-02
-1.0988e-01
-1.2969e-01
-1.1132e-01
-6.2789e-02
-1.7490e-03
3.8816e-02
5.1358e-02
4.8652e-02
5.0566e-02
6.6362e-02
9.2779e-02
1.1890e-01
1.2752e-01
1.1204e-01
7.5915e-02
2.8778e-02
-2.2026e-02
-6.1984e-02
-7.0991e-02
-5.0092e-02
-1.1383e-02
3.5862e-02
7.7764e-02
1.0231e-01
1.0901e-01
9.6167e-02
6.7915e-02
3.5048e-02
1.4462e-02
1.4486e-02
2.6479e-02
3.9979e-02
4.7672e-02
4.7661e-02
4.0546e-02
3.2818e-02
2.7905e-02
2.3478e-02
8.2474e-03
-2.5517e-02
-7.4357e-02
-1.3248e-01
-1.8826e-01
-2.3008e-01
-2.5830e-01
-2.6579e-01
-2.6375e-01
-2.5672e-01
-2.4528e-01
-2.3028e-01
-2.1893e-01
-2.1490e-01
-2.1614e-01
-2.1978e-01
-2.2784e-01
-2.3999e-01
-2.5372e-01
-2.6586e-01
-2.6476e-01
-2.4174e-01
-1.9083e-01
-1.1800e-01
-4.9833e-02
1.1218e-02
5.8437e-02
8.2961e-02
9.0619e-02
8.7487e-02
6.9454e-02
3.9359e-02
7.2646e-03
-2.7485e-02
-7.1467e-02
-1.1819e-01
-1.7369e-01
-2.2539e-01
-2.6499e-01
-3.0420e-01
-3.4343e-01
-3.8492e-01
-4.2350e-01
-4.5448e-01
-4.6859e-01
-4.5701e-01
-4.1548e-01
-3.5656e-01
-3.0469e-01
-2.8394e-01
-2.8139e-01
-2.7439e-01
-2.5442e-01
-2.2157e-01
-1.9018e-01
-1.6981e-01
-1.5971e-01
-1.4755e-01
-1.0547e-01
-1.1065e-02
1.4535e-01
3.5602e-01
5.8375e-01
7.8914e-01
9.4188e-01
1.0342e+00
1.1100e+00
1.1998e+00
1.2774e+00
1.3453e+00
1.3986e+00
1.4228e+00
1.4050e+00
1.3136e+00
1.1320e+00
8.6554e-01
5.6699e-01
2.4812e-01
-7.1383e-02
-4.0688e-01
-7.9453e-01
-1.2044e+00
-1.5615e+00
-1.6939e+00
-1.4480e+00
-8.6566e-01
-3.3486e-01
-8.7449e-02
6.5222e-02
2.0548e-01
2.7179e-01
2.2992e-01
8.2513e-02
-9.0746e-02
-1.9207e-01
-1.8657e-01
-1.1822e-01
-4.7717e-02
-1.8642e-03
2.1457e-02
4.5017e-02
8.5457e-02
1.5848e-01
2.5438e-01
3.5116e-01
4.3568e-01
4.8691e-01
4.9645e-01
4.6786e-01
3.9321e-01
2.7914e-01
1.5309e-01
3.0126e-02
-8.2218e-02
-1.5925e-01
-1.9890e-01
-2.0626e-01
-1.8017e-01
-1.2705e-01
-6.9127e-02
-3.7397e-02
-4.8248e-02
-9.3923e-02
-1.6099e-01
-2.3611e-01
-3.0621e-01
-3.7793e-01
-4.4776e-01
-4.9952e-01
-5.3176e-01
-5.4593e-01
-5.4131e-01
-5.2453e-01
-5.0423e-01
-4.7629e-01
-4.2756e-01
-3.4474e-01
-2.1514e-01
-4.7283e-02
1.2004e-01
2.8352e-01
4.5184e-01
5.9418e-01
6.9016e-01
7.3444e-01
7.2029e-01
6.3753e-01
4.8389e-01
2.9068e-01
8.7670e-02
-1.0203e-01
-2.7357e-01
-4.0722e-01
-4.5442e-01
-3.6721e-01
-1.5247e-01
1.2387e-01
3.7568e-01
5.4638e-01
6.3519e-01
6.7123e-01
6.5567e-01
5.9393e-01
4.9778e-01
3.9193e-01
2.7364e-01
1.5525e-01
5.9280e-02
-1.8710e-02
-6.9016e-02
-1.0959e-01
-1.5372e-01
-2.0681e-01
-2.7287e-01
-3.3624e-01
-3.6599e-01
-3.5830e-01
-3.1363e-01
-2.3571e-01
-1.3659e-01
-3.2753e-02
7.4787e-02
1.7513e-01
2.3786e-01
2.8587e-01
3.1532e-01
3.0677e-01
2.6401e-01
1.7910e-01
7.3019e-02
-2.8509e-02
-1.1518e-01
-1.8459e-01
-2.3053e-01
-2.4430e-01
-2.2868e-01
-1.8485e-01
-1.0959e-01
-3.2857e-03
1.1752e-01
2.0939e-01
2.6047e-01
2.5261e-01
2.0742e-01
1.3583e-01
4.5638e-02
-6.0493e-02
-1.7538e-01
-2.7908e-01
-3.7815e-01
-4.5748e-01
-5.1862e-01
-5.8017e-01
-6.4505e-01
-7.0523e-01
-7.7181e-01
-8.1932e-01
-8.4064e-01
-8.2569e-01
-7.6708e-01
-6.7623e-01
-5.6470e-01
-4.4393e-01
-3.0173e-01
-1.4445e-01
-1.5057e-02
7.5249e-02
1.3209e-01
1.7746e-01
2.2067e-01
2.6859e-01
3.3335e-01
4.1130e-01
4.9678e-01
5.9090e-01
6.6826e-01
7.2331e-01
7.5403e-01
7.6207e-01
7.5547e-01
7.3418e-01
6.9492e-01
6.3272e-01
5.4974e-01
4.4748e-01
3.2076e-01
1.7981e-01
4.2523e-02
-8.7174e-02
-2.0058e-01
-2.9915e-01
-3.5381e-01
-3.3353e-01
-2.4497e-01
-1.1587e-01
1.6335e-02
1.1946e-01
1.6076e-01
1.4220e-01
9.1407e-02
2.4377e-02
-3.5777e-02
-5.7949e-02
-3.6021e-02
9.8781e-03
6.3079e-02
1.1327e-01
1.5700e-01
1.9000e-01
2.0797e-01
2.1501e-01
2.1081e-01
1.9187e-01
1.5898e-01
1.1169e-01
5.6515e-02
9.1570e-03
-2.6287e-02
-4.5916e-02
-4.2746e-02
-1.5732e-02
2.8580e-02
7.2120e-02
9.8430e-02
1.0054e-01
8.2880e-02
5.2638e-02
1.5966e-02
-2.3899e-02
-6.9717e-02
-1.2095e-01
-1.8451e-01
-2.5827e-01
-3.2353e-01
-3.7183e-01
-3.9047e-01
-3.7800e-01
-3.4665e-01
-3.0831e-01
-2.7559e-01
-2.5709e-01
-2.5256e-01
-2.4997e-01
-2.4367e-01
-2.3074e-01
-2.0643e-01
-1.6751e-01
-1.1181e-01
-4.4500e-02
3.3715e-02
1.2858e-01
2.3778e-01
3.3945e-01
4.1844e-01
4.7858e-01
5.0884e-01
5.1834e-01
5.1427e-01
4.9821e-01
4.6641e-01
4.2397e-01
3.7757e-01
3.2643e-01
2.7871e-01
2.2611e-01
1.5975e-01
8.9873e-02
1.9057e-02
-4.0080e-02
-1.0723e-01
-1.7398e-01
-2.3431e-01
-2.8790e-01
-3.3245e-01
-3.5929e-01
-3.6347e-01
-3.4904e-01
-3.1987e-01
-2.8497e-01
-2.5637e-01
-2.4502e-01
-2.4008e-01
-2.3350e-01
-2.2363e-01
-2.1296e-01
-2.0494e-01
-1.9577e-01
-1.8365e-01
-1.6827e-01
-1.3898e-01
-9.2669e-02
-4.2150e-02
9.7758e-03
4.9972e-02
8.7028e-02
1.1766e-01
1.4076e-01
1.7053e-01
2.0086e-01
2.2741e-01
2.4656e-01
2.4894e-01
2.2920e-01
1.9306e-01
1.4818e-01
1.0079e-01
6.0824e-02
3.8601e-02
2.8972e-02
2.5954e-02
2.9014e-02
3.1320e-02
2.9897e-02
2.7251e-02
2.8105e-02
3.5411e-02
4.9101e-02
6.4059e-02
7.3782e-02
7.6529e-02
6.7157e-02
3.9369e-02
-4.9548e-03
-5.8137e-02
-1.0693e-01
-1.4446e-01
-1.6881e-01
-1.8360e-01
-1.8708e-01
-1.7536e-01
-1.5082e-01
-1.1817e-01
-8.4756e-02
-5.2614e-02
-2.2848e-02
1.1794e-03
2.5516e-02
4.4818e-02
5.3773e-02
5.3941e-02
4.8405e-02
4.2667e-02
4.0451e-02
4.4224e-02
5.3823e-02
6.5219e-02
7.4717e-02
8.2320e-02
8.4955e-02
7.7543e-02
5.9693e-02
3.1169e-02
-7.9797e-03
-4.8859e-02
-8.6801e-02
-1.2117e-01
-1.4147e-01
-1.4572e-01
-1.4021e-01
-1.2463e-01
-9.6327e-02
-5.5848e-02
-7.7621e-03
4.2201e-02
7.8541e-02
9.8783e-02
1.0536e-01
9.7448e-02
7.7770e-02
5.3904e-02
3.4587e-02
2.2059e-02
1.3518e-02
1.8136e-03
-1.4675e-02
-2.6350e-02
-2.4516e-02
-6.7863e-03
2.1200e-02
4.8386e-02
6.5311e-02
6.5543e-02
5.1550e-02
3.0126e-02
4.0118e-03
-2.2011e-02
-4.1539e-02
-5.4873e-02
-6.1225e-02
-5.9873e-02
-5.1750e-02
-3.4631e-02
-6.3776e-03
3.0567e-02
7.0692e-02
1.0966e-01
1.4335e-01
1.6225e-01
1.6610e-01
1.5461e-01
1.2630e-01
8.2263e-02
3.7019e-02
8.0992e-03
-1.0447e-02
-1.9737e-02
-2.0343e-02
-1.7259e-02
-1.5927e-02
-1.8091e-02
-2.7684e-02
-4.4088e-02
-6.5314e-02
-8.8207e-02
-1.0529e-01
-1.1674e-01
-1.2333e-01
-1.2731e-01
-1.3167e-01
-1.3763e-01
-1.4683e-01
-1.5348e-01
-1.5229e-01
-1.4554e-01
-1.3164e-01
-1.1194e-01
-8.5957e-02
-5.9003e-02
-3.5299e-02
-1.7507e-02
-6.8001e-03
4.9134e-03
1.7163e-02
2.6940e-02
3.2502e-02
3.4443e-02
3.2425e-02
2.9242e-02
2.7937e-02
3.1953e-02
4.1034e-02
5.4911e-02
7.2910e-02
8.7949e-02
9.2669e-02
8.7745e-02
7.4018e-02
5.4222e-02
3.2832e-02
1.7848e-02
1.5587e-02
2.1073e-02
2.9849e-02
3.5994e-02
3.5819e-02
2.9621e-02
2.0762e-02
1.1380e-02
3.0322e-03
-4.6153e-03
-1.1568e-02
-1.6550e-02
-2.0388e-02
-2.3384e-02
-2.7482e-02
-3.4288e-02
-4.3283e-02
-5.4425e-02
-6.4894e-02
-7.0207e-02
-7.0158e-02
-6.5979e-02
-5.6625e-02
-4.3303e-02
-3.0827e-02
-2.0435e-02
-1.1864e-02
-6.5516e-03
-4.7618e-03
-6.6509e-03
-1.4548e-02
-2.8403e-02
-3.9709e-02
-4.1085e-02
-2.8654e-02
-4.8917e-03
1.5581e-02
1.6830e-02
-7.5487e-04
-2.8080e-02
-5.6189e-02
-8.0189e-02
-9.3341e-02
-9.3147e-02
-8.9515e-02
-9.0131e-02
-9.7649e-02
-1.0632e-01
-1.0528e-01
-8.6316e-02
-5.0604e-02
-8.3638e-03
3.1887e-02
6.1380e-02
7.7203e-02
9.0462e-02
1.0430e-01
1.1648e-01
1.2044e-01
1.1112e-01
9.2014e-02
6.4260e-02
3.8083e-02
1.4411e-02
-1.6351e-03
-1.8836e-03
7.8669e-03
2.0196e-02
2.9828e-02
3.3757e-02
3.3449e-02
3.2512e-02
3.3410e-02
3.6062e-02
3.9492e-02
4.1720e-02
4.0851e-02
3.9537e-02
3.9447e-02
4.2380e-02
4.9866e-02
6.0150e-02
6.8509e-02
7.3964e-02
7.3784e-02
6.8910e-02
6.0250e-02
4.9009e-02
3.6841e-02
2.6166e-02
1.5365e-02
-8.8622e-04
-2.1556e-02
-3.9854e-02
-5.2163e-02
-5.7239e-02
-5.6674e-02
-5.2683e-02
-4.5395e-02
-3.7795e-02
-3.5246e-02
-3.9052e-02
-4.5221e-02
-5.0368e-02
-5.4265e-02
-5.8046e-02
-6.3271e-02
-7.0681e-02
-7.4383e-02
-7.1822e-02
-5.8045e-02
-3.3839e-02
1.1297e-03
3.6910e-02
5.7837e-02
6.1673e-02
4.9790e-02
3.4084e-02
2.4644e-02
2.6150e-02
3.5387e-02
4.8073e-02
5.6563e-02
5.9147e-02
5.5915e-02
4.5342e-02
3.1580e-02
2.1659e-02
1.8756e-02
2.1971e-02
2.7923e-02
3.0895e-02
2.5782e-02
1.1567e-02
-9.8373e-03
-3.3605e-02
-5.2171e-02
-6.5533e-02
-7.4503e-02
-7.8211e-02
-7.6742e-02
-7.0815e-02
-6.1966e-02
-5.1871e-02
-4.0783e-02
-3.2993e-02
-3.4669e-02
-4.5650e-02
-6.4640e-02
-8.2930e-02
-9.2336e-02
-8.7019e-02
-6.6584e-02
-3.5569e-02
-7.8152e-03
1.3731e-02
2.7899e-02
2.8832e-02
2.2631e-02
9.5139e-03
-3.3455e-03
-1.2620e-02
-1.5719e-02
-1.6248e-02
-1.4919e-02
-1.3776e-02
-1.4212e-02
-1.5441e-02
-1.1601e-02
1.9829e-03
2.6256e-02
5.8427e-02
8.9703e-02
1.1204e-01
1.2487e-01
1.2865e-01
1.2267e-01
1.0999e-01
9.2184e-02
7.2106e-02
5.0360e-02
3.0739e-02
1.6513e-02
8.2190e-03
2.2222e-03
-4.3403e-03
-9.5292e-03
-1.1157e-02
-8.6326e-03
-1.7789e-03
7.9193e-03
1.6561e-02
1.9306e-02
1.4786e-02
3.5897e-03
-1.2382e-02
-2.7898e-02
-3.6904e-02
-4.1762e-02
-4.0198e-02
-3.3254e-02
-2.9598e-02
-3.1372e-02
-3.7428e-02
-4.2594e-02
-4.7674e-02
-4.9892e-02
-5.5348e-02
-6.4424e-02
-7.7142e-02
-9.2808e-02
-1.0682e-01
-1.1830e-01
-1.2214e-01
-1.1432e-01
-9.9875e-02
-8.2335e-02
-6.4890e-02
-4.7071e-02
-2.9335e-02
-1.3583e-02
-6.1487e-05
1.0767e-02
1.8406e-02
2.2465e-02
2.6564e-02
3.5198e-02
4.8703e-02
6.6036e-02
8.3051e-02
9.6828e-02
1.0249e-01
9.4318e-02
6.8166e-02
2.6674e-02
-1.5184e-02
-4.6483e-02
-6.3143e-02
-6.2192e-02
-5.2618e-02
-4.0580e-02
-2.6237e-02
-8.9699e-03
9.0333e-03
3.5385e-02
6.8815e-02
1.0118e-01
1.2343e-01
1.3055e-01
1.1461e-01
7.9737e-02
3.6113e-02
1.0286e-03
-1.9379e-02
-1.8669e-02
-1.1455e-02
-6.3354e-03
-4.7791e-03
-6.0760e-03
-7.7221e-03
-7.4172e-03
-4.7292e-03
-1.1657e-03
1.0280e-03
-7.2870e-04
-3.6287e-03
-5.4767e-03
-2.8973e-03
4.3277e-03
9.7925e-03
6.3736e-03
-5.1819e-03
-1.8188e-02
-2.6686e-02
-2.7036e-02
-2.0205e-02
-8.5007e-03
3.4199e-03
9.8493e-03
9.3453e-03
2.3991e-03
-8.2894e-03
-1.8797e-02
-2.3183e-02
-1.6798e-02
-2.8020e-03
9.7560e-03
1.4285e-02
8.7515e-03
-2.1263e-03
-1.0165e-02
-1.0014e-02
2.2533e-03
1.9785e-02
3.2912e-02
3.3425e-02
1.9986e-02
8.2944e-04
-1.5008e-02
-1.9493e-02
-5.5807e-03
2.2349e-02
5.1207e-02
6.8034e-02
7.0960e-02
6.2579e-02
4.6975e-02
2.6049e-02
4.4958e-03
-1.9481e-02
-4.0576e-02
-5.1753e-02
-5.6032e-02
-5.5517e-02
-5.3440e-02
-4.7839e-02
-3.8523e-02
-2.5109e-02
-1.1320e-02
-1.4130e-03
-2.1164e-04
-3.7924e-03
-8.9864e-03
-1.4492e-02
-1.8053e-02
-1.6197e-02
-1.5117e-02
-1.7439e-02
-2.3648e-02
-3.2324e-02
-3.8271e-02
-3.8873e-02
-3.5644e-02
-2.7350e-02
-1.7954e-02
-1.0468e-02
-8.0188e-03
-1.0937e-02
-1.8324e-02
-2.6594e-02
-3.4451e-02
-3.8885e-02
-3.5672e-02
-2.7637e-02
-1.9514e-02
-1.2763e-02
-9.6272e-03
-1.0831e-02
-1.3451e-02
-1.4432e-02
-9.0895e-03
2.6772e-03
1.7385e-02
2.9132e-02
3.5395e-02
3.7658e-02
3.8838e-02
4.1022e-02
4.5806e-02
5.1306e-02
5.5185e-02
5.7971e-02
5.8964e-02
5.6157e-02
5.0310e-02
4.3508e-02
3.8700e-02
3.8209e-02
4.2490e-02
4.6700e-02
4.6480e-02
3.7796e-02
2.0491e-02
-5.5872e-04
-1.8010e-02
-2.6911e-02
-2.4707e-02
-9.3828e-03
1.5194e-02
3.7780e-02
5.2041e-02
5.6962e-02
5.1043e-02
3.5524e-02
1.5801e-02
-9.8392e-04
-1.1531e-02
-1.4116e-02
-5.9981e-03
7.2054e-03
1.5843e-02
1.8894e-02
1.2621e-02
-2.3657e-03
-2.2379e-02
-4.4719e-02
-6.1070e-02
-7.0197e-02
-7.0124e-02
-5.6585e-02
-3.4692e-02
-1.2837e-02
6.7659e-03
1.8208e-02
1.7508e-02
1.1002e-02
5.3978e-03
1.5784e-03
-1.2480e-03
-4.0302e-03
-9.2036e-03
-2.0492e-02
-3.5768e-02
-5.4113e-02
-7.2975e-02
-8.4020e-02
-8.5384e-02
-8.1313e-02
-7.5506e-02
-7.1006e-02
-6.8673e-02
-6.7998e-02
-6.5685e-02
-6.2037e-02
-5.3194e-02
-3.9574e-02
-2.2285e-02
-8.5808e-04
1.9332e-02
3.1629e-02
3.4717e-02
2.9020e-02
1.7710e-02
3.3808e-03
-9.6796e-03
-1.6704e-02
-1.8659e-02
-1.6836e-02
-1.2003e-02
-1.0189e-02
-1.1425e-02
-1.1954e-02
-1.1850e-02
-1.2280e-02
-1.4546e-02
-1.8780e-02
-2.3417e-02
-2.9676e-02
-3.3799e-02
-3.9345e-02
-4.2450e-02
-3.9558e-02
-3.1196e-02
-1.7857e-02
-6.3439e-03
3.4699e-03
1.1746e-02
1.8400e-02
2.3691e-02
2.6325e-02
2.8530e-02
2.8829e-02
2.8498e-02
2.8177e-02
2.8242e-02
3.0258e-02
3.5141e-02
4.1653e-02
4.5288e-02
4.3229e-02
3.4799e-02
2.1990e-02
4.2986e-03
-1.6697e-02
-3.9611e-02
-5.5706e-02
-6.0540e-02
-5.6951e-02
-4.8092e-02
-3.6685e-02
-2.3560e-02
-1.1128e-02
2.4226e-03
1.6154e-02
2.8747e-02
3.8923e-02
4.4060e-02
4.5303e-02
4.5523e-02
4.5945e-02
4.5156e-02
4.1596e-02
3.4772e-02
2.4295e-02
8.7816e-03
-1.2008e-02
-3.5785e-02
-5.6778e-02
-7.2013e-02
-8.2793e-02
-8.8860e-02
-8.8890e-02
-8.4396e-02
-7.5484e-02
-6.3336e-02
-4.8052e-02
-2.8247e-02
-1.0869e-03
3.2412e-02
6.7735e-02
1.0114e-01
1.2346e-01
1.3464e-01
1.3997e-01
1.3863e-01
1.3137e-01
1.2107e-01
1.0654e-01
8.8700e-02
7.0101e-02
5.2159e-02
3.7982e-02
3.0388e-02
2.4415e-02
1.4312e-02
-7.6454e-04
-2.1430e-02
-4.2413e-02
-5.8667e-02
-6.6750e-02
-6.3698e-02
-5.4126e-02
-4.6124e-02
-4.5281e-02
-4.8036e-02
-4.8918e-02
-4.6303e-02
-3.9157e-02
-2.8251e-02
-1.4176e-02
-2.7725e-04
9.3101e-03
1.4889e-02
1.7104e-02
1.3210e-02
2.3376e-03
-1.3346e-02
-2.9308e-02
-4.4824e-02
-5.6220e-02
-6.6216e-02
-7.6134e-02
-8.2769e-02
-8.7792e-02
-9.1898e-02
-9.5231e-02
-9.8993e-02
-1.0031e-01
-9.7665e-02
-8.8510e-02
-7.1783e-02
-4.9161e-02
-2.5876e-02
-9.6194e-03
-1.2329e-03
-3.7404e-03
-1.4172e-02
-2.5342e-02
-2.5234e-02
-8.1016e-03
2.0948e-02
5.5492e-02
8.0387e-02
9.1461e-02
8.8251e-02
8.0941e-02
7.5956e-02
7.8351e-02
8.5070e-02
9.6540e-02
1.1122e-01
1.2377e-01
1.2858e-01
1.1782e-01
9.0150e-02
5.5055e-02
1.9604e-02
-1.0298e-02
-2.3903e-02
-3.0586e-02
-3.7174e-02
-4.4630e-02
-5.8117e-02
-7.9324e-02
-1.0284e-01
-1.1862e-01
-1.2135e-01
-1.0951e-01
-8.2604e-02
-5.2058e-02
-2.8577e-02
-1.9737e-02
-2.1414e-02
-2.2718e-02
-2.1081e-02
-1.7517e-02
-1.3065e-02
-9.7314e-03
-9.9178e-03
-1.2606e-02
-1.8106e-02
-2.4494e-02
-2.5893e-02
-1.7939e-02
9.7286e-04
2.8720e-02
5.8577e-02
8.3048e-02
8.7152e-02
6.9157e-02
4.0206e-02
8.9850e-03
-1.5199e-02
-2.1133e-02
-8.3547e-03
1.2997e-02
3.1478e-02
3.6632e-02
3.2265e-02
2.3325e-02
1.2099e-02
1.7528e-03
-7.5572e-03
-1.8867e-02
-3.1655e-02
-4.0077e-02
-4.4370e-02
-4.4726e-02
-3.9542e-02
-3.0287e-02
-1.9179e-02
-7.1466e-03
7.0545e-03
2.2968e-02
3.7019e-02
4.4903e-02
4.4330e-02
3.9110e-02
3.2683e-02
2.7337e-02
2.3368e-02
2.2193e-02
2.5515e-02
3.0115e-02
3.0768e-02
2.7730e-02
2.3423e-02
1.9975e-02
1.9437e-02
2.2689e-02
2.9235e-02
3.5204e-02
3.6098e-02
2.7787e-02
1.2416e-02
-6.3645e-03
-2.2281e-02
-2.8041e-02
-2.3243e-02
-1.4629e-02
-8.4886e-03
-8.4493e-03
-1.3544e-02
-2.3282e-02
-3.5469e-02
-4.2361e-02
-3.7035e-02
-1.9193e-02
5.6105e-03
2.9583e-02
4.7323e-02
5.4241e-02
4.8774e-02
3.5386e-02
1.8896e-02
1.4658e-03
-1.4395e-02
-2.5756e-02
-3.2407e-02
-3.5111e-02
-3.1711e-02
-2.6019e-02
-2.2874e-02
-2.2831e-02
-2.4314e-02
-2.4876e-02
-2.3097e-02
-1.7421e-02
-7.3838e-03
5.8657e-03
1.9598e-02
3.1257e-02
4.0861e-02
4.5947e-02
4.4440e-02
3.6918e-02
2.5802e-02
1.5776e-02
1.1699e-02
1.5606e-02
2.6339e-02
3.9711e-02
5.0686e-02
5.5843e-02
5.2061e-02
4.0728e-02
2.6632e-02
1.3699e-02
6.5543e-03
7.4154e-03
1.7378e-02
3.4799e-02
5.6768e-02
8.1959e-02
1.1013e-01
1.3395e-01
1.4753e-01
1.5150e-01
1.4742e-01
1.3851e-01
1.2619e-01
1.1099e-01
9.3720e-02
7.4484e-02
5.3893e-02
3.0043e-02
5.5471e-03
-1.7005e-02
-3.8864e-02
-5.6147e-02
-6.4276e-02
-6.2382e-02
-4.8397e-02
-2.5590e-02
-1.2278e-03
1.7516e-02
2.7852e-02
2.9784e-02
2.3670e-02
1.2007e-02
-2.8006e-03
-1.7786e-02
-3.2380e-02
-4.3634e-02
-5.0745e-02
-5.4517e-02
-5.3355e-02
-4.5329e-02
-3.1389e-02
-1.1811e-02
1.4064e-02
4.2093e-02
6.7760e-02
8.9874e-02
1.0599e-01
1.1397e-01
1.1346e-01
1.0134e-01
7.8076e-02
4.8434e-02
1.5464e-02
-2.3914e-02
-6.8543e-02
-1.1493e-01
-1.5799e-01
-1.8541e-01
-1.8628e-01
-1.6367e-01
-1.2152e-01
-6.9375e-02
-2.3922e-02
3.2770e-03
1.3970e-02
8.6082e-03
-1.2372e-02
-4.1063e-02
-7.0193e-02
-9.4583e-02
-1.1277e-01
-1.2325e-01
-1.2816e-01
-1.3183e-01
-1.3671e-01
-1.4191e-01
-1.4423e-01
-1.4033e-01
-1.2721e-01
-1.0547e-01
-7.5689e-02
-4.0396e-02
-6.7257e-03
1.9297e-02
3.7615e-02
4.9404e-02
5.9461e-02
6.8283e-02
7.4367e-02
7.6631e-02
7.2900e-02
6.1969e-02
4.5087e-02
2.6897e-02
1.0153e-02
-3.3377e-03
-1.1403e-02
-1.4170e-02
-1.2824e-02
-7.2727e-03
-2.0034e-04
5.3214e-03
9.8956e-03
1.6600e-02
2.3039e-02
2.4483e-02
2.1238e-02
1.3413e-02
1.9339e-03
-8.7890e-03
-1.7516e-02
-2.5546e-02
-3.0674e-02
-3.3559e-02
-3.3660e-02
-2.6985e-02
-1.3464e-02
4.5625e-03
2.2613e-02
3.5536e-02
4.1939e-02
4.4740e-02
4.4442e-02
3.9991e-02
3.0971e-02
1.7537e-02
2.1556e-03
-1.1672e-02
-2.2868e-02
-2.7867e-02
-2.6199e-02
-1.9652e-02
-8.4280e-03
6.3638e-03
2.3552e-02
4.3553e-02
6.5910e-02
8.6056e-02
1.0381e-01
1.1894e-01
1.2681e-01
1.2389e-01
1.1057e-01
8.9193e-02
6.2315e-02
3.6271e-02
1.4439e-02
-4.3993e-03
-1.6345e-02
-2.1565e-02
-2.3752e-02
-2.4321e-02
-2.7305e-02
-3.7784e-02
-5.7049e-02
-8.0966e-02
-9.9615e-02
-1.0699e-01
-9.9555e-02
-7.3634e-02
-3.0642e-02
2.0756e-02
6.6213e-02
9.5297e-02
1.0315e-01
8.6698e-02
5.1500e-02
1.0748e-02
-2.6487e-02
-5.6870e-02
-7.3782e-02
-7.5566e-02
-6.7838e-02
-5.9418e-02
-5.4321e-02
-5.3854e-02
-5.7129e-02
-5.8734e-02
-5.2976e-02
-3.9247e-02
-1.8972e-02
3.8901e-03
2.7431e-02
4.9182e-02
6.4565e-02
7.5647e-02
8.7476e-02
1.0190e-01
1.1797e-01
1.3257e-01
1.4336e-01
1.4697e-01
1.3866e-01
1.1607e-01
8.3380e-02
4.8899e-02
1.6051e-02
-1.4243e-02
-3.6169e-02
-4.8613e-02
-5.4821e-02
-5.7934e-02
-6.0246e-02
-6.4553e-02
-7.2977e-02
-8.3134e-02
-9.0725e-02
-9.3720e-02
-8.9997e-02
-7.7686e-02
-5.7868e-02
-3.2226e-02
-7.1439e-03
1.2016e-02
2.2567e-02
2.7977e-02
3.3157e-02
3.8096e-02
4.1382e-02
4.3101e-02
4.1579e-02
3.2997e-02
1.6496e-02
-1.1361e-03
-1.6444e-02
-2.3661e-02
-2.4079e-02
-1.9883e-02
-1.3519e-02
-5.4254e-03
6.1496e-03
2.0679e-02
3.7330e-02
5.2374e-02
6.3585e-02
7.1233e-02
7.4501e-02
7.4388e-02
7.2450e-02
6.7844e-02
6.0175e-02
4.7185e-02
2.7676e-02
1.1085e-03
-3.1657e-02
-6.2531e-02
-8.7542e-02
-1.0323e-01
-1.1242e-01
-1.1553e-01
-1.1026e-01
-1.0145e-01
-9.1429e-02
-8.3412e-02
-7.9227e-02
-7.7786e-02
-7.8174e-02
-7.7281e-02
-7.2603e-02
-6.3602e-02
-5.2886e-02
-4.3510e-02
-3.3972e-02
-2.0488e-02
-3.6422e-03
1.9058e-02
4.5559e-02
6.8886e-02
8.6931e-02
9.4933e-02
9.3810e-02
8.5340e-02
7.3029e-02
5.9824e-02
4.7591e-02
3.9800e-02
3.5630e-02
3.2131e-02
2.7998e-02
2.1569e-02
1.5604e-02
1.2377e-02
1.2156e-02
1.2864e-02
1.4116e-02
1.6101e-02
1.7450e-02
1.5280e-02
1.2846e-02
1.1741e-02
6.5691e-03
-4.0577e-03
-1.6276e-02
-3.1391e-02
-4.4201e-02
-5.4276e-02
-5.8284e-02
-5.2744e-02
-4.1183e-02
-2.6823e-02
-1.4718e-02
-9.6332e-03
-1.0624e-02
-2.0868e-02
-3.2782e-02
-4.1878e-02
-4.8510e-02
-5.2444e-02
-4.9602e-02
-4.2910e-02
-3.4388e-02
-2.9059e-02
-2.5749e-02
-2.4293e-02
-2.4741e-02
-2.3380e-02
-1.9768e-02
-1.5302e-02
-1.3436e-02
-1.3411e-02
-1.6839e-02
-1.8853e-02
-1.7375e-02
-1.2985e-02
-5.6268e-03
2.7633e-03
9.9860e-03
1.3190e-02
1.5981e-02
2.0830e-02
2.4944e-02
2.8121e-02
3.0494e-02
2.9078e-02
2.4381e-02
1.7288e-02
1.0697e-02
7.0754e-03
9.0188e-03
1.7071e-02
2.6053e-02
2.9687e-02
2.6966e-02
1.6843e-02
3.4447e-04
-2.1670e-02
-4.2919e-02
-5.7847e-02
-6.5274e-02
-6.5798e-02
-5.8135e-02
-4.5712e-02
-3.1617e-02
-1.5311e-02
-3.3099e-04
7.7970e-03
1.0855e-02
1.0200e-02
8.9173e-03
7.0151e-03
5.2251e-03
5.9137e-03
8.0099e-03
1.2353e-02
1.8360e-02
2.3145e-02
2.6131e-02
2.8612e-02
2.9714e-02
2.7480e-02
2.2632e-02
1.6969e-02
1.2842e-02
1.0801e-02
9.5942e-03
8.3443e-03
5.7461e-03
-1.3700e-03
-1.2199e-02
-2.2397e-02
-2.9404e-02
-3.4301e-02
-3.8647e-02
-4.1937e-02
-4.4471e-02
-4.7316e-02
-5.1250e-02
-5.5683e-02
-5.9523e-02
-6.4482e-02
-7.0636e-02
-7.4325e-02
-7.3351e-02
-6.8148e-02
-6.1718e-02
-5.6071e-02
-5.1277e-02
-4.6439e-02
-4.0024e-02
-3.1290e-02
-2.0342e-02
-8.7115e-03
2.4906e-03
1.3882e-02
2.6448e-02
4.0669e-02
5.5194e-02
6.6437e-02
7.3228e-02
7.7193e-02
8.2112e-02
8.8230e-02
9.2974e-02
9.5204e-02
9.4872e-02
8.9988e-02
7.7471e-02
5.8770e-02
3.7139e-02
1.5243e-02
-1.9693e-03
-1.3851e-02
-2.1851e-02
-2.3466e-02
-1.7409e-02
-6.7298e-03
5.4003e-03
1.8542e-02
3.1960e-02
4.2415e-02
4.8655e-02
5.1625e-02
5.1624e-02
4.9502e-02
4.5103e-02
3.9504e-02
3.2631e-02
2.6621e-02
2.2199e-02
1.9859e-02
1.9457e-02
1.8152e-02
1.5202e-02
1.2589e-02
1.4091e-02
1.8819e-02
2.4781e-02
3.2742e-02
3.8797e-02
4.3161e-02
4.6645e-02
4.9435e-02
5.2705e-02
5.3680e-02
5.1614e-02
4.5191e-02
3.3892e-02
1.7510e-02
3.9774e-04
-1.0464e-02
-1.7041e-02
-2.3523e-02
-2.7016e-02
-3.0119e-02
-3.4354e-02
-3.7334e-02
-4.0280e-02
-4.0809e-02
-4.0508e-02
-3.8742e-02
-3.3958e-02
-2.6853e-02
-1.8913e-02
-1.4947e-02
-1.2941e-02
-1.2321e-02
-1.8094e-02
-2.8089e-02
-3.7408e-02
-4.8028e-02
-5.6615e-02
-6.1398e-02
-6.3004e-02
-5.9434e-02
-5.1547e-02
-4.0829e-02
-2.8270e-02
-1.8242e-02
-7.8165e-03
-1.4517e-03
3.9448e-03
7.1308e-03
4.9392e-03
-2.1832e-03
-1.3707e-02
-2.3146e-02
-2.9669e-02
-3.4292e-02
-3.4116e-02
-3.2860e-02
-2.9717e-02
-2.3645e-02
-1.7790e-02
-1.3254e-02
-1.1231e-02
-1.1843e-02
-1.2481e-02
-1.2581e-02
-1.1597e-02
-7.9810e-03
-1.2347e-03
6.5244e-03
1.4766e-02
2.1820e-02
2.3728e-02
2.3113e-02
2.3032e-02
2.2823e-02
2.1374e-02
1.8817e-02
1.6540e-02
1.1463e-02
5.6443e-03
5.6498e-03
7.5391e-03
1.1401e-02
1.7512e-02
2.2244e-02
2.4455e-02
2.4336e-02
2.3976e-02
2.2228e-02
1.7497e-02
1.1181e-02
7.9082e-03
3.6280e-03
1.0575e-03
1.2378e-03
1.2743e-03
1.8693e-03
4.0648e-03
7.9967e-03
1.3150e-02
2.0511e-02
2.6047e-02
2.8008e-02
2.9181e-02
2.7959e-02
2.5781e-02
2.3919e-02
2.2673e-02
1.9388e-02
1.4862e-02
1.2288e-02
1.0832e-02
8.6205e-03
7.7901e-03
1.0912e-02
1.4807e-02
1.7214e-02
1.8531e-02
1.6957e-02
1.4064e-02
1.1107e-02
8.6980e-03
5.2332e-03
1.3663e-03
-2.9876e-03
-4.9631e-03
-4.5548e-03
-4.6562e-03
-5.2159e-03
-5.6797e-03
-5.1427e-03
-3.1335e-03
-1.9534e-04
6.4710e-04
-3.8051e-03
-1.1537e-02
-2.0224e-02
-2.9443e-02
-3.7847e-02
-4.5693e-02
-4.9985e-02
-5.0275e-02
-4.5848e-02
-3.8528e-02
-3.0477e-02
-2.2884e-02
-1.7402e-02
-1.2943e-02
-1.0815e-02
-1.2393e-02
-1.7062e-02
-2.4558e-02
-3.1913e-02
-3.6283e-02
-3.5727e-02
-3.2857e-02
-2.8578e-02
-2.6170e-02
-2.4411e-02
-2.1560e-02
-1.7404e-02
-1.1276e-02
-4.6967e-03
1.8975e-03
7.5413e-03
1.0037e-02
7.3208e-03
1.2535e-05
-1.0340e-02
-2.3934e-02
-3.6744e-02
-4.3503e-02
-4.3209e-02
-3.7617e-02
-3.1270e-02
-2.6446e-02
-2.3620e-02
-2.3274e-02
-2.4203e-02
-2.4348e-02
-2.2754e-02
-1.8407e-02
-1.1090e-02
-2.2843e-03
7.1649e-03
1.6494e-02
2.4266e-02
3.2029e-02
4.0614e-02
4.6194e-02
4.5669e-02
4.0402e-02
3.2610e-02
2.3345e-02
1.3493e-02
3.7523e-03
-7.3255e-03
-1.8949e-02
-2.9226e-02
-3.7700e-02
-4.0011e-02
-3.5689e-02
-2.6893e-02
-1.5787e-02
-5.3416e-03
4.4015e-03
1.0810e-02
1.1572e-02
1.0622e-02
9.3258e-03
7.0125e-03
4.2850e-03
-1.1037e-06
-5.8359e-03
-1.2424e-02
-2.0262e-02
-2.8937e-02
-3.6123e-02
-4.1384e-02
-4.4649e-02
-4.4792e-02
-4.2669e-02
-3.9627e-02
-3.7281e-02
-3.5450e-02
-3.4359e-02
-3.2863e-02
-2.9599e-02
-2.5625e-02
-2.0388e-02
-1.4367e-02
-6.9872e-03
1.5532e-03
8.1674e-03
1.2849e-02
1.6761e-02
2.0404e-02
2.5028e-02
2.8978e-02
3.0186e-02
2.9964e-02
2.9135e-02
2.7151e-02
2.4412e-02
2.3035e-02
2.2031e-02
2.1775e-02
2.4279e-02
2.6193e-02
2.8107e-02
3.0220e-02
3.2564e-02
3.6009e-02
3.8717e-02
4.1133e-02
4.1683e-02
4.1605e-02
4.1544e-02
4.0835e-02
3.9085e-02
3.6825e-02
3.5754e-02
3.3430e-02
2.8983e-02
2.4902e-02
2.1380e-02
1.9078e-02
1.9386e-02
2.0017e-02
1.9007e-02
1.5187e-02
8.5515e-03
2.0198e-03
-3.7290e-03
-8.1222e-03
-1.0138e-02
-1.0362e-02
-1.1879e-02
-1.4500e-02
-1.6227e-02
-1.7515e-02
-2.0274e-02
-2.3267e-02
-2.2766e-02
-2.0029e-02
-1.5046e-02
-8.5806e-03
2.4761e-04
5.3215e-03
6.4201e-03
3.5797e-03
-1.4114e-03
-7.1942e-03
-1.5896e-02
-2.2174e-02
-2.7281e-02
-3.1652e-02
-3.3899e-02
-3.3893e-02
-3.2617e-02
-2.9018e-02
-2.3138e-02
-1.7095e-02
-1.1131e-02
-5.6183e-03
-1.6427e-03
2.2773e-05
5.4523e-04
3.1508e-03
7.9139e-03
1.3867e-02
2.1324e-02
2.5337e-02
2.3336e-02
1.8913e-02
1.2632e-02
5.5557e-03
-2.4289e-03
-1.0099e-02
-1.5358e-02
-1.9814e-02
-2.3304e-02
-2.5842e-02
-2.7946e-02
-2.8813e-02
-2.8986e-02
-2.6792e-02
-2.0250e-02
-1.0052e-02
4.3509e-04
9.2524e-03
1.7384e-02
2.4463e-02
2.8454e-02
2.9272e-02
2.7087e-02
2.3050e-02
1.8917e-02
1.6492e-02
1.4824e-02
1.3299e-02
1.1925e-02
8.8980e-03
5.0320e-03
8.6708e-04
-3.6714e-03
-6.8215e-03
-9.2771e-03
-1.1056e-02
-1.0797e-02
-8.8257e-03
-4.4090e-03
1.6618e-03
7.6038e-03
1.3257e-02
1.8425e-02
2.2480e-02
2.5210e-02
2.7707e-02
3.0360e-02
3.2674e-02
3.4991e-02
3.4593e-02
3.1312e-02
2.7376e-02
2.2954e-02
1.7564e-02
1.1477e-02
3.9147e-03
-5.3451e-03
-1.4600e-02
-2.3448e-02
-3.0089e-02
-3.2923e-02
-3.1160e-02
-2.5325e-02
-1.7596e-02
-9.4596e-03
-2.7668e-03
2.4274e-03
5.9853e-03
6.4044e-03
3.7257e-03
-1.6161e-03
-7.8878e-03
-1.3024e-02
-1.5713e-02
-1.5233e-02
-1.3056e-02
-1.1128e-02
-1.1086e-02
-1.1319e-02
-8.9685e-03
-3.4164e-03
3.2207e-03
8.7651e-03
1.2187e-02
1.2935e-02
1.1983e-02
9.5141e-03
5.1558e-03
8.3865e-04
-2.1171e-03
-4.4352e-03
-4.6276e-03
-3.3230e-03
-1.2794e-03
6.6851e-04
4.2741e-04
6.0195e-04
3.5685e-03
9.4994e-03
1.6007e-02
2.1877e-02
2.6627e-02
2.9443e-02
3.0399e-02
3.1514e-02
3.2282e-02
3.0780e-02
3.0427e-02
2.9905e-02
2.7206e-02
2.2698e-02
1.8818e-02
1.5432e-02
9.9995e-03
4.5938e-03
1.0118e-03
-8.4562e-04
-2.7486e-03
-4.1064e-03
-7.6618e-03
-1.4339e-02
-2.0410e-02
-2.2696e-02
-1.9345e-02
-1.1658e-02
-2.3764e-03
6.6439e-03
1.4385e-02
1.8951e-02
1.7561e-02
1.3989e-02
8.2558e-03
1.4399e-03
-6.6658e-03
-1.5006e-02
-1.9703e-02
-2.2090e-02
-2.2128e-02
-2.1068e-02
-1.7787e-02
-1.2023e-02
-7.1112e-03
-3.8984e-03
-1.8348e-03
5.6181e-04
6.2499e-04
5.2145e-04
8.2791e-04
1.0706e-03
1.2732e-03
1.2481e-03
1.0522e-03
7.5183e-04
7.9372e-04
1.7700e-03
4.2756e-03
7.6456e-03
9.8953e-03
1.3268e-02
1.6655e-02
2.1599e-02
2.5341e-02
2.7444e-02
3.0025e-02
3.0348e-02
3.0296e-02
2.9365e-02
2.6191e-02
2.0847e-02
1.4852e-02
8.2847e-03
7.3815e-04
-7.2397e-03
-1.4680e-02
-2.0347e-02
-2.6883e-02
-3.4712e-02
-4.1936e-02
-4.4966e-02
-4.1178e-02
-3.4505e-02
-2.5890e-02
-1.3642e-02
4.5122e-04
1.1616e-02
2.0058e-02
2.4860e-02
2.6582e-02
2.8164e-02
2.8499e-02
3.0311e-02
3.5216e-02
4.2558e-02
4.9828e-02
5.5447e-02
5.9151e-02
6.3270e-02
6.4034e-02
5.9941e-02
5.3673e-02
4.6892e-02
3.9301e-02
3.1403e-02
2.4371e-02
1.6262e-02
9.0058e-03
5.4607e-03
3.9042e-03
4.2215e-03
8.4311e-03
1.2432e-02
1.3385e-02
1.2627e-02
1.2136e-02
1.1966e-02
1.2090e-02
1.2929e-02
1.4993e-02
1.7929e-02
1.9614e-02
1.8748e-02
1.6395e-02
1.2911e-02
1.0216e-02
1.0212e-02
1.3268e-02
1.8098e-02
2.1243e-02
2.3460e-02
2.5061e-02
2.4683e-02
2.2557e-02
1.7784e-02
1.1356e-02
5.7942e-03
2.6392e-03
3.0660e-03
6.2780e-03
9.7688e-03
1.3685e-02
1.8780e-02
2.3266e-02
2.6724e-02
2.9610e-02
3.0391e-02
2.6443e-02
1.8319e-02
8.9415e-03
1.1875e-03
-5.3436e-03
-1.2843e-02
-2.1769e-02
-2.9036e-02
-3.3744e-02
-3.7660e-02
-4.1736e-02
-4.7537e-02
-5.3009e-02
-5.4313e-02
-5.0071e-02
-4.3163e-02
-3.5392e-02
-2.6560e-02
-1.8083e-02
-1.0378e-02
-4.6947e-03
-9.9830e-04
2.5529e-03
7.9090e-03
1.4017e-02
1.8494e-02
2.0721e-02
2.1260e-02
1.9270e-02
1.6004e-02
1.1540e-02
5.6028e-03
-1.1223e-03
-8.4935e-03
-1.4761e-02
-1.6993e-02
-1.6172e-02
-1.3225e-02
-6.8258e-03
1.5398e-03
9.0146e-03
1.4030e-02
1.6747e-02
1.7711e-02
1.8804e-02
2.0818e-02
2.2068e-02
2.0178e-02
1.8495e-02
1.8618e-02
1.9220e-02
1.9482e-02
1.8747e-02
1.6261e-02
1.2224e-02
8.4039e-03
4.1895e-03
1.5996e-03
-1.6228e-03
-7.6650e-03
-1.3348e-02
-1.6299e-02
-1.5741e-02
-1.3345e-02
-9.9483e-03
-6.7867e-03
-2.4047e-03
1.4178e-03
3.8645e-03
6.4145e-03
7.1615e-03
6.6597e-03
4.7600e-03
7.2769e-04
-4.6276e-03
-1.2475e-02
-1.9581e-02
-2.7102e-02
-3.5554e-02
-4.2427e-02
-4.8554e-02
-5.3159e-02
-5.3618e-02
-4.8887e-02
-4.2168e-02
-3.3428e-02
-2.1747e-02
-9.8412e-03
-9.3927e-05
5.2726e-03
5.8857e-03
6.0597e-03
6.6595e-03
5.8491e-03
2.3527e-03
-3.1722e-03
-6.8971e-03
-9.7244e-03
-1.2763e-02
-1.8341e-02
-2.5114e-02
-3.1623e-02
-3.6706e-02
-3.8490e-02
-3.5969e-02
-3.1434e-02
-2.7463e-02
-2.2620e-02
-1.3921e-02
-4.2668e-03
6.1003e-03
1.4715e-02
2.0551e-02
2.6160e-02
3.2156e-02
3.7826e-02
4.2165e-02
4.4628e-02
4.5451e-02
4.2073e-02
3.5672e-02
2.4993e-02
1.3019e-02
1.3747e-03
-9.8435e-03
-1.9072e-02
-2.4752e-02
-2.6357e-02
-2.2610e-02
-1.5034e-02
-7.9064e-03
-4.3110e-03
-1.7500e-03
2.6667e-03
6.0475e-03
7.0668e-03
7.5036e-03
7.0836e-03
4.0059e-03
-2.3355e-03
-9.5469e-03
-1.5623e-02
-2.0078e-02
-2.1217e-02
-1.8469e-02
-1.5017e-02
-1.3026e-02
-1.0654e-02
-8.4538e-03
-4.9585e-03
-6.3949e-04
6.2267e-03
1.1718e-02
1.2822e-02
8.6867e-03
2.0259e-03
-3.8346e-03
-8.8452e-03
-1.2950e-02
-1.6314e-02
-1.9837e-02
-2.5251e-02
-2.8438e-02
-2.8225e-02
-2.6802e-02
-2.3586e-02
-1.8826e-02
-1.5509e-02
-1.2732e-02
-7.8093e-03
-3.8005e-03
-1.1379e-03
1.5559e-03
7.8538e-04
-2.0462e-03
-6.1535e-03
-9.8549e-03
-1.4423e-02
-1.5962e-02
-1.3087e-02
-9.2718e-03
-6.0908e-03
-7.1154e-04
4.9632e-03
1.0366e-02
1.6271e-02
2.2571e-02
2.8956e-02
3.4010e-02
3.6102e-02
3.4512e-02
3.1896e-02
2.9594e-02
2.9715e-02
2.9432e-02
2.8489e-02
2.8607e-02
3.1143e-02
3.0291e-02
2.7364e-02
2.3934e-02
2.1559e-02
1.8087e-02
1.4628e-02
1.0044e-02
7.3752e-03
6.9641e-03
5.0933e-03
2.3336e-03
5.8367e-04
-3.2631e-03
-8.6308e-03
-1.0741e-02
-1.0508e-02
-1.0392e-02
-1.0079e-02
-8.5446e-03
-5.9169e-03
-4.0555e-03
-5.5251e-03
-8.5767e-03
-1.1933e-02
-1.4495e-02
-1.7515e-02
-1.9754e-02
-2.1618e-02
-2.1783e-02
-2.1894e-02
-2.1910e-02
-2.0868e-02
-1.8660e-02
-1.6222e-02
-1.4693e-02
-1.2065e-02
-1.0047e-02
-1.1660e-02
-1.5778e-02
-2.1729e-02
-2.7737e-02
-3.3756e-02
-3.9593e-02
-4.3798e-02
-4.4555e-02
-4.1539e-02
-3.7402e-02
-3.3560e-02
-2.9455e-02
-2.8452e-02
-3.0899e-02
-3.3903e-02
-3.5171e-02
-3.2561e-02
-2.8106e-02
-2.2997e-02
-1.7571e-02
-1.3180e-02
-1.0237e-02
-8.1552e-03
-6.4541e-03
-6.7783e-03
-6.8478e-03
-5.2965e-03
-1.4241e-03
4.3427e-03
9.9217e-03
1.6073e-02
2.1754e-02
2.4525e-02
2.6696e-02
2.8401e-02
2.8428e-02
2.7842e-02
2.6409e-02
2.4236e-02
2.2717e-02
2.1741e-02
1.8884e-02
1.4274e-02
8.2586e-03
1.6630e-03
-1.3986e-03
-1.0319e-03
-3.5323e-04
1.4278e-03
5.2262e-03
9.5847e-03
1.2922e-02
1.6894e-02
2.0823e-02
2.2130e-02
2.1265e-02
1.8867e-02
1.4654e-02
9.9784e-03
5.1776e-03
-1.0400e-03
-6.1426e-03
-9.8437e-03
-1.2931e-02
-1.3381e-02
-1.1207e-02
-7.7699e-03
-4.8421e-03
-2.9491e-03
-3.4173e-03
-6.0492e-03
-8.6668e-03
-8.7544e-03
-6.4623e-03
-3.7641e-03
-2.4440e-03
-1.1047e-03
1.9674e-03
5.4869e-03
1.0803e-02
1.6146e-02
2.0038e-02
2.2523e-02
2.4231e-02
2.2667e-02
1.8965e-02
1.5359e-02
1.0161e-02
5.3036e-03
2.5445e-03
1.5696e-03
-9.8169e-05
-2.6648e-03
-4.1717e-03
-6.9544e-03
-1.1874e-02
-1.6389e-02
-2.0268e-02
-2.4960e-02
-2.7561e-02
-2.7700e-02
-2.7983e-02
-2.7487e-02
-2.4483e-02
-1.8426e-02
-1.1368e-02
-3.2241e-03
5.2307e-03
1.1134e-02
1.6754e-02
2.1622e-02
2.4031e-02
2.3891e-02
2.3844e-02
2.4173e-02
2.4501e-02
2.4863e-02
2.5123e-02
2.5043e-02
2.4009e-02
2.1489e-02
1.7834e-02
1.3851e-02
7.9029e-03
2.1152e-03
-2.4925e-03
-5.6831e-03
-7.8458e-03
-9.8256e-03
-9.9401e-03
-9.9882e-03
-1.0240e-02
-1.0314e-02
-1.0204e-02
-1.0041e-02
-1.0327e-02
-1.1673e-02
-1.4350e-02
-1.7339e-02
-1.9466e-02
-2.2556e-02
-2.6620e-02
-3.3068e-02
-3.9562e-02
-4.4132e-02
-4.5487e-02
-4.3279e-02
-3.8812e-02
-3.2634e-02
-2.5593e-02
-1.7542e-02
-9.7660e-03
-2.9042e-03
3.6928e-03
8.1301e-03
1.0702e-02
1.3805e-02
1.7068e-02
2.0453e-02
2.3151e-02
2.4873e-02
2.5009e-02
2.4549e-02
2.2899e-02
1.9569e-02
1.5997e-02
1.3560e-02
1.3004e-02
1.4149e-02
1.6123e-02
1.8258e-02
1.8789e-02
1.8667e-02
1.9874e-02
2.2385e-02
2.4628e-02
2.5314e-02
2.4685e-02
2.2661e-02
1.9080e-02
1.5355e-02
1.1781e-02
1.0246e-02
1.2180e-02
1.4346e-02
1.6253e-02
1.8644e-02
1.9102e-02
1.7088e-02
1.3417e-02
8.7170e-03
1.8843e-03
-4.6968e-03
-7.7934e-03
-1.0001e-02
-9.7253e-03
-6.7173e-03
-1.3597e-03
4.5826e-03
1.0356e-02
1.6069e-02
2.0939e-02
2.3850e-02
2.4361e-02
2.4349e-02
2.3826e-02
2.1867e-02
1.8674e-02
1.6126e-02
1.3235e-02
1.0984e-02
8.4628e-03
6.4555e-03
3.5534e-03
6.1511e-04
1.8263e-03
5.8829e-03
1.1922e-02
1.6876e-02
1.9939e-02
2.1980e-02
2.4507e-02
2.4693e-02
2.3827e-02
2.1677e-02
1.7992e-02
1.4708e-02
9.8172e-03
6.3804e-03
4.6222e-03
2.3569e-03
1.4238e-03
-1.0447e-03
-5.0848e-03
-8.0556e-03
-1.1897e-02
-1.4292e-02
-1.5946e-02
-1.5766e-02
-1.5564e-02
-1.5859e-02
-1.6274e-02
-1.6674e-02
-1.6505e-02
-1.5185e-02
-1.2351e-02
-9.0164e-03
-6.5292e-03
-3.6359e-03
-1.0814e-03
2.2943e-03
5.8651e-03
1.0571e-02
1.4652e-02
1.8517e-02
2.2867e-02
2.3793e-02
2.0986e-02
1.7256e-02
1.3348e-02
7.3454e-03
1.4979e-03
-2.9328e-03
-5.7207e-03
-8.3958e-03
-1.1451e-02
-1.3985e-02
-1.6105e-02
-1.7828e-02
-2.0434e-02
-2.2297e-02
-2.2300e-02
-2.1716e-02
-2.0079e-02
-1.7173e-02
-1.4331e-02
-1.2251e-02
-1.0433e-02
-8.7519e-03
-5.9993e-03
-4.1297e-03
-4.6422e-03
-6.5175e-03
-9.6606e-03
-1.2783e-02
-1.4888e-02
-1.5959e-02
-1.5679e-02
-1.5729e-02
-1.6275e-02
-1.6704e-02
-1.6218e-02
-1.3820e-02
-9.4369e-03
-5.0431e-03
-1.4631e-03
2.8700e-03
6.4220e-03
7.1369e-03
6.2579e-03
4.7278e-03
2.5981e-03
8.1243e-04
-2.3465e-03
-8.0622e-03
-1.3463e-02
-1.9675e-02
-2.6522e-02
-3.0419e-02
-3.2391e-02
-3.2507e-02
-3.0685e-02
-2.8385e-02
-2.7174e-02
-2.5922e-02
-2.3463e-02
-2.1415e-02
-1.9284e-02
-1.6785e-02
-1.6387e-02
-1.6661e-02
-1.6525e-02
-1.6138e-02
-1.5831e-02
-1.6319e-02
-1.8388e-02
-2.2037e-02
-2.5737e-02
-3.0464e-02
-3.3822e-02
-3.4263e-02
-3.3218e-02
-3.0075e-02
-2.4347e-02
-1.8381e-02
-1.3697e-02
-1.1081e-02
-1.0706e-02
-1.0644e-02
-1.1103e-02
-1.3435e-02
-1.7721e-02
-2.1853e-02
-2.6518e-02
-2.7197e-02
-2.4020e-02
-2.0576e-02
-1.9222e-02
-1.7637e-02
-1.6708e-02
-1.6298e-02
-1.4424e-02
-1.1710e-02
-1.0283e-02
-1.0261e-02
-1.0164e-02
-1.0326e-02
-1.1452e-02
-1.3929e-02
-1.6512e-02
-1.6465e-02
-1.6167e-02
-1.5983e-02
-1.5060e-02
-1.3181e-02
-1.0960e-02
-1.0148e-02
-6.7481e-03
-2.5179e-04
6.0959e-03
1.2535e-02
1.8273e-02
2.2895e-02
2.5699e-02
2.6468e-02
2.5971e-02
2.4041e-02
2.4259e-02
2.4792e-02
2.4964e-02
2.5092e-02
2.5136e-02
2.5028e-02
2.4449e-02
2.3279e-02
2.2011e-02
2.2291e-02
2.4701e-02
2.6105e-02
2.8699e-02
3.2258e-02
3.4778e-02
3.6755e-02
3.6312e-02
3.4685e-02
3.1917e-02
2.8673e-02
2.6202e-02
2.3456e-02
2.0520e-02
1.7214e-02
1.4413e-02
1.2799e-02
1.3427e-02
1.5464e-02
1.8567e-02
2.1132e-02
2.1700e-02
2.0442e-02
1.8320e-02
1.6937e-02
1.4511e-02
1.1682e-02
8.9504e-03
5.5232e-03
1.6165e-03
-2.7151e-03
-6.0564e-03
-9.8097e-03
-1.4681e-02
-1.8975e-02
-2.3137e-02
-2.5982e-02
-2.5005e-02
-2.2145e-02
-2.1278e-02
-2.1888e-02
-2.2285e-02
-2.2291e-02
-2.2081e-02
-2.1896e-02
-2.1983e-02
-2.2407e-02
-2.2826e-02
-2.2319e-02
-1.9645e-02
-1.4415e-02
-8.7190e-03
-4.4695e-03
-1.8383e-03
-8.8705e-05
-6.4404e-04
-3.0925e-03
-4.7395e-03
-4.7459e-03
-4.2629e-03
-4.1594e-03
-4.4026e-03
-4.7708e-03
-4.8869e-03
-4.2390e-03
-2.3823e-03
2.7895e-04
2.0489e-03
3.8221e-03
6.4441e-03
7.6598e-03
7.3489e-03
6.2741e-03
4.1271e-03
1.6932e-03
1.3301e-03
1.8043e-03
1.9455e-03
1.8228e-03
1.4720e-03
1.0905e-03
9.9599e-04
1.8267e-03
4.1321e-03
7.5163e-03
1.0054e-02
1.2905e-02
1.5343e-02
1.8556e-02
2.1808e-02
2.5837e-02
2.8872e-02
3.0402e-02
3.0603e-02
2.9877e-02
2.7949e-02
2.4634e-02
2.1390e-02
1.6859e-02
1.2893e-02
1.0261e-02
7.6878e-03
7.2894e-03
8.4916e-03
1.0816e-02
1.3498e-02
1.3788e-02
1.2614e-02
1.0216e-02
6.6868e-03
3.7133e-03
4.5928e-04
-1.6394e-03
-3.8850e-03
-4.5796e-03
-6.5927e-03
-1.0479e-02
-1.4200e-02
-2.0226e-02
-2.5664e-02
-2.9249e-02
-3.1116e-02
-3.2210e-02
-2.9708e-02
-2.6945e-02
-2.7213e-02
-2.7668e-02
-2.8064e-02
-2.9180e-02
-3.1289e-02
-3.3418e-02
-3.3288e-02
-3.4194e-02
-3.7076e-02
-4.0189e-02
-4.0218e-02
-3.8678e-02
-3.5359e-02
-3.0406e-02
-2.6904e-02
-2.3953e-02
-1.9079e-02
-1.5508e-02
-1.3606e-02
-1.1175e-02
-1.0078e-02
-7.4126e-03
-3.1813e-03
1.0077e-03
5.6408e-03
7.5979e-03
6.8646e-03
5.5540e-03
3.5122e-03
1.2547e-03
-5.2860e-04
-4.0971e-03
-7.5724e-03
-7.1081e-03
-4.5951e-03
-3.7493e-03
-4.1820e-03
-4.6938e-03
-5.1878e-03
-5.4279e-03
-4.7864e-03
-2.3818e-03
1.8878e-03
6.0081e-03
7.9053e-03
9.1676e-03
1.1288e-02
1.2387e-02
1.2445e-02
1.3477e-02
1.5761e-02
1.8000e-02
1.7335e-02
1.4055e-02
1.0525e-02
5.7136e-03
-4.2941e-04
-6.6912e-03
-1.2432e-02
-1.6577e-02
-1.9077e-02
-2.0532e-02
-1.8256e-02
-1.3636e-02
-1.0062e-02
-7.1007e-03
-2.1838e-03
3.0592e-03
7.2596e-03
1.1197e-02
1.6096e-02
1.8801e-02
1.8693e-02
1.8624e-02
1.8113e-02
1.6115e-02
1.2595e-02
9.0687e-03
3.2427e-03
-2.0372e-03
-5.4208e-03
-7.4199e-03
-9.6631e-03
-9.8301e-03
-1.0049e-02
-1.0740e-02
-1.0794e-02
-9.2754e-03
-5.3565e-03
-2.9185e-04
3.2135e-03
5.4613e-03
7.4555e-03
7.0862e-03
5.4508e-03
2.4743e-03
-9.7438e-04
-3.1220e-03
-4.2514e-03
-4.1813e-03
-4.4936e-03
-5.0295e-03
-4.6669e-03
-2.4416e-03
1.6893e-03
5.3513e-03
6.1556e-03
4.2650e-03
1.3533e-03
7.9927e-04
2.6124e-03
5.1796e-03
7.4689e-03
9.3032e-03
1.1866e-02
1.5020e-02
1.9839e-02
2.6144e-02
3.2778e-02
3.9286e-02
4.4558e-02
4.7637e-02
4.8052e-02
4.6933e-02
4.3699e-02
3.8019e-02
3.2557e-02
2.7504e-02
2.2641e-02
1.7870e-02
1.3808e-02
1.6682e-02
2.1372e-02
2.4136e-02
2.6833e-02
2.7567e-02
2.6393e-02
2.2742e-02
1.9821e-02
1.6948e-02
1.4887e-02
1.3268e-02
1.1827e-02
9.3683e-03
7.0720e-03
5.3970e-03
2.6142e-03
-1.3519e-04
-3.4963e-03
-7.6414e-03
-1.2725e-02
-1.6541e-02
-1.6104e-02
-1.2542e-02
-6.7387e-03
-8.3552e-04
4.0961e-03
7.8286e-03
1.0763e-02
1.5380e-02
1.8275e-02
1.9308e-02
2.1836e-02
2.4812e-02
2.5014e-02
2.4561e-02
2.3603e-02
2.1671e-02
1.9699e-02
1.9162e-02
1.9505e-02
1.8935e-02
1.7059e-02
1.4495e-02
1.3211e-02
1.3582e-02
1.3213e-02
1.1171e-02
7.8633e-03
5.0329e-03
2.6327e-03
8.2755e-04
-1.1771e-03
-3.7461e-03
-4.3615e-03
-4.2019e-03
-4.4052e-03
-4.7928e-03
-4.9468e-03
-4.2495e-03
-2.2778e-03
3.9999e-04
1.6371e-03
1.3129e-03
1.0971e-03
1.1503e-03
1.2700e-03
1.3794e-03
1.4356e-03
1.4774e-03
1.5236e-03
1.5592e-03
1.4923e-03
1.2612e-03
9.4628e-04
9.4381e-04
1.8666e-03
4.1510e-03
6.9885e-03
7.8296e-03
6.5358e-03
4.2173e-03
1.7153e-03
1.2093e-03
2.1204e-03
2.5570e-03
1.5257e-03
-1.7879e-03
-7.0129e-03
-1.1161e-02
-1.3665e-02
-1.5964e-02
-1.6071e-02
-1.4641e-02
-1.2316e-02
-1.0045e-02
-1.0457e-02
-1.0765e-02
-1.0422e-02
-1.0141e-02
-1.0778e-02
-1.3276e-02
-1.7284e-02
-2.0636e-02
-2.4610e-02
-2.5973e-02
-2.4476e-02
-2.1378e-02
-2.0039e-02
-1.8094e-02
-1.6059e-02
-1.6154e-02
-1.6464e-02
-1.7303e-02
-1.9148e-02
-2.1343e-02
-2.2244e-02
-2.1998e-02
-2.1825e-02
-2.1763e-02
-2.1646e-02
-2.1700e-02
-2.2362e-02
-2.4121e-02
-2.6627e-02
-2.8093e-02
-2.7923e-02
-2.7896e-02
-2.7979e-02
-2.7456e-02
-2.5768e-02
-2.3192e-02
-2.1419e-02
-1.9711e-02
-1.7407e-02
-1.6611e-02
-1.6861e-02
-1.6437e-02
-1.4983e-02
-1.2815e-02
-1.1227e-02
-1.0407e-02
-8.6066e-03
-5.0573e-03
-1.4499e-03
2.1074e-03
3.9230e-03
3.9013e-03
8.8558e-04
-1.9851e-03
-4.8502e-03
-7.1351e-03
-1.0028e-02
-1.2919e-02
-1.6524e-02
-1.9563e-02
-2.1865e-02
-2.1764e-02
-2.1563e-02
-2.1995e-02
-2.2333e-02
-2.2286e-02
-2.1097e-02
-1.8775e-02
-1.6415e-02
-1.6602e-02
-1.6102e-02
-1.3986e-02
-1.1263e-02
-1.0325e-02
-1.0769e-02
-1.1130e-02
-1.0968e-02
-9.9243e-03
-7.7595e-03
-5.3152e-03
-4.1825e-03
-4.2902e-03
-4.8447e-03
-6.5349e-03
-9.5992e-03
-1.2710e-02
-1.4860e-02
-1.6055e-02
-1.5922e-02
-1.6069e-02
-1.6421e-02
-1.6205e-02
-1.4680e-02
-1.1731e-02
-8.6984e-03
-6.3006e-03
-4.1476e-03
-2.4830e-03
-6.2062e-04
-8.1174e-04
-3.5841e-03
-5.1772e-03
-4.7313e-03
-4.3917e-03
-4.4957e-03
-4.7922e-03
-4.8816e-03
-4.2265e-03
-2.4466e-03
-6.4936e-05
1.1257e-03
1.5656e-03
3.4129e-03
6.2314e-03
7.5584e-03
6.7188e-03
4.8432e-03
2.3804e-03
7.1672e-04
-1.1579e-03
-3.9755e-03
-5.1812e-03
-4.2509e-03
-1.6382e-03
2.6874e-03
6.7356e-03
9.8491e-03
1.3950e-02
1.8167e-02
2.0951e-02
2.3246e-02
2.4243e-02
2.4309e-02
2.4582e-02
2.4772e-02
2.4220e-02
2.2472e-02
1.9941e-02
1.8376e-02
1.6898e-02
1.4454e-02
1.2630e-02
1.0789e-02
8.2701e-03
7.2615e-03
7.4676e-03
7.5425e-03
7.4374e-03
7.3076e-03
7.2091e-03
7.1753e-03
7.1758e-03
7.1958e-03
7.2027e-03
7.2054e-03
7.1979e-03
7.2049e-03
7.2168e-03
7.2374e-03
7.2278e-03
7.1801e-03
7.0914e-03
7.0492e-03
7.4626e-03
7.8207e-03
8.2055e-03
8.1040e-03
6.7991e-03
4.0409e-03
1.2805e-03
1.9637e-03
5.5925e-03
1.0786e-02
1.4684e-02
1.6582e-02
1.8194e-02
1.8324e-02
1.9013e-02
2.1844e-02
2.6053e-02
2.8982e-02
3.0270e-02
2.7693e-02
2.2815e-02
1.9027e-02
1.5736e-02
1.0482e-02
5.3663e-03
2.6773e-03
2.5179e-03
2.7486e-03
2.5284e-03
2.2547e-03
2.0084e-03
1.9381e-03
1.9039e-03
1.9181e-03
1.8666e-03
1.8748e-03
1.9565e-03
2.2299e-03
2.4575e-03
2.2579e-03
9.5519e-04
-1.6102e-03
-4.2117e-03
-3.9896e-03
-3.6101e-03
-3.6184e-03
-3.6275e-03
-3.5048e-03
-3.3134e-03
-3.4632e-03
-4.6124e-03
-7.0456e-03
-9.6388e-03
-9.6309e-03
-9.2042e-03
-8.3087e-03
-5.9974e-03
-2.6596e-03
-1.1389e-04
3.4066e-03
5.8791e-03
7.8619e-03
6.8032e-03
4.2783e-03
1.7720e-03
8.7058e-04
-8.9543e-04
-3.2183e-03
-4.4420e-03
-6.6386e-03
-8.5127e-03
-8.3187e-03
-8.0403e-03
-8.1743e-03
-8.4023e-03
-8.5533e-03
-8.1054e-03
-6.7211e-03
-4.4568e-03
-2.7245e-03
-2.7074e-03
-2.0392e-03
-1.3783e-04
1.8719e-03
2.6396e-03
2.7509e-03
4.1581e-03
7.0146e-03
9.9932e-03
1.2129e-02
1.3358e-02
1.3128e-02
1.2508e-02
1.1196e-02
9.0654e-03
7.2706e-03
5.9952e-03
4.0521e-03
2.8779e-03
3.0265e-03
2.6524e-03
1.2265e-03
-8.9356e-04
-2.5213e-03
-3.7601e-03
-6.4255e-03
-9.4464e-03
-1.1429e-02
-1.1628e-02
-9.6168e-03
-6.7539e-03
-4.5723e-03
-2.7782e-03
-1.4983e-03
2.6397e-05
2.2043e-03
3.1437e-03
3.0486e-03
3.0664e-03
3.1643e-03
3.1520e-03
2.8844e-03
2.4238e-03
2.1923e-03
2.8319e-03
3.2877e-03
3.2396e-03
3.2872e-03
3.4655e-03
3.4688e-03
2.8529e-03
1.2581e-03
-8.0947e-04
-1.6622e-03
-1.5416e-03
-1.2826e-03
-4.5362e-04
1.2883e-03
3.2551e-03
3.5139e-03
3.1908e-03
2.9876e-03
2.8185e-03
2.8541e-03
3.5208e-03
5.2982e-03
7.8611e-03
9.6452e-03
1.1040e-02
1.1065e-02
1.0739e-02
1.0778e-02
1.0930e-02
1.0924e-02
1.0304e-02
8.7888e-03
6.7533e-03
5.5330e-03
3.9868e-03
2.3775e-03
2.8301e-03
4.5257e-03
6.0987e-03
6.0022e-03
5.3995e-03
5.3054e-03
5.9553e-03
7.4636e-03
9.0567e-03
9.1613e-03
8.7481e-03
8.5428e-03
8.4337e-03
8.3902e-03
8.2991e-03
8.1720e-03
7.9767e-03
7.7831e-03
7.6160e-03
7.5563e-03
7.5532e-03
7.4566e-03
6.8850e-03
5.4804e-03
3.3819e-03
1.6104e-03
-4.9559e-04
-2.1900e-03
-3.4453e-03
-3.1686e-03
-2.8416e-03
-3.0520e-03
-3.8328e-03
-5.2995e-03
-6.6263e-03
-6.3793e-03
-5.9750e-03
-5.8668e-03
-5.8660e-03
-5.9993e-03
-6.0440e-03
-5.8127e-03
-4.9819e-03
-3.5665e-03
-2.2629e-03
-2.5092e-03
-2.8126e-03
-2.5961e-03
-1.7058e-03
-1.8006e-04
1.0353e-03
2.7486e-04
-1.2179e-03
-2.4496e-03
-2.2521e-03
-1.9243e-03
-1.8468e-03
-1.8179e-03
-1.8266e-03
-1.8013e-03
-1.8050e-03
-1.8593e-03
-1.9509e-03
-1.8829e-03
-1.3535e-03
-1.1260e-04
1.4582e-03
2.2610e-03
2.9465e-03
2.8768e-03
3.1639e-03
4.1230e-03
5.0011e-03
4.7828e-03
4.4622e-03
4.4176e-03
4.4849e-03
4.5244e-03
4.0398e-03
2.5924e-03
1.8165e-04
-2.0130e-03
-3.5946e-03
-4.2029e-03
-3.8436e-03
-3.2871e-03
-2.5323e-03
-1.7955e-03
-1.8779e-03
-1.9073e-03
-1.7802e-03
-1.7473e-03
-2.0115e-03
-2.6477e-03
-3.2731e-03
-3.1128e-03
-2.9002e-03
-2.8077e-03
-2.7350e-03
-2.6737e-03
-2.5921e-03
-2.5036e-03
-2.4114e-03
-2.3249e-03
-2.2310e-03
-2.1142e-03
-1.9670e-03
-1.8275e-03
-1.7899e-03
-1.9699e-03
-2.3981e-03
-2.7933e-03
-2.6065e-03
-2.3780e-03
-2.2485e-03
-2.1486e-03
-2.0823e-03
-2.0027e-03
-1.8774e-03
-1.6310e-03
-1.2359e-03
-7.7405e-04
-5.2298e-04
-3.5168e-04
6.9432e-05
6.4080e-04
9.7298e-04
1.3124e-03
1.4254e-03
1.6735e-03
1.9689e-03
1.8946e-03
1.7937e-03
1.7215e-03
1.6380e-03
1.5549e-03
1.5076e-03
1.5565e-03
1.7255e-03
1.8955e-03
1.7899e-03
1.6675e-03
1.5607e-03
1.3847e-03
1.1147e-03
8.4250e-04
7.6451e-04
6.2500e-04
4.0012e-04
2.5830e-04
4.0135e-04
5.3736e-04
4.3966e-04
3.4939e-04
3.5039e-04
4.5810e-04
6.1315e-04
6.6093e-04
6.8166e-04
5.7508e-04
4.6913e-04
3.8901e-04
3.0904e-04
2.3340e-04
1.5079e-04
6.8665e-05
-1.5738e-05
-9.3856e-05
-1.6709e-04
-2.3120e-04
-2.9578e-04
-3.7036e-04
-4.7289e-04
-6.0232e-04
-7.2316e-04
-7.6230e-04
-7.9380e-04
-8.3212e-04
-8.7437e-04
-9.2645e-04
-9.9519e-04
-1.0807e-03
-1.1520e-03
-1.1524e-03
-1.1309e-03
-1.1152e-03
-1.1325e-03
-1.1413e-03
-1.1569e-03
-1.2230e-03
-1.2955e-03
-1.3429e-03
-1.3920e-03
-1.4236e-03
-1.4517e-03
-1.4618e-03
-1.4778e-03
-1.5048e-03
-1.5278e-03
-1.5294e-03
-1.5289e-03
-1.5310e-03
-1.5335e-03
-1.5365e-03
-1.5385e-03
-1.5408e-03
-1.5432e-03
-1.5459e-03
-1.5482e-03
-1.5495e-03
-1.5486e-03
-1.5461e-03
-1.5452e-03
-1.5482e-03
-1.5498e-03
-1.5513e-03
-1.5551e-03
-1.5579e-03
-1.5614e-03
-1.5677e-03
-1.5741e-03
-1.5802e-03
-1.5856e-03
-1.5896e-03
-1.5930e-03
-1.5965e-03
-1.5994e-03
-1.6010e-03
-1.6024e-03
-1.6036e-03
-1.6045e-03
-1.6053e-03
-1.6061e-03
-1.6070e-03
-1.6077e-03
-1.6079e-03
-1.6079e-03
-1.6078e-03
-1.6075e-03
-1.6071e-03
-1.6064e-03
-1.6056e-03
-1.6046e-03
-1.6035e-03
-1.6022e-03
-1.6006e-03
-1.5989e-03
-1.5971e-03
-1.5950e-03
-1.5928e-03
-1.5904e-03
-1.5878e-03
-1.5850e-03
-1.5821e-03
