4.9543e-04
5.0883e-04
5.0807e-04
5.1624e-04
5.0887e-04
5.1106e-04
5.0156e-04
5.0759e-04
5.0867e-04
5.2955e-04
5.4100e-04
5.5915e-04
5.4850e-04
5.2602e-04
4.7158e-04
4.2489e-04
3.8127e-04
3.9776e-04
4.5971e-04
5.7943e-04
6.8065e-04
7.3826e-04
6.6557e-04
4.9757e-04
3.2373e-04
3.0749e-04
5.3544e-04
1.0365e-03
1.6296e-03
2.0513e-03
1.9871e-03
1.3911e-03
3.8637e-04
-6.9198e-04
-1.3940e-03
-1.4695e-03
-9.7406e-04
-1.2455e-04
7.2064e-04
1.1710e-03
1.0701e-03
3.8519e-04
-6.2641e-04
-1.4782e-03
-1.7509e-03
-1.2449e-03
-2.2428e-04
9.5832e-04
1.8827e-03
2.2506e-03
1.8933e-03
9.5329e-04
-1.4736e-04
-8.0406e-04
-5.1318e-04
8.8408e-04
2.7988e-03
4.4453e-03
5.0165e-03
3.9800e-03
1.5426e-03
-1.4222e-03
-3.6475e-03
-3.9705e-03
-2.5182e-03
-1.1361e-04
1.5877e-03
1.5852e-03
-6.1794e-04
-4.2955e-03
-7.9969e-03
-9.7168e-03
-8.1859e-03
-3.9415e-03
1.6286e-03
5.9961e-03
7.8068e-03
6.6891e-03
3.3565e-03
-1.6703e-04
-1.6671e-03
-2.0617e-04
3.3360e-03
6.9587e-03
8.8298e-03
8.1267e-03
5.3705e-03
2.0892e-03
-3.4398e-04
-8.8546e-04
8.1131e-05
1.3496e-03
1.8246e-03
3.4608e-04
-2.8407e-03
-7.0534e-03
-1.1089e-02
-1.3861e-02
-1.4671e-02
-1.3303e-02
-1.0329e-02
-7.4880e-03
-6.2522e-03
-6.5480e-03
-7.3508e-03
-6.6692e-03
-2.9773e-03
3.6182e-03
1.1636e-02
1.7932e-02
2.0080e-02
1.8181e-02
1.3040e-02
6.2825e-03
6.3369e-04
-2.7997e-03
-3.2843e-03
-1.5788e-03
8.1185e-04
3.0566e-03
4.3507e-03
4.8075e-03
4.3974e-03
3.3120e-03
1.5520e-03
-8.7619e-04
-4.0281e-03
-6.9413e-03
-8.4484e-03
-8.0242e-03
-6.0743e-03
-3.7106e-03
-1.8831e-03
-1.7653e-03
-3.3917e-03
-6.3206e-03
-1.0360e-02
-1.4572e-02
-1.7532e-02
-1.7815e-02
-1.3942e-02
-4.6838e-03
9.2862e-03
2.5724e-02
3.9015e-02
4.5396e-02
4.2465e-02
3.1222e-02
1.5761e-02
1.7684e-03
-8.2636e-03
-1.5076e-02
-2.0181e-02
-2.5462e-02
-3.0802e-02
-3.4368e-02
-3.4312e-02
-2.9830e-02
-2.1709e-02
-1.1729e-02
-2.6227e-03
2.4825e-03
1.5505e-03
-4.6608e-03
-1.3168e-02
-1.8572e-02
-1.6044e-02
-4.6320e-03
1.2376e-02
2.8698e-02
3.6387e-02
3.4080e-02
2.2949e-02
7.6088e-03
-5.3652e-03
-1.1875e-02
-1.0659e-02
-3.6367e-03
5.2610e-03
1.1368e-02
1.0958e-02
3.8734e-03
-9.2342e-03
-2.5885e-02
-4.0835e-02
-4.7481e-02
-3.9622e-02
-1.8987e-02
7.9677e-03
3.0762e-02
3.8681e-02
3.2555e-02
1.7295e-02
3.7381e-04
-8.4223e-03
-5.1617e-03
4.2892e-03
1.1600e-02
1.0825e-02
-1.3928e-03
-2.2500e-02
-4.5397e-02
-5.9658e-02
-5.7512e-02
-4.1071e-02
-1.5314e-02
1.0946e-02
2.7220e-02
3.1670e-02
2.3811e-02
9.2758e-03
-2.8708e-03
-3.3682e-03
7.8366e-03
2.6028e-02
4.2267e-02
4.7120e-02
3.8413e-02
1.8297e-02
-7.2644e-03
-2.8703e-02
-4.2965e-02
-4.8626e-02
-4.6783e-02
-3.9312e-02
-2.8947e-02
-1.7608e-02
-6.5302e-03
3.3880e-03
1.1646e-02
1.6942e-02
1.8984e-02
1.8107e-02
1.4369e-02
8.2417e-03
9.4707e-04
-6.8527e-03
-1.3070e-02
-1.6624e-02
-1.5810e-02
-1.0012e-02
3.4634e-04
1.4071e-02
2.8512e-02
4.0257e-02
4.5359e-02
4.0121e-02
2.5700e-02
5.5889e-03
-1.4213e-02
-2.8997e-02
-3.8089e-02
-4.0832e-02
-3.7928e-02
-3.0567e-02
-2.0972e-02
-1.0837e-02
-5.3531e-04
1.0787e-02
2.5355e-02
4.4464e-02
6.5572e-02
8.3934e-02
9.6595e-02
1.0043e-01
9.4308e-02
7.9310e-02
5.8088e-02
3.4555e-02
1.0355e-02
-1.4996e-02
-4.1023e-02
-6.7892e-02
-9.0644e-02
-1.0761e-01
-1.1334e-01
-1.0471e-01
-8.5163e-02
-6.0846e-02
-3.9828e-02
-2.7469e-02
-2.5874e-02
-3.3311e-02
-4.0597e-02
-3.6738e-02
-1.2397e-02
3.3239e-02
9.0100e-02
1.4290e-01
1.8173e-01
1.9903e-01
1.8949e-01
1.6106e-01
1.2489e-01
9.6242e-02
8.2760e-02
8.1099e-02
8.3590e-02
7.6344e-02
4.8985e-02
-4.8361e-03
-7.9932e-02
-1.5454e-01
-2.1005e-01
-2.3218e-01
-2.0690e-01
-1.4352e-01
-6.1783e-02
5.8634e-03
4.3297e-02
4.3060e-02
8.0951e-03
-4.2880e-02
-8.0417e-02
-8.2852e-02
-5.8162e-02
-1.6084e-02
2.8864e-02
6.2101e-02
7.2504e-02
5.4602e-02
1.3535e-02
-3.8492e-02
-7.7240e-02
-8.2220e-02
-4.4559e-02
2.8239e-02
1.1329e-01
1.7263e-01
1.9100e-01
1.7350e-01
1.2796e-01
7.3272e-02
3.3129e-02
6.9074e-03
-3.6267e-04
3.8896e-03
7.3992e-03
5.5426e-04
-2.0549e-02
-5.3994e-02
-9.1405e-02
-1.2431e-01
-1.4434e-01
-1.4863e-01
-1.3896e-01
-1.2607e-01
-1.1791e-01
-1.1650e-01
-1.2083e-01
-1.2622e-01
-1.2530e-01
-1.1003e-01
-7.5114e-02
-2.3296e-02
3.7768e-02
1.0496e-01
1.7028e-01
2.2717e-01
2.6979e-01
2.9595e-01
3.1085e-01
3.1739e-01
3.1787e-01
3.1159e-01
2.9471e-01
2.6007e-01
2.0031e-01
1.1208e-01
-4.5045e-03
-1.3854e-01
-2.6039e-01
-3.5634e-01
-4.1648e-01
-4.4689e-01
-4.4629e-01
-4.2032e-01
-3.7276e-01
-3.0714e-01
-2.3195e-01
-1.6383e-01
-9.7873e-02
-3.6118e-02
1.8832e-02
6.9910e-02
1.1089e-01
1.4010e-01
1.6000e-01
1.7543e-01
1.8700e-01
1.9014e-01
1.7611e-01
1.3742e-01
7.3965e-02
-1.5832e-03
-7.8377e-02
-1.5796e-01
-2.4134e-01
-3.2276e-01
-3.7637e-01
-3.8251e-01
-3.3198e-01
-2.3107e-01
-9.3429e-02
5.1417e-02
1.6372e-01
2.5338e-01
3.1651e-01
3.4705e-01
3.4406e-01
3.0532e-01
2.4342e-01
1.8257e-01
1.3467e-01
1.1455e-01
1.3146e-01
1.7054e-01
1.9723e-01
1.8293e-01
1.2159e-01
1.7775e-02
-1.0559e-01
-2.3556e-01
-3.6591e-01
-4.7815e-01
-5.4552e-01
-5.5889e-01
-4.9640e-01
-3.5312e-01
-1.5270e-01
6.5077e-02
2.3395e-01
3.3439e-01
3.8531e-01
3.8315e-01
3.4096e-01
2.7668e-01
2.1503e-01
1.7296e-01
1.6200e-01
1.7961e-01
2.1785e-01
2.6433e-01
2.9720e-01
3.0849e-01
2.9033e-01
2.2890e-01
1.1450e-01
-5.2845e-02
-2.4080e-01
-3.9899e-01
-4.8912e-01
-4.9997e-01
-4.3522e-01
-3.0976e-01
-1.4777e-01
1.3391e-02
1.1837e-01
1.4917e-01
1.3231e-01
8.7256e-02
3.0739e-02
-1.1857e-02
-3.4048e-02
-3.6203e-02
-2.0415e-02
1.1082e-02
5.3740e-02
1.0039e-01
1.4608e-01
1.8529e-01
2.0461e-01
1.8108e-01
9.4232e-02
-3.3654e-02
-1.6004e-01
-2.5283e-01
-3.0480e-01
-3.1258e-01
-2.7928e-01
-2.1861e-01
-1.4536e-01
-8.0722e-02
-4.8431e-02
-4.6946e-02
-6.7955e-02
-1.1061e-01
-1.6609e-01
-2.1609e-01
-2.4991e-01
-2.5578e-01
-2.1961e-01
-1.3477e-01
-8.6811e-03
1.2519e-01
2.4112e-01
3.3575e-01
4.1520e-01
4.7935e-01
5.2245e-01
5.4087e-01
5.3932e-01
5.1911e-01
4.8483e-01
4.3509e-01
3.7113e-01
2.9705e-01
2.1434e-01
1.1948e-01
2.5497e-02
-8.0111e-02
-1.9912e-01
-3.2032e-01
-4.2274e-01
-4.8705e-01
-4.9948e-01
-4.5709e-01
-3.7096e-01
-2.7627e-01
-2.3373e-01
-2.8843e-01
-3.2924e-01
-3.1546e-01
-2.4341e-01
-1.2541e-01
1.1636e-02
1.2950e-01
2.1311e-01
2.5874e-01
2.6121e-01
2.1948e-01
1.5484e-01
9.6231e-02
6.6430e-02
7.5911e-02
1.0935e-01
1.5370e-01
2.0073e-01
2.3939e-01
2.5471e-01
2.3088e-01
1.5592e-01
7.2934e-02
2.1740e-02
1.2463e-02
2.7566e-02
5.4274e-02
8.1438e-02
9.9229e-02
9.9869e-02
8.2449e-02
4.9046e-02
2.8579e-03
-5.4165e-02
-1.2478e-01
-2.0316e-01
-2.7454e-01
-3.3745e-01
-3.8580e-01
-4.0833e-01
-4.0555e-01
-3.6685e-01
-2.7873e-01
-1.3557e-01
4.2622e-02
2.0220e-01
3.1531e-01
3.8774e-01
4.3256e-01
4.4552e-01
4.2193e-01
3.6441e-01
2.9000e-01
2.2470e-01
1.6128e-01
1.0262e-01
5.7310e-02
2.6696e-02
-8.0044e-03
-5.7876e-02
-1.2284e-01
-2.0575e-01
-3.0871e-01
-4.1921e-01
-5.1760e-01
-5.9946e-01
-6.6504e-01
-7.1911e-01
-7.6100e-01
-7.8278e-01
-7.8709e-01
-7.6485e-01
-7.0182e-01
-5.9103e-01
-4.4466e-01
-3.0138e-01
-2.0874e-01
-1.2950e-01
-4.1122e-02
6.2352e-02
1.8140e-01
2.9663e-01
3.8830e-01
4.5151e-01
4.8576e-01
4.9508e-01
4.9151e-01
4.7816e-01
4.5527e-01
4.2404e-01
3.8636e-01
3.3649e-01
2.7407e-01
1.9764e-01
1.0272e-01
-1.0307e-02
-1.3158e-01
-2.5569e-01
-3.6857e-01
-4.4933e-01
-4.9047e-01
-4.9836e-01
-5.0241e-01
-5.5107e-01
-6.5109e-01
-7.4382e-01
-7.7699e-01
-7.5594e-01
-6.7354e-01
-5.2309e-01
-3.1707e-01
-1.0998e-01
4.5144e-02
1.7346e-01
2.8219e-01
3.6913e-01
4.3013e-01
4.6639e-01
4.8895e-01
5.0612e-01
5.1926e-01
5.2711e-01
5.3134e-01
5.3787e-01
5.5018e-01
5.6887e-01
5.9232e-01
6.1491e-01
6.2787e-01
6.2205e-01
5.9524e-01
5.4614e-01
4.8063e-01
4.0401e-01
3.2693e-01
2.5392e-01
1.8036e-01
9.9710e-02
5.8480e-03
-1.0229e-01
-2.1497e-01
-3.1349e-01
-3.7835e-01
-3.9554e-01
-3.8140e-01
-3.5633e-01
-3.0659e-01
-2.1741e-01
-8.9367e-02
5.6615e-02
1.8505e-01
2.8794e-01
3.6574e-01
4.1876e-01
4.4478e-01
4.5463e-01
4.5570e-01
4.5221e-01
4.4831e-01
4.4753e-01
4.5132e-01
4.5903e-01
4.7033e-01
4.8584e-01
5.0711e-01
5.3144e-01
5.5410e-01
5.6632e-01
5.5783e-01
5.2180e-01
4.5213e-01
3.4446e-01
2.0553e-01
4.8740e-02
-1.1283e-01
-2.7331e-01
-4.1052e-01
-5.0688e-01
-5.5684e-01
-5.5886e-01
-5.2879e-01
-4.8508e-01
-4.6405e-01
-4.8993e-01
-5.3410e-01
-5.8460e-01
-6.3188e-01
-6.5994e-01
-6.6022e-01
-6.3211e-01
-5.7960e-01
-5.1279e-01
-4.3998e-01
-3.7558e-01
-3.3909e-01
-3.2593e-01
-3.2927e-01
-3.4403e-01
-3.6001e-01
-3.6921e-01
-3.6503e-01
-3.4344e-01
-3.0794e-01
-2.7429e-01
-2.4956e-01
-2.2401e-01
-1.7590e-01
-1.0339e-01
-1.8728e-02
6.7199e-02
1.4842e-01
2.2203e-01
2.8764e-01
3.4239e-01
3.8812e-01
4.2755e-01
4.6112e-01
4.9151e-01
5.1779e-01
5.3469e-01
5.3174e-01
5.0288e-01
4.4962e-01
3.8372e-01
3.1532e-01
2.6293e-01
2.4125e-01
2.3453e-01
2.2666e-01
2.0623e-01
1.6451e-01
1.0111e-01
2.2422e-02
-6.7112e-02
-1.6513e-01
-2.6692e-01
-3.6389e-01
-4.4706e-01
-5.0957e-01
-5.4889e-01
-5.6077e-01
-5.4114e-01
-5.1064e-01
-4.8284e-01
-4.5895e-01
-4.3970e-01
-4.2197e-01
-3.9837e-01
-3.6074e-01
-3.0244e-01
-2.2312e-01
-1.2829e-01
-2.3087e-02
8.2510e-02
1.8238e-01
2.8015e-01
3.6646e-01
4.2531e-01
4.5094e-01
4.5846e-01
4.5363e-01
4.3880e-01
4.1531e-01
3.8373e-01
3.4059e-01
2.8226e-01
2.1098e-01
1.3996e-01
9.0215e-02
6.7521e-02
6.4547e-02
6.2362e-02
3.4256e-02
-2.7342e-02
-1.0197e-01
-1.7018e-01
-2.3672e-01
-3.0560e-01
-3.7003e-01
-4.2081e-01
-4.5439e-01
-4.6192e-01
-4.3396e-01
-3.7327e-01
-3.0081e-01
-2.3020e-01
-1.6326e-01
-1.0348e-01
-5.8057e-02
-1.8687e-02
1.9419e-02
5.4116e-02
7.9876e-02
9.3555e-02
9.7967e-02
9.3353e-02
8.1344e-02
6.3658e-02
4.3564e-02
2.1453e-02
-2.2859e-03
-2.8629e-02
-5.4325e-02
-7.3205e-02
-8.0748e-02
-7.3560e-02
-5.0599e-02
-1.3666e-02
3.4902e-02
9.5586e-02
1.6148e-01
2.2557e-01
2.7474e-01
3.0109e-01
3.1313e-01
3.1167e-01
2.9625e-01
2.7273e-01
2.4801e-01
2.2579e-01
2.0635e-01
1.9159e-01
1.8241e-01
1.7707e-01
1.7215e-01
1.6427e-01
1.5167e-01
1.3713e-01
1.2728e-01
1.2833e-01
1.3650e-01
1.4686e-01
1.5502e-01
1.5608e-01
1.4679e-01
1.2843e-01
1.0438e-01
7.6835e-02
5.0647e-02
3.0224e-02
1.2088e-02
-6.7749e-03
-2.9029e-02
-5.8304e-02
-9.4428e-02
-1.3630e-01
-1.8093e-01
-2.2139e-01
-2.4658e-01
-2.4497e-01
-2.1248e-01
-1.5222e-01
-8.2773e-02
-2.8006e-02
7.8122e-03
1.8727e-02
3.8266e-04
-3.9234e-02
-8.6180e-02
-1.2760e-01
-1.6095e-01
-1.8745e-01
-2.1250e-01
-2.4217e-01
-2.7682e-01
-3.1395e-01
-3.4758e-01
-3.6703e-01
-3.6069e-01
-3.1680e-01
-2.3633e-01
-1.3151e-01
-2.9542e-02
5.2973e-02
1.1613e-01
1.5645e-01
1.8168e-01
1.9358e-01
1.9119e-01
1.7713e-01
1.5564e-01
1.3213e-01
1.1096e-01
9.2637e-02
7.5437e-02
5.7439e-02
3.7462e-02
1.7227e-02
-9.2517e-04
-1.6507e-02
-2.8109e-02
-3.8738e-02
-5.5803e-02
-8.2928e-02
-1.1144e-01
-1.2703e-01
-1.3036e-01
-1.2595e-01
-1.1316e-01
-8.9098e-02
-5.2779e-02
-9.5452e-03
2.7389e-02
4.6693e-02
4.8072e-02
3.7296e-02
1.9412e-02
-2.4639e-04
-1.8436e-02
-3.4385e-02
-4.6193e-02
-5.2361e-02
-5.0951e-02
-4.0824e-02
-2.3173e-02
-1.1867e-03
1.9609e-02
3.3516e-02
3.6920e-02
2.6561e-02
2.7661e-03
-2.9330e-02
-5.8636e-02
-8.1111e-02
-9.3653e-02
-9.2932e-02
-7.8635e-02
-5.1875e-02
-1.4773e-02
2.9073e-02
7.3827e-02
1.1349e-01
1.4837e-01
1.8075e-01
2.0230e-01
2.1092e-01
2.0770e-01
1.9448e-01
1.7198e-01
1.4235e-01
1.1069e-01
7.6629e-02
4.2745e-02
9.9395e-03
-2.1216e-02
-4.5117e-02
-5.7376e-02
-5.5635e-02
-3.9367e-02
-1.0830e-02
2.7032e-02
7.0353e-02
1.1453e-01
1.4721e-01
1.7253e-01
1.9310e-01
2.0542e-01
2.1098e-01
2.0992e-01
1.9980e-01
1.7985e-01
1.5197e-01
1.1946e-01
8.2773e-02
4.3837e-02
2.8321e-03
-4.0021e-02
-8.1157e-02
-1.1543e-01
-1.3832e-01
-1.5091e-01
-1.5649e-01
-1.5680e-01
-1.5541e-01
-1.5488e-01
-1.5568e-01
-1.5682e-01
-1.5602e-01
-1.5168e-01
-1.4328e-01
-1.3088e-01
-1.1576e-01
-1.0031e-01
-8.6508e-02
-7.5600e-02
-6.7333e-02
-6.0545e-02
-5.4461e-02
-4.9055e-02
-4.4604e-02
-4.1683e-02
-4.0008e-02
-3.8376e-02
-3.5359e-02
-2.9438e-02
-2.0599e-02
-9.0198e-03
3.8844e-03
1.6755e-02
2.7220e-02
3.3867e-02
3.6977e-02
3.6262e-02
3.0830e-02
1.8960e-02
1.4354e-04
-2.3673e-02
-4.7223e-02
-6.7559e-02
-8.0634e-02
-8.2658e-02
-7.2267e-02
-5.1211e-02
-2.2657e-02
9.5200e-03
3.9577e-02
6.7372e-02
9.4246e-02
1.1632e-01
1.3240e-01
1.4562e-01
1.5438e-01
1.5703e-01
1.5275e-01
1.4184e-01
1.2627e-01
1.0861e-01
9.0920e-02
7.4520e-02
5.7574e-02
3.9178e-02
1.8797e-02
-3.0263e-03
-2.6405e-02
-4.8319e-02
-6.4356e-02
-7.3294e-02
-7.7292e-02
-7.8087e-02
-7.6617e-02
-7.2378e-02
-6.4578e-02
-5.3152e-02
-3.7225e-02
-1.6056e-02
9.9828e-03
3.9675e-02
7.0877e-02
1.0105e-01
1.2910e-01
1.5548e-01
1.7946e-01
1.9796e-01
2.1105e-01
2.1684e-01
2.1414e-01
2.0279e-01
1.8309e-01
1.5710e-01
1.2552e-01
9.2631e-02
5.7593e-02
1.6027e-02
-3.4014e-02
-8.7969e-02
-1.3316e-01
-1.6174e-01
-1.7473e-01
-1.7585e-01
-1.6953e-01
-1.5767e-01
-1.4358e-01
-1.2804e-01
-1.0929e-01
-8.9535e-02
-7.2167e-02
-5.6071e-02
-4.1842e-02
-3.2101e-02
-2.9154e-02
-3.4696e-02
-4.9314e-02
-7.0309e-02
-9.2185e-02
-1.1427e-01
-1.3492e-01
-1.5100e-01
-1.6199e-01
-1.6792e-01
-1.6696e-01
-1.5587e-01
-1.3269e-01
-9.8370e-02
-5.7836e-02
-1.4912e-02
3.0813e-02
7.7142e-02
1.2048e-01
1.5741e-01
1.8348e-01
1.9873e-01
2.0233e-01
1.9490e-01
1.7631e-01
1.4737e-01
1.1266e-01
8.1314e-02
5.1357e-02
2.2767e-02
-2.9115e-03
-2.5460e-02
-4.2906e-02
-5.3347e-02
-5.6385e-02
-5.2174e-02
-4.0131e-02
-2.0410e-02
5.1853e-03
3.3794e-02
5.9244e-02
8.1446e-02
9.9601e-02
1.1375e-01
1.2219e-01
1.2282e-01
1.1334e-01
9.3224e-02
6.3105e-02
2.4495e-02
-1.8678e-02
-6.3626e-02
-1.0669e-01
-1.4554e-01
-1.7854e-01
-2.0539e-01
-2.2129e-01
-2.2889e-01
-2.2901e-01
-2.2287e-01
-2.1079e-01
-1.9331e-01
-1.7089e-01
-1.4449e-01
-1.1695e-01
-9.1103e-02
-7.0102e-02
-5.4785e-02
-4.5750e-02
-4.2802e-02
-4.5901e-02
-5.3627e-02
-6.3397e-02
-7.2608e-02
-7.8909e-02
-8.2473e-02
-8.2621e-02
-7.6795e-02
-6.4485e-02
-4.6056e-02
-2.4552e-02
-4.4247e-03
1.4571e-02
3.0652e-02
4.4903e-02
5.7564e-02
6.7132e-02
7.4148e-02
7.8180e-02
7.9320e-02
7.8009e-02
7.4901e-02
7.0564e-02
6.5470e-02
5.8441e-02
4.9088e-02
3.7821e-02
2.6990e-02
1.8987e-02
1.2011e-02
6.1650e-03
1.7231e-03
-1.5038e-03
-3.3043e-03
-3.1930e-03
-2.3311e-03
-1.7531e-03
-2.1341e-03
-4.2661e-03
-7.7958e-03
-1.2714e-02
-1.8452e-02
-2.4221e-02
-2.9337e-02
-3.2232e-02
-3.3732e-02
-3.4272e-02
-3.3453e-02
-3.0283e-02
-2.4237e-02
-1.4164e-02
5.4976e-04
1.9963e-02
4.3189e-02
6.8170e-02
9.4659e-02
1.1959e-01
1.4071e-01
1.5801e-01
1.6965e-01
1.7545e-01
1.7467e-01
1.6716e-01
1.5478e-01
1.4016e-01
1.2781e-01
1.1966e-01
1.1404e-01
1.1009e-01
1.0693e-01
1.0386e-01
1.0006e-01
9.4362e-02
8.6574e-02
7.7274e-02
6.7343e-02
5.7381e-02
4.7862e-02
3.7746e-02
2.7195e-02
1.6754e-02
7.5559e-03
4.5223e-04
-4.3744e-03
-6.7619e-03
-6.9647e-03
-5.3022e-03
-2.0851e-03
2.6957e-03
9.1167e-03
1.6314e-02
2.3039e-02
2.7861e-02
3.1494e-02
3.3501e-02
3.3408e-02
3.0808e-02
2.5052e-02
1.6414e-02
5.7967e-03
-5.5603e-03
-1.7658e-02
-3.2228e-02
-5.0248e-02
-7.0691e-02
-9.0791e-02
-1.0813e-01
-1.2156e-01
-1.2969e-01
-1.3164e-01
-1.2743e-01
-1.1854e-01
-1.0683e-01
-9.4062e-02
-8.1704e-02
-6.9588e-02
-5.6372e-02
-4.1979e-02
-2.8202e-02
-1.6439e-02
-8.7153e-03
-5.7840e-03
-7.2641e-03
-1.2978e-02
-2.2122e-02
-3.3490e-02
-4.5299e-02
-5.5549e-02
-6.3442e-02
-6.9480e-02
-7.3724e-02
-7.5657e-02
-7.4452e-02
-6.9208e-02
-6.0016e-02
-4.6340e-02
-2.9429e-02
-9.9718e-03
1.0152e-02
2.8347e-02
4.3729e-02
5.6806e-02
6.7651e-02
7.6935e-02
8.4419e-02
8.9541e-02
9.2397e-02
9.2942e-02
9.2088e-02
9.0913e-02
9.0000e-02
8.9121e-02
8.7352e-02
8.4093e-02
7.8976e-02
7.1958e-02
6.3868e-02
5.5199e-02
4.6910e-02
3.9967e-02
3.4761e-02
3.0949e-02
2.7764e-02
2.4887e-02
2.1458e-02
1.6738e-02
1.0330e-02
9.8190e-04
-1.0380e-02
-2.1110e-02
-2.9020e-02
-3.2553e-02
-3.1688e-02
-2.7444e-02
-2.1508e-02
-1.5450e-02
-1.0742e-02
-8.6837e-03
-9.5798e-03
-1.3354e-02
-2.0116e-02
-2.8976e-02
-3.8691e-02
-4.9248e-02
-6.1056e-02
-7.4346e-02
-8.8034e-02
-1.0086e-01
-1.1124e-01
-1.1923e-01
-1.2419e-01
-1.2576e-01
-1.2325e-01
-1.1627e-01
-1.0507e-01
-8.9386e-02
-7.1067e-02
-5.1861e-02
-3.2458e-02
-1.4643e-02
5.6881e-04
1.2104e-02
1.9491e-02
2.2643e-02
2.2416e-02
1.9920e-02
1.5153e-02
7.9934e-03
-1.7863e-03
-1.3603e-02
-2.7429e-02
-4.1942e-02
-5.5425e-02
-6.5077e-02
-6.8755e-02
-6.5923e-02
-5.7330e-02
-4.4543e-02
-2.9979e-02
-1.5411e-02
-7.4535e-04
1.4668e-02
2.9198e-02
4.2774e-02
5.4934e-02
6.4912e-02
7.2555e-02
7.7942e-02
8.1808e-02
8.3514e-02
8.2801e-02
7.9430e-02
7.3075e-02
6.4721e-02
5.5490e-02
4.6784e-02
3.9408e-02
3.2945e-02
2.6162e-02
1.8341e-02
8.7944e-03
-1.9361e-03
-1.1747e-02
-1.9705e-02
-2.5666e-02
-2.9286e-02
-2.9938e-02
-2.8315e-02
-2.5125e-02
-2.0709e-02
-1.5909e-02
-1.1002e-02
-7.2191e-03
-5.3694e-03
-5.3132e-03
-6.5895e-03
-8.7818e-03
-1.1051e-02
-1.3075e-02
-1.4802e-02
-1.5995e-02
-1.7169e-02
-1.8160e-02
-1.8122e-02
-1.6537e-02
-1.3571e-02
-1.0380e-02
-8.7804e-03
-1.0140e-02
-1.4558e-02
-2.0822e-02
-2.8115e-02
-3.5334e-02
-4.0668e-02
-4.3661e-02
-4.4134e-02
-4.2490e-02
-3.8724e-02
-3.3539e-02
-2.8520e-02
-2.4181e-02
-2.1158e-02
-1.9817e-02
-2.0305e-02
-2.2166e-02
-2.3352e-02
-2.1912e-02
-1.6801e-02
-1.0133e-02
-2.5112e-03
6.7364e-03
1.6304e-02
2.6142e-02
3.6793e-02
4.8068e-02
5.9812e-02
7.1674e-02
8.2824e-02
9.1066e-02
9.7112e-02
1.0134e-01
1.0351e-01
1.0381e-01
1.0191e-01
9.8129e-02
9.3288e-02
8.7669e-02
8.2734e-02
7.8407e-02
7.5549e-02
7.3811e-02
7.2873e-02
7.2193e-02
7.0582e-02
6.7868e-02
6.2965e-02
5.5332e-02
4.5913e-02
3.4313e-02
2.0994e-02
7.2977e-03
-6.7322e-03
-2.1249e-02
-3.5343e-02
-4.9506e-02
-6.3443e-02
-7.5959e-02
-8.7419e-02
-9.6785e-02
-1.0280e-01
-1.0507e-01
-1.0188e-01
-9.2070e-02
-7.5725e-02
-5.4249e-02
-3.0907e-02
-8.4703e-03
1.1740e-02
2.7627e-02
3.8675e-02
4.2817e-02
4.2228e-02
3.8411e-02
3.2223e-02
2.4789e-02
1.6713e-02
8.4715e-03
-5.9552e-04
-1.0889e-02
-2.1446e-02
-3.0666e-02
-3.6184e-02
-3.8195e-02
-3.7598e-02
-3.6448e-02
-3.5491e-02
-3.4344e-02
-3.1739e-02
-2.6665e-02
-2.0088e-02
-1.3609e-02
-9.3542e-03
-8.6767e-03
-1.0871e-02
-1.4924e-02
-2.0478e-02
-2.6530e-02
-3.2098e-02
-3.6706e-02
-3.9636e-02
-4.0466e-02
-3.9271e-02
-3.7262e-02
-3.5081e-02
-3.3188e-02
-3.1065e-02
-2.7923e-02
-2.3749e-02
-1.8590e-02
-1.2682e-02
-6.1277e-03
1.2270e-04
4.9959e-03
8.1839e-03
9.8021e-03
1.0021e-02
8.4909e-03
5.1819e-03
-4.8276e-05
-7.0342e-03
-1.5007e-02
-2.3252e-02
-3.1122e-02
-3.7339e-02
-4.0381e-02
-3.9961e-02
-3.5617e-02
-2.7526e-02
-1.6381e-02
-3.6678e-03
9.9702e-03
2.4025e-02
3.7437e-02
4.9991e-02
6.0899e-02
7.0133e-02
7.7970e-02
8.4156e-02
8.7984e-02
8.9392e-02
8.8272e-02
8.4648e-02
7.8786e-02
7.0896e-02
6.1636e-02
5.1194e-02
4.0309e-02
2.8757e-02
1.7802e-02
6.7502e-03
-3.5137e-03
-1.0770e-02
-1.3330e-02
-1.0003e-02
-1.7089e-03
9.8026e-03
2.2038e-02
3.2855e-02
4.0170e-02
4.2848e-02
4.1329e-02
3.7136e-02
3.0997e-02
2.4114e-02
1.7921e-02
1.3403e-02
1.0825e-02
9.7873e-03
9.7374e-03
1.0360e-02
1.1633e-02
1.3424e-02
1.5874e-02
1.9044e-02
2.2549e-02
2.5919e-02
2.9241e-02
3.1989e-02
3.4109e-02
3.5610e-02
3.6120e-02
3.5594e-02
3.3406e-02
2.9220e-02
2.2631e-02
1.4214e-02
5.0562e-03
-3.4425e-03
-1.0570e-02
-1.5124e-02
-1.7247e-02
-1.7587e-02
-1.7292e-02
-1.7831e-02
-1.9723e-02
-2.2808e-02
-2.7108e-02
-3.1951e-02
-3.6500e-02
-4.1237e-02
-4.6882e-02
-5.4292e-02
-6.3899e-02
-7.5803e-02
-8.8884e-02
-9.9829e-02
-1.0862e-01
-1.1486e-01
-1.1867e-01
-1.1930e-01
-1.1669e-01
-1.1075e-01
-1.0176e-01
-8.9765e-02
-7.6007e-02
-6.1345e-02
-4.6603e-02
-3.2493e-02
-2.0059e-02
-1.0512e-02
-4.0574e-03
-3.6380e-04
6.0945e-04
-3.6784e-04
-2.5863e-03
-5.5085e-03
-8.8813e-03
-1.3035e-02
-1.7460e-02
-2.2239e-02
-2.7048e-02
-3.1025e-02
-3.4067e-02
-3.5242e-02
-3.3638e-02
-2.8836e-02
-2.1217e-02
-1.1413e-02
-1.0727e-04
1.1835e-02
2.3875e-02
3.5185e-02
4.4672e-02
5.2888e-02
6.0221e-02
6.7016e-02
7.3064e-02
7.7628e-02
8.0037e-02
7.9362e-02
7.5961e-02
7.0246e-02
6.3389e-02
5.6833e-02
5.1897e-02
4.8924e-02
4.8705e-02
5.2116e-02
5.8625e-02
6.6868e-02
7.5886e-02
8.4282e-02
9.0387e-02
9.3388e-02
9.2655e-02
8.7601e-02
7.6914e-02
6.0119e-02
3.8411e-02
1.4351e-02
-9.0577e-03
-2.9527e-02
-4.7724e-02
-6.2082e-02
-7.1672e-02
-7.7645e-02
-8.0880e-02
-8.2674e-02
-8.3826e-02
-8.5059e-02
-8.7097e-02
-9.0094e-02
-9.3184e-02
-9.5412e-02
-9.5908e-02
-9.3830e-02
-8.8758e-02
-8.1127e-02
-7.1295e-02
-6.0797e-02
-5.1337e-02
-4.3839e-02
-3.8514e-02
-3.4499e-02
-3.1393e-02
-2.8295e-02
-2.4910e-02
-2.0769e-02
-1.5479e-02
-9.5630e-03
-3.3321e-03
3.2367e-03
9.2649e-03
1.3369e-02
1.4520e-02
1.2276e-02
6.9769e-03
-7.1584e-04
-1.0110e-02
-2.0219e-02
-2.9864e-02
-3.8065e-02
-4.2793e-02
-4.3878e-02
-4.1079e-02
-3.4308e-02
-2.3907e-02
-1.1155e-02
2.4642e-03
1.6042e-02
2.8203e-02
3.8254e-02
4.6702e-02
5.3757e-02
5.9026e-02
6.3061e-02
6.5864e-02
6.7651e-02
6.8513e-02
6.8588e-02
6.7958e-02
6.6641e-02
6.4812e-02
6.2395e-02
5.8517e-02
5.2565e-02
4.4646e-02
3.6276e-02
2.8631e-02
2.2905e-02
1.9432e-02
1.7495e-02
1.7293e-02
1.8650e-02
2.1374e-02
2.5598e-02
3.0508e-02
3.5042e-02
3.8909e-02
4.1161e-02
4.0997e-02
3.8844e-02
3.5463e-02
3.1090e-02
2.5921e-02
2.0467e-02
1.4604e-02
8.3799e-03
9.3061e-04
-7.7638e-03
-1.5810e-02
-2.1782e-02
-2.5707e-02
-2.7758e-02
-2.7933e-02
-2.6432e-02
-2.3457e-02
-1.9006e-02
-1.3730e-02
-8.2037e-03
-2.6004e-03
2.8291e-03
8.2557e-03
1.4043e-02
1.9780e-02
2.5507e-02
3.1243e-02
3.6513e-02
4.0904e-02
4.3661e-02
4.3435e-02
3.9595e-02
3.1777e-02
2.0172e-02
5.3833e-03
-1.0384e-02
-2.5291e-02
-3.7650e-02
-4.6139e-02
-4.9007e-02
-4.6304e-02
-3.8825e-02
-2.8370e-02
-1.6806e-02
-4.9453e-03
6.9114e-03
1.8894e-02
3.0137e-02
4.0583e-02
4.8882e-02
5.3991e-02
5.6253e-02
5.5682e-02
5.2150e-02
4.5143e-02
3.5036e-02
2.1769e-02
6.1193e-03
-1.1773e-02
-3.0487e-02
-4.7404e-02
-6.0896e-02
-6.9070e-02
-7.1075e-02
-6.7369e-02
-5.8333e-02
-4.4465e-02
-2.7161e-02
-7.8381e-03
1.0316e-02
2.6674e-02
4.0199e-02
4.9191e-02
5.2656e-02
5.0089e-02
4.2049e-02
3.0062e-02
1.5807e-02
1.6437e-03
-1.2500e-02
-2.8112e-02
-4.5206e-02
-6.2510e-02
-7.7819e-02
-9.0389e-02
-9.8952e-02
-1.0268e-01
-1.0038e-01
-9.3262e-02
-8.2471e-02
-6.8783e-02
-5.3310e-02
-3.7457e-02
-2.2045e-02
-8.5278e-03
2.0316e-03
8.5513e-03
1.1153e-02
1.0964e-02
1.0009e-02
1.0115e-02
1.2521e-02
1.8244e-02
2.6791e-02
3.7330e-02
4.7847e-02
5.6355e-02
6.2518e-02
6.6285e-02
6.8639e-02
7.0703e-02
7.2971e-02
7.5737e-02
7.8881e-02
8.2289e-02
8.5744e-02
8.8712e-02
9.0506e-02
9.0475e-02
8.7953e-02
8.2663e-02
7.4154e-02
6.2840e-02
4.9334e-02
3.4826e-02
2.0351e-02
6.1734e-03
-7.3588e-03
-1.8992e-02
-2.7214e-02
-3.0433e-02
-2.9374e-02
-2.4167e-02
-1.6093e-02
-6.4787e-03
3.5466e-03
1.3224e-02
2.1342e-02
2.7315e-02
3.1076e-02
3.2419e-02
3.0927e-02
2.6564e-02
2.0085e-02
1.2102e-02
3.3969e-03
-6.3873e-03
-1.7803e-02
-3.1254e-02
-4.6940e-02
-6.3640e-02
-8.1337e-02
-9.9862e-02
-1.1651e-01
-1.3060e-01
-1.4135e-01
-1.4812e-01
-1.5011e-01
-1.4705e-01
-1.3870e-01
-1.2559e-01
-1.0860e-01
-8.8980e-02
-6.8049e-02
-4.8115e-02
-3.0496e-02
-1.4858e-02
-1.6947e-03
8.2934e-03
1.4066e-02
1.6113e-02
1.4088e-02
7.7303e-03
-2.5784e-03
-1.5372e-02
-2.8702e-02
-4.0934e-02
-5.0087e-02
-5.4819e-02
-5.4436e-02
-4.9398e-02
-4.1423e-02
-3.2899e-02
-2.5571e-02
-1.9966e-02
-1.7820e-02
-1.8995e-02
-2.3740e-02
-3.1892e-02
-4.2099e-02
-5.2000e-02
-6.1344e-02
-7.0113e-02
-7.7738e-02
-8.2978e-02
-8.4764e-02
-8.1162e-02
-7.0802e-02
-5.2874e-02
-2.8346e-02
2.5690e-04
2.8270e-02
5.4379e-02
7.8474e-02
1.0002e-01
1.1674e-01
1.2821e-01
1.3399e-01
1.3322e-01
1.2514e-01
1.0915e-01
8.6050e-02
5.8222e-02
2.7088e-02
-6.2870e-03
-3.9477e-02
-7.1680e-02
-1.0222e-01
-1.2865e-01
-1.4802e-01
-1.5906e-01
-1.6273e-01
-1.5832e-01
-1.4534e-01
-1.2358e-01
-9.4294e-02
-6.1151e-02
-2.8266e-02
3.5422e-03
3.2640e-02
5.8834e-02
8.2779e-02
1.0313e-01
1.1852e-01
1.2706e-01
1.2936e-01
1.2545e-01
1.1549e-01
1.0024e-01
8.1697e-02
6.4191e-02
5.2550e-02
4.6842e-02
4.7018e-02
5.2208e-02
6.0473e-02
7.0048e-02
7.9483e-02
8.7196e-02
9.2244e-02
9.4113e-02
9.2156e-02
8.7458e-02
8.0551e-02
7.2087e-02
6.2736e-02
5.1547e-02
4.0115e-02
3.0183e-02
2.2489e-02
1.7295e-02
1.4688e-02
1.4765e-02
1.7483e-02
2.2187e-02
2.8218e-02
3.5366e-02
4.3021e-02
5.1148e-02
5.8801e-02
6.5496e-02
6.9614e-02
7.0171e-02
6.6178e-02
5.6677e-02
4.2348e-02
2.4816e-02
7.0975e-03
-9.5044e-03
-2.3748e-02
-3.5050e-02
-4.3825e-02
-5.1048e-02
-5.7018e-02
-6.0778e-02
-6.1260e-02
-5.7961e-02
-5.0348e-02
-3.7879e-02
-2.0629e-02
-2.8279e-04
2.1644e-02
4.1921e-02
6.0094e-02
7.2903e-02
8.0285e-02
8.2942e-02
8.0788e-02
7.4385e-02
6.4445e-02
5.2298e-02
3.8119e-02
2.2152e-02
5.7129e-03
-1.0806e-02
-2.6045e-02
-4.1047e-02
-5.5321e-02
-6.9378e-02
-8.4347e-02
-1.0052e-01
-1.1475e-01
-1.2116e-01
-1.1692e-01
-1.0072e-01
-7.2672e-02
-3.5914e-02
3.6850e-03
3.9870e-02
7.0974e-02
9.5246e-02
1.1065e-01
1.1948e-01
1.2160e-01
1.1635e-01
1.0475e-01
8.7472e-02
6.5711e-02
3.9759e-02
1.0796e-02
-1.9554e-02
-4.8953e-02
-7.3835e-02
-9.3636e-02
-1.1021e-01
-1.2412e-01
-1.3568e-01
-1.4504e-01
-1.5014e-01
-1.4905e-01
-1.4175e-01
-1.2967e-01
-1.1487e-01
-9.8995e-02
-8.3447e-02
-6.8356e-02
-5.4464e-02
-4.2213e-02
-3.0399e-02
-1.7613e-02
-4.0274e-03
9.2446e-03
2.1676e-02
3.2657e-02
4.1681e-02
4.7784e-02
4.9986e-02
4.8044e-02
4.2665e-02
3.5359e-02
2.8024e-02
2.1054e-02
1.4284e-02
7.2541e-03
-6.1224e-04
-9.1205e-03
-1.7614e-02
-2.5758e-02
-3.4309e-02
-4.4690e-02
-5.7554e-02
-7.1258e-02
-8.3400e-02
-9.2643e-02
-9.7625e-02
-9.7679e-02
-9.2945e-02
-8.3664e-02
-7.1526e-02
-5.7960e-02
-4.3014e-02
-2.7257e-02
-1.1469e-02
3.3844e-03
1.5459e-02
2.4441e-02
2.9953e-02
3.2861e-02
3.3545e-02
3.2504e-02
2.9454e-02
2.4354e-02
1.7020e-02
7.4520e-03
-2.9271e-03
-1.3400e-02
-2.2407e-02
-2.9799e-02
-3.5664e-02
-4.0351e-02
-4.3837e-02
-4.6405e-02
-4.7580e-02
-4.6221e-02
-4.1856e-02
-3.3421e-02
-2.1184e-02
-5.4255e-03
1.3191e-02
3.3172e-02
5.1890e-02
6.9198e-02
8.4645e-02
9.8705e-02
1.1112e-01
1.2112e-01
1.2818e-01
1.3234e-01
1.3371e-01
1.3175e-01
1.2617e-01
1.1669e-01
1.0259e-01
8.3821e-02
6.3602e-02
4.2886e-02
2.2260e-02
4.2559e-03
-8.4933e-03
-1.6042e-02
-1.9337e-02
-1.9194e-02
-1.6870e-02
-1.3004e-02
-7.6920e-03
-1.2389e-03
6.1869e-03
1.3723e-02
2.1038e-02
2.8332e-02
3.6018e-02
4.3375e-02
4.9081e-02
5.3748e-02
5.7665e-02
6.0867e-02
6.2971e-02
6.3327e-02
6.1883e-02
5.8668e-02
5.4837e-02
5.0235e-02
4.4171e-02
3.6023e-02
2.5789e-02
1.4721e-02
3.1846e-03
-8.0845e-03
-1.8077e-02
-2.7181e-02
-3.4578e-02
-3.9628e-02
-4.2499e-02
-4.3028e-02
-4.1015e-02
-3.6781e-02
-3.0551e-02
-2.2601e-02
-1.3596e-02
-4.3760e-03
3.9479e-03
1.1474e-02
1.7444e-02
2.1337e-02
2.2763e-02
2.3252e-02
2.4047e-02
2.5202e-02
2.6499e-02
2.7727e-02
2.8053e-02
2.6242e-02
2.1686e-02
1.4075e-02
3.7949e-03
-7.4167e-03
-1.9036e-02
-2.9185e-02
-3.6615e-02
-4.1456e-02
-4.3952e-02
-4.4904e-02
-4.5229e-02
-4.5634e-02
-4.6108e-02
-4.6963e-02
-4.8635e-02
-5.0902e-02
-5.3190e-02
-5.4550e-02
-5.3743e-02
-5.0975e-02
-4.6720e-02
-4.1782e-02
-3.7353e-02
-3.4524e-02
-3.4211e-02
-3.7587e-02
-4.4200e-02
-5.2933e-02
-6.3036e-02
-7.3728e-02
-8.4060e-02
-9.2760e-02
-9.7788e-02
-9.8031e-02
-9.3164e-02
-8.3887e-02
-7.1076e-02
-5.5511e-02
-3.8215e-02
-2.0200e-02
-2.9525e-03
1.3428e-02
2.8470e-02
4.1328e-02
5.0992e-02
5.7027e-02
5.9629e-02
5.8809e-02
5.4746e-02
4.7772e-02
3.8263e-02
2.6468e-02
1.2960e-02
-5.9717e-04
-1.3892e-02
-2.5756e-02
-3.4282e-02
-3.9540e-02
-4.2219e-02
-4.2431e-02
-4.1905e-02
-4.0804e-02
-3.8220e-02
-3.4573e-02
-3.0256e-02
-2.6394e-02
-2.3688e-02
-2.1581e-02
-1.9229e-02
-1.6559e-02
-1.3002e-02
-8.8047e-03
-4.8435e-03
-1.5778e-03
1.4894e-03
3.9134e-03
5.4309e-03
6.8087e-03
8.0126e-03
9.5990e-03
1.1421e-02
1.2380e-02
1.2301e-02
1.1264e-02
9.5041e-03
7.0215e-03
3.1904e-03
-2.2768e-03
-9.0846e-03
-1.6752e-02
-2.4799e-02
-3.2368e-02
-3.7732e-02
-4.0952e-02
-4.1192e-02
-3.6825e-02
-2.8131e-02
-1.6184e-02
-1.9028e-03
1.3372e-02
2.7981e-02
4.1263e-02
5.2968e-02
6.3571e-02
7.2813e-02
8.0521e-02
8.6873e-02
9.1683e-02
9.4693e-02
9.5398e-02
9.2269e-02
8.4034e-02
6.9874e-02
5.0169e-02
2.7820e-02
8.0136e-03
-9.6863e-03
-2.5141e-02
-3.7303e-02
-4.5854e-02
-5.0738e-02
-5.2217e-02
-4.9546e-02
-4.2972e-02
-3.2209e-02
-1.7360e-02
3.9591e-04
1.9159e-02
3.7257e-02
5.3808e-02
6.8258e-02
7.9688e-02
8.7395e-02
9.2005e-02
9.4217e-02
9.4209e-02
9.1637e-02
8.5799e-02
7.5594e-02
6.0749e-02
4.2932e-02
2.5793e-02
1.1226e-02
2.0665e-04
-6.6828e-03
-9.6376e-03
-9.0615e-03
-5.1830e-03
1.1355e-03
9.3044e-03
1.8698e-02
2.9447e-02
4.0758e-02
5.1374e-02
5.9089e-02
6.2072e-02
6.0703e-02
5.5763e-02
4.7912e-02
3.8243e-02
2.8025e-02
1.7304e-02
6.1122e-03
-4.6547e-03
-1.3527e-02
-2.0868e-02
-2.7590e-02
-3.3544e-02
-3.8592e-02
-4.2103e-02
-4.4403e-02
-4.5875e-02
-4.6604e-02
-4.6138e-02
-4.4431e-02
-4.2166e-02
-3.9495e-02
-3.6831e-02
-3.4241e-02
-3.1898e-02
-3.0199e-02
-2.9354e-02
-2.8987e-02
-2.8017e-02
-2.5784e-02
-2.1641e-02
-1.5796e-02
-8.4485e-03
-7.3659e-05
8.8156e-03
1.7856e-02
2.5563e-02
3.1617e-02
3.6048e-02
3.8511e-02
3.8608e-02
3.6343e-02
3.2090e-02
2.5756e-02
1.7441e-02
7.6479e-03
-2.8320e-03
-1.3318e-02
-2.3413e-02
-3.2985e-02
-4.0873e-02
-4.6834e-02
-5.0323e-02
-5.1354e-02
-4.9966e-02
-4.6141e-02
-3.9874e-02
-3.1153e-02
-2.0349e-02
-8.6940e-03
3.0206e-03
1.3586e-02
2.2571e-02
2.8584e-02
3.0638e-02
2.8615e-02
2.2731e-02
1.3871e-02
3.0166e-03
-9.2577e-03
-2.0997e-02
-3.0292e-02
-3.6561e-02
-4.0418e-02
-4.1479e-02
-4.0386e-02
-3.7292e-02
-3.2424e-02
-2.6567e-02
-2.0111e-02
-1.3333e-02
-6.6599e-03
-3.4590e-04
5.4477e-03
1.0117e-02
1.2939e-02
1.4321e-02
1.4659e-02
1.4103e-02
1.2352e-02
9.4145e-03
5.2443e-03
-6.6056e-04
-7.7102e-03
-1.4531e-02
-2.0333e-02
-2.4894e-02
-2.7460e-02
-2.7944e-02
-2.6931e-02
-2.5019e-02
-2.2860e-02
-2.0645e-02
-1.7779e-02
-1.5010e-02
-1.2299e-02
-9.6897e-03
-6.7488e-03
-2.9796e-03
5.0737e-04
3.3001e-03
5.2095e-03
5.7381e-03
5.0171e-03
3.1737e-03
3.1226e-04
-3.4885e-03
-7.8158e-03
-1.1890e-02
-1.5359e-02
-1.7961e-02
-1.9579e-02
-1.9496e-02
-1.7796e-02
-1.4991e-02
-1.1065e-02
-7.1849e-03
-3.7771e-03
-1.2518e-03
8.5422e-04
3.0462e-03
5.2532e-03
6.6820e-03
6.7939e-03
5.7914e-03
3.5045e-03
-1.9939e-04
-4.8932e-03
-1.0301e-02
-1.6639e-02
-2.3560e-02
-3.0899e-02
-3.7688e-02
-4.3373e-02
-4.7850e-02
-5.0752e-02
-5.2428e-02
-5.3103e-02
-5.3049e-02
-5.1657e-02
-4.8769e-02
-4.4439e-02
-3.8704e-02
-3.1468e-02
-2.3271e-02
-1.4459e-02
-5.5171e-03
2.6563e-03
1.0215e-02
1.7090e-02
2.1752e-02
2.4230e-02
2.4916e-02
2.3252e-02
1.9796e-02
1.4979e-02
9.7223e-03
4.2252e-03
-1.3652e-03
-6.2298e-03
-9.9018e-03
-1.2459e-02
-1.3625e-02
-1.3166e-02
-1.1190e-02
-7.2808e-03
-1.4934e-03
5.2654e-03
1.2292e-02
1.8889e-02
2.5129e-02
3.0929e-02
3.5621e-02
3.9451e-02
4.2302e-02
4.4004e-02
4.4505e-02
4.3548e-02
4.1350e-02
3.7883e-02
3.3650e-02
2.8687e-02
2.3234e-02
1.7968e-02
1.3293e-02
9.5866e-03
7.6052e-03
7.3162e-03
8.3315e-03
1.0461e-02
1.3030e-02
1.6274e-02
2.0077e-02
2.3746e-02
2.6653e-02
2.8368e-02
2.9566e-02
3.1084e-02
3.2879e-02
3.5005e-02
3.6970e-02
3.7952e-02
3.7516e-02
3.5290e-02
3.1788e-02
2.7230e-02
2.1830e-02
1.6521e-02
1.1138e-02
6.3940e-03
3.1921e-03
1.2212e-03
3.8613e-04
8.3831e-04
2.2010e-03
4.5690e-03
8.0876e-03
1.2682e-02
1.8185e-02
2.4495e-02
3.0778e-02
3.6486e-02
4.1643e-02
4.5802e-02
4.8571e-02
5.0411e-02
5.0891e-02
4.9722e-02
4.6810e-02
4.2390e-02
3.6496e-02
2.9502e-02
2.1589e-02
1.3367e-02
5.0824e-03
-2.7811e-03
-9.9062e-03
-1.6009e-02
-2.0764e-02
-2.4203e-02
-2.6755e-02
-2.8304e-02
-2.9022e-02
-2.8934e-02
-2.7403e-02
-2.4367e-02
-2.0186e-02
-1.5482e-02
-1.1461e-02
-7.8958e-03
-5.1609e-03
-3.1948e-03
-1.8735e-03
-1.4477e-03
-2.0577e-03
-3.1422e-03
-4.7306e-03
-6.9067e-03
-9.5507e-03
-1.2380e-02
-1.5099e-02
-1.7459e-02
-1.9665e-02
-2.1999e-02
-2.4547e-02
-2.7082e-02
-2.9339e-02
-3.1403e-02
-3.2941e-02
-3.3754e-02
-3.3886e-02
-3.3221e-02
-3.1923e-02
-2.9859e-02
-2.7527e-02
-2.4492e-02
-2.1060e-02
-1.7285e-02
-1.3248e-02
-9.0997e-03
-4.8938e-03
-1.0152e-03
2.1614e-03
4.6814e-03
6.5203e-03
7.5453e-03
7.8788e-03
7.8450e-03
7.4243e-03
6.2701e-03
4.7689e-03
2.8649e-03
5.2129e-04
-2.0414e-03
-5.0438e-03
-8.2568e-03
-1.1831e-02
-1.4988e-02
-1.6549e-02
-1.6704e-02
-1.5973e-02
-1.4227e-02
-1.1652e-02
-8.4792e-03
-4.7341e-03
-2.5951e-04
3.9293e-03
7.0072e-03
9.0693e-03
1.0485e-02
1.1178e-02
1.0953e-02
1.0239e-02
8.9101e-03
6.9868e-03
4.8485e-03
2.6333e-03
1.0732e-03
7.9084e-04
1.6444e-03
3.8459e-03
6.6103e-03
9.3785e-03
1.1832e-02
1.3466e-02
1.4393e-02
1.4642e-02
1.3954e-02
1.2801e-02
1.1423e-02
1.0310e-02
9.8150e-03
9.3842e-03
8.3915e-03
6.5390e-03
4.2502e-03
1.8754e-03
-2.3671e-04
-2.0923e-03
-3.4982e-03
-4.5660e-03
-5.4983e-03
-5.6319e-03
-4.3701e-03
-1.5250e-03
2.0794e-03
4.9888e-03
5.8518e-03
5.3843e-03
4.0907e-03
1.8271e-03
-1.5572e-03
-5.7003e-03
-9.7410e-03
-1.2574e-02
-1.5092e-02
-1.7480e-02
-1.9801e-02
-2.2078e-02
-2.4126e-02
-2.5687e-02
-2.6618e-02
-2.7283e-02
-2.7390e-02
-2.6802e-02
-2.5458e-02
-2.3440e-02
-2.0820e-02
-1.8102e-02
-1.5846e-02
-1.4596e-02
-1.3773e-02
-1.2908e-02
-1.1693e-02
-1.0178e-02
-8.2666e-03
-6.6480e-03
-5.9438e-03
-5.9315e-03
-5.7376e-03
-5.0349e-03
-3.2591e-03
-2.4198e-04
3.1716e-03
5.4151e-03
5.9234e-03
4.4560e-03
1.2943e-03
-2.7092e-03
-6.7675e-03
-1.0564e-02
-1.2877e-02
-1.3418e-02
-1.2639e-02
-1.1578e-02
-1.1135e-02
-1.0972e-02
-1.1239e-02
-1.1703e-02
-1.1964e-02
-1.1337e-02
-9.5645e-03
-6.6889e-03
-3.1622e-03
5.7472e-04
4.4673e-03
8.5934e-03
1.3238e-02
1.7949e-02
2.1974e-02
2.4933e-02
2.6485e-02
2.6555e-02
2.5300e-02
2.2952e-02
2.0076e-02
1.7130e-02
1.3833e-02
1.0109e-02
6.5596e-03
3.1309e-03
-1.5607e-04
-3.2724e-03
-5.8492e-03
-7.8914e-03
-9.4970e-03
-1.0237e-02
-1.0208e-02
-9.1701e-03
-7.5794e-03
-5.9617e-03
-4.5979e-03
-3.8872e-03
-3.6726e-03
-3.8443e-03
-4.3921e-03
-5.1252e-03
-6.1034e-03
-6.9082e-03
-8.1200e-03
-9.3529e-03
-1.1023e-02
-1.2570e-02
-1.4204e-02
-1.5851e-02
-1.7190e-02
-1.8063e-02
-1.8110e-02
-1.7031e-02
-1.5056e-02
-1.2244e-02
-8.7280e-03
-4.1424e-03
1.1715e-03
6.7856e-03
1.2305e-02
1.7257e-02
2.0729e-02
2.2484e-02
2.2897e-02
2.2898e-02
2.2458e-02
2.1221e-02
1.9018e-02
1.6024e-02
1.2262e-02
8.1293e-03
4.6246e-03
1.7597e-03
-9.9868e-04
-3.6454e-03
-6.3512e-03
-8.9144e-03
-1.0701e-02
-1.1614e-02
-1.1540e-02
-1.0585e-02
-8.9073e-03
-6.8627e-03
-4.4328e-03
-1.6017e-03
1.5628e-03
4.9003e-03
7.4941e-03
8.7685e-03
8.7623e-03
8.2469e-03
7.9584e-03
8.5934e-03
1.1029e-02
1.4776e-02
1.9162e-02
2.3744e-02
2.7591e-02
3.0558e-02
3.2831e-02
3.4861e-02
3.6445e-02
3.7627e-02
3.8177e-02
3.8779e-02
3.9757e-02
4.0573e-02
4.0345e-02
3.8767e-02
3.5500e-02
3.1182e-02
2.7058e-02
2.3657e-02
2.0825e-02
1.8474e-02
1.6361e-02
1.5137e-02
1.5299e-02
1.6771e-02
1.8882e-02
2.1060e-02
2.2369e-02
2.3335e-02
2.4302e-02
2.5320e-02
2.6578e-02
2.7640e-02
2.8982e-02
3.0638e-02
3.2104e-02
3.2239e-02
3.0531e-02
2.8164e-02
2.5751e-02
2.3270e-02
2.0342e-02
1.6687e-02
1.2373e-02
7.5962e-03
2.5289e-03
-2.4941e-03
-7.4114e-03
-1.1704e-02
-1.5292e-02
-1.8332e-02
-2.0844e-02
-2.3028e-02
-2.4741e-02
-2.5714e-02
-2.5685e-02
-2.5136e-02
-2.4415e-02
-2.3611e-02
-2.2684e-02
-2.1291e-02
-1.9937e-02
-1.9126e-02
-1.9378e-02
-2.0796e-02
-2.3195e-02
-2.6944e-02
-3.1770e-02
-3.6140e-02
-4.0335e-02
-4.3861e-02
-4.6813e-02
-4.9176e-02
-5.0541e-02
-5.1160e-02
-5.0979e-02
-4.9748e-02
-4.7533e-02
-4.4527e-02
-4.0840e-02
-3.6512e-02
-3.1959e-02
-2.7888e-02
-2.4949e-02
-2.3746e-02
-2.3707e-02
-2.3964e-02
-2.3838e-02
-2.3070e-02
-2.1776e-02
-2.0180e-02
-1.8568e-02
-1.7563e-02
-1.7169e-02
-1.7399e-02
-1.7841e-02
-1.7694e-02
-1.6198e-02
-1.3514e-02
-1.0100e-02
-6.0920e-03
-2.1207e-03
1.1773e-03
3.3376e-03
4.7005e-03
5.5196e-03
6.4250e-03
7.2649e-03
7.5861e-03
7.4831e-03
6.9795e-03
6.3272e-03
5.7150e-03
5.4128e-03
5.2803e-03
5.2908e-03
5.2782e-03
5.1396e-03
4.6692e-03
3.9909e-03
3.3137e-03
2.4822e-03
1.5958e-03
4.4994e-04
-9.8982e-04
-2.6413e-03
-4.2349e-03
-5.6235e-03
-6.0735e-03
-5.3338e-03
-3.2956e-03
-4.5988e-04
2.8897e-03
6.1746e-03
8.7847e-03
1.0806e-02
1.2030e-02
1.2957e-02
1.3622e-02
1.4336e-02
1.5173e-02
1.5689e-02
1.5927e-02
1.6124e-02
1.6503e-02
1.6861e-02
1.7297e-02
1.7654e-02
1.7597e-02
1.7127e-02
1.6348e-02
1.5382e-02
1.4658e-02
1.4458e-02
1.4798e-02
1.6140e-02
1.8328e-02
2.0795e-02
2.3377e-02
2.5640e-02
2.7476e-02
2.9183e-02
3.0863e-02
3.2234e-02
3.2635e-02
3.2052e-02
3.0645e-02
2.8545e-02
2.5991e-02
2.3193e-02
2.0532e-02
1.8043e-02
1.5483e-02
1.2625e-02
9.2638e-03
6.1445e-03
3.8077e-03
2.0966e-03
8.4183e-04
-5.8174e-04
-1.9758e-03
-3.6105e-03
-5.6064e-03
-7.5374e-03
-9.2989e-03
-1.0981e-02
-1.2504e-02
-1.3803e-02
-1.5027e-02
-1.5959e-02
-1.6673e-02
-1.7199e-02
-1.7718e-02
-1.8298e-02
-1.8472e-02
-1.7993e-02
-1.7801e-02
-1.7776e-02
-1.7501e-02
-1.7331e-02
-1.7739e-02
-1.8564e-02
-1.9810e-02
-2.0976e-02
-2.2772e-02
-2.4868e-02
-2.6544e-02
-2.7473e-02
-2.7586e-02
-2.7362e-02
-2.7033e-02
-2.6543e-02
-2.5504e-02
-2.3568e-02
-2.0311e-02
-1.5906e-02
-1.1015e-02
-7.1539e-03
-4.5068e-03
-2.6653e-03
-1.8345e-03
-2.0491e-03
-3.2462e-03
-4.6871e-03
-5.5953e-03
-6.4581e-03
-7.5490e-03
-8.9013e-03
-1.0701e-02
-1.2731e-02
-1.4371e-02
-1.5854e-02
-1.7022e-02
-1.8068e-02
-1.8932e-02
-1.9371e-02
-1.9327e-02
-1.8804e-02
-1.8105e-02
-1.7002e-02
-1.5804e-02
-1.4738e-02
-1.3705e-02
-1.2438e-02
-1.1005e-02
-9.2779e-03
-7.2432e-03
-5.3372e-03
-3.3740e-03
-1.2324e-03
1.0659e-03
4.2744e-03
8.2776e-03
1.2359e-02
1.6224e-02
1.9290e-02
2.1443e-02
2.2539e-02
2.2550e-02
2.1295e-02
1.8796e-02
1.5229e-02
1.1074e-02
6.8264e-03
2.7018e-03
-1.0410e-03
-4.3306e-03
-6.7657e-03
-8.2213e-03
-8.6791e-03
-7.9048e-03
-6.2978e-03
-3.9557e-03
-1.2720e-03
1.9107e-03
5.7508e-03
9.5625e-03
1.3358e-02
1.7035e-02
1.9950e-02
2.3082e-02
2.6120e-02
2.9132e-02
3.2240e-02
3.5026e-02
3.6931e-02
3.7609e-02
3.6906e-02
3.5807e-02
3.4344e-02
3.2867e-02
3.1623e-02
3.0583e-02
3.0021e-02
2.9742e-02
2.9708e-02
2.9197e-02
2.8786e-02
2.8622e-02
2.8101e-02
2.7549e-02
2.7724e-02
2.8093e-02
2.8039e-02
2.7690e-02
2.7234e-02
2.6699e-02
2.6074e-02
2.5183e-02
2.4052e-02
2.2817e-02
2.1323e-02
1.9494e-02
1.7408e-02
1.4972e-02
1.2491e-02
9.7799e-03
7.0962e-03
4.6874e-03
2.7376e-03
1.1102e-03
1.1461e-04
-4.4382e-04
-1.2934e-03
-3.0613e-03
-6.0072e-03
-9.3948e-03
-1.2063e-02
-1.3820e-02
-1.3931e-02
-1.2617e-02
-1.0587e-02
-8.6594e-03
-7.0753e-03
-5.7720e-03
-4.5504e-03
-3.4237e-03
-2.1782e-03
-8.8728e-04
3.2923e-04
9.5360e-04
1.5078e-03
1.8775e-03
1.8010e-03
1.2794e-03
5.5560e-04
-3.3085e-04
-1.3865e-03
-2.4538e-03
-3.6270e-03
-4.7553e-03
-5.3998e-03
-5.5573e-03
-5.4599e-03
-5.2273e-03
-4.9051e-03
-4.9899e-03
-5.1852e-03
-5.3217e-03
-5.5809e-03
-5.8030e-03
-6.1747e-03
-6.9279e-03
-8.0112e-03
-9.8100e-03
-1.2021e-02
-1.4306e-02
-1.6671e-02
-1.8984e-02
-2.1402e-02
-2.3880e-02
-2.6178e-02
-2.8007e-02
-2.9449e-02
-3.0384e-02
-3.0529e-02
-2.9995e-02
-2.9219e-02
-2.8209e-02
-2.6593e-02
-2.4771e-02
-2.2639e-02
-2.0367e-02
-1.8144e-02
-1.6477e-02
-1.5784e-02
-1.6118e-02
-1.7053e-02
-1.8633e-02
-2.0405e-02
-2.1722e-02
-2.2607e-02
-2.3093e-02
-2.3030e-02
-2.2705e-02
-2.2202e-02
-2.1532e-02
-2.0278e-02
-1.8904e-02
-1.7306e-02
-1.4931e-02
-1.2124e-02
-9.1240e-03
-5.8946e-03
-2.8243e-03
-2.3420e-04
1.4783e-03
2.8825e-03
4.1512e-03
5.2491e-03
5.8831e-03
6.3747e-03
6.4772e-03
5.8194e-03
4.8448e-03
3.7152e-03
2.3673e-03
1.0844e-03
-8.0667e-05
-1.2601e-03
-1.9570e-03
-2.3748e-03
-2.7662e-03
-3.2049e-03
-3.1700e-03
-2.8637e-03
-2.3459e-03
-1.8529e-03
-1.9273e-03
-2.7397e-03
-3.5058e-03
-3.1196e-03
-1.8489e-03
-1.8248e-04
1.6119e-03
3.5544e-03
4.9086e-03
5.3595e-03
5.2973e-03
5.2353e-03
5.4109e-03
5.9962e-03
6.7308e-03
7.4950e-03
8.1278e-03
7.9593e-03
7.3545e-03
6.3992e-03
5.0752e-03
3.3881e-03
1.6857e-03
1.4669e-04
-1.1886e-03
-2.1506e-03
-2.7603e-03
-3.1041e-03
-3.4816e-03
-3.9424e-03
-4.1008e-03
-3.6458e-03
-2.2124e-03
4.0982e-06
2.3176e-03
4.5471e-03
6.3113e-03
7.5093e-03
8.1771e-03
8.2436e-03
7.9026e-03
7.4994e-03
7.3504e-03
7.3992e-03
7.5040e-03
7.7374e-03
8.2403e-03
8.8321e-03
9.3568e-03
1.0166e-02
1.0863e-02
1.1240e-02
1.1131e-02
1.0170e-02
8.9990e-03
8.1190e-03
7.4732e-03
7.0358e-03
6.6714e-03
6.2117e-03
5.8496e-03
5.3733e-03
4.9808e-03
4.7817e-03
4.4478e-03
4.1848e-03
4.3610e-03
4.8458e-03
5.5142e-03
6.1389e-03
6.9624e-03
8.0160e-03
9.2136e-03
1.0390e-02
1.1327e-02
1.1559e-02
1.1414e-02
1.0857e-02
1.0451e-02
1.0698e-02
1.1411e-02
1.2790e-02
1.4249e-02
1.5587e-02
1.6627e-02
1.7211e-02
1.7638e-02
1.7872e-02
1.8240e-02
1.8656e-02
1.8584e-02
1.8232e-02
1.7410e-02
1.5713e-02
1.3570e-02
1.1299e-02
8.8631e-03
5.3739e-03
5.8932e-04
-3.6654e-03
-7.4276e-03
-1.0490e-02
-1.2385e-02
-1.3629e-02
-1.4537e-02
-1.5267e-02
-1.5480e-02
-1.5320e-02
-1.4693e-02
-1.3388e-02
-1.1753e-02
-1.0052e-02
-8.2285e-03
-6.9722e-03
-6.1391e-03
-5.8031e-03
-6.2070e-03
-7.3921e-03
-9.2708e-03
-1.1733e-02
-1.4111e-02
-1.6214e-02
-1.8291e-02
-2.0031e-02
-2.1205e-02
-2.1832e-02
-2.1810e-02
-2.1545e-02
-2.0989e-02
-1.9745e-02
-1.7889e-02
-1.5770e-02
-1.3556e-02
-1.1369e-02
-9.3099e-03
-7.5784e-03
-6.4870e-03
-6.3216e-03
-6.9728e-03
-7.7369e-03
-8.7176e-03
-1.0127e-02
-1.1679e-02
-1.3146e-02
-1.4172e-02
-1.5066e-02
-1.5804e-02
-1.6226e-02
-1.5800e-02
-1.4007e-02
-1.1174e-02
-8.1101e-03
-5.3258e-03
-2.6395e-03
-3.4436e-04
1.0205e-03
2.3719e-03
3.7043e-03
4.7476e-03
6.0251e-03
7.3897e-03
8.5702e-03
9.3069e-03
9.3734e-03
8.8546e-03
8.0906e-03
7.4565e-03
7.0789e-03
7.2156e-03
7.7508e-03
8.2691e-03
8.8482e-03
9.1757e-03
9.4451e-03
1.0096e-02
1.1186e-02
1.1979e-02
1.1661e-02
1.0017e-02
7.9027e-03
6.3234e-03
5.5729e-03
5.9452e-03
7.1640e-03
9.0773e-03
1.1106e-02
1.2964e-02
1.4343e-02
1.5456e-02
1.6341e-02
1.6759e-02
1.6645e-02
1.6075e-02
1.5358e-02
1.4675e-02
1.4158e-02
1.3810e-02
1.3763e-02
1.3811e-02
1.4004e-02
1.4413e-02
1.5818e-02
1.8364e-02
2.1661e-02
2.5379e-02
2.9113e-02
3.2381e-02
3.5226e-02
3.7168e-02
3.8233e-02
3.8454e-02
3.7704e-02
3.5937e-02
3.3114e-02
2.9371e-02
2.4793e-02
1.9326e-02
1.3144e-02
6.9448e-03
1.1326e-03
-3.8957e-03
-7.8339e-03
-1.0630e-02
-1.2508e-02
-1.3565e-02
-1.4307e-02
-1.4884e-02
-1.4854e-02
-1.4615e-02
-1.4327e-02
-1.4168e-02
-1.4197e-02
-1.4534e-02
-1.5541e-02
-1.6924e-02
-1.8419e-02
-2.0392e-02
-2.2700e-02
-2.5067e-02
-2.7516e-02
-2.9971e-02
-3.2397e-02
-3.4836e-02
-3.7093e-02
-3.9216e-02
-4.0799e-02
-4.1831e-02
-4.2304e-02
-4.2094e-02
-4.1371e-02
-3.9846e-02
-3.7602e-02
-3.4956e-02
-3.2017e-02
-2.8757e-02
-2.5025e-02
-2.0946e-02
-1.6890e-02
-1.2842e-02
-9.1819e-03
-5.8793e-03
-2.8518e-03
-5.2014e-04
1.3664e-03
2.6389e-03
3.6192e-03
4.3209e-03
4.9590e-03
5.3824e-03
5.6303e-03
6.1150e-03
6.7178e-03
7.0551e-03
7.8138e-03
8.9039e-03
1.0166e-02
1.1132e-02
1.1478e-02
1.1372e-02
1.1018e-02
1.1198e-02
1.2346e-02
1.4349e-02
1.6371e-02
1.8320e-02
1.9649e-02
2.0204e-02
2.0373e-02
2.0262e-02
1.9921e-02
1.9378e-02
1.8805e-02
1.8019e-02
1.7121e-02
1.5830e-02
1.4129e-02
1.2163e-02
9.8772e-03
7.1754e-03
3.9942e-03
6.5100e-04
-2.3043e-03
-4.6635e-03
-6.3216e-03
-7.6606e-03
-8.7592e-03
-9.7648e-03
-1.1150e-02
-1.2398e-02
-1.2848e-02
-1.2213e-02
-1.0673e-02
-8.3533e-03
-5.3697e-03
-2.1289e-03
1.3314e-03
3.9307e-03
5.2563e-03
5.7956e-03
5.8674e-03
5.3674e-03
4.6102e-03
3.8215e-03
2.8834e-03
1.6854e-03
5.1604e-04
-3.0301e-04
-9.8796e-04
-1.4847e-03
-1.8507e-03
-2.1035e-03
-2.0663e-03
-1.6400e-03
-1.1783e-03
-9.2413e-04
-1.2563e-03
-2.1916e-03
-4.0112e-03
-6.9661e-03
-9.8938e-03
-1.2975e-02
-1.5697e-02
-1.7874e-02
-1.9443e-02
-2.0288e-02
-2.0499e-02
-2.0436e-02
-1.9964e-02
-1.8614e-02
-1.6494e-02
-1.4210e-02
-1.1832e-02
-9.6500e-03
-7.1683e-03
-4.6320e-03
-2.1058e-03
4.8850e-04
2.8395e-03
4.9204e-03
6.5921e-03
7.5103e-03
7.7803e-03
7.9879e-03
7.9196e-03
8.0104e-03
8.4827e-03
9.1740e-03
9.9427e-03
1.0500e-02
1.0610e-02
1.0813e-02
1.1530e-02
1.2630e-02
1.3740e-02
1.5221e-02
1.6848e-02
1.8384e-02
1.9242e-02
1.9426e-02
1.9070e-02
1.8466e-02
1.7613e-02
1.6487e-02
1.5364e-02
1.3842e-02
1.2082e-02
1.0356e-02
8.4941e-03
6.6398e-03
4.3952e-03
2.3522e-03
6.0503e-04
-8.1012e-04
-1.9359e-03
-3.2824e-03
-4.9083e-03
-6.6670e-03
-8.5879e-03
-1.0471e-02
-1.1961e-02
-1.3034e-02
-1.3414e-02
-1.2116e-02
-9.7401e-03
-7.0090e-03
-4.2354e-03
-1.8587e-03
-2.3045e-04
8.6836e-04
1.6075e-03
2.9318e-03
4.9406e-03
7.0444e-03
8.3148e-03
8.3260e-03
6.9653e-03
4.4091e-03
1.1475e-03
-1.9521e-03
-4.3951e-03
-5.7718e-03
-5.8525e-03
-4.9806e-03
-3.2845e-03
-1.7196e-03
-5.7440e-04
7.2253e-04
2.7896e-03
5.4044e-03
7.7281e-03
9.0021e-03
9.0943e-03
8.3295e-03
7.1524e-03
5.5465e-03
3.8208e-03
2.1356e-03
6.6943e-04
-3.9290e-04
-1.5470e-03
-2.7506e-03
-4.0317e-03
-4.9335e-03
-5.1637e-03
-4.8676e-03
-4.1330e-03
-2.7797e-03
-1.1391e-03
8.2116e-04
2.9047e-03
4.6417e-03
5.4939e-03
5.6320e-03
5.1687e-03
3.7965e-03
1.6541e-03
-1.1150e-03
-4.1835e-03
-7.5994e-03
-1.1120e-02
-1.4700e-02
-1.8102e-02
-2.0876e-02
-2.2777e-02
-2.3569e-02
-2.3264e-02
-2.1971e-02
-1.9865e-02
-1.7431e-02
-1.5510e-02
-1.3970e-02
-1.2247e-02
-1.0362e-02
-8.1991e-03
-5.7257e-03
-3.1551e-03
-1.0406e-03
5.7931e-04
1.4171e-03
1.6456e-03
1.8012e-03
1.9558e-03
2.5657e-03
3.8766e-03
5.8263e-03
8.5073e-03
1.1341e-02
1.3459e-02
1.4540e-02
1.4961e-02
1.5089e-02
1.5377e-02
1.6003e-02
1.6530e-02
1.6105e-02
1.4921e-02
1.3511e-02
1.2007e-02
1.0780e-02
9.0207e-03
6.8541e-03
5.3511e-03
4.9777e-03
5.4786e-03
6.0345e-03
6.0770e-03
5.5731e-03
4.5919e-03
3.2531e-03
1.4951e-03
-1.0060e-03
-3.9704e-03
-6.8108e-03
-9.1031e-03
-1.1040e-02
-1.2511e-02
-1.3391e-02
-1.3879e-02
-1.3886e-02
-1.4180e-02
-1.4797e-02
-1.5108e-02
-1.5499e-02
-1.6601e-02
-1.8403e-02
-2.0526e-02
-2.2502e-02
-2.4064e-02
-2.4201e-02
-2.3479e-02
-2.2241e-02
-1.9933e-02
-1.6661e-02
-1.2985e-02
-9.5128e-03
-6.3520e-03
-3.1423e-03
-3.4217e-05
2.7205e-03
4.7566e-03
5.9674e-03
6.0510e-03
5.5120e-03
5.0559e-03
4.8915e-03
4.7842e-03
4.3981e-03
4.2139e-03
4.1824e-03
4.2256e-03
4.4386e-03
4.5811e-03
4.7908e-03
5.1953e-03
5.6824e-03
6.0217e-03
6.4743e-03
7.3059e-03
8.1754e-03
8.8062e-03
9.7402e-03
1.0925e-02
1.1909e-02
1.2569e-02
1.2865e-02
1.2950e-02
1.3377e-02
1.3340e-02
1.3140e-02
1.2624e-02
1.1795e-02
1.0941e-02
1.0978e-02
1.1761e-02
1.2623e-02
1.2640e-02
1.1248e-02
8.9662e-03
6.5246e-03
4.5865e-03
3.8092e-03
4.0816e-03
4.4580e-03
4.6557e-03
4.3598e-03
4.1442e-03
4.2528e-03
4.4875e-03
5.2129e-03
6.0422e-03
6.6025e-03
7.1229e-03
7.5787e-03
8.1417e-03
8.8892e-03
9.5706e-03
9.9909e-03
1.0149e-02
1.0106e-02
9.6981e-03
9.0041e-03
8.1749e-03
7.6412e-03
7.4180e-03
7.2481e-03
6.8469e-03
5.9335e-03
4.2433e-03
2.3378e-03
1.1990e-04
-2.0672e-03
-3.6608e-03
-5.0029e-03
-6.1705e-03
-6.8043e-03
-7.3556e-03
-7.8065e-03
-8.1577e-03
-8.4728e-03
-8.8171e-03
-9.2938e-03
-9.5379e-03
-9.7034e-03
-9.7193e-03
-9.5714e-03
-9.1049e-03
-8.1216e-03
-6.6894e-03
-4.9687e-03
-3.3039e-03
-1.7472e-03
-4.2614e-04
5.9328e-04
1.4520e-03
2.2797e-03
2.9005e-03
2.8732e-03
2.0303e-03
6.3410e-04
-1.1785e-03
-3.1641e-03
-5.2014e-03
-7.1467e-03
-8.8511e-03
-1.0179e-02
-1.1256e-02
-1.1942e-02
-1.2013e-02
-1.1528e-02
-1.0583e-02
-9.3024e-03
-7.6718e-03
-5.7176e-03
-3.7242e-03
-1.7701e-03
-4.2402e-05
1.8143e-03
3.6355e-03
5.0816e-03
5.9181e-03
6.1970e-03
5.8952e-03
5.2155e-03
4.0022e-03
2.3627e-03
3.1218e-04
-2.1927e-03
-4.3280e-03
-6.1508e-03
-7.6345e-03
-8.8674e-03
-9.8663e-03
-1.0321e-02
-1.0040e-02
-9.1638e-03
-7.9129e-03
-6.7005e-03
-5.7293e-03
-4.9805e-03
-4.2562e-03
-3.5280e-03
-2.9682e-03
-2.4552e-03
-2.1982e-03
-2.2177e-03
-2.4383e-03
-2.7668e-03
-3.2561e-03
-3.7949e-03
-4.1444e-03
-4.3880e-03
-4.2704e-03
-3.9895e-03
-3.6212e-03
-2.9130e-03
-2.1016e-03
-1.5383e-03
-1.0716e-03
-7.8406e-04
-6.5713e-04
-5.1277e-04
-2.7553e-04
4.0127e-05
3.8275e-04
6.4476e-04
6.8544e-04
4.9715e-04
2.6966e-04
1.8010e-04
2.1832e-04
3.2108e-04
3.7458e-04
4.6761e-04
6.1868e-04
7.7012e-04
8.6575e-04
1.0937e-03
1.4439e-03
1.7840e-03
2.1152e-03
2.4990e-03
3.0671e-03
3.6486e-03
3.9611e-03
4.0304e-03
3.9362e-03
3.6641e-03
3.3072e-03
2.8849e-03
2.4156e-03
1.9456e-03
1.4760e-03
8.1033e-04
-1.7373e-05
-5.8887e-04
-1.0567e-03
-1.3999e-03
-1.5488e-03
-1.5025e-03
-1.2988e-03
-9.1231e-04
-2.4447e-04
6.1204e-04
1.6964e-03
2.9220e-03
3.9464e-03
4.8981e-03
5.6794e-03
6.1678e-03
6.5441e-03
6.8918e-03
7.1444e-03
7.2717e-03
7.1783e-03
6.8119e-03
6.3897e-03
5.9497e-03
5.5354e-03
5.1082e-03
4.5952e-03
4.0887e-03
3.6202e-03
3.2223e-03
2.8994e-03
2.5823e-03
2.1549e-03
1.6044e-03
9.5877e-04
2.8365e-04
-3.6368e-04
-9.4771e-04
-1.3766e-03
-1.6552e-03
-1.8095e-03
-1.8347e-03
-1.8396e-03
-1.8242e-03
-1.8159e-03
-1.6852e-03
-1.4369e-03
-1.0786e-03
-6.6014e-04
-2.7525e-04
3.0228e-05
2.3436e-04
3.1790e-04
3.4418e-04
3.4958e-04
3.0649e-04
2.2750e-04
1.0764e-04
-6.1778e-05
-2.7313e-04
-4.8154e-04
-6.8547e-04
-8.8137e-04
-1.0453e-03
-1.1743e-03
-1.2607e-03
-1.3049e-03
-1.3010e-03
-1.2354e-03
-1.1151e-03
-9.1501e-04
-6.9158e-04
-4.9306e-04
-3.2190e-04
-2.0833e-04
-1.4403e-04
-1.3586e-04
-1.7563e-04
-2.4766e-04
-3.3992e-04
-4.3040e-04
-5.0824e-04
-5.6742e-04
-6.2192e-04
-6.6996e-04
-7.0588e-04
-7.2525e-04
-7.5409e-04
-7.7419e-04
-7.8127e-04
-7.8242e-04
-7.7553e-04
-7.6698e-04
-7.5353e-04
-7.3351e-04
-7.1666e-04
-7.0449e-04
-6.7563e-04
-6.3252e-04
-6.0064e-04
-5.6718e-04
-5.2858e-04
-4.8432e-04
-4.3861e-04
-3.9470e-04
-3.4448e-04
-2.9597e-04
-2.4725e-04
-2.0114e-04
-1.6394e-04
-1.2868e-04
-9.6398e-05
-7.0985e-05
-5.3994e-05
-4.5532e-05
-3.7813e-05
-2.7838e-05
-1.8180e-05
-8.1595e-06
1.4191e-06
1.0012e-05
1.8640e-05
2.8849e-05
3.8414e-05
4.7316e-05
5.4973e-05
6.0741e-05
6.4826e-05
6.7718e-05
6.9902e-05
7.1078e-05
6.9513e-05
6.6416e-05
6.3033e-05
5.9812e-05
5.6420e-05
5.3006e-05
4.9498e-05
4.6357e-05
4.3394e-05
4.1105e-05
3.9879e-05
3.8793e-05
3.7568e-05
3.6333e-05
3.5100e-05
3.3884e-05
3.2645e-05
3.1335e-05
3.0063e-05
2.8812e-05
2.7497e-05
2.6081e-05
2.4562e-05
2.2950e-05
2.1243e-05
1.9483e-05
1.7676e-05
1.5832e-05
1.3959e-05
1.2063e-05
1.0154e-05
8.2368e-06
6.3106e-06
4.3782e-06
2.4416e-06
5.0463e-07
-1.4305e-06
-3.3611e-06
-5.2854e-06
-7.2015e-06
-9.1078e-06
