-8.6397e-04
-8.7238e-04
-8.9305e-04
-8.9246e-04
-8.9375e-04
-8.6812e-04
-8.4203e-04
-7.9846e-04
-7.8104e-04
-7.6810e-04
-7.9994e-04
-8.3296e-04
-8.6221e-04
-8.3188e-04
-7.6447e-04
-6.6731e-04
-6.4950e-04
-7.3993e-04
-9.7499e-04
-1.2930e-03
-1.6095e-03
-1.7847e-03
-1.7701e-03
-1.5736e-03
-1.3267e-03
-1.0541e-03
-9.2229e-04
-9.4971e-04
-1.2069e-03
-1.5924e-03
-1.9308e-03
-1.8805e-03
-1.3373e-03
-3.1779e-04
6.9447e-04
1.1957e-03
9.9368e-04
1.9131e-04
-1.2167e-03
-2.8627e-03
-4.1704e-03
-4.9492e-03
-4.6931e-03
-3.3539e-03
-1.2432e-03
1.1272e-03
2.8612e-03
3.4689e-03
2.8206e-03
1.2134e-03
-9.0179e-04
-2.8159e-03
-4.0648e-03
-4.9239e-03
-5.9496e-03
-7.4136e-03
-9.0843e-03
-1.0608e-02
-1.1032e-02
-9.7584e-03
-7.0578e-03
-3.9149e-03
-9.6194e-04
1.7016e-03
4.4108e-03
6.7447e-03
9.0032e-03
1.1189e-02
1.2592e-02
1.2659e-02
1.0595e-02
5.9880e-03
-1.1620e-04
-5.4743e-03
-9.1808e-03
-1.0909e-02
-1.0831e-02
-9.4190e-03
-8.2836e-03
-8.0032e-03
-8.3417e-03
-8.4661e-03
-7.5387e-03
-6.3195e-03
-6.1724e-03
-7.5860e-03
-9.5158e-03
-1.0426e-02
-1.0170e-02
-9.2843e-03
-8.2413e-03
-7.3315e-03
-5.8519e-03
-2.7213e-03
1.0382e-03
3.8124e-03
3.6793e-03
1.2294e-03
-1.4073e-03
-1.5207e-03
1.4966e-03
6.4191e-03
1.0524e-02
1.0078e-02
3.9857e-03
-6.6299e-03
-1.8874e-02
-2.6313e-02
-2.6762e-02
-2.0389e-02
-8.8819e-03
1.4987e-03
5.7483e-03
3.5783e-03
-3.2366e-03
-1.2560e-02
-2.1777e-02
-2.7958e-02
-3.0197e-02
-3.0546e-02
-3.0791e-02
-3.0025e-02
-2.6973e-02
-2.1241e-02
-1.3164e-02
-6.9491e-03
-5.0735e-03
-7.6912e-03
-1.2206e-02
-1.5816e-02
-1.5417e-02
-1.0975e-02
-5.6069e-03
-1.9954e-03
-1.5627e-03
-2.9227e-03
-3.8114e-03
-3.1998e-03
-3.4670e-03
-8.2957e-03
-1.8802e-02
-3.4095e-02
-4.9232e-02
-5.7771e-02
-5.7307e-02
-4.4866e-02
-2.1792e-02
1.4752e-03
1.5023e-02
1.6384e-02
1.0789e-02
5.6412e-03
5.7916e-03
1.2085e-02
2.0851e-02
2.3728e-02
1.6470e-02
-1.1447e-03
-2.4129e-02
-4.5252e-02
-5.8355e-02
-6.2757e-02
-5.8977e-02
-4.8745e-02
-3.5435e-02
-2.1277e-02
-1.0943e-02
-1.3393e-02
-3.4620e-02
-6.1464e-02
-9.0848e-02
-1.1514e-01
-1.2402e-01
-1.0651e-01
-6.5237e-02
-1.1415e-02
2.9669e-02
5.1308e-02
6.0377e-02
5.8945e-02
5.1526e-02
4.0514e-02
3.1952e-02
2.6615e-02
2.2484e-02
1.6793e-02
8.1642e-03
-4.0829e-03
-1.9049e-02
-3.5597e-02
-4.8744e-02
-5.6110e-02
-6.1527e-02
-6.5164e-02
-6.3368e-02
-5.1694e-02
-2.7857e-02
2.3705e-03
3.7637e-02
6.8322e-02
8.5128e-02
8.6130e-02
6.8865e-02
3.5729e-02
-5.6702e-03
-4.0386e-02
-5.1746e-02
-5.2178e-02
-4.8794e-02
-4.4027e-02
-4.1561e-02
-3.9662e-02
-3.6653e-02
-3.0240e-02
-1.7681e-02
2.9199e-03
2.6153e-02
4.2504e-02
4.8952e-02
4.6835e-02
3.9893e-02
3.3112e-02
2.9257e-02
2.4195e-02
1.1183e-02
-1.2393e-02
-4.7221e-02
-8.7797e-02
-1.2595e-01
-1.5427e-01
-1.6264e-01
-1.4262e-01
-9.8517e-02
-3.3545e-02
2.8764e-02
5.6533e-02
5.8728e-02
4.3680e-02
2.2809e-02
1.2678e-02
1.4184e-02
2.1907e-02
2.8109e-02
2.7261e-02
1.4803e-02
-7.9590e-03
-3.4245e-02
-5.1716e-02
-5.8238e-02
-5.2965e-02
-3.6589e-02
-1.3389e-02
1.2387e-02
3.5088e-02
4.5445e-02
3.5239e-02
-3.0243e-03
-6.2607e-02
-1.1560e-01
-1.4923e-01
-1.6687e-01
-1.6641e-01
-1.4631e-01
-1.0564e-01
-5.2071e-02
1.7073e-03
3.4761e-02
3.3790e-02
-1.4631e-03
-5.7012e-02
-1.0523e-01
-1.2546e-01
-1.1076e-01
-6.9052e-02
-9.0261e-03
4.9269e-02
9.1004e-02
1.0608e-01
1.0312e-01
8.9781e-02
7.4621e-02
7.3392e-02
9.4821e-02
1.2946e-01
1.5771e-01
1.6579e-01
1.4362e-01
9.6598e-02
3.8099e-02
-1.8734e-02
-7.8847e-02
-1.3702e-01
-1.9143e-01
-2.4800e-01
-2.9307e-01
-3.0085e-01
-2.7266e-01
-2.2644e-01
-1.7657e-01
-1.1762e-01
-4.7374e-02
2.5404e-02
1.0819e-01
1.7721e-01
2.1672e-01
2.2719e-01
2.1283e-01
1.6967e-01
1.1276e-01
5.8476e-02
3.8499e-04
-2.9613e-02
-4.3793e-02
-5.6626e-02
-7.5045e-02
-9.4073e-02
-9.9837e-02
-7.7898e-02
-2.4191e-02
4.7272e-02
1.0913e-01
1.4836e-01
1.5856e-01
1.3024e-01
5.5322e-02
-3.8469e-02
-9.3998e-02
-1.3470e-01
-1.5704e-01
-1.4064e-01
-1.0552e-01
-6.9425e-02
-6.6953e-02
-9.4397e-02
-1.2619e-01
-1.3646e-01
-1.1230e-01
-6.4577e-02
-1.6160e-02
9.2437e-03
-7.1359e-03
-4.0008e-02
-6.1851e-02
-6.1874e-02
-3.4097e-02
1.7477e-02
8.2840e-02
1.5776e-01
2.2815e-01
2.6882e-01
2.8113e-01
2.7824e-01
2.6545e-01
2.4900e-01
2.3644e-01
2.2791e-01
2.1786e-01
1.9388e-01
1.4022e-01
5.0847e-02
-5.9649e-02
-1.7695e-01
-2.8301e-01
-3.7632e-01
-4.4351e-01
-4.7999e-01
-4.7404e-01
-4.1215e-01
-2.8800e-01
-1.2490e-01
1.8856e-02
1.2726e-01
1.8134e-01
1.7743e-01
1.5279e-01
1.3450e-01
1.3922e-01
1.7838e-01
2.4329e-01
3.1289e-01
3.5930e-01
3.8825e-01
3.9787e-01
3.9000e-01
3.6620e-01
3.2706e-01
2.8166e-01
2.3518e-01
1.8988e-01
1.4779e-01
1.2120e-01
1.1361e-01
1.2829e-01
1.6423e-01
2.1225e-01
2.6317e-01
3.0259e-01
3.2745e-01
3.3960e-01
3.4510e-01
3.4776e-01
3.4111e-01
3.1375e-01
2.5939e-01
1.8856e-01
1.0802e-01
3.1421e-02
-3.9874e-02
-1.0094e-01
-1.5989e-01
-2.1480e-01
-2.6425e-01
-3.1018e-01
-3.5534e-01
-3.9178e-01
-4.1091e-01
-4.0709e-01
-3.8244e-01
-3.3571e-01
-2.6638e-01
-1.7941e-01
-6.7589e-02
6.0157e-02
1.9937e-01
3.0129e-01
3.8133e-01
4.5893e-01
5.3607e-01
5.9878e-01
6.2240e-01
5.7639e-01
4.6417e-01
3.3327e-01
2.3409e-01
1.1196e-01
-5.9033e-03
-1.2376e-01
-2.1664e-01
-2.8833e-01
-3.3350e-01
-3.4787e-01
-3.3799e-01
-3.0874e-01
-2.7115e-01
-2.3420e-01
-1.9299e-01
-1.5084e-01
-1.1001e-01
-6.4903e-02
-1.8241e-02
4.4232e-02
1.2035e-01
2.0019e-01
2.7938e-01
3.5209e-01
4.1407e-01
4.4603e-01
4.3792e-01
3.7941e-01
2.7002e-01
1.4728e-01
1.0763e-02
-1.4083e-01
-2.7146e-01
-3.7236e-01
-4.3619e-01
-4.3670e-01
-3.6011e-01
-2.3259e-01
-1.1850e-01
-2.5512e-02
3.8905e-02
1.0816e-01
1.6833e-01
2.0095e-01
2.2099e-01
2.3884e-01
2.5844e-01
2.8492e-01
3.1635e-01
3.3911e-01
3.4349e-01
3.2568e-01
2.7998e-01
2.0761e-01
1.2724e-01
5.4362e-02
-4.4157e-03
-2.8118e-02
-1.6764e-02
2.8136e-02
1.0013e-01
1.7311e-01
2.1758e-01
2.2214e-01
1.8500e-01
9.8533e-02
-1.5741e-02
-9.9900e-02
-1.5863e-01
-2.0626e-01
-2.3908e-01
-2.6848e-01
-2.9621e-01
-3.2285e-01
-3.4860e-01
-3.6308e-01
-3.6044e-01
-3.3752e-01
-2.9244e-01
-2.2482e-01
-1.3944e-01
-3.6063e-02
7.7548e-02
1.8570e-01
2.5350e-01
2.8033e-01
2.6354e-01
2.0792e-01
1.5095e-01
1.4458e-01
1.8530e-01
2.4577e-01
3.2082e-01
3.9406e-01
4.6740e-01
5.4346e-01
6.1104e-01
6.6477e-01
7.0556e-01
7.2696e-01
7.1773e-01
6.5033e-01
4.9466e-01
2.6096e-01
5.6001e-02
-8.9539e-02
-2.5325e-01
-4.6703e-01
-6.9650e-01
-8.4716e-01
-9.2992e-01
-9.8536e-01
-1.0225e+00
-1.0483e+00
-1.0637e+00
-1.0684e+00
-1.0615e+00
-1.0483e+00
-1.0374e+00
-1.0377e+00
-1.0538e+00
-1.0834e+00
-1.1180e+00
-1.1455e+00
-1.1438e+00
-1.0889e+00
-9.8619e-01
-8.6046e-01
-7.1170e-01
-4.9125e-01
-1.9891e-01
7.3252e-02
2.4215e-01
2.8198e-01
2.2502e-01
1.4588e-01
8.4710e-02
-3.3794e-03
-1.0087e-01
-2.0156e-01
-2.6180e-01
-3.0319e-01
-3.1063e-01
-2.8914e-01
-2.4039e-01
-1.6880e-01
-9.8448e-02
-5.6746e-02
-4.2119e-02
-3.9203e-02
-4.0524e-02
-4.3949e-02
-4.7629e-02
-4.7368e-02
-4.3646e-02
-3.2947e-02
-1.3237e-02
1.9160e-02
7.3318e-02
1.6303e-01
3.0811e-01
5.4806e-01
8.7080e-01
1.1911e+00
1.3220e+00
1.3275e+00
1.3319e+00
1.3294e+00
1.3051e+00
1.2497e+00
1.1551e+00
1.0266e+00
9.0337e-01
7.9530e-01
7.0768e-01
6.2974e-01
5.5434e-01
4.8731e-01
4.2787e-01
3.9404e-01
3.6547e-01
3.3850e-01
3.2061e-01
3.0780e-01
2.9662e-01
2.7926e-01
2.4525e-01
1.8707e-01
1.0873e-01
9.7064e-03
-9.8006e-02
-1.7495e-01
-2.2593e-01
-2.6012e-01
-2.7090e-01
-2.5120e-01
-1.7508e-01
-3.0437e-02
1.5228e-01
3.0796e-01
4.0349e-01
4.5803e-01
4.8395e-01
4.8122e-01
4.6151e-01
4.4004e-01
4.2199e-01
3.9718e-01
3.6091e-01
3.1286e-01
2.6040e-01
2.1101e-01
1.6293e-01
1.0576e-01
3.0495e-02
-6.4052e-02
-1.6449e-01
-2.4343e-01
-3.1886e-01
-4.0860e-01
-4.9975e-01
-6.0032e-01
-7.0619e-01
-8.1828e-01
-9.4079e-01
-1.0390e+00
-1.1593e+00
-1.3135e+00
-1.4500e+00
-1.5280e+00
-1.4758e+00
-1.1930e+00
-7.0098e-01
-1.7866e-01
2.2930e-01
3.1512e-01
3.0539e-01
2.7011e-01
2.2076e-01
1.9783e-01
1.6584e-01
1.5171e-01
1.4036e-01
1.3079e-01
1.1632e-01
9.8264e-02
7.9385e-02
6.3219e-02
4.8231e-02
3.4474e-02
2.3921e-02
1.5197e-02
-4.4908e-04
-3.8883e-02
-1.1942e-01
-2.4648e-01
-3.8925e-01
-5.2711e-01
-6.6864e-01
-7.7847e-01
-8.7687e-01
-9.6644e-01
-1.0343e+00
-1.1050e+00
-1.1782e+00
-1.2343e+00
-1.2170e+00
-1.0500e+00
-6.8776e-01
-2.0310e-01
2.2250e-01
2.8138e-01
2.7767e-01
3.0659e-01
3.5638e-01
4.3775e-01
5.3656e-01
6.5820e-01
7.9874e-01
9.5947e-01
1.0833e+00
1.1873e+00
1.2857e+00
1.3469e+00
1.3678e+00
1.3677e+00
1.3456e+00
1.3062e+00
1.2490e+00
1.1784e+00
1.0984e+00
1.0281e+00
9.8306e-01
9.3565e-01
8.7782e-01
8.3578e-01
7.9067e-01
7.3008e-01
6.4759e-01
5.4283e-01
4.2437e-01
2.9531e-01
1.4676e-01
-1.4631e-02
-1.5191e-01
-2.6946e-01
-3.8260e-01
-4.8337e-01
-6.1259e-01
-7.6918e-01
-9.2689e-01
-1.0773e+00
-1.2443e+00
-1.4316e+00
-1.5681e+00
-1.5641e+00
-1.5197e+00
-1.4193e+00
-1.2338e+00
-1.0306e+00
-8.5918e-01
-7.3211e-01
-6.4555e-01
-5.6259e-01
-4.7222e-01
-3.7237e-01
-2.7178e-01
-1.8743e-01
-1.3838e-01
-1.2707e-01
-1.0231e-01
-4.1370e-02
5.5778e-02
1.5837e-01
2.3731e-01
2.9014e-01
3.0731e-01
3.0405e-01
2.8189e-01
2.4890e-01
2.2058e-01
1.9747e-01
1.7473e-01
1.5295e-01
1.3326e-01
1.1367e-01
8.8294e-02
5.5548e-02
2.1675e-02
2.8611e-03
-1.2623e-02
-2.1221e-02
-1.2111e-02
1.6861e-02
6.5779e-02
1.2775e-01
1.9017e-01
2.4361e-01
2.9360e-01
3.4263e-01
3.9318e-01
4.5201e-01
5.0152e-01
5.3291e-01
5.3744e-01
4.9810e-01
3.9697e-01
2.4836e-01
8.0769e-02
-8.2494e-02
-2.0633e-01
-2.8109e-01
-3.4236e-01
-3.9406e-01
-4.4924e-01
-5.0739e-01
-5.4690e-01
-5.5380e-01
-5.3418e-01
-4.9234e-01
-4.3616e-01
-3.7571e-01
-3.2221e-01
-2.6797e-01
-2.0857e-01
-1.5427e-01
-1.0306e-01
-5.8825e-02
-2.4272e-02
1.5560e-02
8.1858e-02
1.8764e-01
3.1382e-01
4.5220e-01
5.6595e-01
6.4682e-01
6.8302e-01
6.9560e-01
6.9322e-01
6.5308e-01
5.4997e-01
3.8110e-01
1.8920e-01
7.8970e-02
-2.7700e-02
-1.1534e-01
-1.8252e-01
-2.4517e-01
-2.7898e-01
-2.9099e-01
-2.8182e-01
-2.5616e-01
-2.1416e-01
-1.5817e-01
-1.0902e-01
-8.4040e-02
-8.5495e-02
-1.1550e-01
-1.4960e-01
-1.7299e-01
-1.7204e-01
-1.3724e-01
-6.8862e-02
8.9247e-03
6.7360e-02
1.2002e-01
1.6685e-01
2.0304e-01
2.3224e-01
2.5919e-01
2.8040e-01
2.9365e-01
2.9971e-01
3.0201e-01
3.0047e-01
2.9421e-01
2.7876e-01
2.4536e-01
1.8616e-01
9.9647e-02
1.6154e-02
-4.8921e-02
-1.0835e-01
-1.6095e-01
-1.9320e-01
-2.1342e-01
-2.2970e-01
-2.4073e-01
-2.4724e-01
-2.5035e-01
-2.4897e-01
-2.4383e-01
-2.3825e-01
-2.3122e-01
-2.2036e-01
-2.0401e-01
-1.7282e-01
-1.2022e-01
-4.8037e-02
4.2189e-02
1.3473e-01
1.8698e-01
1.8715e-01
1.5865e-01
1.1372e-01
6.9089e-02
2.3901e-02
-1.4752e-02
-5.3172e-02
-9.3932e-02
-1.2138e-01
-1.3972e-01
-1.5570e-01
-1.6535e-01
-1.7414e-01
-1.8361e-01
-1.9245e-01
-2.0309e-01
-2.1531e-01
-2.2891e-01
-2.3848e-01
-2.3545e-01
-2.1642e-01
-1.8162e-01
-1.3750e-01
-9.8119e-02
-6.6686e-02
-3.8084e-02
7.5970e-04
5.3816e-02
1.0647e-01
1.4963e-01
1.7589e-01
1.8585e-01
1.8700e-01
1.8041e-01
1.6179e-01
1.3230e-01
1.0003e-01
7.6018e-02
5.4138e-02
3.1826e-02
1.2046e-02
-3.5733e-03
-1.0057e-02
-7.5060e-03
6.8516e-05
1.2172e-02
3.0410e-02
5.7155e-02
9.3911e-02
1.3417e-01
1.7022e-01
2.0030e-01
2.2341e-01
2.3214e-01
2.2757e-01
2.0851e-01
1.7277e-01
1.2851e-01
8.7842e-02
4.8961e-02
1.0720e-02
-2.3435e-02
-5.4378e-02
-7.6781e-02
-8.8311e-02
-8.3539e-02
-6.1419e-02
-2.3414e-02
2.2188e-02
6.1439e-02
9.2670e-02
1.1713e-01
1.3305e-01
1.3986e-01
1.3591e-01
1.1885e-01
8.8860e-02
5.3181e-02
1.9927e-02
-1.4783e-02
-4.4491e-02
-7.0626e-02
-9.2966e-02
-1.0985e-01
-1.2537e-01
-1.4266e-01
-1.5833e-01
-1.7087e-01
-1.8128e-01
-1.9138e-01
-2.0285e-01
-2.1769e-01
-2.3550e-01
-2.5293e-01
-2.6733e-01
-2.8070e-01
-2.9120e-01
-2.9423e-01
-2.9230e-01
-2.8407e-01
-2.6868e-01
-2.4966e-01
-2.2983e-01
-2.1289e-01
-1.9966e-01
-1.8773e-01
-1.7517e-01
-1.5989e-01
-1.3875e-01
-1.1181e-01
-8.1398e-02
-4.6404e-02
-8.6443e-03
2.5902e-02
6.0652e-02
9.1722e-02
1.1162e-01
1.2164e-01
1.2489e-01
1.2205e-01
1.1595e-01
1.0974e-01
1.0445e-01
1.0264e-01
1.0445e-01
1.1017e-01
1.1957e-01
1.3351e-01
1.5001e-01
1.6591e-01
1.7914e-01
1.8757e-01
1.9346e-01
1.9501e-01
1.9038e-01
1.7830e-01
1.5937e-01
1.3521e-01
1.1152e-01
9.0320e-02
7.0222e-02
5.1339e-02
3.2756e-02
1.5487e-02
-6.2298e-04
-1.3858e-02
-2.4569e-02
-3.1419e-02
-3.6378e-02
-3.9139e-02
-4.0419e-02
-4.0394e-02
-3.9668e-02
-3.7452e-02
-3.5015e-02
-3.2656e-02
-3.0449e-02
-2.7218e-02
-2.5310e-02
-2.4986e-02
-2.7918e-02
-3.5364e-02
-4.7881e-02
-6.2201e-02
-7.6592e-02
-9.0383e-02
-1.0257e-01
-1.1238e-01
-1.1987e-01
-1.2605e-01
-1.3297e-01
-1.4148e-01
-1.5231e-01
-1.6269e-01
-1.6829e-01
-1.6823e-01
-1.6078e-01
-1.4560e-01
-1.2137e-01
-8.8967e-02
-4.5809e-02
-5.8867e-03
2.7582e-02
5.0817e-02
7.4142e-02
1.0049e-01
1.2563e-01
1.4404e-01
1.5757e-01
1.6616e-01
1.6856e-01
1.6169e-01
1.4488e-01
1.2221e-01
9.8240e-02
7.5394e-02
5.0661e-02
2.6321e-02
5.6838e-03
-1.3355e-02
-3.0817e-02
-4.5187e-02
-5.8184e-02
-6.7795e-02
-7.0927e-02
-6.4191e-02
-4.6315e-02
-1.7471e-02
1.8096e-02
5.1290e-02
7.5471e-02
9.2669e-02
1.0245e-01
1.0637e-01
1.0292e-01
8.6486e-02
5.8248e-02
2.5424e-02
-1.8040e-03
-2.5687e-02
-4.3175e-02
-5.4748e-02
-6.2110e-02
-6.4348e-02
-5.9222e-02
-4.7525e-02
-3.2035e-02
-9.7959e-03
1.7580e-02
4.3001e-02
6.4299e-02
8.1082e-02
9.7325e-02
1.1262e-01
1.2661e-01
1.3986e-01
1.5167e-01
1.6055e-01
1.6326e-01
1.5485e-01
1.3288e-01
9.9026e-02
6.2433e-02
2.9443e-02
1.4293e-03
-2.4398e-02
-4.8654e-02
-7.1467e-02
-9.3722e-02
-1.1132e-01
-1.2450e-01
-1.3212e-01
-1.3325e-01
-1.2698e-01
-1.1306e-01
-9.1506e-02
-6.5602e-02
-4.1375e-02
-1.3945e-02
1.4209e-02
3.7741e-02
6.0144e-02
8.8668e-02
1.1776e-01
1.4149e-01
1.6019e-01
1.7185e-01
1.8117e-01
1.8635e-01
1.8758e-01
1.8335e-01
1.7428e-01
1.6334e-01
1.5268e-01
1.4160e-01
1.2770e-01
1.1448e-01
1.0099e-01
8.7204e-02
7.5996e-02
7.0048e-02
6.6222e-02
6.2763e-02
6.0695e-02
6.0362e-02
6.2857e-02
6.7914e-02
7.3558e-02
7.7606e-02
8.0591e-02
8.3042e-02
8.6066e-02
8.8822e-02
9.0268e-02
9.0840e-02
8.9335e-02
8.4160e-02
7.4862e-02
6.1001e-02
4.5767e-02
2.9530e-02
1.2190e-02
-3.2838e-03
-1.3560e-02
-2.0536e-02
-2.5257e-02
-2.8167e-02
-3.0834e-02
-3.2954e-02
-3.4115e-02
-3.4405e-02
-3.3496e-02
-3.0205e-02
-2.4952e-02
-1.8905e-02
-1.3221e-02
-8.6847e-03
-7.8878e-03
-1.1457e-02
-1.9791e-02
-3.2892e-02
-5.1980e-02
-7.6429e-02
-9.9951e-02
-1.2788e-01
-1.5614e-01
-1.7997e-01
-2.0166e-01
-2.2087e-01
-2.3541e-01
-2.4338e-01
-2.4449e-01
-2.3920e-01
-2.2722e-01
-2.0936e-01
-1.8608e-01
-1.5834e-01
-1.2784e-01
-9.8521e-02
-6.8665e-02
-4.3702e-02
-2.3257e-02
-4.5271e-03
1.2548e-02
2.9864e-02
4.5290e-02
5.3647e-02
5.1583e-02
3.8183e-02
1.6519e-02
-7.7909e-03
-3.2403e-02
-5.7735e-02
-7.6930e-02
-8.9082e-02
-9.8054e-02
-1.0501e-01
-1.0782e-01
-1.0618e-01
-9.8920e-02
-8.5498e-02
-6.7571e-02
-4.9148e-02
-3.0163e-02
-1.2788e-02
2.6801e-03
1.6078e-02
2.8348e-02
3.9421e-02
4.8927e-02
5.7499e-02
6.4948e-02
7.0721e-02
7.5840e-02
7.9981e-02
8.2675e-02
8.5262e-02
8.8726e-02
9.3840e-02
1.0044e-01
1.0674e-01
1.1252e-01
1.1696e-01
1.2052e-01
1.2320e-01
1.2417e-01
1.2420e-01
1.2402e-01
1.2249e-01
1.1932e-01
1.1476e-01
1.0758e-01
9.6722e-02
8.2481e-02
6.4652e-02
4.6259e-02
2.5782e-02
6.9537e-03
-9.1566e-03
-2.5525e-02
-4.1074e-02
-5.5873e-02
-6.9264e-02
-8.0686e-02
-9.0561e-02
-9.8117e-02
-1.0222e-01
-1.0104e-01
-9.3867e-02
-8.1389e-02
-6.5845e-02
-4.9324e-02
-3.3443e-02
-1.9900e-02
-7.8276e-03
9.9242e-04
6.1239e-03
8.7551e-03
8.8864e-03
4.2900e-03
-5.4774e-03
-2.0820e-02
-3.7928e-02
-5.5377e-02
-7.2855e-02
-9.0202e-02
-1.0651e-01
-1.1977e-01
-1.2979e-01
-1.3473e-01
-1.3291e-01
-1.2377e-01
-1.0671e-01
-8.3348e-02
-5.7023e-02
-3.1535e-02
-9.6848e-03
1.1119e-02
3.2701e-02
5.3783e-02
7.0897e-02
8.3687e-02
9.1863e-02
9.7164e-02
9.8699e-02
9.5526e-02
8.7370e-02
7.5930e-02
6.3338e-02
4.8346e-02
3.3107e-02
1.9088e-02
5.2253e-03
-5.7522e-03
-1.4435e-02
-2.1132e-02
-2.3915e-02
-2.3332e-02
-2.0295e-02
-1.5479e-02
-1.1564e-02
-8.7619e-03
-7.8257e-03
-9.6289e-03
-1.3532e-02
-1.9630e-02
-2.8767e-02
-3.9294e-02
-4.9284e-02
-5.9302e-02
-6.7556e-02
-7.3234e-02
-7.6996e-02
-7.9736e-02
-7.9107e-02
-7.5567e-02
-7.0200e-02
-6.3433e-02
-5.3959e-02
-4.0115e-02
-2.2679e-02
-3.3270e-03
1.4463e-02
3.3492e-02
5.1510e-02
6.4448e-02
7.3631e-02
7.9757e-02
8.2000e-02
7.9024e-02
7.0325e-02
5.7851e-02
4.2554e-02
2.5721e-02
9.8397e-03
-2.6967e-03
-1.4741e-02
-2.5627e-02
-3.2566e-02
-3.7295e-02
-4.0373e-02
-4.2039e-02
-4.2476e-02
-4.1395e-02
-3.9122e-02
-3.4978e-02
-2.9382e-02
-2.3203e-02
-1.8172e-02
-1.5410e-02
-1.3999e-02
-1.4890e-02
-1.8338e-02
-2.2817e-02
-2.5089e-02
-2.5191e-02
-2.1946e-02
-1.6077e-02
-9.4990e-03
-4.9995e-03
-2.6149e-03
-8.8570e-04
1.7709e-04
2.2363e-05
-1.1448e-03
-2.4536e-03
-3.6584e-03
-4.5062e-03
-3.9521e-03
-1.5764e-03
5.8236e-04
3.0518e-03
6.4688e-03
1.2638e-02
2.0346e-02
2.8683e-02
3.8077e-02
4.8546e-02
5.9868e-02
7.0949e-02
7.8778e-02
8.3178e-02
8.3544e-02
8.1059e-02
7.6988e-02
7.0552e-02
6.3489e-02
5.5969e-02
4.8031e-02
3.9384e-02
2.9032e-02
1.6609e-02
7.1220e-03
-7.7363e-05
-5.5124e-03
-8.8693e-03
-9.8519e-03
-7.7810e-03
-2.0761e-03
6.4527e-03
1.6593e-02
2.7618e-02
3.5554e-02
3.9058e-02
3.7902e-02
3.2605e-02
2.0833e-02
3.1475e-03
-1.2889e-02
-2.8549e-02
-4.3225e-02
-5.6258e-02
-6.7308e-02
-7.5225e-02
-8.1601e-02
-8.6302e-02
-8.8098e-02
-8.5933e-02
-7.8491e-02
-6.5889e-02
-4.9825e-02
-3.3796e-02
-1.9639e-02
-6.9207e-03
3.2800e-03
1.2183e-02
1.9530e-02
2.4803e-02
2.7012e-02
2.7037e-02
2.5819e-02
2.3981e-02
2.1747e-02
1.8729e-02
1.4149e-02
9.4891e-03
4.9502e-03
-4.5124e-04
-6.4727e-03
-1.2699e-02
-1.8568e-02
-2.1261e-02
-2.2137e-02
-2.1332e-02
-1.8978e-02
-1.4020e-02
-6.4708e-03
3.6599e-03
1.5232e-02
2.6547e-02
3.6665e-02
4.6233e-02
5.5454e-02
6.3947e-02
6.9709e-02
7.2218e-02
7.2157e-02
6.9000e-02
6.4814e-02
5.8700e-02
5.0309e-02
4.0511e-02
3.0887e-02
2.4090e-02
1.8660e-02
1.3889e-02
9.9307e-03
6.8413e-03
4.6195e-03
3.5097e-03
4.0583e-03
6.6163e-03
1.1606e-02
1.7307e-02
2.2217e-02
2.5192e-02
2.6541e-02
2.6705e-02
2.5856e-02
2.3352e-02
1.7780e-02
1.1285e-02
4.9597e-03
-9.2857e-04
-7.4176e-03
-1.3724e-02
-2.0210e-02
-2.4650e-02
-2.4843e-02
-1.8847e-02
-8.3503e-03
4.1416e-03
1.4840e-02
2.1463e-02
2.3782e-02
2.2521e-02
1.6898e-02
8.2569e-03
-1.8367e-03
-8.7269e-03
-1.1216e-02
-1.1144e-02
-1.0041e-02
-6.9022e-03
-2.7570e-03
2.1685e-03
9.4398e-03
1.8007e-02
2.5387e-02
2.9443e-02
3.1219e-02
3.0529e-02
2.7032e-02
2.0721e-02
1.2675e-02
3.5089e-03
-3.4175e-03
-8.2405e-03
-1.1464e-02
-1.3113e-02
-1.3977e-02
-1.3705e-02
-1.1568e-02
-7.9644e-03
-2.8595e-03
3.5096e-03
1.0374e-02
1.8506e-02
2.6179e-02
3.3111e-02
4.0023e-02
4.6041e-02
5.0083e-02
5.1983e-02
5.2517e-02
5.0698e-02
4.6700e-02
4.0871e-02
3.1993e-02
1.9948e-02
6.8283e-03
-3.1461e-03
-1.1530e-02
-1.7497e-02
-2.0825e-02
-2.2619e-02
-2.2506e-02
-2.1029e-02
-1.7551e-02
-1.2698e-02
-6.2541e-03
-6.3339e-04
2.5128e-03
4.8972e-03
7.9625e-03
1.1260e-02
1.4074e-02
1.6992e-02
2.0207e-02
2.4469e-02
2.9036e-02
3.4193e-02
3.8680e-02
4.1529e-02
4.2843e-02
4.4358e-02
4.6668e-02
4.9049e-02
5.0279e-02
5.0975e-02
5.1280e-02
5.1421e-02
5.1153e-02
4.9739e-02
4.6043e-02
4.0312e-02
3.3188e-02
2.4924e-02
1.7545e-02
1.2497e-02
9.6632e-03
7.6922e-03
6.1665e-03
4.7511e-03
3.8957e-03
3.2108e-03
1.8422e-03
-6.7651e-04
-3.7537e-03
-6.2391e-03
-8.6967e-03
-1.1043e-02
-1.3882e-02
-1.7774e-02
-2.3613e-02
-3.0822e-02
-3.8470e-02
-4.6810e-02
-5.5431e-02
-6.3182e-02
-7.1527e-02
-8.1838e-02
-9.4475e-02
-1.0638e-01
-1.1495e-01
-1.2054e-01
-1.2129e-01
-1.1648e-01
-1.0655e-01
-9.2683e-02
-7.6867e-02
-6.2648e-02
-4.7672e-02
-3.3179e-02
-2.1139e-02
-1.0767e-02
-3.5233e-03
1.0419e-04
-2.9150e-04
-5.7776e-03
-1.5536e-02
-2.7804e-02
-4.3597e-02
-5.7767e-02
-6.7473e-02
-7.5091e-02
-8.1966e-02
-8.7509e-02
-9.0306e-02
-9.1194e-02
-8.9573e-02
-8.2674e-02
-7.0699e-02
-5.2716e-02
-3.0292e-02
-8.5475e-03
1.0092e-02
2.7367e-02
4.1014e-02
4.9668e-02
5.3520e-02
5.4216e-02
5.1731e-02
4.4869e-02
3.4612e-02
2.3972e-02
1.3705e-02
5.6186e-03
-1.4866e-03
-6.7556e-03
-7.7491e-03
-7.2459e-03
-4.6799e-03
6.9872e-04
7.9673e-03
1.5354e-02
2.1887e-02
2.7497e-02
3.0811e-02
3.3730e-02
3.7478e-02
4.0675e-02
4.3315e-02
4.5862e-02
4.7857e-02
4.8429e-02
4.8571e-02
4.8267e-02
4.7518e-02
4.5684e-02
4.1363e-02
3.5935e-02
3.0103e-02
2.5083e-02
2.1040e-02
1.8542e-02
1.8981e-02
2.3056e-02
3.0284e-02
3.7679e-02
4.3134e-02
4.6982e-02
4.8931e-02
4.8014e-02
4.6123e-02
4.3907e-02
4.3499e-02
4.4862e-02
4.6043e-02
4.6884e-02
4.8506e-02
5.1121e-02
5.4216e-02
5.8169e-02
6.1532e-02
6.3260e-02
6.4429e-02
6.4922e-02
6.4715e-02
6.3325e-02
6.1201e-02
5.9264e-02
5.7012e-02
5.4199e-02
5.1858e-02
5.1094e-02
5.1157e-02
5.1452e-02
5.1855e-02
5.2237e-02
5.2598e-02
5.1741e-02
4.8666e-02
4.4213e-02
3.9548e-02
3.4203e-02
2.8700e-02
2.3639e-02
1.8071e-02
1.2656e-02
6.4699e-03
6.7752e-04
-4.5764e-03
-8.1532e-03
-1.1081e-02
-1.3663e-02
-1.5748e-02
-1.7502e-02
-1.8571e-02
-1.8345e-02
-1.8427e-02
-2.0096e-02
-2.2364e-02
-2.5126e-02
-2.9660e-02
-3.6845e-02
-4.3153e-02
-4.8123e-02
-5.2109e-02
-5.5236e-02
-5.7819e-02
-5.9299e-02
-6.0499e-02
-6.1834e-02
-6.2544e-02
-6.2183e-02
-6.0238e-02
-5.6484e-02
-5.0378e-02
-4.1315e-02
-2.9500e-02
-1.6010e-02
-2.7148e-03
8.6145e-03
1.8653e-02
2.7840e-02
3.4312e-02
3.8191e-02
4.0051e-02
4.0352e-02
3.8903e-02
3.4737e-02
2.6697e-02
1.3910e-02
-2.6648e-03
-1.9653e-02
-3.6643e-02
-5.0810e-02
-6.1297e-02
-6.8633e-02
-7.0268e-02
-6.6889e-02
-6.0870e-02
-5.4839e-02
-5.0042e-02
-4.5779e-02
-4.1627e-02
-3.7124e-02
-3.2821e-02
-3.0872e-02
-3.2065e-02
-3.7059e-02
-4.4944e-02
-5.4079e-02
-6.4816e-02
-7.6476e-02
-8.7937e-02
-9.9809e-02
-1.1100e-01
-1.1921e-01
-1.2368e-01
-1.2328e-01
-1.1633e-01
-1.0365e-01
-8.7449e-02
-7.1489e-02
-5.8661e-02
-4.9791e-02
-4.5068e-02
-4.3439e-02
-4.3490e-02
-4.6674e-02
-5.2819e-02
-6.1150e-02
-7.0748e-02
-7.5633e-02
-7.6029e-02
-7.1944e-02
-6.2927e-02
-5.1192e-02
-3.8116e-02
-2.2813e-02
-5.6249e-03
1.1912e-02
2.8115e-02
4.3958e-02
5.8611e-02
7.2152e-02
8.6283e-02
9.7988e-02
1.0661e-01
1.1320e-01
1.1816e-01
1.1945e-01
1.1723e-01
1.1128e-01
1.0094e-01
8.6117e-02
6.7204e-02
4.5167e-02
2.6885e-02
8.7819e-03
-8.7222e-03
-2.6162e-02
-4.0760e-02
-5.0589e-02
-5.6198e-02
-5.8433e-02
-5.6866e-02
-5.0893e-02
-4.2758e-02
-3.3650e-02
-2.6383e-02
-2.0133e-02
-1.5244e-02
-1.2829e-02
-1.3250e-02
-1.6809e-02
-2.2819e-02
-3.3885e-02
-4.8614e-02
-6.6952e-02
-8.6229e-02
-1.0500e-01
-1.2302e-01
-1.3886e-01
-1.4905e-01
-1.5546e-01
-1.5792e-01
-1.5620e-01
-1.5101e-01
-1.4260e-01
-1.3052e-01
-1.1495e-01
-9.7291e-02
-8.0331e-02
-6.4294e-02
-4.9930e-02
-3.6900e-02
-2.6452e-02
-1.8420e-02
-1.2003e-02
-7.2165e-03
-3.8819e-03
-1.9159e-03
-4.7521e-04
6.9121e-04
3.3758e-03
7.2418e-03
1.1550e-02
1.7169e-02
2.3753e-02
3.1186e-02
3.9858e-02
5.0040e-02
6.2295e-02
7.6445e-02
9.2130e-02
1.0691e-01
1.2122e-01
1.3313e-01
1.4203e-01
1.4621e-01
1.4459e-01
1.3599e-01
1.1906e-01
9.7086e-02
7.5537e-02
5.7261e-02
4.1959e-02
2.7088e-02
1.4630e-02
4.4487e-03
-4.2584e-03
-1.1425e-02
-1.5421e-02
-1.4812e-02
-7.8804e-03
4.8623e-03
2.2310e-02
4.1792e-02
5.8015e-02
6.9268e-02
7.6231e-02
7.7997e-02
7.2138e-02
5.7848e-02
3.7864e-02
1.6102e-02
-4.9210e-03
-2.3388e-02
-3.9903e-02
-5.7036e-02
-7.4303e-02
-9.0883e-02
-1.0521e-01
-1.1717e-01
-1.2703e-01
-1.3536e-01
-1.4259e-01
-1.4870e-01
-1.5391e-01
-1.5810e-01
-1.6044e-01
-1.5890e-01
-1.5147e-01
-1.3695e-01
-1.1415e-01
-8.1374e-02
-4.6667e-02
-1.8393e-02
1.1268e-02
4.0895e-02
6.5997e-02
8.9117e-02
1.0662e-01
1.1588e-01
1.1849e-01
1.1497e-01
1.0567e-01
9.2102e-02
7.5567e-02
5.7740e-02
3.9586e-02
2.2500e-02
7.6992e-03
-5.3796e-03
-1.6328e-02
-2.2189e-02
-2.1530e-02
-1.4028e-02
1.5616e-03
2.1121e-02
4.1584e-02
5.9786e-02
7.4460e-02
8.5390e-02
9.2561e-02
9.3957e-02
8.7537e-02
7.3236e-02
5.1407e-02
2.6727e-02
1.0678e-03
-2.7382e-02
-5.6758e-02
-8.1634e-02
-9.8032e-02
-1.0601e-01
-1.0514e-01
-9.9452e-02
-8.9323e-02
-7.4219e-02
-5.6029e-02
-3.7169e-02
-2.1613e-02
-1.1409e-02
-6.1528e-03
-4.7160e-03
-6.6153e-03
-1.1209e-02
-1.5644e-02
-1.7696e-02
-1.7659e-02
-1.5530e-02
-1.1220e-02
-3.3761e-03
7.7822e-03
2.1735e-02
3.9296e-02
6.1434e-02
8.7060e-02
1.1307e-01
1.3726e-01
1.5934e-01
1.7997e-01
1.9766e-01
2.1178e-01
2.2128e-01
2.2526e-01
2.2357e-01
2.1394e-01
1.9583e-01
1.6865e-01
1.3489e-01
9.9351e-02
6.4908e-02
3.4742e-02
9.0118e-03
-1.0662e-02
-2.6168e-02
-3.8234e-02
-4.4771e-02
-4.5001e-02
-3.9884e-02
-3.0943e-02
-1.9879e-02
-8.0990e-03
-4.6030e-04
3.1503e-03
2.6237e-03
-1.8020e-03
-8.1307e-03
-1.5294e-02
-2.3018e-02
-3.0047e-02
-3.5117e-02
-3.8602e-02
-4.0989e-02
-4.2363e-02
-4.3206e-02
-4.4175e-02
-4.5157e-02
-4.5887e-02
-4.5588e-02
-4.4354e-02
-4.2229e-02
-4.0137e-02
-3.8239e-02
-3.8014e-02
-4.1436e-02
-4.4898e-02
-4.7128e-02
-4.7841e-02
-4.7561e-02
-4.4724e-02
-4.0145e-02
-3.2481e-02
-2.1924e-02
-9.0832e-03
5.4506e-03
2.1468e-02
3.6801e-02
5.1952e-02
6.2713e-02
6.9040e-02
7.1995e-02
7.1673e-02
6.8047e-02
6.1203e-02
5.0550e-02
3.7292e-02
2.3738e-02
1.0075e-02
-2.8456e-03
-1.4915e-02
-2.4616e-02
-2.8680e-02
-2.5464e-02
-1.6323e-02
-2.9425e-03
1.4655e-02
3.3854e-02
5.5645e-02
7.8053e-02
9.8909e-02
1.1387e-01
1.2620e-01
1.3487e-01
1.3890e-01
1.3845e-01
1.3289e-01
1.2144e-01
1.0388e-01
8.3792e-02
6.3220e-02
4.1173e-02
1.9238e-02
-8.5117e-04
-2.0502e-02
-3.7425e-02
-5.3085e-02
-6.8971e-02
-8.6343e-02
-1.0394e-01
-1.1819e-01
-1.2749e-01
-1.3109e-01
-1.2814e-01
-1.1957e-01
-1.0502e-01
-8.4982e-02
-6.2379e-02
-3.8544e-02
-1.6855e-02
4.9704e-04
1.4963e-02
2.7232e-02
3.8749e-02
4.8741e-02
5.5984e-02
6.2788e-02
6.8124e-02
7.1524e-02
7.1019e-02
6.6235e-02
5.6841e-02
4.3278e-02
2.8245e-02
1.4067e-02
1.4205e-03
-7.7455e-03
-1.3518e-02
-1.5978e-02
-1.4262e-02
-7.8901e-03
3.0060e-03
1.6785e-02
3.2791e-02
4.8535e-02
6.2813e-02
7.5503e-02
8.3667e-02
8.6241e-02
8.3189e-02
7.5838e-02
6.4446e-02
4.9303e-02
3.2785e-02
1.6441e-02
5.9278e-04
-1.3194e-02
-2.4552e-02
-3.3608e-02
-4.1074e-02
-4.5877e-02
-4.8204e-02
-4.8656e-02
-4.5690e-02
-3.9189e-02
-3.1721e-02
-2.2771e-02
-1.3665e-02
-6.6674e-03
-1.8831e-03
3.6514e-04
4.2192e-04
-1.1801e-03
-4.7780e-03
-9.1580e-03
-1.2110e-02
-1.2968e-02
-1.2407e-02
-1.0259e-02
-8.0871e-03
-5.4542e-03
-1.8717e-03
3.0969e-03
9.7450e-03
1.5603e-02
1.9717e-02
2.2314e-02
2.3549e-02
2.3790e-02
2.1704e-02
1.7524e-02
1.0511e-02
1.8768e-03
-7.6564e-03
-1.7886e-02
-2.8409e-02
-3.7215e-02
-4.5225e-02
-5.1396e-02
-5.6445e-02
-6.1013e-02
-6.5241e-02
-6.7542e-02
-6.6322e-02
-6.1570e-02
-5.2720e-02
-4.0840e-02
-2.8958e-02
-1.7585e-02
-6.9876e-03
1.8675e-03
9.0386e-03
1.4408e-02
1.7979e-02
1.9257e-02
1.9399e-02
1.7033e-02
1.1592e-02
2.6448e-03
-9.9053e-03
-2.4513e-02
-3.6411e-02
-4.5377e-02
-5.1998e-02
-5.6075e-02
-5.8157e-02
-5.9101e-02
-5.8745e-02
-5.6996e-02
-5.3527e-02
-4.8883e-02
-4.3001e-02
-3.4706e-02
-2.3491e-02
-1.1124e-02
7.5966e-04
1.0956e-02
1.8989e-02
2.3934e-02
2.6132e-02
2.5745e-02
2.2418e-02
1.6877e-02
1.0364e-02
5.2216e-03
7.1147e-04
-4.0042e-03
-9.5440e-03
-1.3873e-02
-1.6991e-02
-1.9553e-02
-2.0918e-02
-2.1841e-02
-2.2051e-02
-2.0803e-02
-1.7594e-02
-1.2479e-02
-6.2024e-03
1.3938e-03
9.0219e-03
1.5256e-02
1.9961e-02
2.3135e-02
2.4333e-02
2.3891e-02
2.1216e-02
1.6576e-02
1.0540e-02
2.5555e-03
-4.4000e-03
-1.0426e-02
-1.5968e-02
-2.0853e-02
-2.4410e-02
-2.6773e-02
-2.9835e-02
-3.3246e-02
-3.4931e-02
-3.4649e-02
-3.2630e-02
-2.8203e-02
-2.2552e-02
-1.4155e-02
-3.6580e-03
6.4286e-03
1.5395e-02
2.2065e-02
2.6682e-02
3.0033e-02
3.2115e-02
3.2422e-02
3.1278e-02
2.9258e-02
2.5316e-02
1.9318e-02
1.1512e-02
3.6358e-03
-3.3301e-03
-9.7415e-03
-1.4767e-02
-1.7506e-02
-1.8903e-02
-2.0989e-02
-2.2654e-02
-2.3229e-02
-2.2458e-02
-2.1306e-02
-1.9708e-02
-1.6964e-02
-1.2376e-02
-6.1566e-03
2.1091e-03
1.0026e-02
1.6586e-02
2.3026e-02
2.8267e-02
3.3317e-02
3.7525e-02
3.8617e-02
3.5308e-02
2.9211e-02
2.2738e-02
1.4685e-02
3.4978e-03
-1.2050e-02
-2.9844e-02
-4.5255e-02
-5.7832e-02
-6.7242e-02
-7.6012e-02
-8.3184e-02
-8.9555e-02
-9.3704e-02
-9.1027e-02
-8.2972e-02
-7.1321e-02
-5.7665e-02
-4.4378e-02
-3.1382e-02
-1.8441e-02
-5.4948e-03
6.3077e-03
1.3513e-02
1.7581e-02
2.0318e-02
2.0540e-02
1.9046e-02
1.5838e-02
1.1265e-02
8.0573e-03
6.8974e-03
6.1837e-03
6.8498e-03
9.5520e-03
1.2843e-02
1.6503e-02
2.1534e-02
2.6831e-02
3.1695e-02
3.6254e-02
4.0283e-02
4.2095e-02
4.1740e-02
3.9430e-02
3.6013e-02
3.2586e-02
2.9029e-02
2.4824e-02
1.9667e-02
1.5434e-02
1.2736e-02
1.0762e-02
8.9770e-03
7.6867e-03
6.8514e-03
6.5986e-03
7.6419e-03
8.4355e-03
9.2539e-03
9.9490e-03
1.0271e-02
1.0886e-02
1.2593e-02
1.6154e-02
1.9222e-02
2.1123e-02
2.2566e-02
2.2146e-02
2.0372e-02
1.8131e-02
1.4995e-02
1.2840e-02
1.0363e-02
6.1243e-03
1.2893e-03
-3.2858e-03
-7.3844e-03
-1.1565e-02
-1.5353e-02
-1.7467e-02
-1.7639e-02
-1.5641e-02
-1.1778e-02
-6.4565e-03
6.3039e-04
7.6452e-03
1.5011e-02
2.1669e-02
2.5741e-02
2.9200e-02
3.2949e-02
3.6983e-02
4.0379e-02
4.2505e-02
4.3250e-02
4.2976e-02
4.1256e-02
3.6965e-02
2.9478e-02
1.8817e-02
6.5553e-03
-2.6130e-03
-1.0253e-02
-1.6291e-02
-2.0200e-02
-2.2370e-02
-2.2663e-02
-2.2127e-02
-2.0461e-02
-1.8228e-02
-1.6734e-02
-1.7225e-02
-1.9780e-02
-2.3418e-02
-2.6596e-02
-2.8266e-02
-2.9015e-02
-2.9426e-02
-2.9571e-02
-2.9979e-02
-2.9449e-02
-2.7908e-02
-2.5657e-02
-2.2533e-02
-1.8519e-02
-1.2648e-02
-6.4529e-03
-9.8793e-04
3.9466e-03
7.2943e-03
9.0375e-03
9.9156e-03
1.0138e-02
8.8017e-03
4.1246e-03
-2.4657e-03
-9.5285e-03
-1.7357e-02
-2.5163e-02
-3.0083e-02
-3.3862e-02
-3.6303e-02
-3.8009e-02
-3.8891e-02
-3.8630e-02
-3.7652e-02
-3.6282e-02
-3.3490e-02
-3.0189e-02
-2.6818e-02
-2.3476e-02
-1.9227e-02
-1.6839e-02
-1.6082e-02
-1.5262e-02
-1.4646e-02
-1.4968e-02
-1.6932e-02
-2.0460e-02
-2.4361e-02
-2.8327e-02
-3.3959e-02
-3.8796e-02
-4.3187e-02
-4.8217e-02
-5.3114e-02
-5.7150e-02
-6.1452e-02
-6.5148e-02
-6.7851e-02
-6.9355e-02
-6.8429e-02
-6.4928e-02
-5.9433e-02
-5.3150e-02
-4.4698e-02
-3.5172e-02
-2.6960e-02
-1.8660e-02
-9.6054e-03
-8.3136e-04
6.9896e-03
1.2592e-02
1.4134e-02
1.3549e-02
1.1748e-02
8.5056e-03
3.5803e-03
-2.5302e-03
-8.7378e-03
-1.4546e-02
-2.0159e-02
-2.4029e-02
-2.5129e-02
-2.4185e-02
-2.0510e-02
-1.4050e-02
-6.6998e-03
-1.2910e-03
4.5806e-03
1.1824e-02
1.9647e-02
2.7045e-02
3.3152e-02
3.7396e-02
3.9712e-02
4.0451e-02
3.9522e-02
3.6689e-02
3.1995e-02
2.4850e-02
1.7022e-02
9.3773e-03
3.5356e-03
-7.4410e-04
-3.7170e-03
-5.4886e-03
-5.5165e-03
-3.5610e-03
-7.1610e-04
3.4061e-03
1.0603e-02
1.9772e-02
2.7048e-02
3.3422e-02
3.8206e-02
4.0426e-02
4.0985e-02
4.1035e-02
4.0623e-02
3.9206e-02
3.7013e-02
3.6233e-02
3.6411e-02
3.7280e-02
3.9688e-02
4.2679e-02
4.5719e-02
4.7710e-02
5.0020e-02
5.3515e-02
5.6719e-02
5.8564e-02
5.9027e-02
5.8964e-02
5.8819e-02
5.6948e-02
5.2658e-02
4.5485e-02
3.6792e-02
2.9201e-02
2.3030e-02
1.8744e-02
1.6278e-02
1.4788e-02
1.4300e-02
1.4797e-02
1.7562e-02
2.0844e-02
2.3664e-02
2.6346e-02
2.8489e-02
3.0870e-02
3.3615e-02
3.5154e-02
3.4827e-02
3.3397e-02
3.0835e-02
2.8096e-02
2.6081e-02
2.4789e-02
2.4073e-02
2.4315e-02
2.5443e-02
2.6806e-02
2.7517e-02
2.8673e-02
3.0818e-02
3.3214e-02
3.5185e-02
3.5777e-02
3.5993e-02
3.6507e-02
3.6923e-02
3.5817e-02
3.3941e-02
3.1180e-02
2.8321e-02
2.5526e-02
2.2752e-02
1.9040e-02
1.5431e-02
1.4378e-02
1.4022e-02
1.4298e-02
1.5003e-02
1.6512e-02
1.8088e-02
1.9137e-02
1.9796e-02
1.9580e-02
1.8943e-02
1.7517e-02
1.5507e-02
1.4310e-02
1.2725e-02
1.0381e-02
8.2618e-03
6.7615e-03
6.1773e-03
6.3885e-03
6.4561e-03
5.7904e-03
4.6981e-03
4.1859e-03
4.8540e-03
6.8289e-03
8.3428e-03
8.5962e-03
8.9268e-03
9.9109e-03
1.0751e-02
1.1568e-02
1.1873e-02
1.1712e-02
1.1935e-02
1.2758e-02
1.3755e-02
1.3953e-02
1.2113e-02
9.7803e-03
6.3194e-03
2.8598e-03
1.1403e-03
3.7899e-04
-1.1137e-03
-3.7120e-03
-6.3347e-03
-8.4898e-03
-9.4409e-03
-1.0183e-02
-1.2503e-02
-1.5821e-02
-1.9390e-02
-2.2432e-02
-2.4744e-02
-2.6467e-02
-2.7917e-02
-3.0112e-02
-3.1810e-02
-3.2903e-02
-3.3209e-02
-3.2929e-02
-3.2204e-02
-3.1879e-02
-3.1929e-02
-3.2324e-02
-3.2223e-02
-3.1646e-02
-3.2089e-02
-3.3311e-02
-3.5117e-02
-3.5685e-02
-3.6372e-02
-3.9604e-02
-4.3887e-02
-4.8901e-02
-5.4391e-02
-5.9363e-02
-6.4147e-02
-6.7871e-02
-6.9429e-02
-6.9756e-02
-7.0388e-02
-7.0681e-02
-6.9806e-02
-6.7906e-02
-6.5729e-02
-6.2649e-02
-5.9691e-02
-5.6712e-02
-5.3459e-02
-5.1879e-02
-5.0094e-02
-4.7761e-02
-4.5401e-02
-4.4055e-02
-4.4506e-02
-4.5865e-02
-4.7166e-02
-4.7263e-02
-4.6272e-02
-4.4563e-02
-4.2786e-02
-3.9977e-02
-3.7656e-02
-3.6291e-02
-3.4031e-02
-3.0696e-02
-2.7368e-02
-2.3209e-02
-1.9192e-02
-1.5421e-02
-1.2645e-02
-1.0700e-02
-8.0255e-03
-5.7126e-03
-4.9764e-03
-4.3134e-03
-3.5679e-03
-2.8066e-03
-2.4071e-03
-2.9260e-03
-5.5236e-03
-8.3492e-03
-9.3222e-03
-9.5409e-03
-9.3779e-03
-8.5500e-03
-6.5755e-03
-4.3780e-03
-2.2271e-03
4.3565e-04
3.6531e-03
6.8624e-03
9.3949e-03
1.1658e-02
1.3217e-02
1.4538e-02
1.5003e-02
1.3831e-02
1.1935e-02
1.0961e-02
1.0647e-02
1.0241e-02
9.9741e-03
9.7932e-03
9.5288e-03
1.0191e-02
1.2130e-02
1.4773e-02
1.7831e-02
2.1011e-02
2.3652e-02
2.5899e-02
2.7931e-02
2.9272e-02
2.9680e-02
3.0350e-02
3.1378e-02
3.2211e-02
3.2417e-02
3.1560e-02
2.9305e-02
2.6501e-02
2.3696e-02
2.1600e-02
2.0268e-02
1.9541e-02
1.9341e-02
1.8820e-02
1.8372e-02
1.8730e-02
2.1002e-02
2.4549e-02
2.8367e-02
3.1653e-02
3.4469e-02
3.7110e-02
3.9729e-02
4.2174e-02
4.4647e-02
4.6992e-02
4.8885e-02
5.1003e-02
5.2579e-02
5.2318e-02
5.0393e-02
4.7512e-02
4.3999e-02
4.2045e-02
4.0308e-02
3.8119e-02
3.6494e-02
3.5656e-02
3.6168e-02
3.6315e-02
3.6177e-02
3.6662e-02
3.6977e-02
3.7847e-02
3.8948e-02
3.9325e-02
4.0168e-02
4.0469e-02
4.0792e-02
4.0561e-02
3.9697e-02
3.9328e-02
3.8677e-02
3.7640e-02
3.6445e-02
3.4674e-02
3.2430e-02
2.9755e-02
2.7160e-02
2.4170e-02
2.1110e-02
1.8195e-02
1.4402e-02
9.7495e-03
5.6336e-03
1.9563e-03
-1.6196e-03
-4.6901e-03
-8.4528e-03
-1.1642e-02
-1.3686e-02
-1.5015e-02
-1.6103e-02
-1.7264e-02
-1.7021e-02
-1.6069e-02
-1.5367e-02
-1.4470e-02
-1.3505e-02
-1.2189e-02
-1.0815e-02
-1.0176e-02
-9.6963e-03
-1.0192e-02
-1.2532e-02
-1.4776e-02
-1.6509e-02
-1.6289e-02
-1.5474e-02
-1.5653e-02
-1.5650e-02
-1.5770e-02
-1.5890e-02
-1.5617e-02
-1.5117e-02
-1.4691e-02
-1.4705e-02
-1.6179e-02
-1.8750e-02
-2.0985e-02
-2.3563e-02
-2.6722e-02
-2.9073e-02
-3.0226e-02
-3.0870e-02
-3.0899e-02
-3.0272e-02
-2.8286e-02
-2.4766e-02
-2.0646e-02
-1.6730e-02
-1.2500e-02
-8.8477e-03
-7.0886e-03
-5.4920e-03
-3.1826e-03
-1.2970e-03
-2.1677e-04
-1.5071e-04
-1.3140e-03
-3.3884e-03
-5.7320e-03
-8.4190e-03
-1.0053e-02
-1.0103e-02
-9.5610e-03
-9.1851e-03
-8.6894e-03
-7.7491e-03
-6.1435e-03
-4.4144e-03
-3.2042e-03
-2.6338e-03
-2.8177e-03
-3.7423e-03
-5.8253e-03
-8.4838e-03
-1.1180e-02
-1.3276e-02
-1.4456e-02
-1.5924e-02
-1.7409e-02
-1.7467e-02
-1.6802e-02
-1.4773e-02
-1.2042e-02
-8.0128e-03
-3.1831e-03
2.6873e-03
7.4383e-03
1.1340e-02
1.3778e-02
1.5434e-02
1.5928e-02
1.5146e-02
1.2993e-02
9.2852e-03
6.0953e-03
3.5048e-03
1.3779e-03
-9.7078e-04
-3.4746e-03
-6.1332e-03
-8.7875e-03
-1.0565e-02
-1.1474e-02
-1.0994e-02
-1.1467e-02
-1.2510e-02
-1.3156e-02
-1.4996e-02
-1.5637e-02
-1.4694e-02
-1.4114e-02
-1.4305e-02
-1.4599e-02
-1.5484e-02
-1.6718e-02
-1.7618e-02
-1.8805e-02
-2.0038e-02
-2.1175e-02
-2.2253e-02
-2.2606e-02
-2.3880e-02
-2.5535e-02
-2.6753e-02
-2.7320e-02
-2.7433e-02
-2.7672e-02
-2.8301e-02
-2.8622e-02
-2.8843e-02
-2.8577e-02
-2.7219e-02
-2.5787e-02
-2.4342e-02
-2.3057e-02
-2.1695e-02
-2.0391e-02
-1.9809e-02
-2.0141e-02
-2.0390e-02
-2.0894e-02
-2.1434e-02
-2.1913e-02
-2.2946e-02
-2.2908e-02
-2.2822e-02
-2.2641e-02
-2.2381e-02
-2.2381e-02
-2.3460e-02
-2.4938e-02
-2.5427e-02
-2.5052e-02
-2.3860e-02
-2.2646e-02
-2.1043e-02
-1.8922e-02
-1.6362e-02
-1.3625e-02
-1.0593e-02
-7.1660e-03
-4.2450e-03
-1.9351e-03
6.6105e-04
2.8695e-03
4.6569e-03
4.9792e-03
4.8387e-03
3.9739e-03
2.1234e-03
-3.7994e-04
-3.4443e-03
-6.5543e-03
-9.0582e-03
-1.0595e-02
-1.0831e-02
-9.7618e-03
-8.3137e-03
-7.2904e-03
-6.0036e-03
-3.2527e-03
1.0194e-03
5.2236e-03
7.9787e-03
1.0218e-02
1.1572e-02
1.2219e-02
1.2043e-02
1.1181e-02
9.7957e-03
7.9816e-03
6.2196e-03
4.1640e-03
1.8451e-03
5.8802e-05
-1.2401e-03
-1.7853e-03
-2.1191e-03
-1.6572e-03
-4.1475e-04
1.1687e-03
2.7716e-03
4.1875e-03
5.2912e-03
6.4734e-03
7.6795e-03
8.4098e-03
8.8942e-03
9.0317e-03
8.8605e-03
8.2192e-03
7.4751e-03
7.5972e-03
8.0352e-03
8.6465e-03
8.7205e-03
9.0900e-03
1.0198e-02
1.0944e-02
1.1366e-02
1.1502e-02
1.1537e-02
1.1268e-02
1.0200e-02
8.6790e-03
6.8378e-03
5.8310e-03
5.8654e-03
6.1615e-03
7.3536e-03
8.8927e-03
1.0619e-02
1.2248e-02
1.3947e-02
1.4736e-02
1.4985e-02
1.5061e-02
1.5001e-02
1.4164e-02
1.2708e-02
1.0530e-02
7.4327e-03
3.8755e-03
1.5654e-03
6.8355e-04
-6.2917e-05
-1.3712e-03
-1.7349e-03
-1.2043e-03
-3.1937e-04
2.9029e-04
1.3163e-03
3.9545e-03
6.9988e-03
1.0133e-02
1.2771e-02
1.4777e-02
1.5417e-02
1.5847e-02
1.7640e-02
1.8856e-02
1.9432e-02
1.9229e-02
1.9680e-02
1.9939e-02
1.9460e-02
1.8610e-02
1.7556e-02
1.6239e-02
1.4587e-02
1.2671e-02
1.0404e-02
8.4567e-03
6.4396e-03
4.4786e-03
3.2604e-03
2.5428e-03
7.1680e-04
-2.2412e-03
-4.3424e-03
-5.7300e-03
-6.3860e-03
-6.4494e-03
-6.1991e-03
-5.4376e-03
-4.8125e-03
-4.4359e-03
-3.5959e-03
-2.2313e-03
-7.1485e-04
1.6550e-03
4.9915e-03
8.4521e-03
1.1506e-02
1.5315e-02
1.8867e-02
2.2083e-02
2.4331e-02
2.6262e-02
2.8344e-02
3.0875e-02
3.2902e-02
3.4125e-02
3.4373e-02
3.4246e-02
3.3645e-02
3.3136e-02
3.1999e-02
3.0847e-02
2.9399e-02
2.7080e-02
2.4627e-02
2.1678e-02
1.8871e-02
1.6190e-02
1.4038e-02
1.1843e-02
9.6723e-03
8.0584e-03
6.7006e-03
5.8337e-03
4.9813e-03
4.2939e-03
4.2250e-03
4.6799e-03
5.1670e-03
5.4271e-03
5.2191e-03
3.5977e-03
1.7669e-03
-4.3935e-04
-2.7002e-03
-5.7847e-03
-9.0523e-03
-1.1597e-02
-1.3649e-02
-1.5059e-02
-1.4770e-02
-1.3392e-02
-1.1534e-02
-8.6609e-03
-5.0063e-03
-1.5249e-03
1.4742e-03
3.2585e-03
4.4291e-03
4.6355e-03
4.7740e-03
4.1440e-03
1.3359e-03
-2.0689e-03
-3.9137e-03
-4.4730e-03
-5.2649e-03
-6.5261e-03
-7.6562e-03
-8.4347e-03
-8.5944e-03
-8.4312e-03
-8.2990e-03
-8.2430e-03
-7.4228e-03
-6.1330e-03
-3.7428e-03
-1.3910e-03
-5.5569e-04
-2.9908e-04
-1.6773e-04
-2.0063e-04
-1.4738e-03
-3.2751e-03
-5.0585e-03
-6.9421e-03
-9.1881e-03
-1.1371e-02
-1.1598e-02
-1.2333e-02
-1.3693e-02
-1.5364e-02
-1.7411e-02
-1.8803e-02
-1.9571e-02
-1.9736e-02
-1.9370e-02
-1.8894e-02
-1.8007e-02
-1.7090e-02
-1.5769e-02
-1.4331e-02
-1.2960e-02
-1.1645e-02
-9.8133e-03
-8.3276e-03
-7.1382e-03
-5.4249e-03
-4.3355e-03
-3.6945e-03
-3.1131e-03
-2.8352e-03
-2.5964e-03
-3.1897e-03
-4.1264e-03
-4.5161e-03
-4.8441e-03
-4.8929e-03
-5.4141e-03
-5.5124e-03
-5.3278e-03
-5.0047e-03
-4.2058e-03
-3.7338e-03
-3.5252e-03
-3.3024e-03
-3.5042e-03
-4.2250e-03
-5.3243e-03
-6.3351e-03
-7.2095e-03
-8.4313e-03
-9.9155e-03
-1.0588e-02
-1.0843e-02
-1.1133e-02
-1.0858e-02
-9.7829e-03
-7.9260e-03
-4.9933e-03
-1.5325e-03
1.3399e-03
3.1126e-03
5.0522e-03
7.6738e-03
1.0264e-02
1.2305e-02
1.3324e-02
1.2735e-02
1.1000e-02
9.5815e-03
8.1305e-03
6.8233e-03
5.0976e-03
4.2961e-03
3.4249e-03
2.4476e-03
1.9510e-03
1.3964e-03
4.4237e-04
-1.9209e-04
-7.7231e-04
-6.5916e-04
-8.5790e-04
-1.8287e-03
-2.9018e-03
-3.3739e-03
-3.2295e-03
-2.6631e-03
-2.6697e-03
-2.8854e-03
-3.5910e-03
-5.1179e-03
-6.3165e-03
-6.8173e-03
-7.7985e-03
-8.6066e-03
-8.5700e-03
-8.8360e-03
-9.6210e-03
-1.0443e-02
-1.1561e-02
-1.3060e-02
-1.4230e-02
-1.5002e-02
-1.5949e-02
-1.7464e-02
-1.8544e-02
-1.9421e-02
-1.9692e-02
-1.8519e-02
-1.6326e-02
-1.4931e-02
-1.4492e-02
-1.4390e-02
-1.4017e-02
-1.3470e-02
-1.2456e-02
-1.0885e-02
-8.6508e-03
-5.9971e-03
-3.4195e-03
-1.8231e-03
-7.1949e-04
8.3274e-05
1.3080e-03
3.0992e-03
5.2839e-03
7.7408e-03
1.0011e-02
1.1880e-02
1.3568e-02
1.5594e-02
1.7696e-02
2.0017e-02
2.1830e-02
2.3383e-02
2.4264e-02
2.4682e-02
2.5207e-02
2.5184e-02
2.4229e-02
2.3350e-02
2.1645e-02
1.9365e-02
1.7304e-02
1.5110e-02
1.3054e-02
1.2031e-02
1.1367e-02
1.0307e-02
9.6496e-03
7.9508e-03
5.2325e-03
1.6329e-03
-1.9697e-03
-5.1470e-03
-7.5815e-03
-1.0075e-02
-1.2724e-02
-1.4662e-02
-1.5013e-02
-1.4314e-02
-1.3191e-02
-1.0990e-02
-8.5777e-03
-7.4878e-03
-6.4593e-03
-6.3091e-03
-6.2915e-03
-5.8688e-03
-5.4496e-03
-4.9382e-03
-4.2183e-03
-3.4139e-03
-2.9747e-03
-2.9676e-03
-2.7527e-03
-2.6509e-03
-2.4700e-03
-2.2663e-03
-1.1737e-03
-5.4917e-05
1.0397e-03
3.2689e-03
6.9652e-03
1.1301e-02
1.4546e-02
1.6597e-02
1.8010e-02
1.8796e-02
1.9821e-02
2.0501e-02
2.0954e-02
2.0301e-02
1.8733e-02
1.6726e-02
1.4098e-02
1.1876e-02
1.0025e-02
7.9988e-03
5.8401e-03
4.3924e-03
2.9367e-03
1.3128e-03
5.8821e-04
8.5070e-04
1.2552e-03
2.1954e-03
3.3437e-03
4.5679e-03
5.7801e-03
7.3960e-03
9.0202e-03
1.1033e-02
1.2848e-02
1.4585e-02
1.5568e-02
1.5870e-02
1.5607e-02
1.5450e-02
1.4907e-02
1.4177e-02
1.3435e-02
1.2282e-02
1.0490e-02
8.3184e-03
6.1794e-03
4.6188e-03
3.4664e-03
3.1215e-03
3.4912e-03
4.3521e-03
5.5912e-03
6.8164e-03
8.3029e-03
8.8490e-03
8.9627e-03
9.5483e-03
9.7894e-03
9.5850e-03
8.8768e-03
7.1891e-03
4.7426e-03
1.1838e-03
-2.1730e-03
-5.0879e-03
-8.2599e-03
-1.1971e-02
-1.5878e-02
-1.8824e-02
-2.0827e-02
-2.1838e-02
-2.1703e-02
-2.0500e-02
-1.8805e-02
-1.7282e-02
-1.5708e-02
-1.4354e-02
-1.2956e-02
-1.1707e-02
-1.1152e-02
-1.1475e-02
-1.2242e-02
-1.3135e-02
-1.4070e-02
-1.4724e-02
-1.5602e-02
-1.7383e-02
-1.9007e-02
-2.0538e-02
-2.2118e-02
-2.2766e-02
-2.3350e-02
-2.4080e-02
-2.4221e-02
-2.3722e-02
-2.2578e-02
-2.0657e-02
-1.8869e-02
-1.7175e-02
-1.6816e-02
-1.7607e-02
-1.8566e-02
-1.9997e-02
-2.0646e-02
-1.9924e-02
-1.9039e-02
-2.0071e-02
-2.0367e-02
-2.0274e-02
-2.0476e-02
-2.0613e-02
-1.9987e-02
-1.8642e-02
-1.6449e-02
-1.3269e-02
-1.0084e-02
-7.2353e-03
-4.1597e-03
3.0262e-05
3.8156e-03
7.0780e-03
9.9854e-03
1.1850e-02
1.2528e-02
1.2690e-02
1.2260e-02
1.1863e-02
9.6952e-03
5.4245e-03
9.0668e-04
-2.9326e-03
-6.4344e-03
-9.5977e-03
-1.2467e-02
-1.3722e-02
-1.3845e-02
-1.2885e-02
-1.0553e-02
-8.8016e-03
-5.7877e-03
-2.1439e-03
1.1730e-03
5.0590e-03
8.9420e-03
1.2322e-02
1.4806e-02
1.5538e-02
1.5353e-02
1.4419e-02
1.3405e-02
1.2748e-02
1.1159e-02
8.8700e-03
5.7589e-03
2.7545e-03
7.2561e-04
-7.2954e-04
-1.0876e-03
-8.5192e-04
-5.1699e-04
9.3736e-05
1.0554e-03
2.5600e-03
4.8317e-03
6.4727e-03
7.6666e-03
8.5854e-03
9.3698e-03
9.6072e-03
9.2168e-03
8.9738e-03
8.9390e-03
9.1214e-03
9.3674e-03
9.0324e-03
8.0253e-03
7.0593e-03
5.6402e-03
4.6567e-03
4.1972e-03
4.1748e-03
5.3334e-03
6.6275e-03
7.6846e-03
8.3280e-03
9.7727e-03
1.1864e-02
1.3084e-02
1.3438e-02
1.3206e-02
1.2735e-02
1.2341e-02
1.2174e-02
1.1329e-02
1.0215e-02
9.2382e-03
8.0121e-03
6.5557e-03
5.8876e-03
5.5945e-03
5.0159e-03
3.9877e-03
2.5402e-03
2.0014e-03
1.9432e-03
1.9765e-03
2.3907e-03
3.6462e-03
4.9143e-03
6.1208e-03
6.8900e-03
7.3837e-03
8.7669e-03
1.0738e-02
1.2312e-02
1.4059e-02
1.5888e-02
1.6757e-02
1.7339e-02
1.7434e-02
1.6537e-02
1.5582e-02
1.3944e-02
1.2148e-02
1.0293e-02
8.8544e-03
7.1750e-03
6.4935e-03
6.3649e-03
5.7494e-03
4.3824e-03
3.0561e-03
2.4732e-03
3.1808e-03
4.7918e-03
5.8794e-03
6.7167e-03
7.1994e-03
6.3211e-03
5.5757e-03
4.5572e-03
3.0043e-03
1.3424e-03
-1.4498e-03
-3.8011e-03
-5.6389e-03
-7.2450e-03
-9.0023e-03
-1.1350e-02
-1.3370e-02
-1.4611e-02
-1.5099e-02
-1.4118e-02
-1.2383e-02
-1.0301e-02
-8.6396e-03
-6.4479e-03
-4.3619e-03
-2.8951e-03
-1.3617e-03
4.2492e-04
2.3785e-03
4.4685e-03
5.7589e-03
6.8383e-03
7.5287e-03
7.7144e-03
7.1449e-03
5.4572e-03
3.7132e-03
3.3483e-03
2.7497e-03
2.2154e-03
2.0420e-03
2.2961e-03
2.9063e-03
4.0050e-03
5.0098e-03
5.2643e-03
5.2169e-03
5.1068e-03
4.9875e-03
4.8973e-03
4.5504e-03
3.7603e-03
3.1346e-03
3.0356e-03
2.7447e-03
2.0643e-03
1.1011e-03
5.2358e-04
-3.4526e-04
-9.2269e-04
-1.4925e-03
-2.4788e-03
-1.9708e-03
-9.2156e-04
-7.6091e-05
9.2043e-04
2.1949e-03
2.7489e-03
2.3268e-03
1.6068e-03
1.5144e-03
2.6765e-03
4.2641e-03
5.3175e-03
5.1564e-03
3.8763e-03
1.6882e-03
-7.5829e-04
-3.0942e-03
-5.7664e-03
-8.7390e-03
-1.1568e-02
-1.4276e-02
-1.6743e-02
-1.8457e-02
-1.8758e-02
-1.8202e-02
-1.6646e-02
-1.5141e-02
-1.3171e-02
-1.0781e-02
-8.1842e-03
-5.8360e-03
-4.2765e-03
-3.9732e-03
-5.2068e-03
-7.4500e-03
-1.0219e-02
-1.2403e-02
-1.4020e-02
-1.5127e-02
-1.6679e-02
-1.7499e-02
-1.7177e-02
-1.5641e-02
-1.3405e-02
-1.0851e-02
-8.9532e-03
-7.2942e-03
-4.8426e-03
-2.2489e-03
-2.5238e-04
5.4503e-04
4.9241e-04
-2.3941e-04
-5.7798e-04
-6.8571e-04
-8.3893e-04
-1.0371e-03
-9.8927e-04
-4.8504e-04
5.1264e-04
1.5701e-03
2.3263e-03
3.1720e-03
3.9014e-03
4.0313e-03
4.3687e-03
6.2203e-03
8.2467e-03
1.0888e-02
1.1879e-02
1.1342e-02
9.7784e-03
7.4879e-03
4.9540e-03
3.0437e-03
1.0185e-03
-1.3181e-03
-3.5545e-03
-5.0804e-03
-6.5215e-03
-7.9475e-03
-9.7532e-03
-1.1499e-02
-1.2176e-02
-1.1726e-02
-1.0666e-02
-8.3341e-03
-5.6628e-03
-3.8292e-03
-2.2246e-03
-3.8123e-04
1.1906e-03
2.8921e-03
4.1242e-03
4.9760e-03
5.0941e-03
4.7852e-03
3.6709e-03
1.2485e-03
-2.0468e-03
-4.5041e-03
-6.5680e-03
-8.5797e-03
-9.2691e-03
-9.5140e-03
-9.4724e-03
-9.7330e-03
-9.3213e-03
-6.4904e-03
-1.7512e-03
3.3829e-03
7.2706e-03
1.0335e-02
1.3754e-02
1.6986e-02
1.9668e-02
2.1504e-02
2.2851e-02
2.2624e-02
2.1472e-02
1.9983e-02
1.7819e-02
1.5989e-02
1.4973e-02
1.3290e-02
1.0714e-02
7.7308e-03
4.3577e-03
1.6048e-03
-9.3787e-04
-3.3687e-03
-4.8823e-03
-6.6289e-03
-8.6518e-03
-1.0237e-02
-1.0928e-02
-1.0883e-02
-1.0724e-02
-9.3603e-03
-6.7858e-03
-3.1625e-03
5.2107e-04
2.8331e-03
3.8770e-03
3.8711e-03
3.1463e-03
1.5867e-03
-3.6799e-04
-2.6889e-03
-5.5662e-03
-8.2039e-03
-9.6798e-03
-1.0219e-02
-1.0118e-02
-9.8144e-03
-9.0227e-03
-8.1261e-03
-6.4112e-03
-4.1668e-03
-2.9387e-03
-2.3978e-03
-2.1213e-03
-2.2255e-03
-2.6326e-03
-3.8800e-03
-4.8014e-03
-5.7454e-03
-6.2318e-03
-5.7096e-03
-4.6366e-03
-3.0227e-03
-1.7814e-03
5.6044e-04
3.5908e-03
6.8570e-03
9.6413e-03
1.0807e-02
1.1459e-02
1.2255e-02
1.2861e-02
1.3249e-02
1.3172e-02
1.2461e-02
1.0898e-02
7.8271e-03
3.8630e-03
-9.1420e-05
-3.7650e-03
-6.4132e-03
-8.7019e-03
-1.0319e-02
-1.2508e-02
-1.5133e-02
-1.7103e-02
-1.8233e-02
-1.9709e-02
-2.0160e-02
-2.0270e-02
-2.0391e-02
-2.0118e-02
-1.8979e-02
-1.7370e-02
-1.4689e-02
-1.2004e-02
-1.0430e-02
-1.0823e-02
-1.2676e-02
-1.4226e-02
-1.4703e-02
-1.3884e-02
-1.3116e-02
-1.3254e-02
-1.4612e-02
-1.6288e-02
-1.7362e-02
-1.8137e-02
-1.7883e-02
-1.7072e-02
-1.4526e-02
-1.2268e-02
-1.0374e-02
-8.1032e-03
-5.2256e-03
-2.2898e-03
-5.7439e-05
1.4477e-03
2.9873e-03
4.5383e-03
5.5946e-03
6.5767e-03
7.5491e-03
8.6628e-03
1.0409e-02
1.2206e-02
1.3153e-02
1.3046e-02
1.2339e-02
1.1529e-02
1.1432e-02
1.2007e-02
1.2210e-02
1.2049e-02
1.1238e-02
9.8000e-03
8.8696e-03
8.7080e-03
8.7404e-03
8.3704e-03
7.7460e-03
6.8180e-03
6.0971e-03
6.1059e-03
6.7326e-03
7.8431e-03
8.5545e-03
7.5730e-03
7.0678e-03
7.0967e-03
7.4124e-03
8.0192e-03
9.0975e-03
9.7638e-03
8.6888e-03
7.6394e-03
7.9960e-03
8.4324e-03
8.2700e-03
7.9170e-03
7.6658e-03
7.0782e-03
5.8605e-03
4.7796e-03
3.8071e-03
2.9588e-03
2.5745e-03
1.7716e-03
9.8050e-04
2.2462e-04
3.0794e-04
1.0045e-03
1.8758e-03
2.6238e-03
3.1630e-03
3.6873e-03
4.4992e-03
5.3712e-03
5.7808e-03
5.8114e-03
5.4651e-03
4.6886e-03
3.8997e-03
3.6122e-03
2.9274e-03
1.4543e-03
-2.6243e-04
-9.8241e-04
-1.1859e-03
-1.8601e-03
-2.6399e-03
-3.2256e-03
-2.9836e-03
-1.9546e-03
-1.1192e-03
-4.3995e-04
4.7233e-04
1.5631e-03
2.1532e-03
2.1728e-03
2.1941e-03
2.7885e-03
3.7694e-03
4.9792e-03
6.2931e-03
6.7672e-03
6.6315e-03
6.4630e-03
6.2944e-03
6.0814e-03
6.0033e-03
6.2444e-03
6.3154e-03
5.8703e-03
5.4687e-03
4.4286e-03
3.8464e-03
3.4177e-03
3.0975e-03
3.0275e-03
3.0318e-03
2.5146e-03
2.1539e-03
2.4834e-03
2.9464e-03
2.9210e-03
2.2569e-03
9.8380e-04
-9.4617e-05
-6.0009e-04
-8.0494e-04
-1.2908e-03
-1.9379e-03
-2.6171e-03
-3.1610e-03
-3.4920e-03
-3.8012e-03
-3.9427e-03
-4.1829e-03
-4.4253e-03
-4.3783e-03
-4.4851e-03
-4.4012e-03
-3.9673e-03
-3.5652e-03
-3.3046e-03
-3.1817e-03
-3.0958e-03
-3.0413e-03
-3.2270e-03
-3.5382e-03
-3.7218e-03
-3.9513e-03
-3.9690e-03
-3.7897e-03
-3.5628e-03
-3.4379e-03
-3.3009e-03
-3.2506e-03
-3.2273e-03
-3.1882e-03
-3.0651e-03
-3.0137e-03
-2.9220e-03
-2.9678e-03
-2.8706e-03
-2.5151e-03
-2.2968e-03
-2.2285e-03
-2.1026e-03
-2.0482e-03
-2.0402e-03
-1.6806e-03
-1.1916e-03
-6.4838e-04
-1.6142e-04
2.8048e-04
5.5826e-04
8.2638e-04
1.0093e-03
1.1659e-03
1.2086e-03
9.9684e-04
7.5294e-04
4.7994e-04
2.6454e-04
1.6660e-04
5.3066e-05
-1.0889e-05
-4.3051e-05
-2.7822e-05
7.7645e-05
3.2117e-04
5.7179e-04
6.6228e-04
7.1626e-04
7.5355e-04
7.4630e-04
6.6384e-04
5.7473e-04
7.0322e-04
9.6308e-04
1.1756e-03
1.2636e-03
1.3059e-03
1.3150e-03
1.3658e-03
1.3977e-03
1.3735e-03
1.2311e-03
9.9177e-04
7.6400e-04
5.4100e-04
2.9536e-04
4.8951e-05
-1.9225e-04
-3.8070e-04
-5.2257e-04
-6.1321e-04
-6.1973e-04
-5.6348e-04
-4.6756e-04
-2.6062e-04
-2.8101e-05
2.0697e-04
3.5850e-04
4.2007e-04
4.4991e-04
4.4393e-04
4.1048e-04
3.6781e-04
3.2122e-04
2.4907e-04
1.7329e-04
1.2327e-04
8.8441e-05
5.8450e-05
6.5379e-05
8.4961e-05
9.9628e-05
1.0835e-04
1.2172e-04
1.3921e-04
1.4424e-04
1.5140e-04
1.6909e-04
1.7489e-04
1.5947e-04
1.3004e-04
1.0726e-04
8.2753e-05
5.6537e-05
4.1544e-05
4.4607e-05
2.0311e-05
-1.0648e-05
-4.1518e-05
-6.9592e-05
-9.0622e-05
-1.1507e-04
-1.4539e-04
-1.7432e-04
-1.9934e-04
-2.1792e-04
-2.2636e-04
-2.2943e-04
-2.3545e-04
-2.4187e-04
-2.4701e-04
-2.4930e-04
-2.5184e-04
-2.5362e-04
-2.5779e-04
-2.6389e-04
-2.7055e-04
-2.7740e-04
-2.8625e-04
-2.9544e-04
-3.0421e-04
-3.1205e-04
-3.1907e-04
-3.2526e-04
-3.3123e-04
-3.3547e-04
-3.3904e-04
-3.4197e-04
-3.4502e-04
-3.4818e-04
-3.5138e-04
-3.5463e-04
-3.5770e-04
-3.6072e-04
-3.6402e-04
-3.6728e-04
-3.7055e-04
-3.7379e-04
-3.7706e-04
-3.8023e-04
-3.8344e-04
-3.8657e-04
-3.8958e-04
-3.9241e-04
-3.9515e-04
-3.9781e-04
-4.0040e-04
-4.0286e-04
-4.0524e-04
-4.0749e-04
-4.0964e-04
-4.1168e-04
-4.1361e-04
-4.1544e-04
-4.1716e-04
-4.1876e-04
-4.2025e-04
-4.2162e-04
-4.2289e-04
-4.2403e-04
