   0.0031683440
  -0.0014543152
  -0.0034582157
   0.0020866901
   0.0061954017
   0.0113220418
   0.0105538123
   0.0067824628
   0.0034705757
   0.0017738181
   0.0003334431
  -0.0016123259
   0.0017977008
   0.0056332880
   0.0105038366
   0.0046677326
  -0.0046333053
  -0.0098335554
  -0.0070303499
  -0.0010765212
  -0.0050241452
  -0.0078015426
  -0.0066787424
  -0.0057131253
  -0.0006393550
   0.0017988894
   0.0011228178
  -0.0009870922
  -0.0032880111
  -0.0032217570
  -0.0063302591
  -0.0055047646
  -0.0070512225
  -0.0025745695
   0.0013605135
  -0.0019945298
  -0.0028953672
   0.0006286492
   0.0085074483
   0.0048816902
  -0.0008501256
   0.0007589275
   0.0011252064
   0.0030317039
   0.0058909464
  -0.0025585707
  -0.0067670472
  -0.0037119912
   0.0007745482
  -0.0026721858
  -0.0068249571
  -0.0066109426
  -0.0013627140
  -0.0008125462
   0.0017493406
   0.0049859203
   0.0000280738
   0.0010304391
  -0.0011854510
   0.0020051640
   0.0024998833
  -0.0071657218
  -0.0095847627
  -0.0069961905
  -0.0074565749
  -0.0022952258
   0.0000540672
  -0.0058974701
  -0.0025181720
   0.0004332211
   0.0022312386
   0.0069622657
   0.0074087209
   0.0053549845
   0.0006874866
  -0.0032039210
   0.0044673321
   0.0061832598
   0.0025966131
   0.0013070330
  -0.0007272756
  -0.0000534936
  -0.0040438949
  -0.0073694055
  -0.0062362199
  -0.0026173529
   0.0054166967
   0.0116035455
   0.0122532789
   0.0095783386
  -0.0016464624
  -0.0039443110
  -0.0019986249
   0.0073798548
   0.0113833771
   0.0027313260
   0.0042563875
  -0.0005849775
  -0.0128107890
  -0.0111721338
  -0.0086847171
  -0.0072925930
  -0.0134445119
  -0.0063195159
   0.0073727551
   0.0053846542
   0.0061844142
   0.0066505259
   0.0011080339
   0.0033730067
   0.0121013228
   0.0034591236
   0.0010792343
   0.0121939894
   0.0115794348
   0.0009254784
  -0.0036329030
   0.0030424993
   0.0027519354
  -0.0097130752
  -0.0135219360
  -0.0011933017
   0.0039202429
   0.0064925319
   0.0025436790
  -0.0127552118
  -0.0058429336
   0.0030185166
   0.0062026128
   0.0112798747
   0.0059697170
   0.0015372266
  -0.0101780774
  -0.0208900377
  -0.0143596009
  -0.0058584724
   0.0002223083
   0.0063224767
   0.0025332629
  -0.0065054087
  -0.0015151785
   0.0123586778
   0.0216119209
   0.0135019287
   0.0062840574
   0.0003573187
  -0.0056491445
  -0.0071994001
   0.0023149048
   0.0102745867
  -0.0059766437
  -0.0131244988
  -0.0140460476
  -0.0081514031
   0.0065325442
   0.0059085927
  -0.0038456682
   0.0003056457
   0.0032045350
   0.0032769028
   0.0021741724
  -0.0048671351
  -0.0041178106
   0.0014553691
  -0.0032452869
  -0.0021889056
   0.0073134348
   0.0096369667
   0.0070448173
  -0.0006879674
  -0.0116487090
  -0.0122003046
  -0.0003307857
   0.0026625401
  -0.0002197586
  -0.0028216411
   0.0019053087
  -0.0015814817
  -0.0013422753
   0.0064071641
  -0.0015020232
  -0.0007260975
   0.0088585320
   0.0126619572
   0.0082878702
   0.0088293720
   0.0076929459
  -0.0016912179
  -0.0065465612
  -0.0098665390
  -0.0145308817
  -0.0151452562
  -0.0180638239
  -0.0114677090
  -0.0003089773
   0.0100156505
   0.0134636682
  -0.0007562910
  -0.0083487527
  -0.0002148751
   0.0077086958
   0.0171870688
   0.0130984727
  -0.0112502833
  -0.0277094241
  -0.0202913561
  -0.0067944957
   0.0078510892
   0.0051480058
  -0.0113787474
  -0.0050776577
  -0.0047657638
  -0.0025921257
   0.0106727019
   0.0238263891
   0.0242110799
   0.0124961998
   0.0026719962
   0.0036075311
   0.0426283770
   0.0618394010
   0.0503786354
   0.0041576261
  -0.0404999663
  -0.0502373513
  -0.0325985150
   0.0146747188
   0.0294221610
   0.0128135815
  -0.0207982695
  -0.0352964236
  -0.0238500234
  -0.0221331356
  -0.0350546288
  -0.0205712905
  -0.0099177426
   0.0014683497
   0.0129175983
  -0.0070979529
  -0.0225778200
  -0.0101691974
   0.0264362322
   0.0420902650
   0.0422647128
   0.0339713169
   0.0300203898
   0.0375184704
   0.0522779573
   0.0450414891
   0.0221726335
  -0.0043860321
  -0.0001888483
   0.0317885973
   0.0599821799
   0.0262359455
  -0.0442090512
  -0.0624068128
  -0.0585934243
  -0.0425503626
  -0.0390538911
  -0.0428935690
  -0.0387151651
  -0.0494822167
  -0.0557666059
  -0.0183440996
  -0.0108674320
  -0.0138682075
   0.0192143642
   0.0338696920
   0.0300012832
   0.0142435323
   0.0339306385
   0.0698858107
   0.0545151045
   0.0267282587
   0.0234592711
   0.0194215894
   0.0021211985
   0.0074191086
  -0.0024556301
  -0.0273917246
  -0.0384345883
  -0.0235351947
  -0.0083092690
   0.0051129693
   0.0042645469
  -0.0153398442
  -0.0354089293
  -0.0557292937
  -0.0442631943
  -0.0427518108
  -0.0637902821
  -0.0697119080
  -0.0729519585
  -0.0057697219
   0.0733245595
   0.0521585059
   0.0182662772
  -0.0076393244
  -0.0248913767
  -0.0468728240
  -0.0523786103
  -0.0414156812
  -0.0323460291
   0.0069310647
   0.0497315498
   0.0661908304
   0.0579267107
   0.0588578103
   0.0788593137
   0.0677110560
  -0.0197313807
  -0.0648917523
  -0.0500094479
  -0.0303709211
  -0.0050282486
   0.0085439759
   0.0012420561
  -0.0027474622
  -0.0038353634
  -0.0041761851
   0.0179820877
   0.0205188116
  -0.0014794146
  -0.0318269051
  -0.0516589626
  -0.0296267858
   0.0064637394
   0.0188681021
   0.0126760382
  -0.0014155351
  -0.0122622988
  -0.0257592304
  -0.0290693776
  -0.0117449267
   0.0205519398
   0.0339912531
   0.0252022253
   0.0176486930
   0.0368667386
   0.0473079362
  -0.0022137068
  -0.0346311560
  -0.0293311086
  -0.0415585772
  -0.0426853173
  -0.0375739410
   0.0016717126
   0.0386907248
   0.0522460736
   0.0699338378
   0.0482407426
   0.0158597836
   0.0086130392
   0.0081901804
  -0.0188618653
   0.0047830924
   0.0455765431
   0.0402553032
  -0.0190327810
   0.0151322681
   0.1041736891
   0.1129059663
   0.0331651920
  -0.0401834285
  -0.0420335143
  -0.0339166049
   0.0105785465
   0.0368576357
  -0.0476758672
  -0.0960786598
  -0.0646552438
  -0.0738262126
  -0.0959940079
  -0.1024915084
  -0.0692693761
  -0.0071814646
   0.0445535614
   0.0584741863
   0.0558464219
   0.0540308037
   0.0504960955
   0.0346612144
   0.0241144094
   0.0218151328
   0.0127066893
  -0.0033290214
   0.0066038381
   0.0364874052
   0.0564066747
   0.0670002741
   0.0254918101
  -0.0401818402
  -0.0718087905
  -0.0845587729
  -0.0606286017
  -0.0233970232
  -0.0048462198
  -0.0047033736
  -0.0031170574
  -0.0046450560
  -0.0028653088
  -0.0076188169
  -0.0170826348
  -0.0110813090
  -0.0042216852
   0.0642302064
   0.1148847961
   0.0785947381
   0.0000669984
  -0.0350756791
  -0.0142431222
   0.0491990323
   0.0846662294
   0.0247770457
  -0.0415501855
  -0.0185147736
   0.0189540531
   0.0270616747
   0.0150134022
  -0.0061724880
  -0.0408191592
  -0.0636766149
   0.0196819266
   0.0796864416
   0.0541558969
  -0.0151977518
  -0.0279456244
  -0.0082077318
  -0.0090997792
  -0.0304643914
  -0.0641974456
  -0.0847914174
  -0.0651095810
   0.0144625249
   0.0487232180
   0.0192804405
  -0.0232295163
  -0.0247047443
  -0.0008565012
   0.0118669904
   0.0072997615
  -0.0089535076
  -0.0255189053
  -0.0265517485
   0.0135280283
   0.0519955078
   0.0501030130
   0.0406347551
  -0.0239946024
  -0.0531409514
   0.0172598727
   0.0296040523
  -0.0177562253
  -0.0163686977
   0.0478739493
   0.0450456850
   0.0155539914
  -0.0062337166
  -0.0438281533
  -0.0589331223
  -0.0490076351
  -0.0626614085
  -0.1075825455
  -0.1280004575
  -0.0491659159
   0.0585175197
   0.0765661271
   0.0492244919
   0.0035182045
  -0.0171553984
  -0.0174891155
  -0.0310780050
  -0.0260705768
  -0.0078682377
  -0.0187343920
  -0.0183092693
   0.0212047100
   0.0660117601
   0.0835959792
   0.1010877711
   0.1066685137
   0.0790295420
   0.0459401361
  -0.0158647048
  -0.0450933802
  -0.0544000149
  -0.0743509073
  -0.1131741215
  -0.0259838388
   0.1174444548
   0.1426628472
   0.0670551283
  -0.0583520088
  -0.1177014211
  -0.0743441276
  -0.0017254036
  -0.0600553821
  -0.1136376327
  -0.1034689758
   0.0307501360
   0.2150646276
   0.1542056334
  -0.0494725449
  -0.1458268033
  -0.1385843140
  -0.0034419254
   0.1617581416
   0.2128226445
   0.1406800823
  -0.0467555298
  -0.1684153927
  -0.2050147347
  -0.0974174444
   0.0061815079
   0.0164462237
   0.0482275387
   0.0423401907
   0.0249696281
   0.0020331416
  -0.0158912312
  -0.0332955478
  -0.0299664126
   0.0261203581
   0.0668508591
   0.0270131024
  -0.0064999517
   0.0258353010
   0.0536587479
   0.0497973796
   0.0034600458
  -0.0302826897
   0.0080440035
   0.0161564232
   0.0083076974
   0.0282123810
   0.0063980257
  -0.0611860335
  -0.1387178938
  -0.1146532420
   0.0465748475
   0.1496407608
   0.1565280488
   0.0817079884
  -0.0615844023
  -0.1252835610
  -0.1022508278
   0.0005818050
   0.0704800807
   0.0774150165
   0.0665927076
   0.0079383700
  -0.0888812581
  -0.0693764296
   0.0332317567
  -0.0224432967
  -0.1028332451
  -0.0994195291
  -0.0735362959
   0.0257590882
   0.1302437918
   0.1641730080
   0.0952647121
   0.0174935579
   0.0267493327
   0.0210405716
   0.0062404750
  -0.0127647366
  -0.0317116733
  -0.0649609483
  -0.1113688625
  -0.1048028534
   0.0072079340
   0.1074424230
   0.0484968317
  -0.0827984356
  -0.1361611034
  -0.0968596807
  -0.0111610136
   0.0738303136
   0.0836547448
   0.0302859848
   0.0163390754
   0.0146513856
   0.0180557119
   0.0357648654
   0.0093562240
  -0.0323705405
  -0.0151092952
   0.0257613402
   0.0413523167
   0.0429025533
   0.0309507783
   0.0309458712
   0.0099995902
  -0.0563682720
  -0.1268589253
  -0.1453278289
  -0.1354389903
  -0.1062186568
  -0.0643112314
  -0.0126539424
   0.0144730762
   0.0024561753
  -0.0085650903
  -0.0136792235
   0.0240982186
   0.0595169145
   0.0744380720
   0.0922122897
   0.1037411135
   0.1092953298
   0.1136066497
   0.1165033515
   0.1256531752
   0.1002507817
   0.0466064467
  -0.0043907045
  -0.0849351431
  -0.0852772591
  -0.0299670764
  -0.0007871734
   0.0148785969
   0.0609456610
   0.0469396021
  -0.0971413005
  -0.1620494095
  -0.1480798094
  -0.0421889505
   0.0208257962
   0.0135383069
   0.0090072287
  -0.0191497172
  -0.0343637831
  -0.0281089307
  -0.0095273554
   0.0186533243
   0.1243078241
   0.1667931392
   0.0298534565
  -0.0954066361
  -0.0977623576
  -0.0318785354
  -0.0024592405
  -0.0271367497
  -0.0548634549
  -0.0828344204
  -0.1014047830
  -0.0960157220
  -0.0553555311
  -0.0140235085
   0.0169360621
   0.0355565189
   0.0493558670
   0.0711389478
   0.0924973468
   0.0335456632
  -0.0232622534
   0.0100806910
   0.0758271121
   0.1008628545
   0.0982031590
   0.0960999235
   0.0535515285
   0.0012271774
  -0.0155707701
  -0.0200922950
  -0.0325109711
  -0.0856283594
  -0.1269856305
  -0.1299651826
  -0.1055740129
   0.0034968744
   0.0262385294
  -0.0163948257
  -0.0284993108
   0.0208769974
   0.0792538423
   0.0819789883
   0.0854490756
   0.0761715274
   0.0641565064
   0.0665019398
   0.0636416020
   0.0492018058
   0.0264366826
   0.0119629427
  -0.0108118240
  -0.0642993787
  -0.0806041714
  -0.0525588897
  -0.0168314526
   0.0039556848
   0.0033754887
  -0.0187583463
  -0.0431147164
  -0.0439278344
   0.0210541334
   0.0996789370
   0.0797947752
   0.0035425713
  -0.0241121574
  -0.0194095092
  -0.0193300084
  -0.0129685032
  -0.0102144509
  -0.0148206799
  -0.0113703036
  -0.0430719519
  -0.0713356550
  -0.0623218291
  -0.0588209010
  -0.0731039099
  -0.0761869596
  -0.0509972745
  -0.0123512746
   0.0051692909
  -0.0052059868
  -0.0356213531
  -0.0613296881
   0.0012461490
   0.0487520201
   0.0471972795
   0.0508219259
   0.0503285696
   0.0537983251
   0.0584963982
   0.0576333804
   0.0502707996
   0.0639659152
   0.0533057037
  -0.0013132997
  -0.0387216840
  -0.0392808227
  -0.0336834389
  -0.0417524871
  -0.0310848084
  -0.0224526627
  -0.0216646250
  -0.0161179565
  -0.0123123693
   0.0043931011
   0.0282944015
   0.0391971901
   0.0285946301
   0.0150515845
   0.0098092502
   0.0261979221
   0.0406379790
   0.0522732399
   0.0316947240
  -0.0226754363
  -0.0556880937
  -0.0700462012
  -0.0788771402
  -0.0368320576
   0.0125425201
   0.0027259449
  -0.0256273337
   0.0010248926
   0.1086718548
   0.1457521551
   0.1096797124
   0.0666647009
   0.0175443443
  -0.0301912818
  -0.0700779901
  -0.0959562689
  -0.0857144336
  -0.0308966352
  -0.0170516139
  -0.0298207431
  -0.0137635578
   0.0302262472
   0.0437499019
   0.0210552594
  -0.0084486685
  -0.0146122552
   0.0116996542
   0.0208299778
  -0.0023943897
  -0.0154926443
  -0.0083404890
  -0.0116458857
  -0.0165085120
  -0.0264414711
  -0.0351583635
  -0.0399074031
  -0.0388608583
  -0.0033389634
   0.0345138144
   0.0542565974
   0.0877451544
   0.1066005267
   0.0930917827
   0.0735695071
   0.0357458774
  -0.0090879882
  -0.0368679476
  -0.0413852909
  -0.0291481506
  -0.0384257225
  -0.0539659932
  -0.0558836868
  -0.0438207335
  -0.0337717177
  -0.0365281785
  -0.0490775186
  -0.0610223479
  -0.0754673119
  -0.0587743437
  -0.0194972475
  -0.0004148552
   0.0075935517
  -0.0025496930
  -0.0249304195
  -0.0115234806
   0.0408033240
   0.0683751383
   0.0881469841
   0.1057497172
   0.1226006106
   0.1184398909
   0.0758554163
   0.0317473973
  -0.0061542373
  -0.0343766077
  -0.0521344924
  -0.0551717670
  -0.0519851959
  -0.0438515742
  -0.0293465645
   0.0080057004
   0.0354690224
   0.0402710435
   0.0396739763
   0.0341174842
   0.0342504714
   0.0436683554
   0.0500834324
   0.0181957443
  -0.0025239585
   0.0017267110
   0.0164036157
   0.0089083157
  -0.0205061268
  -0.0443809389
  -0.0631350419
  -0.0653235220
  -0.0664140402
  -0.0589259158
  -0.0412653654
  -0.0232033692
  -0.0182561195
  -0.0264070509
  -0.0334313796
  -0.0278510162
  -0.0126278025
   0.0446748855
   0.0810947541
   0.0706546707
   0.0232801604
  -0.0382228993
  -0.0512733710
  -0.0424916444
  -0.0289389269
  -0.0220237590
  -0.0091771868
   0.0022524445
   0.0047237507
  -0.0106495085
  -0.0226595751
  -0.0243643588
  -0.0238832109
  -0.0132492152
  -0.0149488762
  -0.0381661249
  -0.0534090592
  -0.0457110711
   0.0145198706
   0.0693616375
   0.0680128728
   0.0467085221
   0.0322201773
   0.0353899887
   0.0419788260
   0.0573060803
   0.0752330791
   0.0849898314
   0.0781495986
   0.0740997489
   0.0704102209
   0.0461054574
   0.0107935305
  -0.0045267544
  -0.0006219953
   0.0002898226
  -0.0118870167
  -0.0329735578
  -0.0856752960
  -0.1409472419
  -0.1630429017
  -0.1544668903
  -0.1242043502
  -0.0998726573
  -0.0838945721
  -0.0754197589
  -0.0732386986
  -0.0849079294
  -0.0761309438
  -0.0420430676
  -0.0138931124
  -0.0058267309
  -0.0182136608
  -0.0277817017
  -0.0209196931
   0.0199384045
   0.0656621058
   0.0846552538
   0.0899632187
   0.0864282972
   0.0928697108
   0.1007960290
   0.1031829468
   0.0890241066
   0.0559177988
  -0.0108217778
  -0.0888909536
  -0.1206538305
  -0.1141979566
  -0.0951766466
  -0.0379706504
   0.0193370679
   0.0381756782
   0.0584888599
   0.0778740710
   0.0948096874
   0.0930836755
   0.0384434778
  -0.0206562767
  -0.0238266262
  -0.0113259556
   0.0044777103
   0.0056071789
  -0.0101771505
  -0.0153926929
  -0.0122615355
  -0.0087167597
  -0.0163358278
  -0.0107093812
   0.0064748193
   0.0221433029
   0.0418955728
   0.0462676021
   0.0320912438
   0.0334089780
   0.0506755215
   0.0679859198
   0.0659600586
   0.0472310833
   0.0350953783
   0.0387123441
   0.0481836363
   0.0402408429
   0.0269954182
   0.0208682430
   0.0193449997
   0.0212769473
   0.0328976294
   0.0457828984
   0.0568162562
   0.0578442397
   0.0421787809
   0.0148004071
  -0.0097561455
  -0.0237176052
  -0.0267544768
  -0.0317377966
  -0.0433076781
  -0.0465140906
  -0.0373840135
  -0.0297528983
  -0.0341946452
  -0.0302414661
  -0.0169911794
  -0.0104021192
  -0.0005057572
   0.0442141953
   0.0890071810
   0.0963149312
   0.0831813248
   0.0541302477
   0.0202647801
  -0.0093480835
  -0.0293346881
  -0.0450443338
  -0.0569623050
  -0.0702272866
  -0.0794640141
  -0.0692920859
  -0.0524849526
  -0.0405690675
  -0.0290572405
  -0.0164983590
  -0.0043142547
   0.0030607619
   0.0012669249
  -0.0031843594
   0.0019852807
   0.0102669180
   0.0094379316
  -0.0012709034
  -0.0118395111
  -0.0219417313
  -0.0246207799
  -0.0268331075
  -0.0399211759
  -0.0557272076
  -0.0669344917
  -0.0631821445
  -0.0529689215
  -0.0388868394
  -0.0296815926
  -0.0331247032
  -0.0358448000
  -0.0301113947
  -0.0211794187
  -0.0232779131
  -0.0395651686
  -0.0367191015
  -0.0216625816
  -0.0006358767
   0.0220324305
   0.0397997807
   0.0423532998
   0.0277467600
   0.0234839745
   0.0332284853
   0.0411280639
   0.0362490240
   0.0241062784
   0.0119561392
  -0.0019009834
  -0.0075032935
  -0.0026238269
   0.0039773136
   0.0084723952
   0.0058756991
   0.0111299145
   0.0255386282
   0.0374301916
   0.0528569610
   0.0616150534
   0.0584961137
   0.0525216485
   0.0409908572
   0.0318391371
   0.0198750661
   0.0148169273
   0.0101189562
  -0.0043256498
  -0.0043207997
   0.0009142484
   0.0011972965
  -0.0064770452
  -0.0120334116
  -0.0098353380
  -0.0046414907
  -0.0008619982
  -0.0054003353
  -0.0063092159
  -0.0194941776
  -0.0378921619
  -0.0556712629
  -0.0487100142
  -0.0259812312
  -0.0030105705
   0.0085910951
  -0.0055511678
  -0.0170580760
  -0.0198845079
  -0.0201285073
  -0.0261078416
  -0.0364372209
  -0.0490467253
  -0.0507344767
  -0.0394281516
  -0.0311417962
  -0.0280998753
  -0.0231668772
  -0.0200814617
  -0.0211523922
  -0.0126049316
   0.0013178744
   0.0126654111
   0.0191313503
   0.0239987983
   0.0294587621
   0.0361615037
   0.0361352619
   0.0262920561
   0.0188086846
   0.0121377413
   0.0089341853
   0.0032957130
   0.0036149864
   0.0143967828
   0.0195352211
   0.0071338618
  -0.0051516067
  -0.0085317155
  -0.0114306906
  -0.0210394148
  -0.0299325140
  -0.0226689695
  -0.0100060096
  -0.0032138180
   0.0014820673
   0.0030346102
   0.0007692306
  -0.0002775148
  -0.0076278415
  -0.0199833522
  -0.0291835190
  -0.0361809659
  -0.0377453071
  -0.0219561015
  -0.0138291742
   0.0033092251
   0.0293532495
   0.0557404826
   0.0669845337
   0.0546872529
   0.0402572233
   0.0246568594
   0.0207762922
   0.0154691096
   0.0140111770
   0.0101959844
  -0.0014776742
  -0.0101627163
  -0.0206903650
  -0.0260750571
  -0.0276055708
  -0.0221603423
  -0.0088734877
   0.0015987563
   0.0162276554
   0.0216513784
   0.0224592884
   0.0131431787
   0.0079593564
   0.0086922270
   0.0089075429
   0.0069226778
  -0.0048065892
  -0.0183323773
  -0.0271069994
  -0.0215480538
  -0.0095258596
   0.0028711545
   0.0101010942
   0.0102053030
   0.0046757023
   0.0018686242
   0.0031575818
   0.0093549012
   0.0200280463
   0.0205022629
   0.0122886782
   0.0016281917
  -0.0022307000
  -0.0039738431
  -0.0041042772
   0.0008212383
   0.0020013859
   0.0071396981
   0.0134072494
   0.0155256421
   0.0116934623
   0.0090508703
   0.0010283384
  -0.0083169093
  -0.0064332353
   0.0058912143
   0.0213252257
   0.0249669257
   0.0217924610
   0.0215050025
   0.0108469364
  -0.0048090711
  -0.0088977502
  -0.0030776141
   0.0048462151
   0.0050399164
   0.0025013270
  -0.0091794957
  -0.0213779441
  -0.0229930386
  -0.0193902082
  -0.0132194151
  -0.0148923270
  -0.0195781421
  -0.0233572455
  -0.0220273291
  -0.0123142610
   0.0015189697
   0.0057289961
  -0.0056061003
  -0.0139962521
  -0.0072501675
   0.0042473818
   0.0141127355
   0.0254870690
   0.0290948846
   0.0307540711
   0.0267720188
   0.0201904447
   0.0117665626
   0.0104803256
   0.0117910953
   0.0052579822
  -0.0040822976
  -0.0103398523
  -0.0160363792
  -0.0200380026
  -0.0068698266
   0.0118549647
   0.0271366785
   0.0240807478
   0.0089785428
  -0.0002675685
   0.0001363695
   0.0087468489
   0.0132469086
   0.0108606262
   0.0033362681
  -0.0104096362
  -0.0133593906
  -0.0142974454
  -0.0150782720
  -0.0141181261
  -0.0185451710
  -0.0228562586
  -0.0286326061
  -0.0327115897
  -0.0320563732
  -0.0199980377
  -0.0079443770
  -0.0021192082
  -0.0051946414
  -0.0075495379
  -0.0045559878
  -0.0045267354
  -0.0078923721
  -0.0072538679
  -0.0096377893
  -0.0166472548
  -0.0116977340
  -0.0001494464
   0.0041014681
  -0.0013024687
   0.0039250883
   0.0178624206
   0.0329433097
   0.0489455033
   0.0501089630
   0.0390109607
   0.0266676203
   0.0084895816
  -0.0016102745
   0.0072394574
   0.0136955304
   0.0195712557
   0.0307544029
   0.0399646516
   0.0459130646
   0.0437952265
   0.0338263111
   0.0227427715
   0.0152545854
   0.0181173316
   0.0162170852
   0.0013951418
  -0.0160428721
  -0.0313388115
  -0.0353211246
  -0.0242566416
  -0.0159193979
  -0.0141033672
  -0.0118811473
  -0.0105874479
  -0.0062955213
   0.0015750165
   0.0066939659
   0.0094965503
   0.0127948235
   0.0108726638
   0.0048449492
  -0.0074598937
  -0.0154752872
  -0.0178158443
  -0.0087629946
   0.0004398435
   0.0030103122
   0.0005369030
  -0.0061388501
  -0.0172008914
  -0.0273126672
  -0.0288239322
  -0.0257821061
  -0.0206391306
  -0.0222541919
  -0.0226916532
  -0.0251215796
  -0.0234458918
  -0.0225753594
  -0.0188733647
  -0.0195043709
  -0.0183920864
  -0.0143202666
  -0.0040752903
   0.0045834789
   0.0081477264
   0.0018442920
  -0.0031245697
   0.0064166818
   0.0133781748
   0.0155255592
   0.0021882586
  -0.0105493415
  -0.0231250893
  -0.0303764208
  -0.0381259443
  -0.0497102861
  -0.0577622902
  -0.0629972189
  -0.0605453721
  -0.0559392996
  -0.0421860584
  -0.0300721623
  -0.0223926360
  -0.0171625882
  -0.0178613089
  -0.0179894411
  -0.0242662423
  -0.0222933057
  -0.0201726989
  -0.0148460731
  -0.0061413534
   0.0009407733
   0.0032500375
   0.0056896475
   0.0075273283
   0.0246051106
   0.0405396017
   0.0567543377
   0.0695479617
   0.0632469076
   0.0572193186
   0.0494867918
   0.0462007056
   0.0383883628
   0.0317825524
   0.0207542865
   0.0182515301
   0.0301646607
   0.0402138425
   0.0415801017
   0.0395998259
   0.0319979157
   0.0259626936
   0.0240283589
   0.0195188526
   0.0059179800
  -0.0050016583
  -0.0096175638
  -0.0101592482
  -0.0170237933
  -0.0261758761
  -0.0291718796
  -0.0265800053
  -0.0121353826
  -0.0046131770
   0.0083686984
   0.0159151665
   0.0181129912
   0.0195516489
   0.0252892951
   0.0353745802
   0.0413808106
   0.0428777812
   0.0403896889
   0.0379884769
   0.0348331020
   0.0322507572
   0.0238025652
   0.0133036877
   0.0016467338
  -0.0061610241
  -0.0110792206
  -0.0162489642
  -0.0192885264
  -0.0150985069
  -0.0053978984
   0.0025570678
   0.0028592402
   0.0021192928
   0.0009707059
   0.0049480344
   0.0123348088
   0.0114207462
   0.0080718289
   0.0065459662
   0.0036782016
   0.0064538566
   0.0090773160
   0.0024786267
  -0.0047945777
  -0.0135114677
  -0.0215923426
  -0.0287956280
  -0.0369635988
  -0.0360476231
  -0.0353973373
  -0.0341256152
  -0.0359150153
  -0.0395203892
  -0.0376346030
  -0.0338434027
  -0.0379323188
  -0.0425243578
  -0.0461490516
  -0.0536956097
  -0.0540393376
  -0.0485557159
  -0.0436016485
  -0.0392084976
  -0.0363169399
  -0.0346029229
  -0.0267279505
  -0.0193459622
  -0.0083929893
  -0.0005057202
   0.0067599096
   0.0101279856
   0.0158412697
   0.0235351283
   0.0297513575
   0.0368430095
   0.0404164997
   0.0421670230
   0.0411682445
   0.0410858683
   0.0352439636
   0.0298711882
   0.0259490630
   0.0191664224
   0.0126619145
   0.0088025802
   0.0021892510
  -0.0056452142
  -0.0149836117
  -0.0227505231
  -0.0223641042
  -0.0175164431
  -0.0133048161
  -0.0033964158
   0.0067078360
   0.0112557213
   0.0239616046
   0.0338341339
   0.0346705306
   0.0366454964
   0.0417520130
   0.0395852945
   0.0342437628
   0.0305003999
   0.0280652891
   0.0277071246
   0.0273828588
   0.0243285637
   0.0186147652
   0.0082365338
   0.0025637171
  -0.0044414980
  -0.0146092896
  -0.0229010048
  -0.0213950309
  -0.0205345733
  -0.0221792497
  -0.0189880584
  -0.0117225702
  -0.0058207169
  -0.0041744356
  -0.0076251960
  -0.0156338761
  -0.0118042826
  -0.0109439032
  -0.0093146258
  -0.0126783874
  -0.0180684986
  -0.0202476316
  -0.0174192558
  -0.0043797787
   0.0039618245
   0.0071506713
   0.0066014320
   0.0047778535
   0.0016340965
   0.0040201089
   0.0077675752
   0.0013862004
  -0.0004228659
  -0.0040140095
  -0.0085337494
  -0.0057827859
   0.0001019756
   0.0083224729
   0.0157211095
   0.0147680208
   0.0097985828
   0.0082699726
   0.0076723128
   0.0021976457
  -0.0045490848
  -0.0065397791
  -0.0052588948
   0.0021055999
   0.0096394676
   0.0166582351
   0.0234498316
   0.0227867805
   0.0213160778
   0.0193738776
   0.0179904960
   0.0205264589
   0.0254704516
   0.0278298474
   0.0246810389
   0.0222214666
   0.0179023286
   0.0158827944
   0.0132369239
   0.0138916545
   0.0120533502
   0.0080753255
   0.0050957663
  -0.0002919879
  -0.0036391588
  -0.0100496417
  -0.0204766113
  -0.0239058969
  -0.0259884377
  -0.0299642080
  -0.0286108446
  -0.0287758814
  -0.0327952222
  -0.0392300458
  -0.0390253973
  -0.0360036971
  -0.0311370314
  -0.0262921746
  -0.0197184305
  -0.0089157117
  -0.0071706549
  -0.0052176783
  -0.0110021615
  -0.0145451690
  -0.0173046545
  -0.0205357111
  -0.0209958395
  -0.0230421703
  -0.0244840236
  -0.0309769727
  -0.0373588384
  -0.0380173737
  -0.0341928199
  -0.0274863328
  -0.0195030506
  -0.0187470435
  -0.0115761184
  -0.0073309673
  -0.0056899012
  -0.0024458611
   0.0008852755
  -0.0007259204
  -0.0004655505
   0.0003388067
   0.0036892506
   0.0119529674
   0.0122883842
   0.0045792215
  -0.0043172937
  -0.0014408038
   0.0003211196
  -0.0018534219
  -0.0057835066
  -0.0065872467
  -0.0068323295
  -0.0099643806
  -0.0122017577
  -0.0159770541
  -0.0174674346
  -0.0197872353
  -0.0171622659
  -0.0094789467
  -0.0100867216
  -0.0119494827
  -0.0161527654
  -0.0137358770
  -0.0070825658
  -0.0014884149
   0.0049134696
   0.0007995725
   0.0001361344
  -0.0015719701
   0.0055237360
   0.0110573903
   0.0137113609
   0.0240066685
   0.0305067529
   0.0397874302
   0.0459039143
   0.0468147459
   0.0436280088
   0.0473573619
   0.0497614423
   0.0486582890
   0.0394568351
   0.0269757902
   0.0171168582
   0.0070135713
   0.0018121755
   0.0004061700
   0.0020735540
   0.0049579314
   0.0129389213
   0.0186940478
   0.0256917175
   0.0346555488
   0.0384785617
   0.0380425962
   0.0341767714
   0.0303358609
   0.0272044522
   0.0258291850
   0.0254169959
   0.0245999191
   0.0180094888
   0.0066328582
  -0.0026707777
  -0.0095850424
  -0.0119690705
  -0.0118815147
  -0.0157814302
  -0.0212882358
  -0.0253526596
  -0.0291673045
  -0.0288836223
  -0.0282819562
  -0.0269642694
  -0.0296893442
  -0.0322569443
  -0.0283767303
  -0.0250859978
  -0.0252447290
  -0.0263290365
  -0.0243869027
  -0.0202540273
  -0.0126041920
  -0.0076842650
  -0.0017917597
   0.0042134594
   0.0082192194
   0.0078961484
   0.0084130488
   0.0123206117
   0.0137967832
   0.0150835606
   0.0165372689
   0.0185716427
   0.0148925427
   0.0122707071
   0.0130983162
   0.0130480087
   0.0123928870
   0.0118544147
   0.0106163566
   0.0082892522
   0.0053740887
   0.0026473971
   0.0007944069
  -0.0004966589
  -0.0003635428
   0.0008263612
   0.0016699689
  -0.0001475315
  -0.0010378272
  -0.0011543080
  -0.0016775852
  -0.0004347720
   0.0020330100
   0.0036218183
   0.0028636399
   0.0008202024
  -0.0003581517
  -0.0018625864
  -0.0031068333
  -0.0054790276
  -0.0061115818
  -0.0049330431
  -0.0040902721
  -0.0037059179
  -0.0040912487
  -0.0043907637
  -0.0050907194
  -0.0054086654
  -0.0059371387
  -0.0058630618
  -0.0056390863
  -0.0050441478
  -0.0045834624
  -0.0040953332
  -0.0038787869
  -0.0041103339
  -0.0041144918
  -0.0037666819
  -0.0033868696
  -0.0028239381
  -0.0023011266
  -0.0020249393
  -0.0020892809
  -0.0026564075
  -0.0026451783
  -0.0025879986
  -0.0023485425
  -0.0021790204
  -0.0017442447
  -0.0017070481
  -0.0017608726
  -0.0016630637
  -0.0016179377
  -0.0014102665
  -0.0013572981
  -0.0012237264
  -0.0013266741
  -0.0013859280
  -0.0013619844
  -0.0012209813
  -0.0010248651
  -0.0008196209
  -0.0006760061
  -0.0004483921
  -0.0002488405
  -0.0001152424
   0.0001253613
   0.0003043504
   0.0004319669
   0.0004953159
   0.0005817808
   0.0006469166
   0.0007098292
   0.0007164086
   0.0006698020
   0.0006214764
   0.0005697108
   0.0005242410
   0.0004887453
   0.0004840078
   0.0004842787
   0.0005000658
   0.0005091286
   0.0005061998
   0.0004886590
   0.0004692666
   0.0004518631
   0.0004275240
   0.0004040899
   0.0003763098
   0.0003476725
   0.0003235591
   0.0003024872
   0.0002798623
   0.0002573863
   0.0002343956
   0.0002118588
   0.0001907841
   0.0001713172
   0.0001530810
   0.0001364954
   0.0001218999
   0.0001088170
   0.0000968138
   0.0000856343
   0.0000751087
   0.0000651658
   0.0000556913
   0.0000465506
   0.0000376014
