-2.5317e-04
-2.5349e-04
-2.5408e-04
-2.5495e-04
-2.5609e-04
-2.5738e-04
-2.5864e-04
-2.5976e-04
-2.6091e-04
-2.6230e-04
-2.6413e-04
-2.6632e-04
-2.6676e-04
-2.6144e-04
-2.5021e-04
-2.3610e-04
-2.2166e-04
-2.1108e-04
-2.0596e-04
-1.9634e-04
-1.7431e-04
-1.4863e-04
-1.3070e-04
-1.3111e-04
-1.7284e-04
-2.9915e-04
-5.0875e-04
-7.6099e-04
-1.0013e-03
-1.1407e-03
-1.0708e-03
-7.5658e-04
-2.3451e-04
3.7908e-04
9.2445e-04
1.3622e-03
1.6650e-03
1.8568e-03
1.9705e-03
2.0760e-03
2.2750e-03
2.5860e-03
2.7875e-03
2.7944e-03
2.6340e-03
2.5935e-03
2.9647e-03
3.7390e-03
4.6183e-03
5.1883e-03
5.2022e-03
4.5441e-03
3.4345e-03
2.2514e-03
1.0190e-03
-3.3443e-04
-1.8819e-03
-3.5405e-03
-5.0646e-03
-6.4161e-03
-7.7957e-03
-9.2866e-03
-1.1028e-02
-1.2832e-02
-1.4448e-02
-1.5613e-02
-1.5664e-02
-1.4539e-02
-1.2395e-02
-9.5883e-03
-6.2816e-03
-2.6289e-03
1.3939e-03
5.7901e-03
1.0735e-02
1.6296e-02
2.1555e-02
2.5692e-02
2.7998e-02
2.8167e-02
2.6501e-02
2.3407e-02
1.9626e-02
1.5733e-02
1.2346e-02
9.0251e-03
5.3378e-03
1.0044e-03
-4.0110e-03
-9.4191e-03
-1.4809e-02
-1.8886e-02
-2.0845e-02
-2.0785e-02
-1.9727e-02
-1.8879e-02
-1.9418e-02
-2.1560e-02
-2.4489e-02
-2.7159e-02
-2.8542e-02
-2.8192e-02
-2.6362e-02
-2.3482e-02
-2.0251e-02
-1.7134e-02
-1.3786e-02
-1.0019e-02
-5.3561e-03
6.9957e-04
7.7918e-03
1.5132e-02
2.1457e-02
2.5674e-02
2.7502e-02
2.7365e-02
2.5848e-02
2.4253e-02
2.3415e-02
2.3311e-02
2.2856e-02
2.0548e-02
1.5812e-02
8.7818e-03
1.5379e-04
-7.8286e-03
-1.3336e-02
-1.5414e-02
-1.4078e-02
-1.0544e-02
-5.5827e-03
1.0157e-04
5.5535e-03
9.9324e-03
1.3054e-02
1.5051e-02
1.6061e-02
1.6207e-02
1.5529e-02
1.4280e-02
1.2408e-02
1.0472e-02
7.8379e-03
4.1817e-03
8.8508e-05
-2.9241e-03
-3.7006e-03
-2.3680e-03
5.7273e-04
4.9776e-03
9.9361e-03
1.4578e-02
1.8518e-02
2.1453e-02
2.2418e-02
1.9873e-02
1.3847e-02
5.7521e-03
-3.1302e-03
-1.1102e-02
-1.7261e-02
-2.1078e-02
-2.2118e-02
-2.0435e-02
-1.7081e-02
-1.3375e-02
-1.0516e-02
-8.9835e-03
-9.1360e-03
-1.0964e-02
-1.3141e-02
-1.3996e-02
-1.2520e-02
-8.3758e-03
-2.3815e-03
3.4238e-03
7.1198e-03
8.4256e-03
6.6147e-03
1.9473e-03
-3.1105e-03
-6.5132e-03
-8.4533e-03
-9.6676e-03
-1.0248e-02
-1.0178e-02
-9.9779e-03
-1.0036e-02
-1.0353e-02
-1.0798e-02
-1.0644e-02
-8.8597e-03
-4.9149e-03
4.6241e-04
6.1629e-03
1.0728e-02
1.3367e-02
1.3540e-02
1.1102e-02
7.1204e-03
2.0920e-03
-2.7829e-03
-6.6692e-03
-9.0311e-03
-9.0411e-03
-6.0417e-03
-1.2741e-05
7.6737e-03
1.4923e-02
2.0247e-02
2.3243e-02
2.4064e-02
2.2424e-02
1.7997e-02
1.1105e-02
3.1317e-03
-4.9794e-03
-1.2344e-02
-1.7248e-02
-1.8701e-02
-1.7189e-02
-1.3775e-02
-9.8491e-03
-6.1197e-03
-2.8972e-03
-1.3543e-04
2.5317e-03
5.0010e-03
6.8434e-03
8.1792e-03
8.7221e-03
8.6726e-03
8.2132e-03
7.4600e-03
6.6076e-03
6.1304e-03
6.1140e-03
6.1185e-03
6.3444e-03
6.4674e-03
5.9802e-03
4.5947e-03
2.5463e-03
1.8459e-04
-2.0242e-03
-3.1400e-03
-2.3694e-03
5.2404e-04
5.4005e-03
1.1565e-02
1.7531e-02
2.2384e-02
2.5641e-02
2.6763e-02
2.5705e-02
2.3169e-02
1.8887e-02
1.3085e-02
7.3880e-03
2.9482e-03
2.2840e-04
-1.0939e-03
-1.0435e-03
2.6403e-04
2.6807e-03
4.7925e-03
5.2489e-03
3.1972e-03
-1.8357e-03
-9.0732e-03
-1.7390e-02
-2.5518e-02
-3.2361e-02
-3.7047e-02
-3.9567e-02
-4.0508e-02
-4.0204e-02
-3.8640e-02
-3.5592e-02
-3.0980e-02
-2.4936e-02
-1.8068e-02
-1.1031e-02
-4.0433e-03
2.2506e-03
7.3643e-03
1.0977e-02
1.3276e-02
1.4721e-02
1.5672e-02
1.5980e-02
1.5918e-02
1.5401e-02
1.4476e-02
1.3336e-02
1.1943e-02
1.0775e-02
9.3556e-03
6.5801e-03
2.2080e-03
-2.9933e-03
-8.2112e-03
-1.2612e-02
-1.5516e-02
-1.6852e-02
-1.6840e-02
-1.5674e-02
-1.4056e-02
-1.2670e-02
-1.2072e-02
-1.2532e-02
-1.4326e-02
-1.7229e-02
-2.0331e-02
-2.2413e-02
-2.2192e-02
-1.8797e-02
-1.2031e-02
-2.8968e-03
6.8309e-03
1.5084e-02
2.0630e-02
2.3438e-02
2.4178e-02
2.3547e-02
2.2390e-02
2.1368e-02
2.0311e-02
1.8984e-02
1.7558e-02
1.5802e-02
1.3632e-02
1.1611e-02
1.0337e-02
9.7745e-03
9.5673e-03
9.3083e-03
8.5839e-03
7.2224e-03
5.8499e-03
5.7277e-03
7.2295e-03
1.0047e-02
1.3560e-02
1.7188e-02
2.0194e-02
2.2077e-02
2.2965e-02
2.2661e-02
2.1187e-02
1.8707e-02
1.5539e-02
1.2108e-02
8.6150e-03
4.8500e-03
6.6195e-04
-4.2487e-03
-9.7446e-03
-1.4732e-02
-1.8313e-02
-1.9086e-02
-1.6834e-02
-1.1981e-02
-5.9692e-03
-2.0484e-04
4.1876e-03
6.4804e-03
6.1872e-03
3.2154e-03
-2.5451e-03
-1.0637e-02
-1.9756e-02
-2.7978e-02
-3.3891e-02
-3.7032e-02
-3.7928e-02
-3.7487e-02
-3.6082e-02
-3.4043e-02
-3.1835e-02
-2.9922e-02
-2.8633e-02
-2.8289e-02
-2.8747e-02
-2.9474e-02
-2.9990e-02
-2.9832e-02
-2.9251e-02
-2.8218e-02
-2.6712e-02
-2.4242e-02
-2.0285e-02
-1.4806e-02
-7.8221e-03
8.3578e-04
1.0577e-02
2.0153e-02
2.8330e-02
3.4612e-02
3.9026e-02
4.1606e-02
4.2528e-02
4.2209e-02
4.1082e-02
3.9482e-02
3.7537e-02
3.5636e-02
3.4315e-02
3.3639e-02
3.3704e-02
3.4226e-02
3.4267e-02
3.3001e-02
2.9801e-02
2.4153e-02
1.6189e-02
6.9257e-03
-2.3276e-03
-1.0226e-02
-1.6419e-02
-2.1324e-02
-2.4861e-02
-2.7045e-02
-2.8472e-02
-2.9245e-02
-2.9172e-02
-2.8349e-02
-2.6784e-02
-2.4279e-02
-2.0702e-02
-1.6271e-02
-1.1299e-02
-5.9851e-03
-9.2305e-04
2.7869e-03
4.7656e-03
5.3899e-03
5.2128e-03
4.8227e-03
4.6437e-03
5.2810e-03
7.0493e-03
9.7217e-03
1.2786e-02
1.5903e-02
1.8992e-02
2.1799e-02
2.3943e-02
2.4803e-02
2.3767e-02
2.0556e-02
1.5914e-02
1.0714e-02
5.4617e-03
4.3522e-04
-4.4333e-03
-9.2364e-03
-1.4307e-02
-1.9455e-02
-2.4040e-02
-2.6907e-02
-2.7579e-02
-2.5890e-02
-2.2505e-02
-1.8094e-02
-1.3663e-02
-9.9681e-03
-7.3713e-03
-5.4220e-03
-3.5872e-03
-1.1899e-03
2.4090e-03
7.1871e-03
1.2499e-02
1.7672e-02
2.1841e-02
2.4348e-02
2.5694e-02
2.6418e-02
2.6631e-02
2.6180e-02
2.4689e-02
2.1773e-02
1.7252e-02
1.1530e-02
4.6650e-03
-2.8844e-03
-1.0604e-02
-1.8058e-02
-2.4399e-02
-2.8123e-02
-2.9131e-02
-2.8310e-02
-2.6404e-02
-2.2947e-02
-1.7668e-02
-1.0811e-02
-3.4811e-03
3.1882e-03
8.4703e-03
1.2099e-02
1.4271e-02
1.5268e-02
1.5009e-02
1.3630e-02
1.1011e-02
7.0677e-03
2.0878e-03
-3.5505e-03
-9.2905e-03
-1.4453e-02
-1.8414e-02
-2.0768e-02
-2.1215e-02
-1.9561e-02
-1.6634e-02
-1.3753e-02
-1.1487e-02
-9.4543e-03
-7.3493e-03
-4.9893e-03
-2.3555e-03
8.3036e-04
4.8877e-03
9.4294e-03
1.3997e-02
1.8872e-02
2.3965e-02
2.8869e-02
3.2956e-02
3.5413e-02
3.5672e-02
3.4229e-02
3.0903e-02
2.5192e-02
1.7680e-02
1.0006e-02
3.0956e-03
-2.1266e-03
-5.0234e-03
-5.2652e-03
-3.1570e-03
7.1183e-05
2.5497e-03
3.1575e-03
2.3701e-03
8.9201e-04
-1.1048e-03
-3.7513e-03
-7.6413e-03
-1.2445e-02
-1.7666e-02
-2.2599e-02
-2.6794e-02
-3.0033e-02
-3.2431e-02
-3.4141e-02
-3.4948e-02
-3.5042e-02
-3.4507e-02
-3.3640e-02
-3.2556e-02
-3.1149e-02
-2.9387e-02
-2.7422e-02
-2.5284e-02
-2.2751e-02
-1.9486e-02
-1.5462e-02
-1.0917e-02
-6.0707e-03
-1.2999e-03
3.3981e-03
8.3173e-03
1.3508e-02
1.8176e-02
2.1987e-02
2.5186e-02
2.7948e-02
3.0444e-02
3.3035e-02
3.6194e-02
4.0066e-02
4.4723e-02
4.9680e-02
5.4421e-02
5.8327e-02
6.0442e-02
5.9528e-02
5.4723e-02
4.5998e-02
3.4127e-02
2.0111e-02
5.6798e-03
-7.4478e-03
-1.8605e-02
-2.7340e-02
-3.3419e-02
-3.7260e-02
-3.9461e-02
-4.0409e-02
-4.0704e-02
-4.0746e-02
-4.0641e-02
-3.9987e-02
-3.8667e-02
-3.6339e-02
-3.2986e-02
-2.9057e-02
-2.4740e-02
-1.9939e-02
-1.4425e-02
-8.1455e-03
-1.3411e-03
5.1294e-03
1.0211e-02
1.3547e-02
1.5511e-02
1.6799e-02
1.7580e-02
1.6890e-02
1.3737e-02
7.7568e-03
2.6046e-05
-8.5418e-03
-1.7076e-02
-2.3818e-02
-2.8018e-02
-2.9999e-02
-3.0333e-02
-2.9303e-02
-2.7504e-02
-2.5627e-02
-2.4146e-02
-2.3406e-02
-2.3081e-02
-2.2903e-02
-2.2434e-02
-2.1096e-02
-1.8430e-02
-1.4009e-02
-7.9600e-03
-1.0222e-03
5.4106e-03
1.0709e-02
1.4346e-02
1.6178e-02
1.6842e-02
1.6714e-02
1.5861e-02
1.4344e-02
1.2635e-02
1.1350e-02
1.0660e-02
1.1127e-02
1.2841e-02
1.5831e-02
1.9939e-02
2.4708e-02
2.9478e-02
3.3592e-02
3.6378e-02
3.7515e-02
3.6947e-02
3.4754e-02
3.1264e-02
2.6950e-02
2.2877e-02
1.9526e-02
1.6877e-02
1.4484e-02
1.1912e-02
8.7129e-03
4.3720e-03
-7.9185e-04
-6.8876e-03
-1.3834e-02
-2.0542e-02
-2.5803e-02
-2.9313e-02
-3.0748e-02
-2.9866e-02
-2.6872e-02
-2.2168e-02
-1.5713e-02
-8.4194e-03
-1.0669e-03
6.2357e-03
1.4001e-02
2.1737e-02
2.9032e-02
3.5772e-02
4.1717e-02
4.6433e-02
4.9950e-02
5.2464e-02
5.4082e-02
5.4763e-02
5.4392e-02
5.2615e-02
4.9465e-02
4.5544e-02
4.0989e-02
3.5999e-02
3.0361e-02
2.4277e-02
1.7919e-02
1.1492e-02
5.5929e-03
-1.8487e-04
-6.6160e-03
-1.3752e-02
-2.1025e-02
-2.7821e-02
-3.4014e-02
-3.9518e-02
-4.4015e-02
-4.7321e-02
-4.9399e-02
-5.0792e-02
-5.2127e-02
-5.3508e-02
-5.4769e-02
-5.5222e-02
-5.4306e-02
-5.2253e-02
-4.9120e-02
-4.5375e-02
-4.1803e-02
-3.8287e-02
-3.4740e-02
-3.1720e-02
-2.9472e-02
-2.7845e-02
-2.7077e-02
-2.6814e-02
-2.6740e-02
-2.6559e-02
-2.5607e-02
-2.3417e-02
-2.0044e-02
-1.6355e-02
-1.3295e-02
-1.1268e-02
-1.0156e-02
-9.3717e-03
-8.1520e-03
-6.3453e-03
-3.9012e-03
-8.5667e-04
2.3831e-03
5.5838e-03
8.7051e-03
1.1967e-02
1.5291e-02
1.8859e-02
2.2969e-02
2.7940e-02
3.3467e-02
3.9667e-02
4.6092e-02
5.2218e-02
5.7720e-02
6.2682e-02
6.6887e-02
6.9973e-02
7.2000e-02
7.2848e-02
7.2291e-02
7.0402e-02
6.7443e-02
6.3801e-02
5.9866e-02
5.5426e-02
5.0099e-02
4.3784e-02
3.6740e-02
2.9192e-02
2.0537e-02
1.1719e-02
3.9412e-03
-3.6034e-03
-1.1619e-02
-1.9674e-02
-2.7526e-02
-3.5171e-02
-4.2922e-02
-5.0941e-02
-5.8881e-02
-6.5770e-02
-7.0710e-02
-7.3184e-02
-7.3799e-02
-7.3056e-02
-7.1161e-02
-6.8319e-02
-6.4567e-02
-5.9591e-02
-5.3475e-02
-4.6884e-02
-4.0200e-02
-3.3559e-02
-2.7282e-02
-2.1310e-02
-1.5473e-02
-1.0150e-02
-5.6058e-03
-2.3051e-03
-3.8085e-04
2.5579e-04
-2.4172e-04
-1.8844e-03
-4.7685e-03
-8.9162e-03
-1.4049e-02
-2.0115e-02
-2.6410e-02
-3.2214e-02
-3.7098e-02
-4.0692e-02
-4.3117e-02
-4.4760e-02
-4.5953e-02
-4.6349e-02
-4.5706e-02
-4.3510e-02
-3.9827e-02
-3.4407e-02
-2.7070e-02
-1.7890e-02
-6.7451e-03
5.6871e-03
1.9112e-02
3.3063e-02
4.6013e-02
5.6673e-02
6.4551e-02
7.0107e-02
7.3897e-02
7.6248e-02
7.7168e-02
7.6236e-02
7.1927e-02
6.3738e-02
5.3383e-02
4.2878e-02
3.3296e-02
2.4896e-02
1.7780e-02
1.2517e-02
9.3310e-03
7.5376e-03
6.9326e-03
7.6742e-03
9.2995e-03
1.1458e-02
1.3865e-02
1.6282e-02
1.8950e-02
2.1901e-02
2.5009e-02
2.8439e-02
3.2547e-02
3.7400e-02
4.2524e-02
4.7652e-02
5.2490e-02
5.6371e-02
5.8948e-02
6.0297e-02
6.0591e-02
5.9629e-02
5.7154e-02
5.2609e-02
4.5993e-02
3.7380e-02
2.6497e-02
1.3291e-02
-1.2906e-03
-1.6044e-02
-3.0213e-02
-4.3725e-02
-5.6604e-02
-6.8611e-02
-7.9942e-02
-9.0604e-02
-9.9906e-02
-1.0703e-01
-1.1151e-01
-1.1370e-01
-1.1388e-01
-1.1182e-01
-1.0719e-01
-9.9497e-02
-8.9007e-02
-7.6934e-02
-6.4967e-02
-5.3895e-02
-4.3225e-02
-3.2228e-02
-2.0634e-02
-8.0054e-03
5.0617e-03
1.7939e-02
2.9639e-02
3.9066e-02
4.5960e-02
5.0569e-02
5.3184e-02
5.4784e-02
5.6544e-02
5.8878e-02
6.1702e-02
6.4917e-02
6.7772e-02
6.9076e-02
6.8823e-02
6.7491e-02
6.5044e-02
6.1340e-02
5.6373e-02
5.0112e-02
4.2694e-02
3.4821e-02
2.6861e-02
1.9507e-02
1.3001e-02
6.7392e-03
-2.4762e-04
-8.6116e-03
-1.8590e-02
-3.0285e-02
-4.2776e-02
-5.4854e-02
-6.6338e-02
-7.7021e-02
-8.5753e-02
-9.2034e-02
-9.6511e-02
-9.9460e-02
-1.0109e-01
-1.0192e-01
-1.0186e-01
-1.0066e-01
-9.7462e-02
-9.1859e-02
-8.3777e-02
-7.3466e-02
-6.1785e-02
-4.9653e-02
-3.7823e-02
-2.6636e-02
-1.6039e-02
-5.7374e-03
3.9280e-03
1.2524e-02
2.0791e-02
2.8818e-02
3.6430e-02
4.2973e-02
4.8137e-02
5.2310e-02
5.5651e-02
5.8506e-02
6.1171e-02
6.3529e-02
6.5487e-02
6.7013e-02
6.7964e-02
6.8432e-02
6.8548e-02
6.8385e-02
6.8232e-02
6.7719e-02
6.6439e-02
6.3968e-02
5.9197e-02
5.1912e-02
4.2294e-02
3.0863e-02
1.8890e-02
7.7681e-03
-2.2901e-03
-1.1215e-02
-1.8798e-02
-2.5041e-02
-2.9964e-02
-3.3840e-02
-3.6532e-02
-3.7880e-02
-3.7710e-02
-3.6341e-02
-3.4154e-02
-3.1756e-02
-2.9724e-02
-2.8261e-02
-2.7206e-02
-2.6488e-02
-2.5764e-02
-2.4207e-02
-2.1575e-02
-1.8203e-02
-1.4719e-02
-1.1146e-02
-7.2638e-03
-3.1455e-03
1.3925e-03
6.0828e-03
1.0453e-02
1.4316e-02
1.7462e-02
1.9305e-02
1.9431e-02
1.7846e-02
1.4675e-02
1.0917e-02
8.1925e-03
7.2724e-03
8.1260e-03
1.0005e-02
1.2025e-02
1.3121e-02
1.2597e-02
1.0254e-02
6.1058e-03
6.0003e-04
-5.9432e-03
-1.2817e-02
-1.9242e-02
-2.4250e-02
-2.7221e-02
-2.8646e-02
-2.8712e-02
-2.7637e-02
-2.5917e-02
-2.4014e-02
-2.2264e-02
-2.0757e-02
-1.9404e-02
-1.7189e-02
-1.3567e-02
-8.8351e-03
-3.8693e-03
4.8832e-04
3.5119e-03
4.8870e-03
5.0146e-03
4.0222e-03
1.9607e-03
-7.2518e-04
-2.9877e-03
-4.2917e-03
-4.1267e-03
-2.5178e-03
-3.6075e-04
1.3287e-03
1.9794e-03
1.4487e-03
-3.1366e-04
-3.2328e-03
-6.6581e-03
-1.0071e-02
-1.3179e-02
-1.5690e-02
-1.7692e-02
-1.9334e-02
-2.0333e-02
-2.0674e-02
-2.0570e-02
-2.0251e-02
-1.9321e-02
-1.7089e-02
-1.3303e-02
-7.9323e-03
-1.5069e-03
5.5421e-03
1.2789e-02
1.9861e-02
2.6230e-02
3.1750e-02
3.6423e-02
4.0237e-02
4.3017e-02
4.4457e-02
4.4859e-02
4.4498e-02
4.2900e-02
3.9863e-02
3.5583e-02
3.1135e-02
2.6598e-02
2.2624e-02
1.9555e-02
1.7134e-02
1.4905e-02
1.2489e-02
9.7029e-03
6.4582e-03
2.4287e-03
-2.8713e-03
-9.4255e-03
-1.6408e-02
-2.2803e-02
-2.7860e-02
-3.0894e-02
-3.1634e-02
-3.0688e-02
-2.8822e-02
-2.6058e-02
-2.2105e-02
-1.6471e-02
-9.2654e-03
-1.3180e-03
6.2681e-03
1.3058e-02
1.8883e-02
2.3399e-02
2.7416e-02
3.1357e-02
3.5479e-02
3.9043e-02
4.1316e-02
4.2050e-02
4.1237e-02
3.8892e-02
3.4926e-02
2.9643e-02
2.3572e-02
1.7476e-02
1.2070e-02
7.2579e-03
2.7816e-03
-1.4668e-03
-5.4656e-03
-9.6515e-03
-1.3954e-02
-1.7925e-02
-2.0747e-02
-2.2115e-02
-2.1909e-02
-2.0168e-02
-1.7245e-02
-1.4057e-02
-1.1397e-02
-9.7626e-03
-9.0065e-03
-8.0479e-03
-6.2253e-03
-3.8850e-03
-1.1734e-03
1.8816e-03
4.7845e-03
7.5219e-03
1.0234e-02
1.2692e-02
1.4418e-02
1.5078e-02
1.4050e-02
1.0805e-02
5.6164e-03
-8.0226e-04
-7.4584e-03
-1.3380e-02
-1.8087e-02
-2.1562e-02
-2.3506e-02
-2.3540e-02
-2.1850e-02
-1.9215e-02
-1.5973e-02
-1.2466e-02
-8.7680e-03
-4.3978e-03
6.4236e-04
6.4373e-03
1.2740e-02
1.9255e-02
2.5182e-02
3.0052e-02
3.3341e-02
3.4664e-02
3.3939e-02
3.1332e-02
2.7541e-02
2.3212e-02
1.8705e-02
1.4438e-02
1.0189e-02
5.7986e-03
1.0992e-03
-3.8597e-03
-9.3249e-03
-1.4996e-02
-2.0473e-02
-2.5674e-02
-3.0425e-02
-3.4600e-02
-3.8058e-02
-4.0451e-02
-4.2119e-02
-4.3012e-02
-4.2756e-02
-4.1440e-02
-3.8932e-02
-3.5133e-02
-3.0743e-02
-2.5793e-02
-2.0546e-02
-1.5451e-02
-1.0785e-02
-6.8478e-03
-3.6388e-03
-1.4901e-03
-1.3754e-04
4.4772e-04
2.3897e-04
-3.0608e-04
-5.5091e-04
-3.0118e-04
-3.2395e-05
-1.8464e-04
-1.4640e-03
-3.6680e-03
-5.4695e-03
-5.7976e-03
-4.4283e-03
-2.5398e-03
-1.2529e-03
-6.7239e-04
-7.8741e-04
-1.1789e-03
-1.1727e-03
-6.3423e-04
5.3596e-04
2.6347e-03
5.7482e-03
9.6066e-03
1.4008e-02
1.8654e-02
2.3472e-02
2.8083e-02
3.2295e-02
3.5921e-02
3.9194e-02
4.2236e-02
4.4838e-02
4.7065e-02
4.9352e-02
5.1686e-02
5.4096e-02
5.6715e-02
5.9260e-02
6.1051e-02
6.1448e-02
6.0067e-02
5.6907e-02
5.1973e-02
4.5537e-02
3.8292e-02
3.0945e-02
2.3807e-02
1.6553e-02
8.7302e-03
7.4934e-04
-7.0392e-03
-1.4120e-02
-2.1002e-02
-2.8438e-02
-3.6184e-02
-4.4018e-02
-5.2385e-02
-6.1418e-02
-7.0886e-02
-8.0288e-02
-8.8986e-02
-9.6191e-02
-1.0166e-01
-1.0569e-01
-1.0834e-01
-1.0933e-01
-1.0841e-01
-1.0538e-01
-1.0027e-01
-9.3658e-02
-8.6267e-02
-7.9161e-02
-7.2910e-02
-6.7566e-02
-6.3410e-02
-6.0613e-02
-5.9181e-02
-5.8512e-02
-5.8164e-02
-5.7639e-02
-5.6497e-02
-5.4184e-02
-5.0409e-02
-4.5402e-02
-3.9358e-02
-3.2733e-02
-2.5846e-02
-1.8749e-02
-1.1391e-02
-4.3154e-03
2.2335e-03
8.2280e-03
1.3811e-02
1.9311e-02
2.4445e-02
2.9113e-02
3.3676e-02
3.8485e-02
4.3450e-02
4.8057e-02
5.1830e-02
5.4920e-02
5.8493e-02
6.3650e-02
6.9920e-02
7.6738e-02
8.2976e-02
8.7991e-02
9.1585e-02
9.3629e-02
9.4124e-02
9.3365e-02
9.1536e-02
8.9044e-02
8.5601e-02
8.0945e-02
7.5533e-02
7.0022e-02
6.5176e-02
6.1173e-02
5.7906e-02
5.4697e-02
5.1565e-02
4.8721e-02
4.6066e-02
4.3613e-02
4.1442e-02
3.9066e-02
3.6030e-02
3.2603e-02
2.9291e-02
2.6590e-02
2.4615e-02
2.3061e-02
2.1410e-02
1.9355e-02
1.7035e-02
1.4666e-02
1.2396e-02
1.0047e-02
7.6709e-03
5.3549e-03
2.8211e-03
2.3738e-04
-2.1526e-03
-4.5141e-03
-7.1948e-03
-1.0487e-02
-1.4808e-02
-1.9642e-02
-2.4521e-02
-2.9218e-02
-3.3993e-02
-3.8539e-02
-4.2924e-02
-4.7101e-02
-5.1199e-02
-5.5161e-02
-5.9200e-02
-6.3111e-02
-6.6702e-02
-7.0015e-02
-7.3132e-02
-7.6209e-02
-7.8687e-02
-8.0376e-02
-8.1422e-02
-8.1522e-02
-8.0446e-02
-7.8823e-02
-7.7267e-02
-7.6123e-02
-7.5545e-02
-7.5359e-02
-7.4726e-02
-7.3220e-02
-7.0460e-02
-6.6290e-02
-6.1110e-02
-5.5096e-02
-4.8407e-02
-4.1125e-02
-3.3654e-02
-2.6296e-02
-1.8765e-02
-1.0788e-02
-2.8430e-03
4.2338e-03
1.0619e-02
1.6778e-02
2.2920e-02
2.9169e-02
3.5758e-02
4.2243e-02
4.8146e-02
5.3036e-02
5.6722e-02
5.9381e-02
6.1234e-02
6.2391e-02
6.2655e-02
6.1910e-02
6.0365e-02
5.8846e-02
5.8138e-02
5.7965e-02
5.7657e-02
5.6894e-02
5.5627e-02
5.3852e-02
5.1638e-02
4.9333e-02
4.7350e-02
4.5338e-02
4.3274e-02
4.1503e-02
4.0294e-02
3.9785e-02
3.9852e-02
4.0485e-02
4.1612e-02
4.3198e-02
4.5423e-02
4.8364e-02
5.1489e-02
5.4687e-02
5.7797e-02
6.0616e-02
6.2813e-02
6.3393e-02
6.1742e-02
5.7810e-02
5.2393e-02
4.6205e-02
3.9471e-02
3.2063e-02
2.3716e-02
1.4042e-02
2.8119e-03
-8.8850e-03
-2.0247e-02
-3.1638e-02
-4.3601e-02
-5.5908e-02
-6.8214e-02
-7.9967e-02
-9.0134e-02
-9.8575e-02
-1.0548e-01
-1.1073e-01
-1.1432e-01
-1.1624e-01
-1.1676e-01
-1.1574e-01
-1.1322e-01
-1.0928e-01
-1.0420e-01
-9.8136e-02
-9.1245e-02
-8.3074e-02
-7.3880e-02
-6.4400e-02
-5.5164e-02
-4.6487e-02
-3.8652e-02
-3.1557e-02
-2.5130e-02
-1.9504e-02
-1.4805e-02
-1.0579e-02
-6.4338e-03
-2.1582e-03
2.3376e-03
7.2541e-03
1.2946e-02
1.9317e-02
2.6216e-02
3.3988e-02
4.2188e-02
5.0620e-02
5.9585e-02
6.8662e-02
7.7102e-02
8.4862e-02
9.1575e-02
9.6537e-02
9.9197e-02
9.9720e-02
9.8620e-02
9.6382e-02
9.3248e-02
8.8957e-02
8.3959e-02
7.8641e-02
7.2588e-02
6.5018e-02
5.5643e-02
4.5162e-02
3.3982e-02
2.2668e-02
1.2213e-02
2.6760e-03
-6.2322e-03
-1.3707e-02
-1.8876e-02
-2.1747e-02
-2.3221e-02
-2.3841e-02
-2.4266e-02
-2.4778e-02
-2.5605e-02
-2.6727e-02
-2.7845e-02
-2.8688e-02
-2.9178e-02
-2.9303e-02
-2.9288e-02
-2.9193e-02
-2.8901e-02
-2.8715e-02
-2.8471e-02
-2.7939e-02
-2.7354e-02
-2.7159e-02
-2.7300e-02
-2.7959e-02
-2.9104e-02
-3.0886e-02
-3.3888e-02
-3.8542e-02
-4.3951e-02
-4.8443e-02
-5.0927e-02
-5.1202e-02
-4.9370e-02
-4.5943e-02
-4.1819e-02
-3.8090e-02
-3.5132e-02
-3.3026e-02
-3.1474e-02
-3.0516e-02
-3.0313e-02
-3.0973e-02
-3.2572e-02
-3.4649e-02
-3.7205e-02
-4.0284e-02
-4.3255e-02
-4.5398e-02
-4.6090e-02
-4.4935e-02
-4.2159e-02
-3.8270e-02
-3.3745e-02
-2.8688e-02
-2.3167e-02
-1.7687e-02
-1.2410e-02
-7.4873e-03
-3.0906e-03
9.4938e-04
4.8165e-03
9.1589e-03
1.4470e-02
2.0192e-02
2.5600e-02
3.0737e-02
3.6118e-02
4.1876e-02
4.7443e-02
5.2466e-02
5.6928e-02
6.1137e-02
6.5294e-02
6.9838e-02
7.4673e-02
7.9502e-02
8.4229e-02
8.8625e-02
9.2002e-02
9.4231e-02
9.5533e-02
9.6180e-02
9.6110e-02
9.5171e-02
9.3040e-02
8.9713e-02
8.5597e-02
8.0934e-02
7.6188e-02
7.1763e-02
6.7743e-02
6.4013e-02
5.9942e-02
5.5639e-02
5.1453e-02
4.7224e-02
4.2828e-02
3.8518e-02
3.3445e-02
2.6990e-02
1.9443e-02
1.1796e-02
4.5090e-03
-2.8761e-03
-1.1008e-02
-2.0405e-02
-3.0708e-02
-4.1189e-02
-5.0869e-02
-5.9004e-02
-6.4997e-02
-6.8744e-02
-7.0712e-02
-7.1581e-02
-7.1894e-02
-7.2332e-02
-7.3013e-02
-7.3735e-02
-7.4663e-02
-7.6152e-02
-7.7924e-02
-7.9936e-02
-8.2028e-02
-8.3347e-02
-8.2858e-02
-8.0565e-02
-7.7259e-02
-7.3290e-02
-6.8895e-02
-6.4139e-02
-5.8360e-02
-5.0719e-02
-4.1003e-02
-3.0280e-02
-1.9835e-02
-1.0686e-02
-3.4869e-03
1.9115e-03
5.8079e-03
8.6720e-03
1.0798e-02
1.2487e-02
1.3815e-02
1.4978e-02
1.5785e-02
1.6555e-02
1.7512e-02
1.8394e-02
1.9293e-02
2.0508e-02
2.1676e-02
2.2762e-02
2.3713e-02
2.4390e-02
2.4843e-02
2.5327e-02
2.6182e-02
2.7377e-02
2.8826e-02
3.0607e-02
3.3034e-02
3.6176e-02
3.9892e-02
4.4198e-02
4.8653e-02
5.3098e-02
5.7418e-02
6.1822e-02
6.6300e-02
7.0572e-02
7.4196e-02
7.6669e-02
7.8022e-02
7.8639e-02
7.8604e-02
7.7884e-02
7.6215e-02
7.3362e-02
6.9223e-02
6.3873e-02
5.7578e-02
5.0800e-02
4.3571e-02
3.5595e-02
2.6634e-02
1.6347e-02
5.1340e-03
-6.3507e-03
-1.7275e-02
-2.7607e-02
-3.7221e-02
-4.6162e-02
-5.4475e-02
-6.1821e-02
-6.7735e-02
-7.2126e-02
-7.5224e-02
-7.7027e-02
-7.8027e-02
-7.9059e-02
-8.0121e-02
-8.0532e-02
-7.9973e-02
-7.8555e-02
-7.6811e-02
-7.5182e-02
-7.3717e-02
-7.1870e-02
-6.8990e-02
-6.5100e-02
-6.0122e-02
-5.4491e-02
-4.8870e-02
-4.3453e-02
-3.8180e-02
-3.3424e-02
-2.9313e-02
-2.5542e-02
-2.1855e-02
-1.8344e-02
-1.4766e-02
-1.1026e-02
-7.8058e-03
-5.2296e-03
-2.7385e-03
2.5310e-04
3.1334e-03
4.9665e-03
5.2399e-03
3.8725e-03
1.4127e-03
-1.5927e-03
-4.8820e-03
-8.4110e-03
-1.1546e-02
-1.3420e-02
-1.3767e-02
-1.2744e-02
-1.0245e-02
-6.0615e-03
-2.7625e-04
6.6942e-03
1.4493e-02
2.2986e-02
3.1672e-02
4.0631e-02
4.9281e-02
5.7386e-02
6.5129e-02
7.2550e-02
7.9085e-02
8.4602e-02
8.9557e-02
9.4551e-02
9.9475e-02
1.0368e-01
1.0681e-01
1.0886e-01
1.1004e-01
1.1043e-01
1.0999e-01
1.0895e-01
1.0734e-01
1.0506e-01
1.0163e-01
9.7371e-02
9.2895e-02
8.7967e-02
8.2729e-02
7.7579e-02
7.2643e-02
6.7856e-02
6.3560e-02
5.9957e-02
5.6560e-02
5.2983e-02
4.8765e-02
4.3229e-02
3.6973e-02
3.0064e-02
2.2136e-02
1.3617e-02
4.9427e-03
-4.2813e-03
-1.4379e-02
-2.4905e-02
-3.5841e-02
-4.7226e-02
-5.9025e-02
-7.0737e-02
-8.2146e-02
-9.3002e-02
-1.0269e-01
-1.1135e-01
-1.1890e-01
-1.2510e-01
-1.2964e-01
-1.3272e-01
-1.3490e-01
-1.3683e-01
-1.3855e-01
-1.3951e-01
-1.3917e-01
-1.3768e-01
-1.3526e-01
-1.3205e-01
-1.2839e-01
-1.2406e-01
-1.1936e-01
-1.1421e-01
-1.0846e-01
-1.0174e-01
-9.3706e-02
-8.4753e-02
-7.5542e-02
-6.6365e-02
-5.6706e-02
-4.5696e-02
-3.3359e-02
-1.9947e-02
-6.5451e-03
5.4225e-03
1.5191e-02
2.3016e-02
2.9462e-02
3.5155e-02
4.0590e-02
4.5638e-02
5.0136e-02
5.4165e-02
5.8105e-02
6.1714e-02
6.5269e-02
6.8735e-02
7.1740e-02
7.3872e-02
7.5309e-02
7.6504e-02
7.7399e-02
7.7703e-02
7.7071e-02
7.5482e-02
7.3349e-02
7.0475e-02
6.6690e-02
6.1796e-02
5.5809e-02
4.9347e-02
4.2899e-02
3.7410e-02
3.3296e-02
3.0529e-02
2.8621e-02
2.6885e-02
2.5098e-02
2.3394e-02
2.2161e-02
2.1706e-02
2.2038e-02
2.2717e-02
2.3267e-02
2.3183e-02
2.2091e-02
2.0541e-02
1.8557e-02
1.6330e-02
1.3899e-02
1.0916e-02
7.1435e-03
2.5840e-03
-2.1814e-03
-6.6322e-03
-1.0591e-02
-1.4069e-02
-1.7229e-02
-2.0579e-02
-2.4213e-02
-2.7780e-02
-3.1259e-02
-3.4635e-02
-3.7818e-02
-4.0629e-02
-4.2729e-02
-4.4046e-02
-4.4442e-02
-4.3815e-02
-4.2152e-02
-3.9636e-02
-3.6139e-02
-3.1828e-02
-2.7027e-02
-2.2212e-02
-1.8079e-02
-1.4657e-02
-1.1793e-02
-9.2735e-03
-6.8046e-03
-4.3158e-03
-2.5499e-03
-1.9486e-03
-1.9532e-03
-1.3026e-03
4.0084e-04
2.9614e-03
5.7648e-03
8.1809e-03
1.0093e-02
1.1757e-02
1.3291e-02
1.4746e-02
1.5985e-02
1.7028e-02
1.8175e-02
1.9829e-02
2.2355e-02
2.5409e-02
2.8679e-02
3.2197e-02
3.5646e-02
3.8408e-02
4.0132e-02
4.0822e-02
4.0603e-02
3.9716e-02
3.8562e-02
3.6721e-02
3.3516e-02
2.8397e-02
2.1929e-02
1.5172e-02
8.8981e-03
3.3888e-03
-1.4988e-03
-6.0163e-03
-1.0280e-02
-1.3801e-02
-1.6694e-02
-1.9227e-02
-2.1581e-02
-2.3599e-02
-2.5362e-02
-2.6504e-02
-2.6773e-02
-2.6194e-02
-2.5020e-02
-2.3283e-02
-2.1210e-02
-1.8661e-02
-1.5537e-02
-1.2002e-02
-8.0272e-03
-3.3697e-03
1.5212e-03
6.3661e-03
1.0609e-02
1.4123e-02
1.7081e-02
1.9492e-02
2.1270e-02
2.2363e-02
2.2795e-02
2.2564e-02
2.1457e-02
1.9285e-02
1.6100e-02
1.2041e-02
7.0492e-03
6.5118e-04
-7.4580e-03
-1.6595e-02
-2.6072e-02
-3.5527e-02
-4.4931e-02
-5.3865e-02
-6.2007e-02
-6.8947e-02
-7.4337e-02
-7.8086e-02
-7.9979e-02
-8.0293e-02
-7.9378e-02
-7.7805e-02
-7.5678e-02
-7.2816e-02
-6.9328e-02
-6.5473e-02
-6.1385e-02
-5.6883e-02
-5.1993e-02
-4.6712e-02
-4.1013e-02
-3.4990e-02
-2.8569e-02
-2.2136e-02
-1.5770e-02
-9.5107e-03
-3.4687e-03
2.1323e-03
7.2029e-03
1.1532e-02
1.5458e-02
1.9669e-02
2.4613e-02
2.9791e-02
3.4618e-02
3.8438e-02
4.1281e-02
4.3681e-02
4.6026e-02
4.8210e-02
4.9885e-02
5.1003e-02
5.1372e-02
5.0794e-02
5.0047e-02
4.9663e-02
4.9681e-02
5.0136e-02
5.0973e-02
5.2141e-02
5.3877e-02
5.5668e-02
5.7204e-02
5.8497e-02
5.9850e-02
6.1407e-02
6.2663e-02
6.3113e-02
6.2606e-02
6.1766e-02
6.1350e-02
6.1628e-02
6.2169e-02
6.1873e-02
5.9903e-02
5.6583e-02
5.2567e-02
4.8046e-02
4.2780e-02
3.6854e-02
2.9823e-02
2.1911e-02
1.3817e-02
5.4243e-03
-3.1557e-03
-1.1486e-02
-1.9477e-02
-2.7215e-02
-3.4276e-02
-4.0810e-02
-4.6431e-02
-5.0656e-02
-5.3193e-02
-5.4193e-02
-5.4477e-02
-5.4321e-02
-5.3305e-02
-5.1269e-02
-4.8524e-02
-4.5292e-02
-4.1678e-02
-3.8042e-02
-3.4219e-02
-3.0351e-02
-2.6863e-02
-2.4108e-02
-2.2709e-02
-2.2514e-02
-2.3232e-02
-2.4611e-02
-2.6570e-02
-2.9223e-02
-3.2118e-02
-3.4793e-02
-3.7036e-02
-3.8592e-02
-3.9108e-02
-3.8523e-02
-3.7759e-02
-3.7336e-02
-3.6817e-02
-3.5259e-02
-3.2400e-02
-2.8875e-02
-2.5541e-02
-2.2496e-02
-1.8860e-02
-1.4273e-02
-9.2229e-03
-3.7627e-03
2.1079e-03
8.6413e-03
1.5956e-02
2.4105e-02
3.2802e-02
4.1238e-02
4.9244e-02
5.6672e-02
6.2881e-02
6.7311e-02
7.0241e-02
7.2203e-02
7.3496e-02
7.4205e-02
7.3860e-02
7.1529e-02
6.7121e-02
6.1229e-02
5.4784e-02
4.8499e-02
4.2553e-02
3.6497e-02
3.0045e-02
2.3525e-02
1.7567e-02
1.2060e-02
7.2278e-03
2.6887e-03
-1.5968e-03
-5.5572e-03
-9.1618e-03
-1.2251e-02
-1.5037e-02
-1.6914e-02
-1.7187e-02
-1.6059e-02
-1.4601e-02
-1.3449e-02
-1.2255e-02
-1.0284e-02
-7.3961e-03
-3.6492e-03
9.6852e-04
6.6614e-03
1.3403e-02
2.0684e-02
2.7985e-02
3.5066e-02
4.2157e-02
4.9617e-02
5.7451e-02
6.5455e-02
7.2944e-02
7.9529e-02
8.5636e-02
9.1649e-02
9.6703e-02
1.0013e-01
1.0199e-01
1.0255e-01
1.0255e-01
1.0200e-01
9.9935e-02
9.5556e-02
8.9213e-02
8.0782e-02
7.0413e-02
5.8756e-02
4.6622e-02
3.3813e-02
2.0117e-02
4.5539e-03
-1.2165e-02
-2.7756e-02
-4.2204e-02
-5.5626e-02
-6.7695e-02
-7.8281e-02
-8.7135e-02
-9.4220e-02
-9.9662e-02
-1.0384e-01
-1.0697e-01
-1.0938e-01
-1.1070e-01
-1.1075e-01
-1.0961e-01
-1.0717e-01
-1.0330e-01
-9.8095e-02
-9.1481e-02
-8.3799e-02
-7.5298e-02
-6.5861e-02
-5.5826e-02
-4.5975e-02
-3.6520e-02
-2.7553e-02
-1.9460e-02
-1.2385e-02
-5.8475e-03
1.9701e-04
5.6566e-03
1.0409e-02
1.4716e-02
1.8841e-02
2.2840e-02
2.6853e-02
3.0326e-02
3.2899e-02
3.5033e-02
3.7713e-02
4.0609e-02
4.2613e-02
4.3241e-02
4.2627e-02
4.1377e-02
3.9660e-02
3.7641e-02
3.5320e-02
3.2523e-02
2.9266e-02
2.5319e-02
2.0614e-02
1.5585e-02
1.0452e-02
5.4519e-03
8.2223e-04
-2.9302e-03
-5.6849e-03
-7.2202e-03
-7.0229e-03
-4.6105e-03
-1.2360e-04
6.0060e-03
1.2787e-02
1.9178e-02
2.4943e-02
3.0723e-02
3.6445e-02
4.1348e-02
4.5283e-02
4.8274e-02
5.0580e-02
5.1726e-02
5.1310e-02
4.9329e-02
4.5745e-02
4.0543e-02
3.3835e-02
2.6034e-02
1.7437e-02
8.6601e-03
-1.6559e-04
-9.2887e-03
-1.8499e-02
-2.8174e-02
-3.8224e-02
-4.8272e-02
-5.8012e-02
-6.7250e-02
-7.6264e-02
-8.4343e-02
-9.1274e-02
-9.7284e-02
-1.0209e-01
-1.0544e-01
-1.0771e-01
-1.0933e-01
-1.1014e-01
-1.1024e-01
-1.0980e-01
-1.0894e-01
-1.0747e-01
-1.0505e-01
-1.0165e-01
-9.7693e-02
-9.3322e-02
-8.8702e-02
-8.3918e-02
-7.8363e-02
-7.2202e-02
-6.5533e-02
-5.7648e-02
-4.8975e-02
-4.1070e-02
-3.3393e-02
-2.5018e-02
-1.6347e-02
-8.2509e-03
-1.0015e-03
5.5426e-03
1.1512e-02
1.6958e-02
2.1595e-02
2.5871e-02
2.9842e-02
3.3020e-02
3.5353e-02
3.6912e-02
3.8292e-02
3.9953e-02
4.1825e-02
4.4285e-02
4.7151e-02
4.9788e-02
5.1914e-02
5.3408e-02
5.4069e-02
5.3935e-02
5.3265e-02
5.2092e-02
5.0515e-02
4.8203e-02
4.4678e-02
3.9987e-02
3.4609e-02
2.8687e-02
2.2719e-02
1.7498e-02
1.2984e-02
8.7515e-03
3.9657e-03
-1.7537e-03
-7.8116e-03
-1.3758e-02
-1.9725e-02
-2.5746e-02
-3.2174e-02
-3.9088e-02
-4.6294e-02
-5.3375e-02
-5.9879e-02
-6.5774e-02
-7.0697e-02
-7.4385e-02
-7.7287e-02
-8.0064e-02
-8.2504e-02
-8.4271e-02
-8.5065e-02
-8.4302e-02
-8.1532e-02
-7.6874e-02
-7.0571e-02
-6.2464e-02
-5.3353e-02
-4.3632e-02
-3.2895e-02
-2.0837e-02
-7.6299e-03
5.6677e-03
1.8661e-02
3.1550e-02
4.4123e-02
5.6091e-02
6.7589e-02
7.8573e-02
8.8886e-02
9.7950e-02
1.0531e-01
1.1108e-01
1.1522e-01
1.1802e-01
1.1973e-01
1.1993e-01
1.1743e-01
1.1305e-01
1.0802e-01
1.0295e-01
9.7625e-02
9.1717e-02
8.5786e-02
8.0157e-02
7.4591e-02
6.9580e-02
6.5675e-02
6.2492e-02
5.9293e-02
5.6162e-02
5.3305e-02
5.0711e-02
4.8475e-02
4.6240e-02
4.3814e-02
4.1235e-02
3.8669e-02
3.6128e-02
3.3552e-02
3.1170e-02
2.8928e-02
2.6027e-02
2.2433e-02
1.8223e-02
1.2867e-02
6.9052e-03
3.3678e-04
-6.9749e-03
-1.5221e-02
-2.3579e-02
-3.1651e-02
-3.9438e-02
-4.7093e-02
-5.4106e-02
-5.9478e-02
-6.3749e-02
-6.6954e-02
-6.8449e-02
-6.8555e-02
-6.7606e-02
-6.5390e-02
-6.1475e-02
-5.6167e-02
-4.9985e-02
-4.2973e-02
-3.5548e-02
-2.8263e-02
-2.0669e-02
-1.2275e-02
-3.2497e-03
5.5427e-03
1.3698e-02
2.1332e-02
2.8226e-02
3.4202e-02
3.9340e-02
4.3712e-02
4.7036e-02
4.9735e-02
5.2142e-02
5.3899e-02
5.4377e-02
5.3833e-02
5.3403e-02
5.2946e-02
5.1545e-02
4.8712e-02
4.4297e-02
3.8837e-02
3.2633e-02
2.6200e-02
1.9646e-02
1.2386e-02
4.7411e-03
-2.6195e-03
-9.6570e-03
-1.6262e-02
-2.2302e-02
-2.8048e-02
-3.3575e-02
-3.8632e-02
-4.3070e-02
-4.6886e-02
-5.0418e-02
-5.3808e-02
-5.6705e-02
-5.8944e-02
-6.0726e-02
-6.2131e-02
-6.3187e-02
-6.3639e-02
-6.3064e-02
-6.1578e-02
-5.9746e-02
-5.7455e-02
-5.4370e-02
-5.0541e-02
-4.6427e-02
-4.2601e-02
-3.9157e-02
-3.5799e-02
-3.2774e-02
-3.0841e-02
-2.9503e-02
-2.8027e-02
-2.6369e-02
-2.5434e-02
-2.5731e-02
-2.7230e-02
-2.9568e-02
-3.2451e-02
-3.5386e-02
-3.8710e-02
-4.2621e-02
-4.6779e-02
-5.0565e-02
-5.3708e-02
-5.6459e-02
-5.9510e-02
-6.3198e-02
-6.7191e-02
-7.0444e-02
-7.3022e-02
-7.5127e-02
-7.6891e-02
-7.8484e-02
-7.9836e-02
-8.0882e-02
-8.1720e-02
-8.1829e-02
-8.0968e-02
-7.9254e-02
-7.6909e-02
-7.4126e-02
-7.0804e-02
-6.6552e-02
-6.1034e-02
-5.4622e-02
-4.8024e-02
-4.1802e-02
-3.5686e-02
-2.9099e-02
-2.1549e-02
-1.3249e-02
-4.5858e-03
3.6862e-03
1.1475e-02
1.9393e-02
2.7512e-02
3.5644e-02
4.3415e-02
5.0634e-02
5.7444e-02
6.3695e-02
6.9061e-02
7.3767e-02
7.7667e-02
8.0384e-02
8.1883e-02
8.2335e-02
8.1989e-02
8.0943e-02
7.9461e-02
7.7938e-02
7.6209e-02
7.3696e-02
6.9863e-02
6.4741e-02
5.9049e-02
5.3634e-02
4.8410e-02
4.3014e-02
3.7509e-02
3.2272e-02
2.6899e-02
2.1177e-02
1.5757e-02
1.0932e-02
6.3145e-03
1.6746e-03
-3.0224e-03
-7.7107e-03
-1.2137e-02
-1.5521e-02
-1.8020e-02
-2.0163e-02
-2.2110e-02
-2.3838e-02
-2.5178e-02
-2.5686e-02
-2.5572e-02
-2.4962e-02
-2.4159e-02
-2.3156e-02
-2.1924e-02
-2.0593e-02
-1.8909e-02
-1.6513e-02
-1.3787e-02
-1.0864e-02
-7.6876e-03
-4.3704e-03
-1.0287e-03
2.3158e-03
5.7116e-03
8.9501e-03
1.2132e-02
1.5385e-02
1.8725e-02
2.1776e-02
2.4523e-02
2.6929e-02
2.8784e-02
3.0052e-02
3.0692e-02
3.0655e-02
3.0090e-02
2.9092e-02
2.7536e-02
2.5417e-02
2.3233e-02
2.1424e-02
1.9967e-02
1.8697e-02
1.7715e-02
1.7153e-02
1.7018e-02
1.7531e-02
1.8384e-02
1.9425e-02
2.0491e-02
2.1716e-02
2.2717e-02
2.3034e-02
2.2530e-02
2.1387e-02
1.9923e-02
1.7877e-02
1.4685e-02
1.0576e-02
6.1398e-03
2.0337e-03
-1.1462e-03
-4.0939e-03
-7.3040e-03
-1.1041e-02
-1.5385e-02
-2.0385e-02
-2.5283e-02
-3.0227e-02
-3.5466e-02
-4.1288e-02
-4.7480e-02
-5.3974e-02
-6.0251e-02
-6.6041e-02
-7.1060e-02
-7.5535e-02
-7.9380e-02
-8.2512e-02
-8.5010e-02
-8.6773e-02
-8.7859e-02
-8.8237e-02
-8.7832e-02
-8.6577e-02
-8.4952e-02
-8.3534e-02
-8.2399e-02
-8.1216e-02
-7.9830e-02
-7.8134e-02
-7.5647e-02
-7.2445e-02
-6.8961e-02
-6.5667e-02
-6.2307e-02
-5.8589e-02
-5.4815e-02
-5.0748e-02
-4.6239e-02
-4.1206e-02
-3.5996e-02
-3.0849e-02
-2.5740e-02
-2.0480e-02
-1.4970e-02
-9.6253e-03
-4.9581e-03
-1.2910e-03
1.6843e-03
4.2408e-03
6.4598e-03
8.4704e-03
1.0511e-02
1.2126e-02
1.3056e-02
1.3429e-02
1.3709e-02
1.4434e-02
1.6039e-02
1.8181e-02
2.0590e-02
2.3050e-02
2.5799e-02
2.9062e-02
3.2761e-02
3.6734e-02
4.0993e-02
4.5403e-02
4.9855e-02
5.4185e-02
5.8248e-02
6.1805e-02
6.5089e-02
6.7864e-02
7.0067e-02
7.1750e-02
7.3521e-02
7.5020e-02
7.5879e-02
7.5849e-02
7.4975e-02
7.3338e-02
7.0943e-02
6.7887e-02
6.4119e-02
5.9949e-02
5.5469e-02
5.0898e-02
4.6571e-02
4.2420e-02
3.8024e-02
3.3689e-02
2.9893e-02
2.6589e-02
2.3802e-02
2.1592e-02
1.9842e-02
1.7967e-02
1.6015e-02
1.4749e-02
1.4525e-02
1.5070e-02
1.5800e-02
1.6156e-02
1.6069e-02
1.5337e-02
1.4346e-02
1.3174e-02
1.2126e-02
1.1419e-02
1.1070e-02
1.0770e-02
1.0090e-02
9.3018e-03
9.1758e-03
9.8256e-03
1.0383e-02
1.0290e-02
9.7657e-03
8.9428e-03
7.9787e-03
7.4625e-03
7.5922e-03
7.8023e-03
7.2582e-03
5.7372e-03
3.9038e-03
2.6574e-03
1.8671e-03
1.1283e-03
4.2419e-04
-2.0149e-04
-5.3421e-04
-6.5266e-04
-1.0432e-03
-1.9221e-03
-3.0499e-03
-3.9742e-03
-4.4654e-03
-4.6151e-03
-5.2144e-03
-6.1023e-03
-6.8608e-03
-7.4448e-03
-7.9236e-03
-8.5109e-03
-9.4607e-03
-1.0636e-02
-1.1918e-02
-1.2807e-02
-1.3610e-02
-1.5109e-02
-1.7139e-02
-1.9382e-02
-2.1250e-02
-2.2843e-02
-2.3831e-02
-2.4322e-02
-2.5144e-02
-2.6571e-02
-2.7946e-02
-2.8728e-02
-2.9132e-02
-2.9453e-02
-3.0309e-02
-3.1683e-02
-3.2953e-02
-3.3960e-02
-3.5154e-02
-3.6490e-02
-3.7624e-02
-3.8484e-02
-3.9456e-02
-4.0846e-02
-4.2861e-02
-4.5127e-02
-4.7101e-02
-4.8390e-02
-4.9065e-02
-4.9421e-02
-5.0247e-02
-5.1584e-02
-5.2900e-02
-5.3508e-02
-5.3074e-02
-5.1798e-02
-5.0404e-02
-4.9332e-02
-4.8465e-02
-4.7146e-02
-4.4777e-02
-4.2035e-02
-3.9631e-02
-3.7444e-02
-3.5117e-02
-3.2772e-02
-3.0908e-02
-2.9724e-02
-2.8368e-02
-2.6348e-02
-2.3514e-02
-2.0613e-02
-1.8580e-02
-1.7253e-02
-1.6074e-02
-1.4507e-02
-1.2592e-02
-1.0537e-02
-8.4144e-03
-6.2796e-03
-3.8686e-03
-9.1249e-04
2.4710e-03
6.1938e-03
1.0322e-02
1.4504e-02
1.8598e-02
2.2985e-02
2.7772e-02
3.2792e-02
3.7753e-02
4.2955e-02
4.8128e-02
5.2681e-02
5.6239e-02
5.8723e-02
6.0370e-02
6.1708e-02
6.2906e-02
6.3730e-02
6.4067e-02
6.3653e-02
6.2311e-02
6.0153e-02
5.7474e-02
5.4514e-02
5.1011e-02
4.6873e-02
4.1943e-02
3.6526e-02
3.1034e-02
2.5701e-02
2.0616e-02
1.5892e-02
1.1363e-02
6.8450e-03
2.4531e-03
-2.1248e-03
-6.9410e-03
-1.1387e-02
-1.5298e-02
-1.8802e-02
-2.1708e-02
-2.4090e-02
-2.6109e-02
-2.7839e-02
-2.9509e-02
-3.0999e-02
-3.2113e-02
-3.2709e-02
-3.2669e-02
-3.2191e-02
-3.1421e-02
-3.0247e-02
-2.8291e-02
-2.5465e-02
-2.1767e-02
-1.7780e-02
-1.3940e-02
-9.9862e-03
-5.7340e-03
-1.3974e-03
2.9539e-03
7.1623e-03
1.1085e-02
1.4591e-02
1.7656e-02
2.0370e-02
2.2896e-02
2.5638e-02
2.8786e-02
3.2035e-02
3.5022e-02
3.7377e-02
3.9249e-02
4.1080e-02
4.2803e-02
4.4351e-02
4.5583e-02
4.6524e-02
4.7359e-02
4.8218e-02
4.9198e-02
5.0289e-02
5.1423e-02
5.2329e-02
5.3013e-02
5.3392e-02
5.3356e-02
5.3522e-02
5.4506e-02
5.6354e-02
5.8255e-02
5.9797e-02
6.0892e-02
6.1580e-02
6.2102e-02
6.2510e-02
6.2852e-02
6.2879e-02
6.2841e-02
6.2664e-02
6.1887e-02
6.0427e-02
5.8665e-02
5.6656e-02
5.4325e-02
5.1733e-02
4.8713e-02
4.5737e-02
4.2841e-02
3.9860e-02
3.6783e-02
3.3011e-02
2.8709e-02
2.4191e-02
1.9651e-02
1.5386e-02
1.1436e-02
7.5819e-03
3.6976e-03
1.4059e-04
-3.1242e-03
-6.2418e-03
-9.0856e-03
-1.1613e-02
-1.3513e-02
-1.4664e-02
-1.5224e-02
-1.5476e-02
-1.5458e-02
-1.5022e-02
-1.4515e-02
-1.4334e-02
-1.4047e-02
-1.3309e-02
-1.2165e-02
-1.0754e-02
-9.2899e-03
-7.8044e-03
-6.4446e-03
-5.0422e-03
-3.3856e-03
-1.6036e-03
1.9606e-04
1.9662e-03
3.9215e-03
5.5759e-03
6.8360e-03
7.9319e-03
9.2412e-03
1.1018e-02
1.3049e-02
1.4640e-02
1.5520e-02
1.5746e-02
1.5609e-02
1.5220e-02
1.4308e-02
1.2846e-02
1.1198e-02
9.3106e-03
7.5432e-03
5.9390e-03
4.2569e-03
2.6337e-03
1.1003e-03
-7.3625e-04
-3.0267e-03
-5.6526e-03
-8.5228e-03
-1.1391e-02
-1.4378e-02
-1.7897e-02
-2.1948e-02
-2.6086e-02
-3.0118e-02
-3.3822e-02
-3.7621e-02
-4.1795e-02
-4.5965e-02
-5.0050e-02
-5.3761e-02
-5.7135e-02
-6.0602e-02
-6.4150e-02
-6.7291e-02
-6.9813e-02
-7.1854e-02
-7.3494e-02
-7.4372e-02
-7.4108e-02
-7.2949e-02
-7.1421e-02
-7.0049e-02
-6.9015e-02
-6.7695e-02
-6.5541e-02
-6.2782e-02
-5.9464e-02
-5.5587e-02
-5.1397e-02
-4.7129e-02
-4.2719e-02
-3.8085e-02
-3.3245e-02
-2.8174e-02
-2.2884e-02
-1.7298e-02
-1.2313e-02
-8.6122e-03
-5.9274e-03
-3.3058e-03
-5.5498e-04
1.9038e-03
3.7497e-03
5.1677e-03
6.4591e-03
7.8676e-03
9.4747e-03
1.1304e-02
1.3230e-02
1.4988e-02
1.6517e-02
1.8103e-02
1.9784e-02
2.1545e-02
2.3490e-02
2.5483e-02
2.7179e-02
2.8469e-02
2.9165e-02
2.9553e-02
2.9789e-02
2.9724e-02
2.9203e-02
2.8433e-02
2.7460e-02
2.6306e-02
2.4832e-02
2.3141e-02
2.1327e-02
1.9116e-02
1.6161e-02
1.3018e-02
9.7348e-03
6.5732e-03
3.8568e-03
1.5475e-03
-7.6412e-04
-2.9254e-03
-5.1656e-03
-8.1871e-03
-1.1807e-02
-1.5055e-02
-1.7377e-02
-1.9047e-02
-2.0470e-02
-2.1849e-02
-2.3198e-02
-2.4510e-02
-2.5597e-02
-2.6337e-02
-2.7101e-02
-2.8182e-02
-2.9618e-02
-3.1246e-02
-3.2873e-02
-3.4193e-02
-3.5359e-02
-3.6568e-02
-3.7737e-02
-3.8776e-02
-3.9725e-02
-4.0432e-02
-4.0723e-02
-4.0655e-02
-4.0430e-02
-4.0002e-02
-3.9489e-02
-3.8768e-02
-3.7644e-02
-3.6063e-02
-3.3988e-02
-3.1161e-02
-2.7684e-02
-2.4318e-02
-2.1208e-02
-1.8011e-02
-1.4515e-02
-1.0522e-02
-6.1213e-03
-1.4352e-03
3.4931e-03
8.4061e-03
1.2956e-02
1.7074e-02
2.1086e-02
2.5381e-02
3.0007e-02
3.4136e-02
3.7244e-02
3.9519e-02
4.1308e-02
4.2725e-02
4.3791e-02
4.4491e-02
4.4931e-02
4.5003e-02
4.4835e-02
4.4797e-02
4.4922e-02
4.4966e-02
4.4608e-02
4.3777e-02
4.2434e-02
4.0656e-02
3.8967e-02
3.7651e-02
3.6588e-02
3.5719e-02
3.4647e-02
3.3431e-02
3.2330e-02
3.0961e-02
2.9507e-02
2.8115e-02
2.6537e-02
2.4931e-02
2.3243e-02
2.1757e-02
2.0145e-02
1.7849e-02
1.5041e-02
1.1982e-02
9.0040e-03
6.2393e-03
3.4432e-03
4.5239e-04
-2.5855e-03
-5.2626e-03
-7.6161e-03
-9.7255e-03
-1.1530e-02
-1.3295e-02
-1.5094e-02
-1.6926e-02
-1.8620e-02
-2.0293e-02
-2.2335e-02
-2.4976e-02
-2.7910e-02
-3.0675e-02
-3.3128e-02
-3.5592e-02
-3.8319e-02
-4.1197e-02
-4.4177e-02
-4.7239e-02
-5.0166e-02
-5.2832e-02
-5.4964e-02
-5.6723e-02
-5.8566e-02
-6.0754e-02
-6.3083e-02
-6.5406e-02
-6.7731e-02
-7.0071e-02
-7.2596e-02
-7.4971e-02
-7.6686e-02
-7.7880e-02
-7.8538e-02
-7.8700e-02
-7.8177e-02
-7.7179e-02
-7.5885e-02
-7.4136e-02
-7.1868e-02
-6.8935e-02
-6.5010e-02
-6.0281e-02
-5.5374e-02
-5.0397e-02
-4.5358e-02
-4.0148e-02
-3.4889e-02
-2.8643e-02
-2.1263e-02
-1.3233e-02
-5.1302e-03
2.3242e-03
9.1618e-03
1.5710e-02
2.1908e-02
2.7538e-02
3.2703e-02
3.7466e-02
4.1693e-02
4.5161e-02
4.8145e-02
5.0383e-02
5.1726e-02
5.2349e-02
5.2385e-02
5.2142e-02
5.1780e-02
5.1279e-02
5.0550e-02
4.9107e-02
4.7189e-02
4.5599e-02
4.4536e-02
4.3427e-02
4.1486e-02
3.8289e-02
3.4164e-02
3.0249e-02
2.7071e-02
2.4402e-02
2.1948e-02
1.9545e-02
1.6823e-02
1.3627e-02
1.0385e-02
7.1131e-03
3.5644e-03
-4.1616e-05
-3.4719e-03
-6.7336e-03
-1.0190e-02
-1.4045e-02
-1.8378e-02
-2.3180e-02
-2.7698e-02
-3.1578e-02
-3.5227e-02
-3.9079e-02
-4.2922e-02
-4.6273e-02
-4.8897e-02
-5.1071e-02
-5.3146e-02
-5.5306e-02
-5.7220e-02
-5.8442e-02
-5.8982e-02
-5.9259e-02
-5.9038e-02
-5.8246e-02
-5.7140e-02
-5.5647e-02
-5.3732e-02
-5.1526e-02
-4.9133e-02
-4.6606e-02
-4.3789e-02
-4.0661e-02
-3.7161e-02
-3.3089e-02
-2.8452e-02
-2.3805e-02
-1.9657e-02
-1.6212e-02
-1.2846e-02
-8.6651e-03
-3.3715e-03
2.1542e-03
6.8378e-03
1.0227e-02
1.2741e-02
1.5630e-02
1.9383e-02
2.3704e-02
2.7909e-02
3.1616e-02
3.4850e-02
3.7764e-02
4.0442e-02
4.2679e-02
4.4366e-02
4.5838e-02
4.7684e-02
5.0147e-02
5.2975e-02
5.5650e-02
5.7669e-02
5.9080e-02
6.0561e-02
6.3029e-02
6.6244e-02
6.9244e-02
7.1297e-02
7.2208e-02
7.2120e-02
7.1215e-02
6.9820e-02
6.8032e-02
6.5795e-02
6.3305e-02
6.0514e-02
5.6950e-02
5.2875e-02
4.8624e-02
4.4417e-02
4.0546e-02
3.6763e-02
3.2992e-02
2.9269e-02
2.5650e-02
2.2004e-02
1.8632e-02
1.6041e-02
1.3312e-02
9.9909e-03
6.4143e-03
3.4360e-03
1.6338e-03
8.5569e-04
1.0149e-03
1.7584e-03
2.8022e-03
3.9052e-03
5.0312e-03
6.1456e-03
7.5187e-03
9.4167e-03
1.1540e-02
1.3741e-02
1.6122e-02
1.8723e-02
2.0905e-02
2.2383e-02
2.3002e-02
2.3185e-02
2.3294e-02
2.3485e-02
2.3812e-02
2.3920e-02
2.3369e-02
2.2032e-02
2.0267e-02
1.8249e-02
1.5946e-02
1.3541e-02
1.1316e-02
9.3260e-03
7.3222e-03
5.0574e-03
2.7339e-03
7.2328e-04
-8.8522e-04
-2.3982e-03
-3.6683e-03
-4.7432e-03
-5.4638e-03
-5.9810e-03
-6.6023e-03
-7.7838e-03
-9.5940e-03
-1.1588e-02
-1.3506e-02
-1.5507e-02
-1.7375e-02
-1.8980e-02
-2.0359e-02
-2.1678e-02
-2.2767e-02
-2.3796e-02
-2.4883e-02
-2.6004e-02
-2.7045e-02
-2.8130e-02
-2.8843e-02
-2.9011e-02
-2.8734e-02
-2.8003e-02
-2.6529e-02
-2.4392e-02
-2.2721e-02
-2.1832e-02
-2.1325e-02
-2.0731e-02
-1.9551e-02
-1.7585e-02
-1.5443e-02
-1.4160e-02
-1.3295e-02
-1.1686e-02
-8.9729e-03
-5.4670e-03
-1.8959e-03
8.7947e-04
2.5769e-03
3.6352e-03
4.9277e-03
6.5096e-03
8.1936e-03
9.7033e-03
1.0947e-02
1.2176e-02
1.3454e-02
1.4460e-02
1.5140e-02
1.5633e-02
1.6235e-02
1.6957e-02
1.7979e-02
1.9010e-02
1.9485e-02
1.9582e-02
1.9703e-02
2.0128e-02
2.0757e-02
2.1519e-02
2.2155e-02
2.2130e-02
2.1424e-02
2.0727e-02
2.0616e-02
2.1086e-02
2.1955e-02
2.2932e-02
2.3606e-02
2.3781e-02
2.3378e-02
2.2547e-02
2.1856e-02
2.1544e-02
2.1411e-02
2.1103e-02
2.0216e-02
1.8784e-02
1.6964e-02
1.5143e-02
1.3408e-02
1.1467e-02
9.1502e-03
6.3828e-03
3.3774e-03
4.9625e-04
-2.3032e-03
-4.7611e-03
-6.9253e-03
-9.1886e-03
-1.1254e-02
-1.2824e-02
-1.3980e-02
-1.4784e-02
-1.5728e-02
-1.7035e-02
-1.8802e-02
-2.0449e-02
-2.1701e-02
-2.2280e-02
-2.2169e-02
-2.1595e-02
-2.0605e-02
-1.9336e-02
-1.7648e-02
-1.5564e-02
-1.3422e-02
-1.1331e-02
-8.9668e-03
-6.4684e-03
-3.6447e-03
-6.7178e-04
1.6223e-03
3.0144e-03
3.9579e-03
5.1683e-03
6.6596e-03
8.3427e-03
1.0049e-02
1.1212e-02
1.1784e-02
1.2196e-02
1.2998e-02
1.3905e-02
1.4651e-02
1.5304e-02
1.5884e-02
1.6110e-02
1.6176e-02
1.5840e-02
1.4885e-02
1.3229e-02
1.1340e-02
9.8046e-03
8.8273e-03
8.1957e-03
7.7298e-03
7.0042e-03
5.6855e-03
3.9897e-03
1.7976e-03
-4.5217e-04
-2.5877e-03
-4.5818e-03
-6.7224e-03
-8.9742e-03
-1.1205e-02
-1.3211e-02
-1.5237e-02
-1.7126e-02
-1.8481e-02
-1.9373e-02
-2.0182e-02
-2.0963e-02
-2.1391e-02
-2.0893e-02
-1.9057e-02
-1.6184e-02
-1.2927e-02
-1.0019e-02
-7.7897e-03
-5.6814e-03
-2.7941e-03
1.0317e-03
5.5816e-03
1.0211e-02
1.4398e-02
1.8438e-02
2.2535e-02
2.6905e-02
3.1650e-02
3.6242e-02
4.0079e-02
4.2992e-02
4.5421e-02
4.7536e-02
4.9497e-02
5.1151e-02
5.2578e-02
5.3858e-02
5.4889e-02
5.5586e-02
5.5835e-02
5.5443e-02
5.4647e-02
5.3530e-02
5.2219e-02
5.0814e-02
4.9419e-02
4.8050e-02
4.6519e-02
4.4682e-02
4.2233e-02
3.9712e-02
3.7847e-02
3.6539e-02
3.5055e-02
3.3177e-02
3.1102e-02
2.9100e-02
2.7296e-02
2.5704e-02
2.4004e-02
2.2570e-02
2.1843e-02
2.1644e-02
2.1737e-02
2.2252e-02
2.2939e-02
2.3568e-02
2.4149e-02
2.4675e-02
2.5063e-02
2.5559e-02
2.6271e-02
2.7004e-02
2.7261e-02
2.7039e-02
2.6598e-02
2.5788e-02
2.4632e-02
2.3474e-02
2.2066e-02
2.0196e-02
1.8049e-02
1.5749e-02
1.3332e-02
1.1122e-02
9.1030e-03
7.0093e-03
4.6609e-03
1.6757e-03
-1.8535e-03
-5.2650e-03
-7.5299e-03
-8.5989e-03
-9.1223e-03
-9.7526e-03
-1.0724e-02
-1.1906e-02
-1.2962e-02
-1.3446e-02
-1.3319e-02
-1.2948e-02
-1.2535e-02
-1.2312e-02
-1.2059e-02
-1.1733e-02
-1.1319e-02
-1.0653e-02
-1.0290e-02
-1.0266e-02
-1.0320e-02
-1.0258e-02
-1.0087e-02
-1.0056e-02
-9.8594e-03
-9.1727e-03
-8.0994e-03
-7.3272e-03
-7.5510e-03
-8.4462e-03
-9.3667e-03
-9.7448e-03
-9.4049e-03
-8.6268e-03
-7.8428e-03
-7.5114e-03
-7.7313e-03
-8.3377e-03
-8.9788e-03
-9.4626e-03
-9.7875e-03
-1.0305e-02
-1.1241e-02
-1.2560e-02
-1.4018e-02
-1.5402e-02
-1.6517e-02
-1.7382e-02
-1.8260e-02
-1.9196e-02
-2.0165e-02
-2.1074e-02
-2.1950e-02
-2.2722e-02
-2.3263e-02
-2.3855e-02
-2.4686e-02
-2.5798e-02
-2.7021e-02
-2.8166e-02
-2.9216e-02
-3.0237e-02
-3.1228e-02
-3.2032e-02
-3.2781e-02
-3.3374e-02
-3.3586e-02
-3.3450e-02
-3.3035e-02
-3.2725e-02
-3.2430e-02
-3.2000e-02
-3.1392e-02
-3.0573e-02
-2.9515e-02
-2.8366e-02
-2.7462e-02
-2.6788e-02
-2.5683e-02
-2.4144e-02
-2.2401e-02
-2.0741e-02
-1.9429e-02
-1.8494e-02
-1.7726e-02
-1.7256e-02
-1.7164e-02
-1.7373e-02
-1.7920e-02
-1.8768e-02
-1.9726e-02
-2.0806e-02
-2.2119e-02
-2.3126e-02
-2.3615e-02
-2.3979e-02
-2.4667e-02
-2.5492e-02
-2.6165e-02
-2.6692e-02
-2.6643e-02
-2.5990e-02
-2.4933e-02
-2.3547e-02
-2.1747e-02
-1.9691e-02
-1.7525e-02
-1.5278e-02
-1.2683e-02
-9.9951e-03
-7.3833e-03
-4.8183e-03
-2.2849e-03
2.2239e-04
2.7770e-03
5.3788e-03
7.6692e-03
9.9476e-03
1.2517e-02
1.4990e-02
1.7260e-02
1.9633e-02
2.1593e-02
2.3033e-02
2.4336e-02
2.5229e-02
2.5533e-02
2.5044e-02
2.3879e-02
2.2491e-02
2.1024e-02
1.9547e-02
1.8110e-02
1.6454e-02
1.4611e-02
1.2891e-02
1.1299e-02
9.6290e-03
7.5708e-03
5.5237e-03
3.9257e-03
3.1203e-03
2.7008e-03
2.2212e-03
1.5546e-03
8.6215e-04
1.5494e-04
-7.1892e-04
-1.5484e-03
-1.7639e-03
-1.1349e-03
-7.4916e-05
1.1081e-03
2.1611e-03
2.7254e-03
2.9259e-03
3.0129e-03
3.0130e-03
3.1777e-03
3.8215e-03
4.6150e-03
5.2097e-03
5.5857e-03
6.3160e-03
7.5096e-03
9.0179e-03
1.0773e-02
1.2512e-02
1.4075e-02
1.5692e-02
1.7559e-02
1.9693e-02
2.1898e-02
2.4568e-02
2.7324e-02
2.9988e-02
3.2630e-02
3.5233e-02
3.7706e-02
3.9831e-02
4.1518e-02
4.3010e-02
4.4362e-02
4.5443e-02
4.5999e-02
4.6137e-02
4.6015e-02
4.5894e-02
4.6030e-02
4.6165e-02
4.5749e-02
4.4764e-02
4.3100e-02
4.1072e-02
3.8568e-02
3.5830e-02
3.3237e-02
3.0604e-02
2.7583e-02
2.3679e-02
1.9344e-02
1.5614e-02
1.2876e-02
1.0849e-02
8.4537e-03
5.3614e-03
2.0693e-03
-9.8577e-04
-3.8001e-03
-6.5873e-03
-9.1254e-03
-1.1480e-02
-1.3917e-02
-1.6323e-02
-1.8606e-02
-2.0722e-02
-2.2772e-02
-2.4494e-02
-2.5860e-02
-2.7286e-02
-2.8914e-02
-3.0431e-02
-3.1613e-02
-3.2195e-02
-3.1858e-02
-3.0864e-02
-3.0152e-02
-3.0434e-02
-3.1451e-02
-3.1927e-02
-3.1679e-02
-3.0884e-02
-2.9820e-02
-2.8638e-02
-2.7214e-02
-2.5747e-02
-2.4468e-02
-2.3389e-02
-2.2366e-02
-2.1405e-02
-2.0304e-02
-1.9124e-02
-1.7967e-02
-1.6982e-02
-1.5976e-02
-1.4978e-02
-1.4212e-02
-1.3739e-02
-1.3414e-02
-1.2883e-02
-1.2222e-02
-1.1642e-02
-1.1339e-02
-1.1518e-02
-1.1993e-02
-1.2611e-02
-1.3080e-02
-1.3422e-02
-1.3745e-02
-1.4219e-02
-1.4570e-02
-1.4744e-02
-1.4706e-02
-1.4509e-02
-1.4339e-02
-1.4169e-02
-1.4034e-02
-1.3799e-02
-1.3366e-02
-1.2911e-02
-1.2474e-02
-1.1948e-02
-1.1362e-02
-1.0886e-02
-1.0345e-02
-9.5784e-03
-8.7207e-03
-7.9292e-03
-7.2938e-03
-6.4886e-03
-5.6258e-03
-4.7583e-03
-3.9730e-03
-3.2762e-03
-2.6777e-03
-2.5110e-03
-2.7379e-03
-3.0603e-03
-3.4481e-03
-3.9836e-03
-4.8624e-03
-6.2039e-03
-7.7651e-03
-9.0981e-03
-1.0083e-02
-1.1081e-02
-1.1897e-02
-1.2800e-02
-1.3831e-02
-1.5239e-02
-1.7064e-02
-1.8483e-02
-1.8784e-02
-1.7884e-02
-1.6615e-02
-1.5603e-02
-1.4771e-02
-1.3771e-02
-1.2760e-02
-1.1667e-02
-1.0012e-02
-7.7297e-03
-5.2086e-03
-2.5602e-03
1.1525e-05
2.1437e-03
4.1981e-03
6.3520e-03
8.3216e-03
1.0081e-02
1.1757e-02
1.3328e-02
1.4768e-02
1.6353e-02
1.8319e-02
2.0529e-02
2.2394e-02
2.3697e-02
2.4195e-02
2.4307e-02
2.4777e-02
2.5629e-02
2.6405e-02
2.6753e-02
2.6691e-02
2.6394e-02
2.5790e-02
2.4948e-02
2.3807e-02
2.2537e-02
2.1072e-02
1.9278e-02
1.7176e-02
1.4941e-02
1.2609e-02
9.8548e-03
6.7033e-03
3.5365e-03
3.2518e-04
-3.0611e-03
-6.4220e-03
-9.6203e-03
-1.2760e-02
-1.5854e-02
-1.9071e-02
-2.2066e-02
-2.4341e-02
-2.6020e-02
-2.7552e-02
-2.8823e-02
-2.9723e-02
-3.0244e-02
-3.0244e-02
-2.9793e-02
-2.9055e-02
-2.7963e-02
-2.6771e-02
-2.5396e-02
-2.4080e-02
-2.3040e-02
-2.2046e-02
-2.0835e-02
-1.9172e-02
-1.7440e-02
-1.5609e-02
-1.3818e-02
-1.2256e-02
-1.0955e-02
-9.6640e-03
-8.0082e-03
-6.2247e-03
-4.1460e-03
-2.0105e-03
-6.9989e-05
1.6277e-03
3.1362e-03
4.4596e-03
6.0087e-03
7.8426e-03
9.7496e-03
1.1395e-02
1.2776e-02
1.4219e-02
1.5589e-02
1.6692e-02
1.7725e-02
1.8649e-02
1.9219e-02
1.9112e-02
1.8580e-02
1.7941e-02
1.7900e-02
1.8795e-02
2.0102e-02
2.0953e-02
2.1044e-02
2.0587e-02
1.9856e-02
1.9218e-02
1.8665e-02
1.7931e-02
1.7170e-02
1.6665e-02
1.6440e-02
1.6282e-02
1.5833e-02
1.5121e-02
1.4348e-02
1.3640e-02
1.2725e-02
1.1639e-02
1.0637e-02
9.8064e-03
9.0842e-03
8.5726e-03
7.6410e-03
5.9735e-03
3.5916e-03
8.2911e-04
-1.6212e-03
-3.1309e-03
-4.1583e-03
-5.3006e-03
-6.8258e-03
-8.7253e-03
-1.0803e-02
-1.2932e-02
-1.4798e-02
-1.6203e-02
-1.7281e-02
-1.8391e-02
-1.9562e-02
-2.0573e-02
-2.1483e-02
-2.2514e-02
-2.2938e-02
-2.2978e-02
-2.2912e-02
-2.2706e-02
-2.2512e-02
-2.2320e-02
-2.2024e-02
-2.1602e-02
-2.1008e-02
-2.0652e-02
-2.0803e-02
-2.0914e-02
-2.1016e-02
-2.1326e-02
-2.2004e-02
-2.2790e-02
-2.3511e-02
-2.4161e-02
-2.4939e-02
-2.5836e-02
-2.7030e-02
-2.8601e-02
-3.0077e-02
-3.1560e-02
-3.2969e-02
-3.4202e-02
-3.5407e-02
-3.6472e-02
-3.7512e-02
-3.8296e-02
-3.8459e-02
-3.8146e-02
-3.7619e-02
-3.6968e-02
-3.6359e-02
-3.5671e-02
-3.4498e-02
-3.2779e-02
-3.0849e-02
-2.9500e-02
-2.8260e-02
-2.6560e-02
-2.4169e-02
-2.1362e-02
-1.8415e-02
-1.5277e-02
-1.1904e-02
-8.6045e-03
-5.4837e-03
-2.4201e-03
5.7060e-04
3.5859e-03
6.6841e-03
9.4508e-03
1.1590e-02
1.3741e-02
1.6535e-02
1.9856e-02
2.3151e-02
2.5793e-02
2.7844e-02
2.9541e-02
3.1212e-02
3.2779e-02
3.4248e-02
3.5572e-02
3.6752e-02
3.7780e-02
3.8819e-02
3.9940e-02
4.0983e-02
4.1618e-02
4.1860e-02
4.1722e-02
4.1172e-02
4.0339e-02
3.9648e-02
3.9223e-02
3.8745e-02
3.8394e-02
3.8266e-02
3.7530e-02
3.5590e-02
3.2746e-02
2.9944e-02
2.7648e-02
2.5954e-02
2.4369e-02
2.2413e-02
2.0134e-02
1.7651e-02
1.5433e-02
1.3717e-02
1.2670e-02
1.2136e-02
1.1417e-02
1.0233e-02
8.9070e-03
7.6974e-03
6.7847e-03
6.2381e-03
5.7686e-03
5.2758e-03
4.5326e-03
4.0234e-03
3.5569e-03
2.8657e-03
2.2492e-03
1.8671e-03
1.3739e-03
6.4519e-04
-2.0992e-04
-9.8840e-04
-1.9632e-03
-2.8669e-03
-3.2377e-03
-3.5845e-03
-4.3674e-03
-5.2366e-03
-5.7924e-03
-5.8746e-03
-5.5098e-03
-4.8723e-03
-4.2067e-03
-3.5404e-03
-2.9899e-03
-2.2377e-03
-1.2432e-03
-3.3396e-04
2.1111e-04
4.6003e-04
8.2953e-04
1.5426e-03
2.4047e-03
3.2744e-03
4.2118e-03
5.0613e-03
5.5523e-03
5.8219e-03
6.1139e-03
6.3166e-03
6.2658e-03
6.2279e-03
6.4092e-03
7.1071e-03
8.2937e-03
9.5540e-03
1.0798e-02
1.1991e-02
1.2927e-02
1.3637e-02
1.4395e-02
1.5457e-02
1.6504e-02
1.6890e-02
1.6892e-02
1.6984e-02
1.7632e-02
1.8618e-02
1.9387e-02
1.9592e-02
1.9119e-02
1.8418e-02
1.7938e-02
1.7530e-02
1.7168e-02
1.6886e-02
1.6395e-02
1.5796e-02
1.5365e-02
1.4584e-02
1.3282e-02
1.1800e-02
1.0562e-02
9.8196e-03
9.6728e-03
9.6024e-03
9.3154e-03
8.9480e-03
8.6585e-03
8.2725e-03
7.6594e-03
6.4343e-03
4.3972e-03
1.9554e-03
-5.1561e-04
-2.0342e-03
-2.8253e-03
-3.8215e-03
-5.2359e-03
-6.9706e-03
-9.0869e-03
-1.1348e-02
-1.3329e-02
-1.5237e-02
-1.7135e-02
-1.8842e-02
-2.0893e-02
-2.3540e-02
-2.5858e-02
-2.7842e-02
-2.9951e-02
-3.2082e-02
-3.4614e-02
-3.7590e-02
-4.0393e-02
-4.2543e-02
-4.3930e-02
-4.4938e-02
-4.6027e-02
-4.7554e-02
-4.8955e-02
-4.9948e-02
-5.0335e-02
-5.0584e-02
-5.0726e-02
-5.0728e-02
-5.0422e-02
-4.9716e-02
-4.8467e-02
-4.6490e-02
-4.4100e-02
-4.1729e-02
-3.9532e-02
-3.7438e-02
-3.5318e-02
-3.2747e-02
-3.0106e-02
-2.7641e-02
-2.4892e-02
-2.1809e-02
-1.8510e-02
-1.5324e-02
-1.2380e-02
-9.6483e-03
-7.0206e-03
-4.2203e-03
-1.2321e-03
1.7726e-03
4.6315e-03
7.0742e-03
8.9409e-03
1.0591e-02
1.2522e-02
1.4299e-02
1.6567e-02
1.8736e-02
2.0058e-02
2.0755e-02
2.1405e-02
2.2194e-02
2.3259e-02
2.4265e-02
2.4413e-02
2.3757e-02
2.2888e-02
2.2654e-02
2.3099e-02
2.3238e-02
2.2834e-02
2.1962e-02
2.0851e-02
1.9923e-02
1.9238e-02
1.8588e-02
1.7723e-02
1.6863e-02
1.5657e-02
1.4293e-02
1.3097e-02
1.2421e-02
1.2062e-02
1.1822e-02
1.1333e-02
1.0414e-02
9.0522e-03
7.4690e-03
5.9510e-03
4.6923e-03
3.6242e-03
2.1720e-03
-3.3157e-04
-3.7877e-03
-7.4689e-03
-1.0759e-02
-1.3673e-02
-1.6453e-02
-1.9466e-02
-2.2524e-02
-2.5564e-02
-2.8325e-02
-3.0793e-02
-3.2795e-02
-3.4338e-02
-3.5799e-02
-3.7433e-02
-3.8998e-02
-4.0028e-02
-4.0659e-02
-4.0977e-02
-4.1382e-02
-4.1592e-02
-4.1313e-02
-4.0871e-02
-4.0423e-02
-3.9812e-02
-3.8907e-02
-3.7627e-02
-3.6254e-02
-3.4779e-02
-3.3141e-02
-3.1192e-02
-2.9112e-02
-2.7021e-02
-2.4893e-02
-2.2761e-02
-2.0417e-02
-1.7900e-02
-1.5434e-02
-1.3291e-02
-1.1110e-02
-8.4197e-03
-5.1425e-03
-1.5998e-03
1.7718e-03
4.9337e-03
7.8202e-03
1.0659e-02
1.3622e-02
1.6533e-02
1.9151e-02
2.1485e-02
2.3402e-02
2.4823e-02
2.6025e-02
2.7285e-02
2.8498e-02
2.9163e-02
2.9655e-02
3.0211e-02
3.0627e-02
3.0895e-02
3.0979e-02
3.0789e-02
3.0515e-02
3.0147e-02
2.9459e-02
2.8397e-02
2.7255e-02
2.5992e-02
2.4800e-02
2.3490e-02
2.2008e-02
2.0143e-02
1.7900e-02
1.5778e-02
1.4165e-02
1.3321e-02
1.2633e-02
1.1463e-02
9.7079e-03
7.4866e-03
5.2715e-03
3.4360e-03
1.7911e-03
5.7835e-05
-1.8260e-03
-3.8240e-03
-5.7202e-03
-7.1613e-03
-8.1068e-03
-8.8257e-03
-9.4106e-03
-9.6394e-03
-9.3788e-03
-9.0673e-03
-8.8884e-03
-8.5620e-03
-7.7352e-03
-6.1838e-03
-4.2838e-03
-2.5812e-03
-1.5576e-03
-9.0152e-04
-9.0229e-05
1.3846e-03
3.4257e-03
5.3731e-03
7.2981e-03
9.4469e-03
1.1787e-02
1.4258e-02
1.6624e-02
1.8623e-02
2.0080e-02
2.0994e-02
2.1720e-02
2.2830e-02
2.4404e-02
2.5892e-02
2.7051e-02
2.7890e-02
2.8326e-02
2.8363e-02
2.8251e-02
2.8086e-02
2.8029e-02
2.8126e-02
2.8369e-02
2.8342e-02
2.7688e-02
2.6621e-02
2.5750e-02
2.5260e-02
2.4873e-02
2.4329e-02
2.3655e-02
2.2781e-02
2.1798e-02
2.0623e-02
1.9144e-02
1.7492e-02
1.5710e-02
1.3829e-02
1.1688e-02
9.1184e-03
6.2071e-03
3.4954e-03
8.3825e-04
-1.7648e-03
-4.4269e-03
-7.4665e-03
-1.0923e-02
-1.4483e-02
-1.7823e-02
-2.1266e-02
-2.4765e-02
-2.8365e-02
-3.1847e-02
-3.4896e-02
-3.7748e-02
-4.0867e-02
-4.4001e-02
-4.6814e-02
-4.9200e-02
-5.1299e-02
-5.3124e-02
-5.4743e-02
-5.6185e-02
-5.7420e-02
-5.8394e-02
-5.8735e-02
-5.8934e-02
-5.9485e-02
-6.0065e-02
-6.0190e-02
-5.9552e-02
-5.8327e-02
-5.6653e-02
-5.4725e-02
-5.2964e-02
-5.1546e-02
-5.0356e-02
-4.8934e-02
-4.7155e-02
-4.5412e-02
-4.3954e-02
-4.2493e-02
-4.1147e-02
-3.9486e-02
-3.7489e-02
-3.5472e-02
-3.3639e-02
-3.2002e-02
-3.0789e-02
-2.9678e-02
-2.8422e-02
-2.6559e-02
-2.4242e-02
-2.1710e-02
-1.9124e-02
-1.6882e-02
-1.5423e-02
-1.4680e-02
-1.4098e-02
-1.3210e-02
-1.1943e-02
-1.0306e-02
-8.6193e-03
-7.1330e-03
-5.8711e-03
-5.2163e-03
-5.1000e-03
-4.6989e-03
-3.5331e-03
-2.3381e-03
-1.6585e-03
-1.3527e-03
-1.2204e-03
-1.0620e-03
-5.4081e-04
1.3436e-04
3.9882e-04
5.1957e-04
8.5577e-04
1.6965e-03
2.7609e-03
3.5284e-03
4.0429e-03
4.3948e-03
4.8360e-03
5.4957e-03
6.3922e-03
7.2268e-03
7.8512e-03
8.5430e-03
9.5854e-03
1.1070e-02
1.2608e-02
1.3843e-02
1.4975e-02
1.6235e-02
1.7565e-02
1.8996e-02
2.0556e-02
2.2297e-02
2.3804e-02
2.5045e-02
2.6493e-02
2.7873e-02
2.9173e-02
3.0602e-02
3.2306e-02
3.3965e-02
3.5515e-02
3.7003e-02
3.8412e-02
3.9805e-02
4.0998e-02
4.1930e-02
4.2664e-02
4.2882e-02
4.2679e-02
4.2229e-02
4.1683e-02
4.0800e-02
3.9735e-02
3.8555e-02
3.7282e-02
3.6016e-02
3.4927e-02
3.3785e-02
3.2560e-02
3.1103e-02
2.9353e-02
2.7701e-02
2.6621e-02
2.6445e-02
2.6394e-02
2.5808e-02
2.5059e-02
2.4787e-02
2.4624e-02
2.4167e-02
2.3475e-02
2.2533e-02
2.1681e-02
2.1152e-02
2.0784e-02
2.0459e-02
1.9938e-02
1.9190e-02
1.8431e-02
1.8000e-02
1.8057e-02
1.8186e-02
1.7947e-02
1.7307e-02
1.6615e-02
1.6243e-02
1.6011e-02
1.5541e-02
1.4339e-02
1.2377e-02
1.0406e-02
9.1427e-03
8.1695e-03
7.5729e-03
7.4349e-03
7.3241e-03
6.8824e-03
6.6669e-03
6.4358e-03
5.9728e-03
5.7615e-03
5.9447e-03
6.4577e-03
7.0992e-03
7.5671e-03
7.6949e-03
7.6284e-03
7.6591e-03
7.8700e-03
8.0025e-03
7.8034e-03
7.2815e-03
6.6343e-03
6.0288e-03
5.4480e-03
4.5953e-03
3.3810e-03
1.9295e-03
1.7261e-04
-1.5769e-03
-3.1691e-03
-4.6814e-03
-6.2474e-03
-7.8421e-03
-9.1544e-03
-1.0310e-02
-1.1658e-02
-1.3425e-02
-1.5426e-02
-1.7161e-02
-1.8466e-02
-1.9235e-02
-1.9708e-02
-2.0099e-02
-2.0465e-02
-2.0740e-02
-2.1348e-02
-2.1871e-02
-2.2017e-02
-2.1998e-02
-2.2290e-02
-2.2623e-02
-2.2816e-02
-2.2920e-02
-2.2928e-02
-2.2629e-02
-2.2196e-02
-2.2030e-02
-2.2185e-02
-2.2461e-02
-2.2640e-02
-2.2818e-02
-2.2732e-02
-2.2520e-02
-2.2583e-02
-2.2854e-02
-2.3149e-02
-2.3256e-02
-2.3343e-02
-2.3404e-02
-2.3733e-02
-2.4161e-02
-2.4423e-02
-2.4161e-02
-2.3578e-02
-2.2870e-02
-2.2280e-02
-2.1886e-02
-2.1738e-02
-2.1485e-02
-2.1039e-02
-2.0586e-02
-2.0405e-02
-2.0426e-02
-2.0525e-02
-2.0569e-02
-2.0531e-02
-2.0162e-02
-1.9661e-02
-1.9230e-02
-1.9079e-02
-1.9278e-02
-1.9795e-02
-2.0544e-02
-2.0815e-02
-2.0187e-02
-1.9187e-02
-1.8640e-02
-1.9162e-02
-2.0551e-02
-2.2010e-02
-2.2933e-02
-2.3056e-02
-2.2644e-02
-2.2232e-02
-2.2047e-02
-2.2150e-02
-2.2241e-02
-2.2188e-02
-2.1889e-02
-2.1356e-02
-2.0855e-02
-2.0497e-02
-2.0017e-02
-1.9031e-02
-1.7784e-02
-1.6719e-02
-1.5601e-02
-1.4260e-02
-1.2702e-02
-1.0839e-02
-9.0004e-03
-7.2555e-03
-5.4216e-03
-3.2270e-03
-8.7230e-04
1.1566e-03
2.8987e-03
4.6376e-03
6.6151e-03
8.5351e-03
1.0243e-02
1.1665e-02
1.2755e-02
1.3653e-02
1.4678e-02
1.5747e-02
1.6413e-02
1.7037e-02
1.7618e-02
1.7890e-02
1.7845e-02
1.7582e-02
1.7083e-02
1.6143e-02
1.4894e-02
1.3735e-02
1.2448e-02
1.1031e-02
9.8274e-03
8.6714e-03
7.5302e-03
6.3653e-03
5.0340e-03
3.3957e-03
1.6525e-03
-5.5820e-05
-1.3851e-03
-2.4919e-03
-3.3046e-03
-3.7827e-03
-4.3559e-03
-5.0911e-03
-5.6897e-03
-6.2078e-03
-6.5237e-03
-6.5026e-03
-6.4364e-03
-6.3783e-03
-6.6464e-03
-7.4105e-03
-8.3700e-03
-8.9061e-03
-8.4620e-03
-7.3712e-03
-5.8787e-03
-4.2854e-03
-3.1029e-03
-2.7099e-03
-2.5278e-03
-2.0844e-03
-1.4161e-03
-4.2529e-04
9.1889e-04
2.4984e-03
3.8863e-03
5.1339e-03
6.5042e-03
8.1561e-03
1.0174e-02
1.2117e-02
1.3806e-02
1.5353e-02
1.6747e-02
1.7944e-02
1.9392e-02
2.1557e-02
2.3392e-02
2.3942e-02
2.3566e-02
2.2704e-02
2.1977e-02
2.1680e-02
2.1573e-02
2.1435e-02
2.0975e-02
2.0515e-02
2.0142e-02
1.9694e-02
1.9254e-02
1.8845e-02
1.8588e-02
1.8388e-02
1.8003e-02
1.7103e-02
1.6067e-02
1.5508e-02
1.5348e-02
1.5212e-02
1.4909e-02
1.4656e-02
1.4323e-02
1.3820e-02
1.3546e-02
1.3403e-02
1.2770e-02
1.1809e-02
1.1023e-02
1.0593e-02
1.0452e-02
1.0375e-02
1.0022e-02
9.3585e-03
8.7070e-03
8.3904e-03
8.3279e-03
8.3340e-03
8.2754e-03
8.1236e-03
7.8539e-03
7.9363e-03
8.1324e-03
8.2993e-03
8.5317e-03
8.7607e-03
9.0561e-03
9.5865e-03
1.0152e-02
1.0492e-02
1.0559e-02
1.0509e-02
1.0519e-02
1.0369e-02
1.0152e-02
9.9959e-03
9.5855e-03
9.3300e-03
9.4181e-03
9.6428e-03
9.6451e-03
9.3322e-03
8.7957e-03
8.4425e-03
8.1400e-03
7.8210e-03
7.3077e-03
6.9913e-03
7.0296e-03
7.1398e-03
6.7023e-03
5.5749e-03
4.5056e-03
4.0850e-03
4.4601e-03
5.3208e-03
6.0469e-03
6.1986e-03
5.8015e-03
5.2841e-03
5.1607e-03
5.4713e-03
5.8085e-03
6.0829e-03
6.3408e-03
6.6143e-03
6.7942e-03
7.0290e-03
7.2451e-03
7.7416e-03
8.5705e-03
9.5654e-03
1.0235e-02
1.0441e-02
1.0592e-02
1.1203e-02
1.1972e-02
1.2459e-02
1.2068e-02
1.1117e-02
1.0379e-02
1.0000e-02
9.7938e-03
9.6110e-03
9.0722e-03
8.5049e-03
8.1793e-03
7.8344e-03
7.3109e-03
6.4431e-03
5.3436e-03
4.1998e-03
3.0232e-03
1.7192e-03
4.4202e-04
-6.9096e-04
-1.8375e-03
-3.2078e-03
-4.5995e-03
-5.7419e-03
-6.4955e-03
-7.1818e-03
-8.1090e-03
-9.1478e-03
-1.0222e-02
-1.1241e-02
-1.1942e-02
-1.2602e-02
-1.3100e-02
-1.3258e-02
-1.3087e-02
-1.2816e-02
-1.2467e-02
-1.1942e-02
-1.1349e-02
-1.0749e-02
-9.9025e-03
-9.0214e-03
-7.9393e-03
-6.4900e-03
-4.7233e-03
-2.9111e-03
-1.4398e-03
1.3138e-05
1.5893e-03
3.2867e-03
4.8597e-03
5.9122e-03
6.8745e-03
8.3796e-03
1.0282e-02
1.2128e-02
1.3940e-02
1.5687e-02
1.7272e-02
1.8564e-02
1.9472e-02
2.0260e-02
2.0829e-02
2.1194e-02
2.1516e-02
2.2036e-02
2.2853e-02
2.3487e-02
2.3553e-02
2.3346e-02
2.3266e-02
2.3164e-02
2.2941e-02
2.2628e-02
2.2069e-02
2.0979e-02
1.9647e-02
1.8941e-02
1.9116e-02
1.9567e-02
2.0025e-02
2.0088e-02
1.9650e-02
1.8887e-02
1.8160e-02
1.7664e-02
1.7219e-02
1.6795e-02
1.6323e-02
1.5700e-02
1.5121e-02
1.4707e-02
1.4620e-02
1.4762e-02
1.4716e-02
1.4885e-02
1.5212e-02
1.5518e-02
1.5805e-02
1.6300e-02
1.7100e-02
1.7982e-02
1.8678e-02
1.8922e-02
1.8486e-02
1.7633e-02
1.6723e-02
1.6086e-02
1.5501e-02
1.5219e-02
1.5354e-02
1.5278e-02
1.4875e-02
1.4360e-02
1.3658e-02
1.2812e-02
1.1886e-02
1.1085e-02
1.0560e-02
1.0265e-02
1.0020e-02
9.2907e-03
8.0641e-03
6.8886e-03
5.8501e-03
4.9941e-03
4.3502e-03
3.7281e-03
2.8480e-03
2.0468e-03
1.3857e-03
6.6630e-04
-2.8395e-04
-9.3813e-04
-1.2839e-03
-1.4759e-03
-1.5140e-03
-1.3970e-03
-1.1409e-03
-9.8291e-04
-8.7511e-04
-7.5091e-04
-6.1862e-04
-4.3317e-04
-1.8160e-05
5.8439e-04
1.1317e-03
1.7578e-03
2.5741e-03
3.4188e-03
4.2013e-03
4.6748e-03
4.8817e-03
5.0290e-03
5.4169e-03
5.9381e-03
6.2313e-03
6.3077e-03
6.1515e-03
5.7399e-03
5.6249e-03
5.7977e-03
6.0934e-03
6.1283e-03
5.8733e-03
5.5327e-03
5.9552e-03
5.1322e-03
4.3089e-03
3.3970e-03
2.1322e-03
9.5625e-04
-2.1775e-04
-1.8789e-03
-3.7541e-03
-5.7650e-03
-8.3558e-03
-1.0710e-02
-1.1975e-02
-1.2316e-02
-1.2388e-02
-1.2535e-02
-1.2877e-02
-1.3575e-02
-1.4604e-02
-1.5484e-02
-1.5817e-02
-1.5767e-02
-1.5735e-02
-1.5742e-02
-1.5758e-02
-1.5756e-02
-1.5801e-02
-1.5739e-02
-1.5613e-02
-1.5401e-02
-1.4840e-02
-1.4181e-02
-1.3311e-02
-1.2444e-02
-1.1479e-02
-1.0440e-02
-9.3765e-03
-8.9992e-03
-9.2370e-03
-9.5953e-03
-9.5769e-03
-9.2291e-03
-8.9447e-03
-8.9575e-03
-9.0392e-03
-9.1338e-03
-9.2477e-03
-9.1533e-03
-8.7684e-03
-8.5517e-03
-8.8312e-03
-9.7014e-03
-1.0551e-02
-1.1298e-02
-1.2002e-02
-1.2381e-02
-1.2672e-02
-1.3230e-02
-1.3682e-02
-1.3760e-02
-1.3707e-02
-1.3768e-02
-1.4026e-02
-1.4439e-02
-1.4899e-02
-1.5254e-02
-1.5135e-02
-1.4742e-02
-1.4366e-02
-1.4163e-02
-1.3908e-02
-1.3619e-02
-1.3288e-02
-1.2706e-02
-1.2189e-02
-1.1758e-02
-1.1164e-02
-1.0563e-02
-1.0370e-02
-1.0623e-02
-1.0912e-02
-1.1109e-02
-1.1347e-02
-1.1188e-02
-1.1145e-02
-1.1712e-02
-1.2403e-02
-1.2863e-02
-1.3107e-02
-1.3274e-02
-1.3323e-02
-1.3371e-02
-1.3519e-02
-1.3675e-02
-1.3602e-02
-1.3377e-02
-1.2919e-02
-1.2406e-02
-1.1871e-02
-1.1222e-02
-1.0468e-02
-1.0089e-02
-1.0011e-02
-9.7267e-03
-9.2799e-03
-8.8748e-03
-8.7916e-03
-9.0692e-03
-9.6038e-03
-1.0556e-02
-1.1586e-02
-1.2028e-02
-1.1879e-02
-1.1040e-02
-9.7593e-03
-8.9819e-03
-8.7939e-03
-8.6620e-03
-8.3356e-03
-8.0113e-03
-7.6507e-03
-7.1843e-03
-6.9764e-03
-6.7264e-03
-6.4252e-03
-6.0766e-03
-5.5203e-03
-5.0969e-03
-5.0440e-03
-5.1195e-03
-4.8495e-03
-4.2693e-03
-3.7344e-03
-3.2491e-03
-2.7948e-03
-2.8568e-03
-3.6539e-03
-4.7356e-03
-5.8321e-03
-6.6731e-03
-7.1588e-03
-7.4755e-03
-7.7636e-03
-8.1781e-03
-8.7693e-03
-9.4242e-03
-1.0067e-02
-1.0322e-02
-1.0213e-02
-9.8051e-03
-9.3415e-03
-9.0628e-03
-8.9108e-03
-8.7576e-03
-8.7243e-03
-8.4872e-03
-8.0635e-03
-7.4067e-03
-6.7071e-03
-6.0295e-03
-5.4034e-03
-4.7377e-03
-4.0794e-03
-3.4549e-03
-2.8105e-03
-2.4322e-03
-2.2457e-03
-1.9736e-03
-1.6407e-03
-1.2389e-03
-8.6606e-04
-6.1620e-04
-4.6387e-04
-4.1876e-04
-1.3943e-04
4.1766e-04
8.3162e-04
1.0891e-03
1.1556e-03
1.1910e-03
1.1552e-03
1.2210e-03
1.4603e-03
1.8045e-03
2.2924e-03
2.6744e-03
2.7980e-03
2.6136e-03
2.4089e-03
2.4112e-03
2.3933e-03
2.3963e-03
2.4273e-03
2.3753e-03
2.1396e-03
1.8599e-03
1.7207e-03
1.7773e-03
1.9558e-03
2.4554e-03
2.9961e-03
3.3562e-03
3.7653e-03
4.1898e-03
4.5089e-03
4.7401e-03
5.1394e-03
5.7425e-03
6.1895e-03
6.1654e-03
6.1753e-03
6.6517e-03
7.5438e-03
8.4771e-03
9.1272e-03
9.5625e-03
9.8783e-03
9.7792e-03
9.5692e-03
9.4771e-03
9.3994e-03
9.4495e-03
9.7746e-03
1.0148e-02
1.0293e-02
1.0192e-02
9.9842e-03
9.6453e-03
9.2454e-03
9.1478e-03
9.2705e-03
9.4995e-03
9.8710e-03
1.0343e-02
1.0738e-02
1.0765e-02
1.0322e-02
9.5365e-03
8.8573e-03
8.5540e-03
8.5613e-03
8.7320e-03
8.7692e-03
8.4988e-03
8.0493e-03
7.5518e-03
6.9988e-03
6.3745e-03
6.0265e-03
6.0638e-03
6.2220e-03
6.3160e-03
6.1773e-03
5.9977e-03
5.7323e-03
5.3754e-03
5.0832e-03
4.9156e-03
4.8453e-03
4.7376e-03
4.4071e-03
3.9696e-03
3.6196e-03
3.4672e-03
3.4663e-03
3.5120e-03
3.4960e-03
3.2966e-03
2.9246e-03
2.4941e-03
2.1615e-03
1.8881e-03
1.5536e-03
1.1057e-03
6.2367e-04
1.6158e-04
-3.1901e-04
-7.3510e-04
-1.0325e-03
-1.3633e-03
-1.7237e-03
-2.0535e-03
-2.3280e-03
-2.5547e-03
-2.7638e-03
-3.0606e-03
-3.2980e-03
-3.5404e-03
-3.7491e-03
-4.0834e-03
-4.4979e-03
-4.8418e-03
-5.0506e-03
-5.1430e-03
-5.1247e-03
-5.1151e-03
-5.1641e-03
-5.2654e-03
-5.2841e-03
-5.1406e-03
-4.8977e-03
-4.7085e-03
-4.6953e-03
-4.7779e-03
-4.8397e-03
-4.9859e-03
-5.1671e-03
-5.3292e-03
-5.5406e-03
-5.7963e-03
-6.1570e-03
-6.3923e-03
-6.2590e-03
-5.8488e-03
-5.3480e-03
-4.9573e-03
-4.6722e-03
-4.3687e-03
-4.0378e-03
-3.6723e-03
-3.3192e-03
-3.0824e-03
-2.8772e-03
-2.7329e-03
-2.6287e-03
-2.4362e-03
-2.1391e-03
-1.7482e-03
-1.4277e-03
-1.2111e-03
-1.0257e-03
-8.5624e-04
-7.1885e-04
-5.6474e-04
-4.0555e-04
-2.1624e-04
-1.7245e-04
-3.7133e-04
-6.8370e-04
-9.0264e-04
-9.0653e-04
-8.3877e-04
-7.8109e-04
-6.4173e-04
-4.3503e-04
-2.8754e-04
-3.0320e-04
-3.8834e-04
-4.7596e-04
-5.3068e-04
-6.0187e-04
-7.3109e-04
-8.4917e-04
-9.0817e-04
-8.8009e-04
-8.4207e-04
-8.7838e-04
-9.9497e-04
-1.1380e-03
-1.2651e-03
-1.3443e-03
-1.4261e-03
-1.5183e-03
-1.6202e-03
-1.7262e-03
-1.7977e-03
-1.8129e-03
-1.8528e-03
-1.9447e-03
-2.0229e-03
-2.0453e-03
-1.9982e-03
-1.9548e-03
-1.8992e-03
-1.8354e-03
-1.8090e-03
-1.7591e-03
-1.6492e-03
-1.5210e-03
-1.4059e-03
-1.3040e-03
-1.2068e-03
-1.1035e-03
-9.6785e-04
-8.0456e-04
-6.6216e-04
-5.6851e-04
-4.9916e-04
-4.4130e-04
-4.0444e-04
-3.5830e-04
-2.9624e-04
-2.2336e-04
-1.5391e-04
-7.8096e-05
-1.7242e-05
1.5288e-05
3.6087e-05
5.1728e-05
8.5062e-05
1.2462e-04
1.4266e-04
1.4053e-04
1.2511e-04
1.0465e-04
9.3470e-05
8.9799e-05
8.9455e-05
7.5768e-05
3.7089e-05
-1.7879e-06
-2.0605e-06
4.7596e-05
1.2044e-04
1.7142e-04
1.8653e-04
1.7433e-04
1.6163e-04
1.7307e-04
1.9867e-04
2.2502e-04
2.4627e-04
2.6448e-04
2.7579e-04
2.8673e-04
2.9801e-04
3.0758e-04
3.1700e-04
3.2163e-04
3.1326e-04
2.9630e-04
2.8475e-04
2.7796e-04
2.9018e-04
3.1948e-04
3.3613e-04
3.2483e-04
2.9629e-04
2.6878e-04
2.5504e-04
2.5690e-04
2.6861e-04
2.7843e-04
2.8454e-04
2.8771e-04
2.9341e-04
3.0777e-04
3.2552e-04
3.3930e-04
3.4939e-04
3.5853e-04
3.6988e-04
3.8327e-04
3.9849e-04
4.1506e-04
4.3076e-04
4.4067e-04
4.4344e-04
4.4259e-04
4.4476e-04
4.5057e-04
4.5754e-04
4.6175e-04
4.6141e-04
4.6045e-04
4.6025e-04
4.5998e-04
4.5899e-04
4.5653e-04
4.5262e-04
4.4768e-04
4.4284e-04
4.3872e-04
4.3497e-04
4.3126e-04
4.2802e-04
4.2441e-04
4.1963e-04
4.1562e-04
4.1276e-04
4.0994e-04
4.0642e-04
4.0279e-04
3.9921e-04
3.9622e-04
3.9361e-04
3.9124e-04
3.8882e-04
3.8653e-04
3.8507e-04
3.8477e-04
3.8440e-04
3.8337e-04
3.8194e-04
3.8039e-04
3.7922e-04
3.7842e-04
3.7802e-04
3.7768e-04
3.7723e-04
3.7674e-04
3.7614e-04
3.7532e-04
3.7445e-04
3.7379e-04
3.7334e-04
3.7284e-04
3.7213e-04
3.7116e-04
3.7012e-04
3.6919e-04
3.6844e-04
3.6776e-04
3.6704e-04
3.6625e-04
3.6537e-04
3.6439e-04
3.6340e-04
3.6242e-04
3.6145e-04
3.6047e-04
3.5947e-04
3.5846e-04
3.5745e-04
3.5646e-04
3.5545e-04
3.5441e-04
3.5336e-04
3.5229e-04
3.5121e-04
3.5011e-04
3.4900e-04
3.4787e-04
3.4674e-04
3.4559e-04
3.4443e-04
3.4326e-04
3.4207e-04
3.4087e-04
3.3966e-04
3.3845e-04
3.3723e-04
3.3599e-04
3.3475e-04
3.3350e-04
3.3224e-04
3.3097e-04
3.2970e-04
3.2841e-04
3.2712e-04
3.2583e-04
3.2453e-04
3.2322e-04
3.2190e-04
3.2058e-04
3.1926e-04
3.1793e-04
3.1659e-04
3.1525e-04
3.1391e-04
3.1255e-04
3.1120e-04
3.0984e-04
3.0847e-04
3.0710e-04
3.0573e-04
3.0435e-04
