-8.3938e-05
-8.4411e-05
-8.4821e-05
-8.5115e-05
-8.5209e-05
-8.4984e-05
-8.4480e-05
-8.3939e-05
-8.3908e-05
-8.5260e-05
-8.8314e-05
-9.4525e-05
-1.0425e-04
-1.1893e-04
-1.3975e-04
-1.6218e-04
-1.8140e-04
-1.9521e-04
-1.8312e-04
-1.3038e-04
-2.6225e-05
1.1310e-04
2.5920e-04
3.7620e-04
4.4727e-04
4.7054e-04
4.6986e-04
4.9215e-04
5.8206e-04
7.5850e-04
1.0254e-03
1.3498e-03
1.7102e-03
1.9748e-03
2.0553e-03
1.9987e-03
1.9049e-03
1.8807e-03
1.8706e-03
1.7229e-03
1.3246e-03
6.6004e-04
-1.4448e-04
-6.8897e-04
-8.7498e-04
-8.0560e-04
-6.8387e-04
-6.9567e-04
-1.0610e-03
-1.8431e-03
-2.8397e-03
-3.6777e-03
-4.0352e-03
-3.6804e-03
-2.8415e-03
-1.7796e-03
-9.2835e-04
-5.0226e-04
-5.3706e-04
-1.0421e-03
-1.4656e-03
-1.0707e-03
-3.1134e-04
4.0832e-04
5.8241e-04
1.3771e-04
-7.5784e-04
-2.1131e-03
-3.3772e-03
-4.3294e-03
-4.7853e-03
-4.6823e-03
-4.1048e-03
-3.3785e-03
-2.4631e-03
-1.3599e-03
6.8363e-05
1.9818e-03
4.4653e-03
7.6576e-03
1.1513e-02
1.5830e-02
2.0124e-02
2.3638e-02
2.5379e-02
2.4419e-02
2.0691e-02
1.3735e-02
3.9832e-03
-6.9379e-03
-1.7300e-02
-2.6078e-02
-3.3259e-02
-3.9401e-02
-4.4153e-02
-4.7069e-02
-4.7467e-02
-4.4506e-02
-3.7730e-02
-2.7816e-02
-1.5810e-02
-3.4058e-03
7.3316e-03
1.5132e-02
1.9912e-02
2.1726e-02
2.1896e-02
2.2120e-02
2.2978e-02
2.4166e-02
2.5041e-02
2.4632e-02
2.2592e-02
1.8745e-02
1.3656e-02
9.0202e-03
5.6686e-03
3.3073e-03
1.6814e-03
3.6480e-04
-6.6791e-04
-1.0394e-03
-4.9677e-04
1.5081e-03
4.4713e-03
7.5678e-03
9.4868e-03
9.3990e-03
7.0708e-03
1.9860e-03
-4.6045e-03
-1.1448e-02
-1.6785e-02
-1.9479e-02
-1.9656e-02
-1.8085e-02
-1.5523e-02
-1.2584e-02
-1.0192e-02
-8.7100e-03
-7.1565e-03
-4.6899e-03
-1.1106e-03
4.2927e-03
1.0664e-02
1.6505e-02
2.0274e-02
2.2032e-02
2.2666e-02
2.2421e-02
2.0925e-02
1.8556e-02
1.5455e-02
1.1761e-02
8.2680e-03
5.4287e-03
4.0550e-03
4.5079e-03
6.2256e-03
8.1706e-03
8.8135e-03
7.1661e-03
2.6181e-03
-5.2839e-03
-1.6471e-02
-2.8550e-02
-3.7765e-02
-4.2738e-02
-4.3582e-02
-4.0283e-02
-3.3281e-02
-2.3672e-02
-1.2304e-02
-7.8941e-04
8.9004e-03
1.6114e-02
2.0532e-02
2.2564e-02
2.2910e-02
2.2390e-02
2.1391e-02
1.9510e-02
1.6190e-02
1.1395e-02
5.2295e-03
-1.7093e-03
-8.3268e-03
-1.3388e-02
-1.6182e-02
-1.6852e-02
-1.5591e-02
-1.3335e-02
-1.0729e-02
-8.2626e-03
-5.6804e-03
-2.9677e-03
-9.2538e-05
2.8472e-03
5.9598e-03
9.1930e-03
1.2110e-02
1.3923e-02
1.3660e-02
1.1121e-02
7.0781e-03
2.7991e-03
-5.6498e-04
-2.6002e-03
-3.3820e-03
-3.6094e-03
-3.8733e-03
-4.3436e-03
-4.5869e-03
-3.8708e-03
-1.7879e-03
8.7904e-04
4.1179e-03
7.6419e-03
1.0398e-02
1.1577e-02
1.1072e-02
8.9469e-03
5.8199e-03
2.2257e-03
-1.7096e-03
-5.3296e-03
-7.9575e-03
-9.5040e-03
-1.0566e-02
-1.1164e-02
-1.0942e-02
-9.4289e-03
-6.5703e-03
-2.2391e-03
3.9594e-03
1.1255e-02
1.8911e-02
2.5455e-02
2.9474e-02
2.9946e-02
2.6566e-02
1.9985e-02
1.1141e-02
2.1637e-03
-4.7819e-03
-8.5969e-03
-9.5840e-03
-8.8166e-03
-7.0250e-03
-4.7499e-03
-2.4495e-03
-5.8094e-04
4.0267e-04
2.9994e-04
-4.3016e-04
-9.9096e-04
-9.1413e-04
4.8307e-05
1.7984e-03
3.5455e-03
4.3193e-03
3.3371e-03
2.6120e-04
-4.4203e-03
-9.8983e-03
-1.4193e-02
-1.5781e-02
-1.4096e-02
-9.6144e-03
-2.1951e-03
7.2070e-03
1.6384e-02
2.3305e-02
2.7580e-02
2.9350e-02
2.9215e-02
2.7829e-02
2.5087e-02
2.1084e-02
1.5894e-02
9.4990e-03
1.6677e-03
-7.0489e-03
-1.6325e-02
-2.5599e-02
-3.3255e-02
-3.7880e-02
-3.9464e-02
-3.8070e-02
-3.3506e-02
-2.6638e-02
-1.9321e-02
-1.2991e-02
-8.0821e-03
-4.4549e-03
-1.2726e-03
2.9053e-03
8.1061e-03
1.2952e-02
1.5751e-02
1.5171e-02
1.0942e-02
3.8516e-03
-4.2460e-03
-1.1436e-02
-1.6694e-02
-1.9459e-02
-2.0066e-02
-1.8418e-02
-1.5043e-02
-1.0760e-02
-6.0913e-03
-1.6279e-03
2.0362e-03
4.8635e-03
7.1946e-03
8.9601e-03
9.8538e-03
1.0160e-02
1.0230e-02
1.0534e-02
1.1633e-02
1.3184e-02
1.4314e-02
1.3982e-02
1.1781e-02
8.0516e-03
3.7373e-03
-5.3408e-04
-4.3093e-03
-6.9508e-03
-8.8204e-03
-9.5989e-03
-9.5879e-03
-8.9169e-03
-7.8787e-03
-6.5993e-03
-5.2461e-03
-4.0028e-03
-3.3548e-03
-4.0989e-03
-6.1615e-03
-8.8086e-03
-1.1629e-02
-1.3584e-02
-1.3874e-02
-1.2153e-02
-8.2236e-03
-1.8527e-03
6.0014e-03
1.3493e-02
1.9414e-02
2.3387e-02
2.6035e-02
2.8166e-02
3.0328e-02
3.2633e-02
3.4726e-02
3.6386e-02
3.6950e-02
3.5265e-02
3.0929e-02
2.4234e-02
1.6163e-02
7.3152e-03
-7.7718e-04
-7.1566e-03
-1.1960e-02
-1.5501e-02
-1.8248e-02
-2.0775e-02
-2.3030e-02
-2.4732e-02
-2.5842e-02
-2.6091e-02
-2.5552e-02
-2.4714e-02
-2.4053e-02
-2.4009e-02
-2.4926e-02
-2.6595e-02
-2.8351e-02
-2.9364e-02
-2.9464e-02
-2.8606e-02
-2.6679e-02
-2.3167e-02
-1.7877e-02
-1.0487e-02
-1.3998e-03
8.6205e-03
1.8573e-02
2.7413e-02
3.4065e-02
3.8056e-02
3.9252e-02
3.8074e-02
3.5618e-02
3.3014e-02
3.0800e-02
2.8882e-02
2.7260e-02
2.5580e-02
2.3463e-02
2.0267e-02
1.5830e-02
1.1056e-02
6.1998e-03
8.1534e-04
-5.5257e-03
-1.2844e-02
-2.1084e-02
-3.0091e-02
-3.9491e-02
-4.8140e-02
-5.4556e-02
-5.7613e-02
-5.7101e-02
-5.3382e-02
-4.7477e-02
-4.0715e-02
-3.3683e-02
-2.6632e-02
-2.0206e-02
-1.4652e-02
-1.0311e-02
-7.2748e-03
-5.5569e-03
-5.2601e-03
-6.1525e-03
-7.5460e-03
-8.3630e-03
-7.7522e-03
-5.0519e-03
-2.4810e-04
6.2356e-03
1.3347e-02
1.9708e-02
2.4551e-02
2.7387e-02
2.7788e-02
2.5762e-02
2.2603e-02
1.9714e-02
1.8204e-02
1.8173e-02
1.9092e-02
2.0107e-02
2.0641e-02
2.0841e-02
2.0640e-02
2.0088e-02
1.9404e-02
1.9118e-02
1.9648e-02
2.1067e-02
2.3112e-02
2.5528e-02
2.8189e-02
3.0973e-02
3.3631e-02
3.5618e-02
3.6275e-02
3.5298e-02
3.2887e-02
2.9376e-02
2.5353e-02
2.1439e-02
1.8229e-02
1.5963e-02
1.4407e-02
1.2929e-02
1.0894e-02
7.9887e-03
3.7877e-03
-1.5555e-03
-7.6771e-03
-1.3662e-02
-1.9074e-02
-2.3750e-02
-2.7613e-02
-3.0324e-02
-3.1616e-02
-3.1474e-02
-2.9872e-02
-2.6967e-02
-2.3233e-02
-1.9272e-02
-1.6257e-02
-1.5498e-02
-1.7567e-02
-2.2359e-02
-2.8060e-02
-3.3212e-02
-3.7570e-02
-4.1310e-02
-4.3967e-02
-4.5539e-02
-4.6206e-02
-4.5967e-02
-4.4552e-02
-4.1601e-02
-3.7362e-02
-3.1856e-02
-2.5001e-02
-1.7651e-02
-9.8761e-03
-1.7655e-03
5.9951e-03
1.2702e-02
1.7581e-02
2.0621e-02
2.2100e-02
2.2192e-02
2.1598e-02
2.1536e-02
2.3313e-02
2.7033e-02
3.1478e-02
3.5219e-02
3.7299e-02
3.7575e-02
3.5926e-02
3.2302e-02
2.7099e-02
2.1101e-02
1.4812e-02
8.4868e-03
2.7462e-03
-2.1320e-03
-6.0024e-03
-8.5698e-03
-1.0142e-02
-1.0902e-02
-9.7199e-03
-5.8776e-03
-3.6937e-04
5.0484e-03
8.6295e-03
9.0602e-03
5.5293e-03
-1.9867e-03
-1.1835e-02
-2.1704e-02
-3.0288e-02
-3.7055e-02
-4.2042e-02
-4.5109e-02
-4.5774e-02
-4.3016e-02
-3.6680e-02
-2.7650e-02
-1.7476e-02
-6.9302e-03
3.1613e-03
1.1719e-02
1.8168e-02
2.2578e-02
2.4820e-02
2.5022e-02
2.4061e-02
2.2581e-02
2.0829e-02
1.8710e-02
1.6591e-02
1.5285e-02
1.4887e-02
1.5313e-02
1.6607e-02
1.8710e-02
2.1136e-02
2.3205e-02
2.4605e-02
2.4544e-02
2.2466e-02
1.8650e-02
1.3942e-02
9.0622e-03
4.1829e-03
-9.4267e-04
-6.0777e-03
-1.0885e-02
-1.4448e-02
-1.6388e-02
-1.6409e-02
-1.4433e-02
-1.0809e-02
-5.2560e-03
2.7912e-03
1.2227e-02
2.1286e-02
2.9121e-02
3.5161e-02
3.9534e-02
4.1899e-02
4.1432e-02
3.7427e-02
2.8583e-02
1.6266e-02
3.9766e-03
-6.6534e-03
-1.5417e-02
-2.2029e-02
-2.6573e-02
-2.9197e-02
-3.0191e-02
-2.9989e-02
-2.9232e-02
-2.8534e-02
-2.8494e-02
-2.9437e-02
-3.1206e-02
-3.3410e-02
-3.5638e-02
-3.7714e-02
-3.9598e-02
-4.1538e-02
-4.4002e-02
-4.7023e-02
-5.0198e-02
-5.2704e-02
-5.3512e-02
-5.2399e-02
-4.9941e-02
-4.6523e-02
-4.2883e-02
-3.9490e-02
-3.6875e-02
-3.4998e-02
-3.3444e-02
-3.2153e-02
-3.0720e-02
-2.8843e-02
-2.6304e-02
-2.2459e-02
-1.7181e-02
-1.0565e-02
-2.4954e-03
6.8627e-03
1.6204e-02
2.4525e-02
3.2313e-02
4.0026e-02
4.7375e-02
5.3053e-02
5.6207e-02
5.6648e-02
5.4899e-02
5.1893e-02
4.8504e-02
4.5308e-02
4.2274e-02
3.9498e-02
3.6860e-02
3.4532e-02
3.2064e-02
2.9245e-02
2.5638e-02
2.0274e-02
1.2922e-02
4.3166e-03
-4.4100e-03
-1.2238e-02
-1.8665e-02
-2.3641e-02
-2.7034e-02
-2.8756e-02
-2.9099e-02
-2.8449e-02
-2.6883e-02
-2.5106e-02
-2.3854e-02
-2.3457e-02
-2.3485e-02
-2.4056e-02
-2.5193e-02
-2.5764e-02
-2.5195e-02
-2.3443e-02
-2.0824e-02
-1.7502e-02
-1.3780e-02
-9.9572e-03
-5.7062e-03
-8.8121e-04
4.5321e-03
1.0395e-02
1.6292e-02
2.1859e-02
2.6811e-02
3.0502e-02
3.2888e-02
3.4063e-02
3.4582e-02
3.4893e-02
3.4883e-02
3.5302e-02
3.6734e-02
3.8860e-02
4.1465e-02
4.4395e-02
4.7446e-02
5.0679e-02
5.4042e-02
5.6941e-02
5.9173e-02
6.0418e-02
6.0593e-02
5.9264e-02
5.6362e-02
5.2184e-02
4.6563e-02
3.9656e-02
3.1921e-02
2.3666e-02
1.4341e-02
4.1433e-03
-6.6024e-03
-1.7090e-02
-2.5890e-02
-3.1756e-02
-3.4556e-02
-3.5217e-02
-3.4879e-02
-3.3901e-02
-3.2882e-02
-3.2054e-02
-3.1711e-02
-3.1284e-02
-3.0622e-02
-3.0063e-02
-2.9864e-02
-3.0522e-02
-3.2173e-02
-3.4506e-02
-3.7128e-02
-3.9918e-02
-4.2928e-02
-4.5844e-02
-4.8090e-02
-4.9142e-02
-4.8323e-02
-4.5419e-02
-4.0662e-02
-3.4420e-02
-2.7439e-02
-1.9726e-02
-1.1832e-02
-4.1455e-03
2.5963e-03
7.8680e-03
1.1891e-02
1.5134e-02
1.8118e-02
2.1571e-02
2.5032e-02
2.7882e-02
2.9981e-02
3.1385e-02
3.2204e-02
3.2559e-02
3.3266e-02
3.4781e-02
3.6807e-02
3.8776e-02
4.0352e-02
4.1143e-02
3.9920e-02
3.5950e-02
2.9310e-02
1.9609e-02
7.3470e-03
-6.2495e-03
-2.0460e-02
-3.3784e-02
-4.5577e-02
-5.5894e-02
-6.4747e-02
-7.1009e-02
-7.4367e-02
-7.4907e-02
-7.2748e-02
-6.8051e-02
-6.0966e-02
-5.1820e-02
-4.0705e-02
-2.8385e-02
-1.5666e-02
-3.1708e-03
8.4270e-03
1.8365e-02
2.6715e-02
3.4158e-02
4.0887e-02
4.6647e-02
5.1477e-02
5.5895e-02
5.9847e-02
6.3553e-02
6.7131e-02
6.9984e-02
7.1400e-02
7.1094e-02
6.9345e-02
6.5929e-02
6.0746e-02
5.4131e-02
4.6277e-02
3.7111e-02
2.6455e-02
1.5145e-02
5.0805e-03
-2.6043e-03
-7.8479e-03
-1.1628e-02
-1.4562e-02
-1.6615e-02
-1.8291e-02
-2.0161e-02
-2.2808e-02
-2.5517e-02
-2.6846e-02
-2.5997e-02
-2.3618e-02
-2.1232e-02
-2.0458e-02
-2.0990e-02
-2.2235e-02
-2.4042e-02
-2.6385e-02
-2.9350e-02
-3.2449e-02
-3.5185e-02
-3.7540e-02
-3.9136e-02
-3.9780e-02
-3.9295e-02
-3.7553e-02
-3.4397e-02
-3.0025e-02
-2.4899e-02
-1.8860e-02
-1.1750e-02
-3.9301e-03
3.5074e-03
9.5375e-03
1.3840e-02
1.6358e-02
1.6929e-02
1.5733e-02
1.2535e-02
8.1209e-03
3.5760e-03
-3.5427e-04
-3.0574e-03
-4.1209e-03
-3.4919e-03
-1.7875e-03
3.9359e-04
3.0910e-03
6.1003e-03
8.9258e-03
1.1496e-02
1.3617e-02
1.5334e-02
1.5878e-02
1.4398e-02
1.0571e-02
5.0875e-03
-1.7886e-03
-9.7830e-03
-1.8241e-02
-2.6269e-02
-3.2513e-02
-3.6454e-02
-3.7869e-02
-3.7257e-02
-3.5710e-02
-3.3916e-02
-3.2011e-02
-3.1255e-02
-3.2669e-02
-3.5851e-02
-3.9581e-02
-4.2729e-02
-4.4667e-02
-4.5261e-02
-4.4612e-02
-4.2978e-02
-4.0567e-02
-3.7251e-02
-3.3396e-02
-2.9321e-02
-2.4639e-02
-1.8838e-02
-1.1082e-02
-8.6262e-04
1.1554e-02
2.5049e-02
3.8170e-02
5.0666e-02
6.3039e-02
7.4954e-02
8.5149e-02
9.3313e-02
1.0013e-01
1.0621e-01
1.1193e-01
1.1676e-01
1.1963e-01
1.1937e-01
1.1453e-01
1.0538e-01
9.3838e-02
8.1630e-02
7.0046e-02
5.9893e-02
5.1228e-02
4.3646e-02
3.6600e-02
3.0290e-02
2.4650e-02
1.8094e-02
1.0210e-02
1.3190e-03
-7.3428e-03
-1.4934e-02
-2.1570e-02
-2.8313e-02
-3.5416e-02
-4.2627e-02
-4.9422e-02
-5.5138e-02
-5.9540e-02
-6.2830e-02
-6.5198e-02
-6.6713e-02
-6.7501e-02
-6.8195e-02
-6.8766e-02
-6.8485e-02
-6.6284e-02
-6.1409e-02
-5.4997e-02
-4.8376e-02
-4.2333e-02
-3.7130e-02
-3.2433e-02
-2.7949e-02
-2.3968e-02
-2.0963e-02
-1.8686e-02
-1.6711e-02
-1.4538e-02
-1.1740e-02
-8.2805e-03
-4.4845e-03
-1.0432e-03
1.7301e-03
3.8714e-03
5.1755e-03
5.4676e-03
4.4616e-03
1.8015e-03
-2.5633e-03
-8.0051e-03
-1.3164e-02
-1.7343e-02
-2.0142e-02
-2.1525e-02
-2.1865e-02
-2.1561e-02
-2.0974e-02
-2.0360e-02
-1.9772e-02
-1.9105e-02
-1.8051e-02
-1.6891e-02
-1.5722e-02
-1.4203e-02
-1.1969e-02
-9.1895e-03
-6.6132e-03
-5.2850e-03
-5.1822e-03
-5.9378e-03
-6.8749e-03
-7.2738e-03
-6.9746e-03
-5.9280e-03
-3.7046e-03
-2.7080e-04
4.3613e-03
9.8094e-03
1.6079e-02
2.3417e-02
3.2507e-02
4.2922e-02
5.3875e-02
6.3145e-02
6.9307e-02
7.2481e-02
7.3136e-02
7.1506e-02
6.7978e-02
6.2789e-02
5.6640e-02
5.0237e-02
4.3690e-02
3.6766e-02
2.9593e-02
2.2587e-02
1.6117e-02
1.0816e-02
6.8648e-03
3.7805e-03
6.2233e-04
-3.5167e-03
-8.6508e-03
-1.5138e-02
-2.2289e-02
-2.9325e-02
-3.5309e-02
-3.9660e-02
-4.2108e-02
-4.3087e-02
-4.2522e-02
-4.0623e-02
-3.7575e-02
-3.3955e-02
-3.0082e-02
-2.6149e-02
-2.1792e-02
-1.7040e-02
-1.2473e-02
-8.3921e-03
-4.8731e-03
-1.3316e-03
1.7153e-03
3.3099e-03
3.7369e-03
4.0448e-03
5.3751e-03
8.1669e-03
1.1423e-02
1.4356e-02
1.6541e-02
1.7583e-02
1.7352e-02
1.6187e-02
1.4507e-02
1.2099e-02
8.1153e-03
1.9879e-03
-6.2179e-03
-1.5329e-02
-2.3794e-02
-3.0461e-02
-3.5127e-02
-3.8031e-02
-3.9690e-02
-4.0237e-02
-3.9305e-02
-3.6618e-02
-3.2029e-02
-2.6099e-02
-1.9877e-02
-1.4194e-02
-8.9457e-03
-4.1929e-03
-5.1989e-04
1.5552e-03
1.8244e-03
7.4708e-04
-9.2015e-04
-2.7181e-03
-4.3137e-03
-5.5237e-03
-5.8635e-03
-4.8371e-03
-1.7260e-03
4.0122e-03
1.2383e-02
2.2843e-02
3.4595e-02
4.6400e-02
5.7382e-02
6.6758e-02
7.3900e-02
7.8319e-02
7.9984e-02
7.9132e-02
7.5752e-02
6.9647e-02
6.0838e-02
5.0240e-02
3.8791e-02
2.8067e-02
1.8924e-02
1.1075e-02
4.1940e-03
-1.8488e-03
-7.1271e-03
-1.1648e-02
-1.5498e-02
-1.8610e-02
-2.0868e-02
-2.2426e-02
-2.3291e-02
-2.3627e-02
-2.3167e-02
-2.1937e-02
-2.0030e-02
-1.7578e-02
-1.4999e-02
-1.2770e-02
-1.0869e-02
-9.3836e-03
-8.5308e-03
-8.3448e-03
-8.7002e-03
-9.0462e-03
-8.9898e-03
-8.5549e-03
-7.6289e-03
-6.1070e-03
-3.9234e-03
-1.7202e-03
-3.2895e-04
-8.3738e-05
-8.5876e-04
-2.1831e-03
-3.9593e-03
-5.4300e-03
-6.1897e-03
-6.3457e-03
-6.4846e-03
-7.2236e-03
-8.9111e-03
-1.2153e-02
-1.7347e-02
-2.3538e-02
-2.9171e-02
-3.3173e-02
-3.5495e-02
-3.6812e-02
-3.7915e-02
-3.8534e-02
-3.7635e-02
-3.4589e-02
-2.9930e-02
-2.4269e-02
-1.7763e-02
-1.0322e-02
-2.0393e-03
6.1369e-03
1.3639e-02
2.0631e-02
2.6649e-02
3.1604e-02
3.4964e-02
3.6757e-02
3.7396e-02
3.6922e-02
3.5310e-02
3.2313e-02
2.6883e-02
1.9744e-02
1.2655e-02
6.8098e-03
2.3715e-03
-7.0633e-04
-2.7758e-03
-4.1645e-03
-4.9147e-03
-5.2843e-03
-5.1646e-03
-4.2652e-03
-2.7325e-03
-1.2554e-03
-1.2560e-04
8.1454e-04
1.2752e-03
1.3514e-03
1.0964e-03
7.1260e-04
4.4794e-04
5.6138e-04
1.6352e-03
3.6423e-03
6.4218e-03
9.7960e-03
1.3454e-02
1.7405e-02
2.0985e-02
2.3710e-02
2.5522e-02
2.7161e-02
2.9310e-02
3.2093e-02
3.5297e-02
3.8078e-02
3.9772e-02
4.0710e-02
4.1186e-02
4.0934e-02
3.9892e-02
3.7812e-02
3.4867e-02
3.1355e-02
2.6632e-02
2.0043e-02
1.3098e-02
6.9598e-03
1.6781e-03
-3.4256e-03
-9.3889e-03
-1.6511e-02
-2.4409e-02
-3.2084e-02
-3.8672e-02
-4.3486e-02
-4.6521e-02
-4.8518e-02
-5.0081e-02
-5.0648e-02
-4.9756e-02
-4.7058e-02
-4.3109e-02
-3.8788e-02
-3.4156e-02
-2.9083e-02
-2.3882e-02
-1.9013e-02
-1.4253e-02
-9.9188e-03
-6.2584e-03
-3.5096e-03
-1.8458e-03
-9.8500e-04
-4.1693e-04
6.5180e-04
1.9282e-03
2.5738e-03
2.1852e-03
9.8909e-04
-3.8606e-04
-1.6225e-03
-2.5239e-03
-2.7055e-03
-1.7831e-03
2.4562e-04
3.5266e-03
8.0696e-03
1.3898e-02
1.9839e-02
2.5485e-02
3.0184e-02
3.3774e-02
3.5855e-02
3.5515e-02
3.2423e-02
2.7051e-02
2.0267e-02
1.2981e-02
5.8775e-03
-8.3226e-04
-7.2297e-03
-1.3052e-02
-1.8203e-02
-2.1641e-02
-2.2744e-02
-2.1675e-02
-1.8180e-02
-1.2903e-02
-6.8298e-03
-1.0398e-03
3.5537e-03
6.7969e-03
8.7565e-03
9.2262e-03
7.9637e-03
5.1428e-03
1.2661e-03
-3.2267e-03
-7.8040e-03
-1.1555e-02
-1.3717e-02
-1.3991e-02
-1.2047e-02
-7.9610e-03
-2.5055e-03
2.7495e-03
6.7597e-03
9.2452e-03
1.0313e-02
9.7941e-03
8.0847e-03
5.5207e-03
2.4496e-03
-7.8318e-04
-3.9998e-03
-6.8830e-03
-9.0969e-03
-1.0408e-02
-1.0545e-02
-9.5062e-03
-6.9790e-03
-2.9559e-03
2.4716e-03
8.7081e-03
1.3974e-02
1.7301e-02
1.9501e-02
2.1696e-02
2.3250e-02
2.3258e-02
2.1619e-02
1.8798e-02
1.5865e-02
1.3598e-02
1.2438e-02
1.2443e-02
1.3880e-02
1.6975e-02
2.1196e-02
2.5840e-02
3.0346e-02
3.4682e-02
3.8179e-02
4.0127e-02
4.0071e-02
3.8109e-02
3.4804e-02
3.0578e-02
2.5722e-02
2.0237e-02
1.4595e-02
9.1606e-03
4.5119e-03
1.3046e-03
4.3611e-04
1.7258e-03
4.4154e-03
7.4942e-03
1.0244e-02
1.2499e-02
1.4873e-02
1.7298e-02
1.9294e-02
2.0429e-02
2.0322e-02
1.8959e-02
1.6323e-02
1.2641e-02
8.4461e-03
3.9008e-03
-3.0698e-04
-3.4372e-03
-5.3100e-03
-6.0831e-03
-5.9956e-03
-4.8825e-03
-2.6474e-03
5.3058e-04
4.3385e-03
8.1877e-03
1.1707e-02
1.4717e-02
1.7332e-02
1.9369e-02
2.1069e-02
2.2611e-02
2.4345e-02
2.6028e-02
2.7706e-02
2.9323e-02
3.0415e-02
3.0906e-02
3.0539e-02
2.9237e-02
2.7164e-02
2.4783e-02
2.2287e-02
1.9600e-02
1.6219e-02
1.2066e-02
7.1568e-03
1.2084e-03
-5.6808e-03
-1.3095e-02
-2.0417e-02
-2.7224e-02
-3.2939e-02
-3.6564e-02
-3.8001e-02
-3.7822e-02
-3.6617e-02
-3.4414e-02
-3.1081e-02
-2.6682e-02
-2.2346e-02
-1.8961e-02
-1.6873e-02
-1.5711e-02
-1.4732e-02
-1.3614e-02
-1.1979e-02
-9.2108e-03
-6.2267e-03
-4.0194e-03
-2.4323e-03
-1.0318e-03
4.9725e-04
2.4087e-03
4.8320e-03
7.3828e-03
9.2349e-03
9.8558e-03
9.3306e-03
8.4283e-03
7.5148e-03
6.8753e-03
6.3385e-03
5.5862e-03
4.6863e-03
3.9750e-03
3.5925e-03
3.3556e-03
2.9808e-03
2.4564e-03
1.5771e-03
4.4533e-04
-9.6063e-04
-3.0077e-03
-5.5834e-03
-8.0257e-03
-1.0300e-02
-1.2147e-02
-1.3357e-02
-1.4991e-02
-1.8098e-02
-2.1638e-02
-2.4098e-02
-2.4862e-02
-2.4647e-02
-2.4551e-02
-2.5293e-02
-2.7522e-02
-3.0737e-02
-3.3626e-02
-3.5445e-02
-3.5807e-02
-3.5639e-02
-3.6757e-02
-3.9967e-02
-4.4192e-02
-4.8166e-02
-5.1515e-02
-5.4337e-02
-5.6278e-02
-5.7009e-02
-5.6451e-02
-5.4684e-02
-5.1658e-02
-4.7248e-02
-4.1332e-02
-3.3952e-02
-2.6259e-02
-1.8413e-02
-1.0291e-02
-1.8490e-03
7.0480e-03
1.6043e-02
2.3793e-02
3.0076e-02
3.5298e-02
3.9815e-02
4.3355e-02
4.5673e-02
4.6608e-02
4.5994e-02
4.3672e-02
3.9727e-02
3.4609e-02
2.8432e-02
2.1611e-02
1.4926e-02
8.6002e-03
2.8053e-03
-2.2994e-03
-6.1172e-03
-8.9817e-03
-1.1067e-02
-1.2186e-02
-1.2328e-02
-1.0990e-02
-8.2506e-03
-4.4393e-03
2.0962e-04
5.3273e-03
1.0880e-02
1.6306e-02
2.1481e-02
2.6388e-02
3.0374e-02
3.3413e-02
3.5738e-02
3.7277e-02
3.8305e-02
3.8539e-02
3.7342e-02
3.4259e-02
2.9304e-02
2.3291e-02
1.6411e-02
8.4554e-03
-5.5990e-04
-1.0209e-02
-1.9114e-02
-2.6273e-02
-3.1905e-02
-3.6064e-02
-3.8752e-02
-4.0375e-02
-4.1416e-02
-4.1893e-02
-4.1828e-02
-4.1838e-02
-4.2156e-02
-4.2580e-02
-4.3336e-02
-4.4704e-02
-4.6732e-02
-4.9419e-02
-5.2316e-02
-5.4509e-02
-5.4524e-02
-5.1600e-02
-4.5734e-02
-3.7228e-02
-2.5786e-02
-1.1870e-02
3.1151e-03
1.6840e-02
2.7872e-02
3.5826e-02
4.1041e-02
4.3820e-02
4.4501e-02
4.4059e-02
4.2268e-02
3.9431e-02
3.5859e-02
3.1753e-02
2.6996e-02
2.2330e-02
1.8389e-02
1.4977e-02
1.2066e-02
9.6639e-03
7.8507e-03
6.7855e-03
6.6399e-03
7.0451e-03
7.9330e-03
9.5265e-03
1.1807e-02
1.4213e-02
1.6375e-02
1.7897e-02
1.8877e-02
1.9594e-02
1.9877e-02
1.9147e-02
1.7203e-02
1.4403e-02
1.1136e-02
7.5563e-03
4.0691e-03
1.0847e-03
-1.2104e-03
-3.1267e-03
-4.9594e-03
-6.8165e-03
-8.4968e-03
-9.5556e-03
-9.9906e-03
-1.0009e-02
-9.2482e-03
-7.6153e-03
-5.2370e-03
-2.2602e-03
1.4010e-03
6.1933e-03
1.2032e-02
1.8129e-02
2.4238e-02
3.0453e-02
3.6929e-02
4.3308e-02
4.8523e-02
5.2206e-02
5.4511e-02
5.5711e-02
5.6136e-02
5.5710e-02
5.3410e-02
4.8612e-02
4.2087e-02
3.4324e-02
2.5273e-02
1.5721e-02
6.0457e-03
-4.2497e-03
-1.5146e-02
-2.7213e-02
-3.9536e-02
-5.1463e-02
-6.2363e-02
-7.2388e-02
-8.1141e-02
-8.8283e-02
-9.4011e-02
-9.8024e-02
-1.0065e-01
-1.0199e-01
-1.0201e-01
-1.0086e-01
-9.8753e-02
-9.6282e-02
-9.3252e-02
-8.9315e-02
-8.5240e-02
-8.1151e-02
-7.7476e-02
-7.4851e-02
-7.3222e-02
-7.1747e-02
-7.0738e-02
-7.0467e-02
-7.0190e-02
-6.8838e-02
-6.5904e-02
-6.2426e-02
-5.9063e-02
-5.5651e-02
-5.1388e-02
-4.5522e-02
-3.8821e-02
-3.1634e-02
-2.4236e-02
-1.6669e-02
-8.8054e-03
-1.4168e-03
5.1415e-03
1.1427e-02
1.7110e-02
2.2221e-02
2.6466e-02
2.9863e-02
3.2867e-02
3.5465e-02
3.8225e-02
4.1703e-02
4.6006e-02
5.0791e-02
5.6574e-02
6.3048e-02
6.9391e-02
7.5216e-02
7.9737e-02
8.2836e-02
8.5005e-02
8.6161e-02
8.5613e-02
8.2648e-02
7.6323e-02
6.7332e-02
5.7532e-02
4.8157e-02
3.8667e-02
2.8216e-02
1.7224e-02
7.4015e-03
1.0342e-04
-4.2366e-03
-6.2148e-03
-6.7921e-03
-6.8361e-03
-6.8526e-03
-6.9293e-03
-6.7343e-03
-5.5928e-03
-3.4928e-03
-1.7108e-03
-1.3290e-03
-2.7762e-03
-6.0800e-03
-1.0559e-02
-1.5425e-02
-2.0116e-02
-2.4372e-02
-2.8342e-02
-3.2369e-02
-3.6451e-02
-4.0247e-02
-4.3410e-02
-4.5661e-02
-4.7056e-02
-4.7503e-02
-4.7016e-02
-4.5604e-02
-4.3034e-02
-4.0135e-02
-3.7037e-02
-3.3464e-02
-2.9060e-02
-2.3788e-02
-1.7598e-02
-1.0607e-02
-3.2229e-03
4.0888e-03
1.1144e-02
1.6987e-02
2.1208e-02
2.3983e-02
2.5282e-02
2.5314e-02
2.4256e-02
2.2439e-02
1.9706e-02
1.5931e-02
1.1821e-02
7.7466e-03
3.5008e-03
-1.5262e-03
-7.5162e-03
-1.4148e-02
-2.1099e-02
-2.8434e-02
-3.5548e-02
-4.1128e-02
-4.4350e-02
-4.5541e-02
-4.5613e-02
-4.5041e-02
-4.3290e-02
-3.9780e-02
-3.4558e-02
-2.8258e-02
-2.1532e-02
-1.4485e-02
-7.5517e-03
-8.3468e-04
5.4877e-03
1.1494e-02
1.7154e-02
2.2628e-02
2.7939e-02
3.2882e-02
3.6937e-02
4.0116e-02
4.2814e-02
4.5341e-02
4.7860e-02
5.0120e-02
5.1776e-02
5.3005e-02
5.3730e-02
5.3949e-02
5.3832e-02
5.3772e-02
5.3756e-02
5.3524e-02
5.2935e-02
5.1447e-02
4.9169e-02
4.6395e-02
4.3085e-02
3.9213e-02
3.4631e-02
2.9234e-02
2.3194e-02
1.6785e-02
1.0088e-02
3.1568e-03
-3.4504e-03
-9.5188e-03
-1.5172e-02
-2.0437e-02
-2.4910e-02
-2.7991e-02
-3.0059e-02
-3.2596e-02
-3.6923e-02
-4.2694e-02
-4.9281e-02
-5.6389e-02
-6.3209e-02
-6.9374e-02
-7.5234e-02
-8.1297e-02
-8.7386e-02
-9.2692e-02
-9.7203e-02
-1.0078e-01
-1.0311e-01
-1.0410e-01
-1.0320e-01
-1.0027e-01
-9.5386e-02
-8.8114e-02
-7.8652e-02
-6.7955e-02
-5.6220e-02
-4.3407e-02
-3.0594e-02
-1.8571e-02
-7.2727e-03
3.7398e-03
1.4357e-02
2.4214e-02
3.2742e-02
3.9505e-02
4.4745e-02
4.9247e-02
5.3541e-02
5.7457e-02
6.0867e-02
6.3990e-02
6.7561e-02
7.2540e-02
7.9508e-02
8.8030e-02
9.7108e-02
1.0579e-01
1.1300e-01
1.1775e-01
1.2017e-01
1.2079e-01
1.2073e-01
1.2062e-01
1.2018e-01
1.1919e-01
1.1712e-01
1.1352e-01
1.0822e-01
1.0216e-01
9.6202e-02
9.0120e-02
8.2637e-02
7.3252e-02
6.1995e-02
5.0018e-02
3.7338e-02
2.4390e-02
1.1528e-02
-1.6288e-03
-1.5101e-02
-2.7960e-02
-3.8989e-02
-4.7849e-02
-5.5061e-02
-6.0707e-02
-6.4656e-02
-6.7443e-02
-6.9180e-02
-6.9547e-02
-6.8627e-02
-6.6603e-02
-6.3684e-02
-5.9769e-02
-5.5522e-02
-5.2187e-02
-5.0006e-02
-4.8530e-02
-4.7739e-02
-4.7636e-02
-4.7902e-02
-4.8246e-02
-4.8211e-02
-4.7755e-02
-4.6931e-02
-4.5391e-02
-4.2929e-02
-3.9931e-02
-3.6461e-02
-3.2488e-02
-2.7916e-02
-2.2473e-02
-1.6494e-02
-1.0811e-02
-5.4727e-03
-4.9535e-04
4.2956e-03
8.5152e-03
1.1783e-02
1.4445e-02
1.6654e-02
1.8408e-02
1.9928e-02
2.0965e-02
2.1624e-02
2.1950e-02
2.1922e-02
2.2068e-02
2.2883e-02
2.4342e-02
2.6303e-02
2.8398e-02
3.0093e-02
3.1669e-02
3.3424e-02
3.5639e-02
3.8065e-02
4.0196e-02
4.1386e-02
4.1780e-02
4.1473e-02
4.0298e-02
3.8559e-02
3.7275e-02
3.6778e-02
3.7141e-02
3.7767e-02
3.8150e-02
3.8365e-02
3.8695e-02
3.9108e-02
3.9460e-02
3.9840e-02
4.0326e-02
4.0548e-02
4.0607e-02
4.0794e-02
4.0823e-02
4.0240e-02
3.9035e-02
3.6869e-02
3.3512e-02
2.9275e-02
2.5108e-02
2.0986e-02
1.6517e-02
1.1060e-02
5.1179e-03
-6.9641e-04
-5.9004e-03
-1.0209e-02
-1.3772e-02
-1.7434e-02
-2.1204e-02
-2.4610e-02
-2.7683e-02
-3.0202e-02
-3.2006e-02
-3.3201e-02
-3.4453e-02
-3.5801e-02
-3.7061e-02
-3.8651e-02
-4.1088e-02
-4.3994e-02
-4.6745e-02
-4.9224e-02
-5.1720e-02
-5.3947e-02
-5.5438e-02
-5.6030e-02
-5.5906e-02
-5.5252e-02
-5.3932e-02
-5.2198e-02
-5.0336e-02
-4.7973e-02
-4.4539e-02
-4.0117e-02
-3.5062e-02
-2.9351e-02
-2.2696e-02
-1.5182e-02
-7.3034e-03
6.4593e-04
8.4676e-03
1.5680e-02
2.1762e-02
2.6888e-02
3.1058e-02
3.4178e-02
3.6020e-02
3.6486e-02
3.5674e-02
3.3114e-02
2.9211e-02
2.4866e-02
2.0883e-02
1.7918e-02
1.5888e-02
1.4228e-02
1.2676e-02
1.1550e-02
1.0857e-02
1.0992e-02
1.2306e-02
1.4773e-02
1.8414e-02
2.3203e-02
2.9007e-02
3.5240e-02
4.1065e-02
4.5972e-02
5.0052e-02
5.3042e-02
5.5031e-02
5.6404e-02
5.6920e-02
5.6297e-02
5.4806e-02
5.2874e-02
5.0699e-02
4.8244e-02
4.5206e-02
4.1358e-02
3.7138e-02
3.2966e-02
2.9285e-02
2.6469e-02
2.4039e-02
2.1800e-02
1.9803e-02
1.7939e-02
1.6171e-02
1.4988e-02
1.4311e-02
1.3570e-02
1.2539e-02
1.1412e-02
1.0575e-02
9.8876e-03
8.7461e-03
7.2502e-03
5.9170e-03
4.9811e-03
4.2056e-03
3.5294e-03
2.7470e-03
2.0710e-03
2.5393e-03
4.4598e-03
7.1356e-03
9.7517e-03
1.1556e-02
1.2551e-02
1.2732e-02
1.2369e-02
1.1127e-02
8.7324e-03
4.8285e-03
-1.7320e-04
-5.1105e-03
-9.5665e-03
-1.3652e-02
-1.7422e-02
-2.0802e-02
-2.3812e-02
-2.6821e-02
-3.0197e-02
-3.3806e-02
-3.6874e-02
-3.9323e-02
-4.1228e-02
-4.2833e-02
-4.4705e-02
-4.6306e-02
-4.7336e-02
-4.7911e-02
-4.8496e-02
-4.9462e-02
-5.0260e-02
-5.0447e-02
-5.0004e-02
-4.9014e-02
-4.7933e-02
-4.6979e-02
-4.6131e-02
-4.4431e-02
-4.1928e-02
-3.9134e-02
-3.6240e-02
-3.3248e-02
-2.9728e-02
-2.5852e-02
-2.2136e-02
-1.8752e-02
-1.5040e-02
-1.1107e-02
-7.4722e-03
-4.0410e-03
-3.0086e-04
3.8662e-03
7.8211e-03
1.0703e-02
1.2707e-02
1.4334e-02
1.6325e-02
1.8823e-02
2.1357e-02
2.3584e-02
2.5391e-02
2.6991e-02
2.8533e-02
3.0164e-02
3.1729e-02
3.3508e-02
3.5352e-02
3.6769e-02
3.6922e-02
3.5439e-02
3.2691e-02
2.9207e-02
2.5280e-02
2.1021e-02
1.5792e-02
9.4729e-03
2.4825e-03
-4.9472e-03
-1.2857e-02
-2.1255e-02
-2.9191e-02
-3.5973e-02
-4.1402e-02
-4.5756e-02
-4.9344e-02
-5.1841e-02
-5.2856e-02
-5.2544e-02
-5.0906e-02
-4.8134e-02
-4.4655e-02
-4.1052e-02
-3.6744e-02
-3.0284e-02
-2.2020e-02
-1.3501e-02
-6.1550e-03
1.0906e-04
7.0626e-03
1.5543e-02
2.4605e-02
3.3018e-02
4.0089e-02
4.5378e-02
4.9006e-02
5.1276e-02
5.2025e-02
5.0844e-02
4.8187e-02
4.4296e-02
3.8799e-02
3.1502e-02
2.2884e-02
1.4048e-02
5.4149e-03
-2.8645e-03
-1.1003e-02
-1.9139e-02
-2.6821e-02
-3.2572e-02
-3.5886e-02
-3.7592e-02
-3.8849e-02
-3.9854e-02
-3.9866e-02
-3.8670e-02
-3.6780e-02
-3.4331e-02
-3.1277e-02
-2.7998e-02
-2.4346e-02
-2.0910e-02
-1.7960e-02
-1.5744e-02
-1.4410e-02
-1.4048e-02
-1.4085e-02
-1.4281e-02
-1.4615e-02
-1.4963e-02
-1.5167e-02
-1.5177e-02
-1.5433e-02
-1.5979e-02
-1.6674e-02
-1.7376e-02
-1.8363e-02
-1.9806e-02
-2.1534e-02
-2.2926e-02
-2.4445e-02
-2.5945e-02
-2.7089e-02
-2.7670e-02
-2.7555e-02
-2.6423e-02
-2.4101e-02
-2.0991e-02
-1.7371e-02
-1.3386e-02
-9.0158e-03
-4.4785e-03
-3.2934e-04
3.2168e-03
6.1837e-03
8.4267e-03
1.0066e-02
1.0722e-02
9.6136e-03
7.4437e-03
5.0206e-03
2.6288e-03
-3.1754e-04
-3.7123e-03
-7.5120e-03
-1.1235e-02
-1.4808e-02
-1.8346e-02
-2.1591e-02
-2.4410e-02
-2.6761e-02
-2.8467e-02
-2.9430e-02
-2.9376e-02
-2.8648e-02
-2.8174e-02
-2.8152e-02
-2.7952e-02
-2.7058e-02
-2.5585e-02
-2.3622e-02
-2.0578e-02
-1.6326e-02
-1.1404e-02
-5.9640e-03
-2.5177e-04
5.6188e-03
1.1154e-02
1.6500e-02
2.1742e-02
2.7130e-02
3.2807e-02
3.8825e-02
4.4106e-02
4.8000e-02
5.0520e-02
5.2075e-02
5.2930e-02
5.2970e-02
5.2079e-02
4.9804e-02
4.6104e-02
4.1879e-02
3.7593e-02
3.2842e-02
2.7260e-02
2.1167e-02
1.4932e-02
8.1289e-03
1.1192e-03
-5.5655e-03
-1.1275e-02
-1.5412e-02
-1.8146e-02
-2.0245e-02
-2.1736e-02
-2.2531e-02
-2.2758e-02
-2.2549e-02
-2.2082e-02
-2.1462e-02
-2.0705e-02
-2.0278e-02
-2.0223e-02
-2.0436e-02
-2.0795e-02
-2.1077e-02
-2.1250e-02
-2.1601e-02
-2.2099e-02
-2.2733e-02
-2.2643e-02
-2.1653e-02
-2.0064e-02
-1.8694e-02
-1.7449e-02
-1.5121e-02
-1.1352e-02
-6.6864e-03
-2.0435e-03
2.4001e-03
6.7780e-03
1.1374e-02
1.5814e-02
1.9515e-02
2.2371e-02
2.4306e-02
2.5342e-02
2.5126e-02
2.3754e-02
2.1210e-02
1.7577e-02
1.3836e-02
1.0188e-02
6.3616e-03
2.2155e-03
-2.2126e-03
-6.9689e-03
-1.2048e-02
-1.7052e-02
-2.1737e-02
-2.5665e-02
-2.8353e-02
-2.9983e-02
-3.1042e-02
-3.1932e-02
-3.2807e-02
-3.3897e-02
-3.4181e-02
-3.3483e-02
-3.2403e-02
-3.1847e-02
-3.1958e-02
-3.2179e-02
-3.1822e-02
-3.1325e-02
-3.1016e-02
-3.0880e-02
-3.1024e-02
-3.0714e-02
-2.9707e-02
-2.8504e-02
-2.7376e-02
-2.5241e-02
-2.1704e-02
-1.6905e-02
-1.1497e-02
-5.9163e-03
1.8618e-04
6.9371e-03
1.3906e-02
2.0294e-02
2.5078e-02
2.8083e-02
2.9559e-02
2.9196e-02
2.6924e-02
2.3068e-02
1.8146e-02
1.3055e-02
7.7986e-03
2.5420e-03
-2.3538e-03
-6.1763e-03
-8.9438e-03
-1.0996e-02
-1.2348e-02
-1.2090e-02
-9.4343e-03
-5.0401e-03
3.5692e-04
6.5177e-03
1.2687e-02
1.8689e-02
2.4062e-02
2.8469e-02
3.2164e-02
3.5728e-02
3.8782e-02
4.0585e-02
4.1012e-02
4.0097e-02
3.8321e-02
3.5808e-02
3.2494e-02
2.8482e-02
2.3573e-02
1.7505e-02
1.0691e-02
3.8076e-03
-3.1561e-03
-1.0161e-02
-1.6628e-02
-2.2190e-02
-2.7846e-02
-3.4149e-02
-4.1133e-02
-4.7681e-02
-5.2923e-02
-5.6382e-02
-5.8476e-02
-5.9694e-02
-6.0409e-02
-6.0844e-02
-6.0353e-02
-5.8265e-02
-5.4730e-02
-5.0194e-02
-4.5245e-02
-3.9988e-02
-3.4371e-02
-2.8528e-02
-2.2289e-02
-1.5376e-02
-7.7268e-03
1.5466e-04
8.0894e-03
1.5276e-02
2.0917e-02
2.5465e-02
2.9753e-02
3.4003e-02
3.7538e-02
3.9994e-02
4.1448e-02
4.1642e-02
4.0913e-02
3.9680e-02
3.7786e-02
3.5028e-02
3.1563e-02
2.8137e-02
2.4661e-02
2.0677e-02
1.6595e-02
1.2837e-02
9.0047e-03
5.1191e-03
1.5027e-03
-2.1912e-03
-6.4402e-03
-1.0506e-02
-1.2945e-02
-1.3435e-02
-1.3454e-02
-1.3287e-02
-1.3089e-02
-1.2474e-02
-1.1212e-02
-9.3867e-03
-7.4488e-03
-5.6876e-03
-4.6791e-03
-4.3032e-03
-4.3812e-03
-4.8109e-03
-5.5360e-03
-6.9939e-03
-9.2898e-03
-1.1899e-02
-1.4505e-02
-1.6582e-02
-1.8193e-02
-1.9644e-02
-2.0709e-02
-2.0743e-02
-1.9794e-02
-1.7992e-02
-1.5586e-02
-1.2979e-02
-1.0020e-02
-6.2787e-03
-2.3068e-03
1.2852e-03
4.9266e-03
8.4963e-03
1.1465e-02
1.3416e-02
1.4262e-02
1.4493e-02
1.4166e-02
1.2900e-02
1.1258e-02
1.0156e-02
9.2355e-03
8.2006e-03
6.8445e-03
5.4061e-03
4.6296e-03
4.4222e-03
5.0598e-03
6.3966e-03
8.0051e-03
9.8928e-03
1.2428e-02
1.5947e-02
2.0581e-02
2.5806e-02
3.1067e-02
3.6094e-02
4.1044e-02
4.6088e-02
5.1207e-02
5.6257e-02
6.0856e-02
6.4478e-02
6.6892e-02
6.8079e-02
6.8979e-02
6.9753e-02
6.9752e-02
6.8217e-02
6.5326e-02
6.2004e-02
5.9148e-02
5.7219e-02
5.5173e-02
5.2063e-02
4.8068e-02
4.3950e-02
4.0291e-02
3.6897e-02
3.3487e-02
3.0195e-02
2.7015e-02
2.4092e-02
2.1828e-02
1.9921e-02
1.7491e-02
1.4585e-02
1.2005e-02
1.0587e-02
1.0045e-02
9.1479e-03
7.9725e-03
7.1347e-03
6.7710e-03
6.8462e-03
7.2350e-03
7.7458e-03
8.2690e-03
9.0570e-03
1.0189e-02
1.1601e-02
1.2798e-02
1.3282e-02
1.2826e-02
1.1722e-02
1.0275e-02
8.4826e-03
5.8934e-03
2.7829e-03
-6.4256e-04
-3.6877e-03
-6.4911e-03
-9.3147e-03
-1.2544e-02
-1.6135e-02
-1.9853e-02
-2.3600e-02
-2.7263e-02
-3.1003e-02
-3.4417e-02
-3.7499e-02
-4.0400e-02
-4.3047e-02
-4.5279e-02
-4.7063e-02
-4.8376e-02
-4.9434e-02
-5.0182e-02
-5.0473e-02
-5.0581e-02
-5.0654e-02
-5.0670e-02
-5.0606e-02
-5.0123e-02
-4.9639e-02
-4.8926e-02
-4.7840e-02
-4.6485e-02
-4.4752e-02
-4.2745e-02
-4.1098e-02
-4.0169e-02
-3.9653e-02
-3.8904e-02
-3.7793e-02
-3.6193e-02
-3.3934e-02
-3.0609e-02
-2.6649e-02
-2.2320e-02
-1.8277e-02
-1.4565e-02
-1.0826e-02
-6.7464e-03
-2.0236e-03
2.6729e-03
7.3074e-03
1.1907e-02
1.6266e-02
2.0737e-02
2.5287e-02
2.9430e-02
3.3101e-02
3.6085e-02
3.8307e-02
3.9890e-02
4.0930e-02
4.1617e-02
4.2120e-02
4.2781e-02
4.3537e-02
4.4307e-02
4.5196e-02
4.6188e-02
4.6633e-02
4.6451e-02
4.5807e-02
4.4819e-02
4.3780e-02
4.2642e-02
4.1478e-02
4.0149e-02
3.8384e-02
3.6384e-02
3.3708e-02
3.0340e-02
2.6189e-02
2.1499e-02
1.6467e-02
1.0728e-02
4.7190e-03
-1.1468e-03
-6.7693e-03
-1.2196e-02
-1.7818e-02
-2.3402e-02
-2.8691e-02
-3.3638e-02
-3.8383e-02
-4.2531e-02
-4.5475e-02
-4.7152e-02
-4.7850e-02
-4.7916e-02
-4.7538e-02
-4.7218e-02
-4.6982e-02
-4.7069e-02
-4.6907e-02
-4.5590e-02
-4.3858e-02
-4.2334e-02
-4.1041e-02
-3.9727e-02
-3.8121e-02
-3.5903e-02
-3.2975e-02
-2.9816e-02
-2.5983e-02
-2.1450e-02
-1.6573e-02
-1.1476e-02
-6.3591e-03
-1.5032e-03
2.7772e-03
6.1792e-03
9.0079e-03
1.1533e-02
1.3738e-02
1.5236e-02
1.6262e-02
1.6835e-02
1.7394e-02
1.7735e-02
1.7874e-02
1.7998e-02
1.8342e-02
1.8867e-02
1.9143e-02
1.9172e-02
1.9033e-02
1.9038e-02
1.9095e-02
1.8848e-02
1.8156e-02
1.7340e-02
1.6575e-02
1.5537e-02
1.4084e-02
1.2158e-02
1.0143e-02
8.3716e-03
6.7407e-03
4.9206e-03
3.4843e-03
2.8977e-03
2.4984e-03
1.6836e-03
7.9589e-04
4.7500e-04
4.3516e-04
6.3504e-04
1.0830e-03
1.7052e-03
2.4606e-03
3.4464e-03
4.9900e-03
6.9936e-03
8.9196e-03
1.0822e-02
1.3167e-02
1.5908e-02
1.8349e-02
2.0566e-02
2.2531e-02
2.3722e-02
2.3796e-02
2.3172e-02
2.2619e-02
2.2193e-02
2.1728e-02
2.0950e-02
1.9808e-02
1.8403e-02
1.6475e-02
1.3716e-02
1.0145e-02
6.1901e-03
2.2829e-03
-1.2255e-03
-4.4572e-03
-7.9197e-03
-1.1288e-02
-1.4122e-02
-1.6426e-02
-1.8114e-02
-1.9426e-02
-2.0536e-02
-2.1376e-02
-2.1533e-02
-2.0310e-02
-1.7795e-02
-1.5111e-02
-1.3281e-02
-1.1923e-02
-9.9390e-03
-7.0914e-03
-3.9716e-03
-8.4455e-04
2.0470e-03
4.2085e-03
5.4970e-03
6.0103e-03
6.0815e-03
5.9754e-03
5.6945e-03
5.1730e-03
4.5451e-03
3.8368e-03
3.3159e-03
2.9636e-03
2.6392e-03
2.1999e-03
1.8050e-03
1.7593e-03
2.6153e-03
3.9669e-03
5.5091e-03
6.7838e-03
8.0578e-03
9.3363e-03
1.0781e-02
1.2738e-02
1.5125e-02
1.7642e-02
2.0829e-02
2.4443e-02
2.8050e-02
3.1307e-02
3.4433e-02
3.7380e-02
4.0486e-02
4.3460e-02
4.5469e-02
4.6819e-02
4.8253e-02
5.0084e-02
5.1845e-02
5.3604e-02
5.5748e-02
5.7655e-02
5.8507e-02
5.7897e-02
5.6713e-02
5.5614e-02
5.5076e-02
5.4894e-02
5.4696e-02
5.3723e-02
5.2004e-02
5.0219e-02
4.8915e-02
4.7522e-02
4.5543e-02
4.3051e-02
4.0172e-02
3.7030e-02
3.3883e-02
3.0510e-02
2.6924e-02
2.3446e-02
1.9966e-02
1.6819e-02
1.3854e-02
1.0367e-02
6.8115e-03
3.4993e-03
6.2181e-04
-1.4483e-03
-3.0366e-03
-4.8744e-03
-6.8525e-03
-8.6257e-03
-1.0079e-02
-1.1588e-02
-1.3121e-02
-1.4740e-02
-1.6421e-02
-1.8287e-02
-2.0102e-02
-2.1652e-02
-2.3123e-02
-2.4462e-02
-2.5942e-02
-2.7331e-02
-2.8303e-02
-2.9267e-02
-3.0431e-02
-3.1628e-02
-3.2120e-02
-3.2030e-02
-3.1651e-02
-3.1504e-02
-3.1940e-02
-3.2788e-02
-3.3707e-02
-3.4541e-02
-3.5277e-02
-3.5734e-02
-3.5625e-02
-3.4942e-02
-3.3670e-02
-3.2077e-02
-3.0433e-02
-2.8448e-02
-2.5841e-02
-2.2512e-02
-1.9221e-02
-1.5725e-02
-1.1939e-02
-7.9305e-03
-3.4866e-03
1.1613e-03
5.5619e-03
9.7233e-03
1.3459e-02
1.6691e-02
1.9324e-02
2.1387e-02
2.2636e-02
2.3237e-02
2.3291e-02
2.2689e-02
2.1386e-02
1.9162e-02
1.6193e-02
1.3034e-02
1.0142e-02
7.4765e-03
4.6431e-03
1.5911e-03
-1.4662e-03
-4.2077e-03
-6.8404e-03
-9.6064e-03
-1.2188e-02
-1.4762e-02
-1.7531e-02
-2.0300e-02
-2.3687e-02
-2.7441e-02
-3.1292e-02
-3.4643e-02
-3.7075e-02
-3.9061e-02
-4.1189e-02
-4.3366e-02
-4.5404e-02
-4.7230e-02
-4.8925e-02
-5.0503e-02
-5.2207e-02
-5.3856e-02
-5.5073e-02
-5.5864e-02
-5.6491e-02
-5.6906e-02
-5.7454e-02
-5.7855e-02
-5.7757e-02
-5.7233e-02
-5.6265e-02
-5.4675e-02
-5.2693e-02
-5.0709e-02
-4.9015e-02
-4.7242e-02
-4.5231e-02
-4.2691e-02
-3.9604e-02
-3.6416e-02
-3.3007e-02
-2.9445e-02
-2.5809e-02
-2.2132e-02
-1.8533e-02
-1.5313e-02
-1.2355e-02
-9.5443e-03
-6.6723e-03
-4.0074e-03
-1.8254e-03
-1.8878e-04
1.2885e-03
2.5726e-03
3.7720e-03
4.6186e-03
4.9559e-03
4.6188e-03
3.7142e-03
2.9170e-03
2.8161e-03
3.1431e-03
2.9667e-03
1.8131e-03
6.3598e-04
3.9217e-04
1.1469e-03
2.3527e-03
3.5886e-03
4.7963e-03
5.6807e-03
6.8426e-03
7.9529e-03
9.0980e-03
1.0619e-02
1.2250e-02
1.3745e-02
1.5298e-02
1.7101e-02
1.8709e-02
1.9496e-02
1.9976e-02
2.0770e-02
2.1622e-02
2.2366e-02
2.2819e-02
2.2887e-02
2.2545e-02
2.1766e-02
2.1192e-02
2.0777e-02
2.0462e-02
1.9932e-02
1.9003e-02
1.7963e-02
1.6909e-02
1.5952e-02
1.5121e-02
1.4585e-02
1.4423e-02
1.4499e-02
1.4338e-02
1.3809e-02
1.3033e-02
1.2257e-02
1.1331e-02
1.0276e-02
9.3091e-03
8.4698e-03
7.6933e-03
6.7532e-03
4.7608e-03
2.0970e-03
-5.4826e-04
-2.6747e-03
-4.4885e-03
-6.1575e-03
-7.6711e-03
-9.0901e-03
-1.0361e-02
-1.1227e-02
-1.1501e-02
-1.1256e-02
-1.0769e-02
-1.0345e-02
-9.9759e-03
-9.8553e-03
-9.9160e-03
-9.9980e-03
-1.0326e-02
-1.0676e-02
-1.0894e-02
-1.0598e-02
-1.0016e-02
-9.6645e-03
-9.4223e-03
-9.3714e-03
-9.5223e-03
-9.4372e-03
-8.7895e-03
-7.6781e-03
-6.6110e-03
-6.0062e-03
-5.6520e-03
-5.1692e-03
-4.5625e-03
-4.0758e-03
-3.6458e-03
-3.4807e-03
-3.5117e-03
-3.7779e-03
-4.3795e-03
-5.1330e-03
-5.8308e-03
-6.6700e-03
-7.5105e-03
-8.3339e-03
-9.4100e-03
-1.0458e-02
-1.0788e-02
-9.8465e-03
-7.8195e-03
-5.3633e-03
-2.8457e-03
-2.8653e-04
2.4692e-03
5.3496e-03
8.5722e-03
1.1810e-02
1.4892e-02
1.7710e-02
2.0151e-02
2.2657e-02
2.4995e-02
2.6927e-02
2.8415e-02
2.9480e-02
3.0093e-02
2.9963e-02
2.9353e-02
2.8661e-02
2.8015e-02
2.7349e-02
2.6893e-02
2.6462e-02
2.5726e-02
2.4439e-02
2.3077e-02
2.2010e-02
2.1239e-02
2.0492e-02
1.9767e-02
1.8978e-02
1.7839e-02
1.6481e-02
1.5212e-02
1.3870e-02
1.2724e-02
1.1685e-02
1.0586e-02
9.3824e-03
8.0973e-03
6.7246e-03
5.2901e-03
3.8755e-03
2.2382e-03
7.4279e-04
-3.9834e-04
-1.3670e-03
-2.3620e-03
-3.4000e-03
-4.1206e-03
-4.6719e-03
-5.2320e-03
-5.8493e-03
-6.3567e-03
-6.6852e-03
-6.9112e-03
-7.3172e-03
-8.2174e-03
-9.2783e-03
-1.0192e-02
-1.0884e-02
-1.1110e-02
-1.1036e-02
-1.1258e-02
-1.1838e-02
-1.2658e-02
-1.3342e-02
-1.3892e-02
-1.4242e-02
-1.3819e-02
-1.3220e-02
-1.3281e-02
-1.4368e-02
-1.6087e-02
-1.7799e-02
-1.9265e-02
-2.0784e-02
-2.2623e-02
-2.4577e-02
-2.6488e-02
-2.8499e-02
-3.0594e-02
-3.2643e-02
-3.4543e-02
-3.6113e-02
-3.7062e-02
-3.7497e-02
-3.7497e-02
-3.7316e-02
-3.6779e-02
-3.5605e-02
-3.4136e-02
-3.2238e-02
-2.9931e-02
-2.7928e-02
-2.5983e-02
-2.3338e-02
-1.9746e-02
-1.5408e-02
-1.1070e-02
-7.5710e-03
-4.5969e-03
-1.1675e-03
3.5648e-03
8.9251e-03
1.4209e-02
1.9585e-02
2.4583e-02
2.9200e-02
3.3252e-02
3.7078e-02
4.0809e-02
4.4216e-02
4.7209e-02
4.9399e-02
5.0897e-02
5.1949e-02
5.2813e-02
5.3346e-02
5.3703e-02
5.3791e-02
5.3704e-02
5.3130e-02
5.2015e-02
5.0445e-02
4.8335e-02
4.5896e-02
4.3180e-02
4.0296e-02
3.7276e-02
3.4086e-02
3.1015e-02
2.7809e-02
2.4225e-02
2.0306e-02
1.6170e-02
1.2549e-02
9.7690e-03
7.3367e-03
4.5786e-03
1.2261e-03
-2.2319e-03
-5.0547e-03
-7.0944e-03
-8.8933e-03
-1.0226e-02
-1.0662e-02
-1.0275e-02
-9.8926e-03
-9.9756e-03
-1.0037e-02
-9.6349e-03
-8.4424e-03
-6.3789e-03
-3.6668e-03
-9.0077e-04
1.6631e-03
4.1437e-03
6.4093e-03
8.7691e-03
1.1477e-02
1.4444e-02
1.7218e-02
2.0046e-02
2.3154e-02
2.6261e-02
2.9089e-02
3.1684e-02
3.4167e-02
3.6667e-02
3.9246e-02
4.1549e-02
4.3196e-02
4.4250e-02
4.4945e-02
4.5353e-02
4.5588e-02
4.5469e-02
4.5358e-02
4.5070e-02
4.4511e-02
4.3857e-02
4.2961e-02
4.1859e-02
4.0536e-02
3.8999e-02
3.7438e-02
3.5756e-02
3.3989e-02
3.1961e-02
2.9562e-02
2.7064e-02
2.4539e-02
2.1789e-02
1.8209e-02
1.3751e-02
9.0248e-03
4.8921e-03
1.5635e-03
-1.0606e-03
-3.6165e-03
-6.4503e-03
-9.5054e-03
-1.2274e-02
-1.4446e-02
-1.6146e-02
-1.7352e-02
-1.8174e-02
-1.8919e-02
-1.9433e-02
-1.9491e-02
-1.9297e-02
-1.9202e-02
-1.9065e-02
-1.8586e-02
-1.7600e-02
-1.6440e-02
-1.5262e-02
-1.4176e-02
-1.3094e-02
-1.1534e-02
-9.6346e-03
-7.5864e-03
-5.5782e-03
-3.5110e-03
-1.1614e-03
1.4168e-03
3.9036e-03
6.2572e-03
8.1138e-03
9.2411e-03
1.0015e-02
1.0496e-02
1.0122e-02
8.9314e-03
7.3431e-03
5.0234e-03
1.6723e-03
-2.1302e-03
-5.9712e-03
-9.8804e-03
-1.4172e-02
-1.8448e-02
-2.2936e-02
-2.7736e-02
-3.2118e-02
-3.5713e-02
-3.8634e-02
-4.0935e-02
-4.2605e-02
-4.3953e-02
-4.4348e-02
-4.3995e-02
-4.3050e-02
-4.1636e-02
-3.9723e-02
-3.7500e-02
-3.4903e-02
-3.1739e-02
-2.8244e-02
-2.4831e-02
-2.1858e-02
-1.9092e-02
-1.6115e-02
-1.2507e-02
-8.7378e-03
-4.9224e-03
-1.3340e-03
1.7664e-03
4.4027e-03
7.1114e-03
9.8223e-03
1.2568e-02
1.4946e-02
1.6850e-02
1.8437e-02
2.0213e-02
2.2221e-02
2.4305e-02
2.6119e-02
2.7690e-02
2.9024e-02
3.0205e-02
3.0862e-02
3.0875e-02
3.0540e-02
2.9978e-02
2.9072e-02
2.7718e-02
2.6126e-02
2.4021e-02
2.1298e-02
1.8467e-02
1.5358e-02
1.1742e-02
7.4189e-03
3.0294e-03
-7.6807e-04
-3.8423e-03
-6.4565e-03
-9.4260e-03
-1.2932e-02
-1.6331e-02
-1.8584e-02
-2.0027e-02
-2.1303e-02
-2.2601e-02
-2.4052e-02
-2.5775e-02
-2.8084e-02
-3.0968e-02
-3.3724e-02
-3.5729e-02
-3.7315e-02
-3.8861e-02
-4.0391e-02
-4.1923e-02
-4.3434e-02
-4.4944e-02
-4.6520e-02
-4.8188e-02
-4.9987e-02
-5.1860e-02
-5.3659e-02
-5.5142e-02
-5.6487e-02
-5.7942e-02
-5.9199e-02
-6.0000e-02
-6.0513e-02
-6.0874e-02
-6.0829e-02
-6.0398e-02
-6.0028e-02
-5.9830e-02
-5.9729e-02
-5.9309e-02
-5.8268e-02
-5.7143e-02
-5.6053e-02
-5.4940e-02
-5.3630e-02
-5.2054e-02
-5.0262e-02
-4.8486e-02
-4.6519e-02
-4.3753e-02
-4.0393e-02
-3.6895e-02
-3.3619e-02
-3.0891e-02
-2.8356e-02
-2.5317e-02
-2.1881e-02
-1.8254e-02
-1.4604e-02
-1.0905e-02
-7.5805e-03
-4.9055e-03
-2.4887e-03
-2.7272e-04
1.6203e-03
2.7767e-03
3.5476e-03
4.4677e-03
5.3954e-03
5.9626e-03
6.4653e-03
7.1058e-03
8.0267e-03
9.4796e-03
1.1340e-02
1.2772e-02
1.3636e-02
1.4520e-02
1.6142e-02
1.8344e-02
2.0784e-02
2.3165e-02
2.5215e-02
2.6603e-02
2.7696e-02
2.8825e-02
2.9858e-02
3.0887e-02
3.1771e-02
3.2639e-02
3.3551e-02
3.4478e-02
3.5119e-02
3.5354e-02
3.5484e-02
3.5487e-02
3.5347e-02
3.4722e-02
3.3350e-02
3.1924e-02
3.0888e-02
3.0513e-02
3.0547e-02
3.0221e-02
2.9634e-02
2.9042e-02
2.8361e-02
2.7606e-02
2.7142e-02
2.6749e-02
2.6176e-02
2.5424e-02
2.4518e-02
2.3285e-02
2.2020e-02
2.0664e-02
1.9492e-02
1.8377e-02
1.7078e-02
1.5647e-02
1.4449e-02
1.3521e-02
1.2629e-02
1.1792e-02
1.1496e-02
1.1632e-02
1.1764e-02
1.1768e-02
1.1570e-02
1.1606e-02
1.1851e-02
1.2222e-02
1.2586e-02
1.2927e-02
1.3211e-02
1.3701e-02
1.4229e-02
1.4811e-02
1.5327e-02
1.5301e-02
1.4839e-02
1.4502e-02
1.4265e-02
1.4072e-02
1.4156e-02
1.4405e-02
1.4523e-02
1.4559e-02
1.4685e-02
1.4780e-02
1.4884e-02
1.5050e-02
1.5173e-02
1.5521e-02
1.5853e-02
1.6172e-02
1.6553e-02
1.7241e-02
1.7997e-02
1.8600e-02
1.8761e-02
1.8215e-02
1.7513e-02
1.6929e-02
1.6491e-02
1.6039e-02
1.5981e-02
1.6157e-02
1.6223e-02
1.6041e-02
1.5825e-02
1.5601e-02
1.5389e-02
1.5244e-02
1.4977e-02
1.4172e-02
1.2726e-02
1.0874e-02
9.2744e-03
7.8283e-03
6.5081e-03
5.2770e-03
3.9740e-03
2.5161e-03
8.3687e-04
-7.0812e-04
-2.4111e-03
-4.2634e-03
-6.2348e-03
-8.3231e-03
-1.0279e-02
-1.1959e-02
-1.3489e-02
-1.4793e-02
-1.5731e-02
-1.6617e-02
-1.7936e-02
-1.9801e-02
-2.2250e-02
-2.4755e-02
-2.6558e-02
-2.7768e-02
-2.8510e-02
-2.9401e-02
-3.1222e-02
-3.3475e-02
-3.4915e-02
-3.4975e-02
-3.4397e-02
-3.4375e-02
-3.5245e-02
-3.6560e-02
-3.7577e-02
-3.7783e-02
-3.7079e-02
-3.5956e-02
-3.4908e-02
-3.3948e-02
-3.3204e-02
-3.2854e-02
-3.2595e-02
-3.2065e-02
-3.0912e-02
-2.9576e-02
-2.8523e-02
-2.8024e-02
-2.7849e-02
-2.7830e-02
-2.7925e-02
-2.7989e-02
-2.7861e-02
-2.7608e-02
-2.7277e-02
-2.6914e-02
-2.6840e-02
-2.7345e-02
-2.8431e-02
-2.9808e-02
-3.0941e-02
-3.1518e-02
-3.1481e-02
-3.1141e-02
-3.0653e-02
-3.0404e-02
-3.0195e-02
-3.0079e-02
-3.0028e-02
-2.9952e-02
-2.9416e-02
-2.8430e-02
-2.7383e-02
-2.6462e-02
-2.5950e-02
-2.5760e-02
-2.5545e-02
-2.5241e-02
-2.5226e-02
-2.5389e-02
-2.5599e-02
-2.5994e-02
-2.6536e-02
-2.7251e-02
-2.7669e-02
-2.7647e-02
-2.7490e-02
-2.7287e-02
-2.7225e-02
-2.7048e-02
-2.6365e-02
-2.5033e-02
-2.3160e-02
-2.1167e-02
-1.9206e-02
-1.6906e-02
-1.4307e-02
-1.2032e-02
-1.0607e-02
-9.9086e-03
-9.3498e-03
-8.2521e-03
-6.7070e-03
-5.2944e-03
-4.2087e-03
-3.3602e-03
-2.2273e-03
-7.1880e-04
1.0181e-03
2.7250e-03
4.2181e-03
5.3335e-03
6.3587e-03
7.4906e-03
8.7446e-03
9.9864e-03
1.0774e-02
1.0809e-02
1.0635e-02
1.0512e-02
1.0422e-02
1.0229e-02
9.7336e-03
9.3337e-03
9.4247e-03
1.0225e-02
1.1325e-02
1.2148e-02
1.2178e-02
1.1835e-02
1.1650e-02
1.1873e-02
1.2306e-02
1.2655e-02
1.2554e-02
1.1796e-02
1.0716e-02
9.8801e-03
9.5744e-03
9.3963e-03
8.7289e-03
7.5359e-03
5.9508e-03
4.6663e-03
3.9002e-03
3.4590e-03
2.7162e-03
1.4994e-03
-6.7647e-06
-1.4751e-03
-2.7118e-03
-3.6210e-03
-4.0219e-03
-4.3075e-03
-5.0917e-03
-6.3424e-03
-7.5938e-03
-8.2781e-03
-8.3790e-03
-8.4020e-03
-8.7833e-03
-9.3760e-03
-9.9127e-03
-1.0006e-02
-9.6352e-03
-9.2993e-03
-9.2239e-03
-9.3588e-03
-9.2006e-03
-8.7939e-03
-8.3691e-03
-8.2262e-03
-8.1964e-03
-7.8721e-03
-7.4738e-03
-7.5419e-03
-7.9036e-03
-7.6996e-03
-6.8360e-03
-5.3206e-03
-4.1403e-03
-3.6481e-03
-3.2421e-03
-2.2439e-03
-1.0099e-03
1.1315e-04
8.9660e-04
1.4301e-03
1.9219e-03
2.3497e-03
2.7246e-03
3.4608e-03
4.5681e-03
5.4135e-03
5.4470e-03
4.4776e-03
2.5676e-03
4.9234e-04
-1.1970e-03
-2.1763e-03
-2.9560e-03
-3.7478e-03
-4.6325e-03
-5.3992e-03
-5.9593e-03
-6.0858e-03
-5.9309e-03
-5.7229e-03
-5.7432e-03
-5.9422e-03
-6.3279e-03
-6.4126e-03
-5.8604e-03
-5.1696e-03
-5.0260e-03
-5.1261e-03
-4.8539e-03
-4.3030e-03
-3.7964e-03
-3.0399e-03
-1.9209e-03
-2.3164e-04
1.8112e-03
4.0678e-03
6.1683e-03
7.8243e-03
9.5311e-03
1.1814e-02
1.4565e-02
1.7427e-02
2.0070e-02
2.1698e-02
2.2408e-02
2.2871e-02
2.3465e-02
2.4121e-02
2.4390e-02
2.4016e-02
2.3934e-02
2.4480e-02
2.5064e-02
2.5039e-02
2.4526e-02
2.3742e-02
2.2866e-02
2.1870e-02
2.0789e-02
1.9974e-02
1.9681e-02
1.9860e-02
2.0200e-02
2.0660e-02
2.1050e-02
2.1174e-02
2.0919e-02
2.0660e-02
2.0535e-02
2.0845e-02
2.1506e-02
2.1830e-02
2.1599e-02
2.1023e-02
2.0633e-02
2.0334e-02
1.9832e-02
1.9303e-02
1.8465e-02
1.7642e-02
1.6902e-02
1.6212e-02
1.5571e-02
1.5438e-02
1.5333e-02
1.4522e-02
1.3086e-02
1.1447e-02
1.0248e-02
9.5665e-03
9.0669e-03
8.7434e-03
8.4238e-03
8.2654e-03
7.8367e-03
7.3945e-03
7.1144e-03
7.0298e-03
7.1209e-03
7.4796e-03
7.8752e-03
8.3595e-03
8.5932e-03
8.7998e-03
8.5678e-03
8.2987e-03
8.8441e-03
1.0153e-02
1.1235e-02
1.1631e-02
1.1082e-02
1.0205e-02
9.7869e-03
1.0228e-02
1.1366e-02
1.2510e-02
1.3225e-02
1.3736e-02
1.4157e-02
1.3987e-02
1.3655e-02
1.3324e-02
1.2798e-02
1.2463e-02
1.2093e-02
1.1705e-02
1.0929e-02
9.6618e-03
8.3115e-03
7.0109e-03
5.6905e-03
4.1372e-03
2.3312e-03
8.6879e-04
2.7731e-04
3.5900e-04
8.0717e-04
8.7397e-04
6.4399e-04
8.2326e-04
1.4864e-03
1.9919e-03
2.1941e-03
2.0143e-03
1.9575e-03
2.1705e-03
2.3764e-03
2.5099e-03
2.4990e-03
2.4252e-03
2.5571e-03
2.8072e-03
3.0076e-03
3.0311e-03
3.0479e-03
3.4234e-03
4.2036e-03
5.0498e-03
5.4991e-03
5.7582e-03
6.0396e-03
6.5536e-03
7.2324e-03
7.7895e-03
8.3178e-03
8.5765e-03
8.5825e-03
8.5727e-03
8.0970e-03
7.3141e-03
6.8433e-03
6.8677e-03
6.9307e-03
6.9688e-03
6.9748e-03
7.0941e-03
7.1776e-03
7.1028e-03
7.1691e-03
6.9644e-03
6.3447e-03
5.5802e-03
4.9301e-03
3.9530e-03
2.6152e-03
1.2961e-03
-2.2515e-04
-1.7251e-03
-3.4284e-03
-5.1542e-03
-7.0583e-03
-9.2077e-03
-1.1576e-02
-1.3715e-02
-1.5814e-02
-1.7925e-02
-2.0049e-02
-2.1721e-02
-2.3207e-02
-2.4640e-02
-2.6503e-02
-2.8352e-02
-2.9844e-02
-3.1157e-02
-3.2417e-02
-3.3871e-02
-3.4859e-02
-3.5239e-02
-3.5259e-02
-3.5512e-02
-3.6289e-02
-3.7061e-02
-3.7348e-02
-3.6879e-02
-3.5383e-02
-3.3374e-02
-3.1123e-02
-2.9399e-02
-2.7914e-02
-2.6474e-02
-2.4768e-02
-2.2357e-02
-1.9822e-02
-1.7383e-02
-1.4902e-02
-1.2367e-02
-9.8388e-03
-7.0782e-03
-4.1955e-03
-1.2885e-03
1.8032e-03
4.7073e-03
7.1459e-03
9.5062e-03
1.2254e-02
1.5746e-02
1.9254e-02
2.1826e-02
2.3471e-02
2.4775e-02
2.6667e-02
2.9610e-02
3.2742e-02
3.5266e-02
3.6767e-02
3.7886e-02
3.8711e-02
3.9534e-02
4.0541e-02
4.1521e-02
4.2452e-02
4.3005e-02
4.3329e-02
4.3221e-02
4.2825e-02
4.1937e-02
4.0557e-02
3.8648e-02
3.6153e-02
3.3454e-02
3.1079e-02
2.8707e-02
2.5907e-02
2.2695e-02
1.9172e-02
1.5506e-02
1.2131e-02
9.0323e-03
6.1492e-03
3.6226e-03
1.3982e-03
-8.6120e-04
-3.3085e-03
-5.5497e-03
-7.1454e-03
-8.0887e-03
-8.7893e-03
-9.3755e-03
-9.7935e-03
-9.9287e-03
-9.5810e-03
-8.8789e-03
-7.7576e-03
-6.3341e-03
-4.9392e-03
-4.3400e-03
-4.6642e-03
-5.6345e-03
-6.3576e-03
-6.3272e-03
-6.0806e-03
-5.8387e-03
-5.7954e-03
-5.6629e-03
-5.2113e-03
-4.5201e-03
-4.2393e-03
-4.2994e-03
-4.3036e-03
-3.9477e-03
-3.6330e-03
-3.4484e-03
-3.3533e-03
-3.2787e-03
-3.3345e-03
-3.1303e-03
-2.6950e-03
-2.8086e-03
-3.5964e-03
-4.6687e-03
-5.9549e-03
-6.8860e-03
-7.2814e-03
-6.9436e-03
-6.3958e-03
-6.0823e-03
-5.7984e-03
-5.4559e-03
-5.0465e-03
-4.7745e-03
-4.5262e-03
-4.4544e-03
-4.4902e-03
-4.4587e-03
-4.4554e-03
-4.8350e-03
-5.2791e-03
-5.8766e-03
-6.5865e-03
-7.4424e-03
-8.2598e-03
-9.1112e-03
-9.7609e-03
-9.9149e-03
-9.4337e-03
-8.6790e-03
-8.1760e-03
-7.9230e-03
-8.0801e-03
-8.6075e-03
-9.0028e-03
-8.9561e-03
-8.7409e-03
-8.4903e-03
-8.2224e-03
-7.6090e-03
-6.9640e-03
-6.3191e-03
-5.6083e-03
-4.7571e-03
-3.8969e-03
-3.1272e-03
-2.6164e-03
-2.0131e-03
-1.2646e-03
-4.1680e-04
5.4265e-04
1.5938e-03
2.2884e-03
2.4655e-03
2.1796e-03
2.1042e-03
1.9921e-03
1.9335e-03
2.1517e-03
2.3145e-03
2.4236e-03
2.6049e-03
2.7290e-03
2.8112e-03
2.9102e-03
3.2613e-03
3.9567e-03
4.9523e-03
5.8853e-03
6.4308e-03
6.6355e-03
6.7464e-03
6.9230e-03
6.9630e-03
6.8598e-03
7.1595e-03
7.8060e-03
8.3434e-03
8.6863e-03
8.8885e-03
9.2183e-03
9.8293e-03
1.0423e-02
1.0998e-02
1.1533e-02
1.1902e-02
1.2294e-02
1.2678e-02
1.2900e-02
1.3271e-02
1.4182e-02
1.5494e-02
1.6740e-02
1.7664e-02
1.8245e-02
1.9070e-02
2.0343e-02
2.1775e-02
2.2933e-02
2.4007e-02
2.5420e-02
2.7186e-02
2.8536e-02
2.8934e-02
2.8444e-02
2.7991e-02
2.7833e-02
2.7981e-02
2.8170e-02
2.7926e-02
2.7415e-02
2.6889e-02
2.6527e-02
2.6065e-02
2.5670e-02
2.5396e-02
2.5176e-02
2.4960e-02
2.4743e-02
2.4293e-02
2.3542e-02
2.2962e-02
2.2562e-02
2.2214e-02
2.1427e-02
2.0259e-02
1.8648e-02
1.7111e-02
1.5644e-02
1.4375e-02
1.2772e-02
1.0451e-02
7.3801e-03
4.4913e-03
2.6040e-03
1.6456e-03
5.7298e-04
-1.2962e-03
-3.9988e-03
-7.1400e-03
-1.0315e-02
-1.2798e-02
-1.4453e-02
-1.5651e-02
-1.6817e-02
-1.8667e-02
-2.0780e-02
-2.2848e-02
-2.4979e-02
-2.6626e-02
-2.7825e-02
-2.8791e-02
-2.9852e-02
-3.0760e-02
-3.1226e-02
-3.1605e-02
-3.1825e-02
-3.1966e-02
-3.2273e-02
-3.2585e-02
-3.2727e-02
-3.2747e-02
-3.3030e-02
-3.3374e-02
-3.3173e-02
-3.2374e-02
-3.1495e-02
-3.0566e-02
-2.9557e-02
-2.8419e-02
-2.7229e-02
-2.5666e-02
-2.4074e-02
-2.2613e-02
-2.1012e-02
-1.9043e-02
-1.6874e-02
-1.4798e-02
-1.2461e-02
-9.7008e-03
-7.1768e-03
-5.2964e-03
-3.8616e-03
-2.3743e-03
-6.0757e-04
1.5335e-03
4.0998e-03
6.3942e-03
8.2999e-03
9.9798e-03
1.1454e-02
1.2390e-02
1.2529e-02
1.2611e-02
1.3325e-02
1.4182e-02
1.4569e-02
1.4351e-02
1.3641e-02
1.2884e-02
1.2423e-02
1.2670e-02
1.2896e-02
1.2092e-02
1.0865e-02
9.7995e-03
9.2119e-03
8.6557e-03
8.0020e-03
7.5213e-03
6.9414e-03
6.4796e-03
6.4688e-03
6.8833e-03
7.1903e-03
7.0011e-03
6.7736e-03
6.6380e-03
7.0967e-03
7.9481e-03
8.4790e-03
8.4622e-03
8.1782e-03
8.0354e-03
8.8470e-03
9.9504e-03
1.0747e-02
1.0858e-02
1.0859e-02
1.0938e-02
1.1318e-02
1.1818e-02
1.1724e-02
1.1123e-02
1.0025e-02
8.9353e-03
8.4323e-03
8.2004e-03
7.8301e-03
7.0332e-03
5.3396e-03
3.2662e-03
1.3656e-03
-1.6880e-04
-1.5178e-03
-2.5568e-03
-3.7273e-03
-5.3787e-03
-6.9187e-03
-7.8867e-03
-8.4535e-03
-9.0107e-03
-9.7497e-03
-1.0789e-02
-1.1950e-02
-1.2945e-02
-1.3492e-02
-1.3744e-02
-1.3777e-02
-1.4198e-02
-1.4783e-02
-1.5218e-02
-1.5637e-02
-1.6088e-02
-1.6581e-02
-1.7248e-02
-1.7945e-02
-1.8091e-02
-1.8010e-02
-1.7662e-02
-1.6918e-02
-1.5644e-02
-1.4377e-02
-1.3519e-02
-1.3044e-02
-1.2093e-02
-1.1013e-02
-9.9578e-03
-8.6604e-03
-7.4063e-03
-6.2396e-03
-5.0042e-03
-3.9961e-03
-3.1468e-03
-2.3452e-03
-1.4507e-03
-5.9125e-04
4.1190e-04
1.0451e-03
1.2694e-03
1.2433e-03
1.3108e-03
1.8085e-03
2.5032e-03
3.1539e-03
4.0151e-03
4.9007e-03
5.5939e-03
6.0225e-03
6.4212e-03
7.1633e-03
7.8528e-03
7.9014e-03
7.0324e-03
5.8731e-03
4.8763e-03
4.4254e-03
4.3190e-03
4.3650e-03
3.9886e-03
3.6341e-03
3.5280e-03
3.6065e-03
3.4910e-03
3.3919e-03
3.6641e-03
3.6396e-03
3.3715e-03
3.5975e-03
4.8379e-03
6.5444e-03
8.2904e-03
9.5425e-03
1.0199e-02
9.8524e-03
8.7951e-03
7.9529e-03
8.1599e-03
9.0296e-03
9.8645e-03
9.8090e-03
9.0507e-03
8.3513e-03
8.2691e-03
8.7414e-03
9.0956e-03
8.8411e-03
7.9431e-03
6.7539e-03
5.7396e-03
4.8565e-03
4.1635e-03
3.5207e-03
2.4936e-03
1.1576e-03
-3.2362e-04
-1.5618e-03
-2.8936e-03
-4.1139e-03
-5.4431e-03
-6.8619e-03
-8.1468e-03
-9.0902e-03
-1.0026e-02
-1.1010e-02
-1.1908e-02
-1.2749e-02
-1.3436e-02
-1.3822e-02
-1.4111e-02
-1.4364e-02
-1.4379e-02
-1.4355e-02
-1.4013e-02
-1.3537e-02
-1.2906e-02
-1.2104e-02
-1.0992e-02
-9.6344e-03
-8.5279e-03
-7.1729e-03
-5.2966e-03
-3.1454e-03
-7.9065e-04
1.7585e-03
4.3637e-03
7.0758e-03
9.2061e-03
1.0349e-02
1.0830e-02
1.1139e-02
1.1187e-02
1.1068e-02
1.1215e-02
1.1413e-02
1.1628e-02
1.1532e-02
1.1104e-02
1.0406e-02
9.7812e-03
9.3710e-03
9.2096e-03
8.7180e-03
8.2791e-03
7.8201e-03
7.1012e-03
5.8608e-03
4.5271e-03
3.1580e-03
2.2587e-03
1.7633e-03
1.3681e-03
4.0287e-04
-1.0933e-03
-2.9124e-03
-4.7925e-03
-6.1856e-03
-6.8649e-03
-7.2438e-03
-7.7477e-03
-8.5470e-03
-9.3755e-03
-9.7145e-03
-9.9597e-03
-1.0182e-02
-1.0664e-02
-1.1393e-02
-1.1910e-02
-1.1962e-02
-1.1669e-02
-1.1499e-02
-1.1070e-02
-1.0486e-02
-9.9517e-03
-9.5775e-03
-9.6329e-03
-9.6640e-03
-8.9645e-03
-7.6056e-03
-5.8051e-03
-4.1179e-03
-2.6334e-03
-1.5603e-03
-8.3642e-04
-3.2626e-04
3.9753e-04
8.4470e-04
9.9938e-04
1.3526e-03
1.8407e-03
2.7561e-03
3.8159e-03
4.7211e-03
5.4871e-03
5.9044e-03
6.2315e-03
6.8249e-03
7.8997e-03
8.8544e-03
9.5414e-03
9.9892e-03
1.0220e-02
1.0317e-02
1.0294e-02
1.0148e-02
9.8926e-03
9.7359e-03
9.5897e-03
9.3166e-03
8.7729e-03
8.1530e-03
7.5977e-03
7.5732e-03
7.6681e-03
7.7994e-03
7.5833e-03
7.2592e-03
6.9191e-03
6.4771e-03
6.1420e-03
5.7490e-03
5.1463e-03
4.2624e-03
3.0017e-03
1.3528e-03
-3.1114e-04
-1.5325e-03
-2.3932e-03
-3.0730e-03
-3.6171e-03
-4.9204e-03
-6.8664e-03
-8.8733e-03
-1.0262e-02
-1.1169e-02
-1.2203e-02
-1.3087e-02
-1.3866e-02
-1.4367e-02
-1.4070e-02
-1.3220e-02
-1.2552e-02
-1.2077e-02
-1.1594e-02
-1.0877e-02
-9.6923e-03
-8.1821e-03
-6.6890e-03
-4.9232e-03
-3.3047e-03
-1.3733e-03
2.9686e-04
1.1275e-03
1.7576e-03
2.5909e-03
3.9440e-03
5.2681e-03
6.1891e-03
7.0007e-03
7.8534e-03
8.8127e-03
9.9135e-03
1.0982e-02
1.2073e-02
1.2982e-02
1.3612e-02
1.4035e-02
1.4198e-02
1.4372e-02
1.4712e-02
1.4838e-02
1.4376e-02
1.3486e-02
1.2252e-02
1.0422e-02
8.4447e-03
6.6702e-03
4.7631e-03
2.5936e-03
5.6025e-04
-8.8566e-04
-2.6129e-03
-5.3024e-03
-8.1679e-03
-9.9676e-03
-1.1275e-02
-1.2587e-02
-1.4002e-02
-1.5656e-02
-1.7232e-02
-1.9129e-02
-2.1183e-02
-2.2575e-02
-2.2934e-02
-2.2754e-02
-2.2651e-02
-2.3100e-02
-2.4079e-02
-2.4718e-02
-2.4809e-02
-2.4279e-02
-2.3935e-02
-2.3850e-02
-2.3568e-02
-2.2739e-02
-2.1337e-02
-2.0048e-02
-1.9322e-02
-1.8824e-02
-1.7918e-02
-1.6597e-02
-1.5134e-02
-1.3686e-02
-1.2540e-02
-1.1355e-02
-9.9590e-03
-8.1974e-03
-6.3828e-03
-4.7584e-03
-3.5905e-03
-2.5654e-03
-1.4580e-03
-5.5841e-05
1.4756e-03
3.0763e-03
4.3939e-03
5.1343e-03
6.0563e-03
7.5381e-03
9.0160e-03
9.7292e-03
9.7933e-03
9.4125e-03
9.2659e-03
9.3684e-03
9.8565e-03
1.0624e-02
1.1440e-02
1.2140e-02
1.2734e-02
1.3216e-02
1.3662e-02
1.3955e-02
1.4051e-02
1.3959e-02
1.3798e-02
1.3515e-02
1.2798e-02
1.2369e-02
1.2656e-02
1.3097e-02
1.2876e-02
1.1858e-02
1.0314e-02
8.6548e-03
7.2784e-03
6.1823e-03
5.0522e-03
3.3128e-03
1.5839e-03
1.2005e-04
-1.1102e-03
-2.6433e-03
-4.5018e-03
-6.6097e-03
-8.4581e-03
-9.9456e-03
-1.1569e-02
-1.3628e-02
-1.5737e-02
-1.7956e-02
-1.9790e-02
-2.1255e-02
-2.2366e-02
-2.3582e-02
-2.5533e-02
-2.7761e-02
-2.9506e-02
-3.0249e-02
-2.9897e-02
-2.9403e-02
-2.9484e-02
-3.0070e-02
-3.0730e-02
-3.0885e-02
-3.0428e-02
-2.9549e-02
-2.8479e-02
-2.7200e-02
-2.5657e-02
-2.3931e-02
-2.2337e-02
-2.0637e-02
-1.8903e-02
-1.6995e-02
-1.5424e-02
-1.3735e-02
-1.1355e-02
-9.0548e-03
-7.1080e-03
-5.4623e-03
-3.9583e-03
-2.4090e-03
-1.0849e-03
-1.2245e-04
9.2751e-04
2.4322e-03
3.8044e-03
4.7627e-03
5.3837e-03
5.9602e-03
6.4280e-03
6.6874e-03
7.1310e-03
7.7963e-03
8.0877e-03
7.6788e-03
7.2331e-03
7.0808e-03
7.0415e-03
6.5880e-03
5.8912e-03
4.9444e-03
4.1282e-03
3.6109e-03
3.3747e-03
2.9889e-03
2.7239e-03
2.6191e-03
2.1568e-03
1.8417e-03
1.9437e-03
2.2823e-03
2.3394e-03
2.2664e-03
2.2397e-03
2.3219e-03
3.0034e-03
4.4007e-03
5.7001e-03
6.4551e-03
6.8882e-03
7.5875e-03
8.7247e-03
1.0000e-02
1.1170e-02
1.2090e-02
1.2729e-02
1.3094e-02
1.3542e-02
1.4626e-02
1.6187e-02
1.7282e-02
1.7569e-02
1.7303e-02
1.6757e-02
1.6134e-02
1.5520e-02
1.5223e-02
1.5022e-02
1.4782e-02
1.4432e-02
1.3905e-02
1.3185e-02
1.2347e-02
1.1206e-02
9.2489e-03
7.4331e-03
6.3193e-03
5.6712e-03
5.2795e-03
5.1215e-03
4.8324e-03
4.2243e-03
3.1482e-03
1.6421e-03
-4.4451e-04
-2.2092e-03
-2.6928e-03
-2.3413e-03
-2.3390e-03
-3.5095e-03
-5.3095e-03
-6.7705e-03
-7.6059e-03
-7.6664e-03
-7.2339e-03
-6.9722e-03
-6.9755e-03
-7.4343e-03
-7.8913e-03
-8.0133e-03
-7.5192e-03
-6.9229e-03
-6.2823e-03
-5.6926e-03
-4.6860e-03
-3.7300e-03
-2.7917e-03
-1.8189e-03
-5.3143e-04
1.1194e-03
2.7280e-03
4.6222e-03
6.1433e-03
7.3254e-03
8.0724e-03
8.5854e-03
9.1259e-03
9.3540e-03
9.2968e-03
9.3936e-03
9.7681e-03
1.0038e-02
1.0085e-02
9.9291e-03
9.6087e-03
9.1939e-03
8.5879e-03
8.2112e-03
7.9806e-03
7.3923e-03
6.7570e-03
6.2958e-03
5.6965e-03
4.9214e-03
4.1386e-03
3.3358e-03
2.5535e-03
1.6471e-03
9.7163e-04
2.5974e-04
-1.6972e-04
-5.2500e-06
6.4506e-04
1.2406e-03
1.7180e-03
2.1233e-03
2.1737e-03
1.9752e-03
2.1609e-03
2.4720e-03
2.8592e-03
3.4471e-03
3.8506e-03
4.0285e-03
3.9186e-03
3.5119e-03
3.2640e-03
3.4758e-03
3.8345e-03
4.2201e-03
4.1259e-03
3.3921e-03
2.1995e-03
7.8372e-04
-4.7950e-04
-1.1901e-03
-1.4601e-03
-1.4667e-03
-1.4693e-03
-2.0004e-03
-2.8869e-03
-3.8133e-03
-4.6154e-03
-5.3683e-03
-5.8143e-03
-6.3572e-03
-7.1129e-03
-8.1022e-03
-9.1154e-03
-1.0249e-02
-1.1432e-02
-1.2357e-02
-1.3153e-02
-1.4796e-02
-1.7557e-02
-2.0442e-02
-2.2134e-02
-2.2255e-02
-2.1751e-02
-2.1782e-02
-2.2448e-02
-2.3657e-02
-2.4870e-02
-2.5715e-02
-2.6188e-02
-2.6327e-02
-2.6286e-02
-2.5916e-02
-2.5871e-02
-2.6438e-02
-2.7325e-02
-2.7770e-02
-2.7393e-02
-2.6314e-02
-2.5181e-02
-2.4273e-02
-2.3676e-02
-2.3039e-02
-2.2269e-02
-2.1309e-02
-2.0458e-02
-1.9728e-02
-1.9361e-02
-1.9132e-02
-1.9017e-02
-1.8960e-02
-1.9060e-02
-1.9371e-02
-1.9480e-02
-1.9032e-02
-1.8499e-02
-1.7907e-02
-1.7289e-02
-1.6813e-02
-1.6217e-02
-1.5453e-02
-1.4427e-02
-1.3300e-02
-1.2143e-02
-1.0902e-02
-9.8078e-03
-8.8156e-03
-7.7128e-03
-6.6198e-03
-5.3855e-03
-3.9312e-03
-2.6895e-03
-1.4516e-03
-3.4338e-04
5.4816e-04
1.0173e-03
1.4860e-03
2.0599e-03
2.7082e-03
3.1861e-03
3.4468e-03
3.6327e-03
4.2752e-03
5.0519e-03
5.2403e-03
5.3121e-03
5.4335e-03
5.5234e-03
5.9740e-03
6.4306e-03
6.2972e-03
5.5505e-03
5.2550e-03
6.5733e-03
8.3889e-03
8.9329e-03
8.1731e-03
6.5079e-03
4.9266e-03
4.2558e-03
4.4473e-03
4.7415e-03
4.5330e-03
3.9430e-03
3.6718e-03
4.3291e-03
5.2893e-03
6.0237e-03
6.2523e-03
6.6670e-03
7.5093e-03
8.5004e-03
9.4178e-03
1.0004e-02
1.0566e-02
1.1592e-02
1.3041e-02
1.3872e-02
1.3727e-02
1.3706e-02
1.4746e-02
1.6535e-02
1.8035e-02
1.8402e-02
1.8546e-02
1.9635e-02
2.1783e-02
2.4354e-02
2.6435e-02
2.7824e-02
2.9052e-02
3.0474e-02
3.2031e-02
3.3521e-02
3.4913e-02
3.6217e-02
3.7193e-02
3.7807e-02
3.8231e-02
3.8964e-02
4.0184e-02
4.0878e-02
4.0841e-02
4.0437e-02
4.0295e-02
4.0549e-02
4.0578e-02
4.0381e-02
4.0076e-02
3.9942e-02
3.9648e-02
3.9187e-02
3.8466e-02
3.7734e-02
3.7113e-02
3.6710e-02
3.6218e-02
3.5234e-02
3.3916e-02
3.2486e-02
3.1341e-02
3.0442e-02
2.9532e-02
2.8139e-02
2.6531e-02
2.4709e-02
2.2903e-02
2.1158e-02
1.9901e-02
1.9339e-02
1.8948e-02
1.7638e-02
1.5338e-02
1.2535e-02
1.0722e-02
9.8180e-03
9.1363e-03
8.3105e-03
7.7803e-03
7.4565e-03
6.7764e-03
5.7701e-03
4.7060e-03
3.8062e-03
3.2692e-03
2.9945e-03
2.5182e-03
1.5813e-03
5.4888e-04
-3.8873e-05
-4.9683e-04
-1.2555e-03
-2.2166e-03
-2.6780e-03
-2.8657e-03
-3.3649e-03
-4.5632e-03
-6.3328e-03
-7.9223e-03
-9.0341e-03
-9.8661e-03
-1.0398e-02
-1.0602e-02
-1.1284e-02
-1.2129e-02
-1.3300e-02
-1.4457e-02
-1.5608e-02
-1.6537e-02
-1.7237e-02
-1.7860e-02
-1.8585e-02
-1.9653e-02
-2.0869e-02
-2.2091e-02
-2.3290e-02
-2.4016e-02
-2.4469e-02
-2.5274e-02
-2.6611e-02
-2.8237e-02
-2.9112e-02
-2.9405e-02
-2.9008e-02
-2.8299e-02
-2.8017e-02
-2.8370e-02
-2.9230e-02
-2.9995e-02
-3.0320e-02
-3.0125e-02
-2.9334e-02
-2.8548e-02
-2.7987e-02
-2.7653e-02
-2.7714e-02
-2.7700e-02
-2.7436e-02
-2.7129e-02
-2.6601e-02
-2.6162e-02
-2.5904e-02
-2.5775e-02
-2.5511e-02
-2.5249e-02
-2.5221e-02
-2.4900e-02
-2.4261e-02
-2.3767e-02
-2.3668e-02
-2.3593e-02
-2.3111e-02
-2.2468e-02
-2.1599e-02
-2.0678e-02
-2.0113e-02
-1.9876e-02
-1.9788e-02
-1.9400e-02
-1.8757e-02
-1.7910e-02
-1.7081e-02
-1.6063e-02
-1.5183e-02
-1.4341e-02
-1.3458e-02
-1.2606e-02
-1.1796e-02
-1.0761e-02
-9.4015e-03
-7.6750e-03
-5.6616e-03
-3.7937e-03
-2.3235e-03
-1.2389e-03
-3.1475e-04
7.6253e-04
1.9934e-03
3.5510e-03
5.0878e-03
6.3881e-03
7.3258e-03
8.3634e-03
9.4684e-03
1.0449e-02
1.1573e-02
1.2239e-02
1.2746e-02
1.3190e-02
1.3570e-02
1.3995e-02
1.4236e-02
1.4479e-02
1.4799e-02
1.5150e-02
1.5482e-02
1.5417e-02
1.4492e-02
1.3032e-02
1.1824e-02
1.0985e-02
1.0311e-02
9.8891e-03
9.2332e-03
8.5517e-03
7.8370e-03
7.1194e-03
6.4063e-03
5.6092e-03
4.5852e-03
3.6097e-03
2.7602e-03
1.8963e-03
8.4477e-04
-1.4705e-04
-1.1464e-03
-2.0611e-03
-2.5422e-03
-2.8961e-03
-3.3593e-03
-4.0573e-03
-4.3822e-03
-4.2739e-03
-3.7531e-03
-3.5830e-03
-3.9074e-03
-4.0051e-03
-3.5028e-03
-1.9479e-03
-4.2791e-05
1.0940e-03
1.6536e-03
2.1572e-03
3.0427e-03
4.2264e-03
5.4641e-03
6.7737e-03
7.6499e-03
8.2449e-03
8.7879e-03
9.3670e-03
9.9842e-03
1.0739e-02
1.1579e-02
1.2268e-02
1.2874e-02
1.3597e-02
1.4124e-02
1.4312e-02
1.4366e-02
1.4264e-02
1.4261e-02
1.4358e-02
1.4829e-02
1.5234e-02
1.5165e-02
1.4681e-02
1.4104e-02
1.3459e-02
1.2757e-02
1.2443e-02
1.2098e-02
1.1300e-02
1.0468e-02
9.7493e-03
8.9050e-03
8.0958e-03
7.5578e-03
6.9875e-03
6.5973e-03
6.8602e-03
6.9519e-03
6.5526e-03
5.4132e-03
4.4314e-03
3.7668e-03
3.1544e-03
2.6335e-03
2.2236e-03
1.9168e-03
1.6059e-03
1.5115e-03
1.4545e-03
1.1122e-03
8.0046e-04
5.8742e-04
4.1027e-04
4.7745e-04
4.4385e-04
2.2172e-04
1.0441e-04
-5.0678e-05
-4.9071e-05
4.3708e-04
1.1924e-03
1.5772e-03
1.0748e-03
9.7560e-05
-7.1182e-04
-8.3977e-04
-3.6962e-04
4.8646e-04
1.2690e-03
1.6380e-03
1.7368e-03
2.2962e-03
3.1640e-03
4.2339e-03
5.3458e-03
6.4738e-03
7.2304e-03
7.7831e-03
8.3874e-03
9.1107e-03
9.7337e-03
1.0006e-02
1.0432e-02
1.0793e-02
1.1050e-02
1.1198e-02
1.1401e-02
1.1979e-02
1.2699e-02
1.3452e-02
1.3860e-02
1.3936e-02
1.3820e-02
1.3689e-02
1.3559e-02
1.3273e-02
1.2968e-02
1.2644e-02
1.2239e-02
1.1866e-02
1.1354e-02
1.0853e-02
1.0772e-02
1.1039e-02
1.1092e-02
1.0626e-02
1.0320e-02
1.0072e-02
9.3111e-03
8.4065e-03
7.8340e-03
7.4700e-03
7.0740e-03
6.4452e-03
5.5826e-03
4.6520e-03
3.7929e-03
3.2724e-03
2.3417e-03
8.6021e-04
-4.3927e-04
-1.1552e-03
-1.5305e-03
-2.0806e-03
-3.0011e-03
-3.7090e-03
-4.0291e-03
-3.9473e-03
-3.8945e-03
-4.1922e-03
-4.9047e-03
-5.4757e-03
-5.7959e-03
-6.0842e-03
-6.3560e-03
-6.4836e-03
-6.4607e-03
-6.3298e-03
-6.5002e-03
-6.8352e-03
-7.1163e-03
-7.1923e-03
-7.0039e-03
-7.1273e-03
-7.5307e-03
-7.8367e-03
-7.9943e-03
-8.1241e-03
-8.1445e-03
-8.0970e-03
-8.1194e-03
-8.0931e-03
-8.0675e-03
-8.0931e-03
-7.9594e-03
-7.8984e-03
-7.9657e-03
-8.1549e-03
-8.2061e-03
-8.1057e-03
-7.9031e-03
-8.0405e-03
-8.7561e-03
-9.7371e-03
-1.0630e-02
-1.1212e-02
-1.1733e-02
-1.2514e-02
-1.3466e-02
-1.4236e-02
-1.4978e-02
-1.5685e-02
-1.6251e-02
-1.6829e-02
-1.7405e-02
-1.7810e-02
-1.8037e-02
-1.8385e-02
-1.8808e-02
-1.8997e-02
-1.8977e-02
-1.9089e-02
-1.9257e-02
-1.9385e-02
-1.9638e-02
-1.9800e-02
-1.9610e-02
-1.9026e-02
-1.8233e-02
-1.7796e-02
-1.7897e-02
-1.7917e-02
-1.7450e-02
-1.6592e-02
-1.5613e-02
-1.4703e-02
-1.3909e-02
-1.3252e-02
-1.2629e-02
-1.2014e-02
-1.1483e-02
-1.0668e-02
-9.3841e-03
-8.0502e-03
-7.1652e-03
-6.4551e-03
-5.6216e-03
-4.7981e-03
-4.0110e-03
-3.2368e-03
-2.2910e-03
-1.3723e-03
-7.3261e-04
-2.4212e-04
1.8509e-04
6.5049e-04
1.2487e-03
1.8669e-03
2.5619e-03
3.2509e-03
3.6132e-03
3.6742e-03
3.8462e-03
4.1776e-03
4.6177e-03
4.9992e-03
5.2417e-03
5.3183e-03
5.5376e-03
5.7127e-03
5.8531e-03
5.9996e-03
6.1641e-03
6.3016e-03
6.3448e-03
6.4565e-03
6.8403e-03
7.2097e-03
7.2115e-03
6.8774e-03
6.4773e-03
6.1342e-03
6.0739e-03
6.1128e-03
6.1982e-03
6.3926e-03
6.6205e-03
6.8856e-03
7.2085e-03
7.5635e-03
7.8247e-03
7.9285e-03
7.9193e-03
8.0044e-03
8.1569e-03
8.3119e-03
8.3339e-03
8.2355e-03
8.0865e-03
8.0540e-03
8.1391e-03
8.0696e-03
7.7952e-03
7.3634e-03
6.8923e-03
6.5591e-03
6.2664e-03
6.0056e-03
5.7704e-03
5.4882e-03
5.2886e-03
5.2284e-03
5.1421e-03
5.0260e-03
4.7841e-03
4.6096e-03
4.3684e-03
4.0923e-03
3.8538e-03
3.6503e-03
3.5853e-03
3.5234e-03
3.3569e-03
3.1308e-03
2.7671e-03
2.3965e-03
2.2438e-03
2.2499e-03
2.2919e-03
2.3170e-03
2.2840e-03
2.1497e-03
2.0359e-03
1.8504e-03
1.6196e-03
1.3974e-03
1.2316e-03
1.1486e-03
1.0780e-03
9.9975e-04
9.2874e-04
8.2071e-04
6.8584e-04
5.3027e-04
3.3554e-04
1.2847e-04
-3.5736e-05
-1.1011e-04
-1.5870e-04
-2.2726e-04
-4.0078e-04
-6.1478e-04
-7.8182e-04
-8.8129e-04
-9.3989e-04
-9.8238e-04
-1.0214e-03
-1.0741e-03
-1.1028e-03
-1.0911e-03
-1.1175e-03
-1.1989e-03
-1.2663e-03
-1.2865e-03
-1.2733e-03
-1.3159e-03
-1.3748e-03
-1.3854e-03
-1.4037e-03
-1.4675e-03
-1.5435e-03
-1.6088e-03
-1.6750e-03
-1.7399e-03
-1.8012e-03
-1.8338e-03
-1.8124e-03
-1.7790e-03
-1.7462e-03
-1.7349e-03
-1.7219e-03
-1.6988e-03
-1.6491e-03
-1.5665e-03
-1.4692e-03
-1.3909e-03
-1.3115e-03
-1.2244e-03
-1.1466e-03
-1.0793e-03
-1.0166e-03
-9.6551e-04
-9.0337e-04
-8.3078e-04
-7.7327e-04
-7.3045e-04
-6.9122e-04
-6.5895e-04
-5.9522e-04
-5.0122e-04
-4.1999e-04
-3.8935e-04
-4.0860e-04
-4.4659e-04
-4.6771e-04
-4.5872e-04
-4.1588e-04
-3.5241e-04
-2.9977e-04
-2.7193e-04
-2.5530e-04
-2.4597e-04
-2.2614e-04
-1.9420e-04
-1.5813e-04
-1.3029e-04
-1.1817e-04
-1.1468e-04
-1.2111e-04
-1.2168e-04
-1.1897e-04
-1.1965e-04
-1.2464e-04
-1.4600e-04
-1.7586e-04
-1.9604e-04
-1.8800e-04
-1.5937e-04
-1.4576e-04
-1.6081e-04
-1.8294e-04
-1.9238e-04
-1.8065e-04
-1.6042e-04
-1.4730e-04
-1.4727e-04
-1.5427e-04
-1.6359e-04
-1.7292e-04
-1.7703e-04
-1.7550e-04
-1.7194e-04
-1.7051e-04
-1.7012e-04
-1.6966e-04
-1.6790e-04
-1.6670e-04
-1.6331e-04
-1.5688e-04
-1.4988e-04
-1.4347e-04
-1.3793e-04
-1.3027e-04
-1.2067e-04
-1.0944e-04
-9.9441e-05
-9.1574e-05
-8.5230e-05
-8.1008e-05
-7.6903e-05
-7.1020e-05
-6.4286e-05
-5.9673e-05
-5.8210e-05
-5.8793e-05
-5.8974e-05
-5.8531e-05
-5.7141e-05
-5.5261e-05
-5.4382e-05
-5.5608e-05
-5.7911e-05
-5.9733e-05
-6.1208e-05
-6.2360e-05
-6.3884e-05
-6.5802e-05
-6.8331e-05
-7.1088e-05
-7.4227e-05
-7.7221e-05
-8.0259e-05
-8.2737e-05
-8.4519e-05
-8.6031e-05
-8.7640e-05
-8.9442e-05
-9.1299e-05
-9.2907e-05
-9.4112e-05
-9.4987e-05
-9.5672e-05
-9.6125e-05
-9.6350e-05
-9.6481e-05
-9.6625e-05
-9.6665e-05
-9.6393e-05
-9.5722e-05
-9.4857e-05
-9.4036e-05
-9.3351e-05
-9.2719e-05
-9.1981e-05
-9.1084e-05
-9.0080e-05
-8.9044e-05
-8.8025e-05
-8.6980e-05
-8.5937e-05
-8.4883e-05
-8.3843e-05
-8.2814e-05
-8.1807e-05
-8.0819e-05
-7.9816e-05
-7.8787e-05
-7.7746e-05
-7.6723e-05
-7.5710e-05
-7.4695e-05
-7.3680e-05
-7.2669e-05
-7.1663e-05
-7.0661e-05
-6.9651e-05
-6.8631e-05
-6.7605e-05
-6.6579e-05
-6.5553e-05
-6.4526e-05
-6.3497e-05
-6.2465e-05
-6.1428e-05
-6.0388e-05
-5.9345e-05
-5.8298e-05
-5.7248e-05
-5.6195e-05
-5.5139e-05
-5.4080e-05
-5.3018e-05
-5.1954e-05
-5.0886e-05
-4.9816e-05
-4.8743e-05
-4.7668e-05
-4.6591e-05
-4.5511e-05
-4.4428e-05
-4.3343e-05
-4.2257e-05
-4.1167e-05
-4.0076e-05
-3.8983e-05
-3.7887e-05
-3.6790e-05
-3.5691e-05
