   0.0006716780
   0.0006705686
   0.0006694625
   0.0006683588
   0.0006672487
   0.0006661320
   0.0006650193
   0.0006639041
   0.0006627929
   0.0006616698
   0.0006605621
   0.0006594600
   0.0006583838
   0.0006573112
   0.0006561982
   0.0006550750
   0.0006539602
   0.0006528681
   0.0006516528
   0.0006503450
   0.0006490899
   0.0006479267
   0.0006467750
   0.0006455994
   0.0006443848
   0.0006431695
   0.0006419567
   0.0006407378
   0.0006393769
   0.0006373196
   0.0006356374
   0.0006335620
   0.0006306638
   0.0006298478
   0.0006309337
   0.0006339432
   0.0006381941
   0.0006407158
   0.0006393556
   0.0006321266
   0.0006241937
   0.0006222282
   0.0006287055
   0.0006385186
   0.0006440592
   0.0006449153
   0.0006447719
   0.0006430076
   0.0006360530
   0.0006233936
   0.0006082401
   0.0005885068
   0.0005504273
   0.0004881200
   0.0004343033
   0.0004147663
   0.0004378961
   0.0004922010
   0.0005595997
   0.0006156707
   0.0006391698
   0.0006385923
   0.0006409344
   0.0006654859
   0.0006920806
   0.0006955350
   0.0006589284
   0.0006123388
   0.0006309272
   0.0006934592
   0.0007361438
   0.0007402053
   0.0007308684
   0.0007328574
   0.0007475517
   0.0007620927
   0.0007879531
   0.0008824353
   0.0010452421
   0.0012198510
   0.0013075814
   0.0012411371
   0.0010844828
   0.0009290289
   0.0007825501
   0.0005610560
   0.0003025283
   0.0001483446
   0.0001395750
   0.0002569345
   0.0004189524
   0.0005096204
   0.0005128301
   0.0004873167
   0.0004475079
   0.0002774271
   0.0000514673
  -0.0000767131
  -0.0000613906
   0.0001497882
   0.0004005509
   0.0005844113
   0.0006275498
   0.0006629299
   0.0008894399
   0.0010768997
   0.0009028444
   0.0005475995
   0.0003599119
   0.0005510112
   0.0012921958
   0.0023310329
   0.0030508097
   0.0032512490
   0.0032114959
   0.0030156721
   0.0021267811
   0.0004162974
  -0.0015059168
  -0.0027871149
  -0.0031602233
  -0.0028169197
  -0.0018526140
  -0.0005145055
   0.0008714358
   0.0020420592
   0.0025906579
   0.0023372161
   0.0017289294
   0.0009662516
   0.0002725676
  -0.0004956738
  -0.0011305325
  -0.0013651065
  -0.0009450404
  -0.0001384243
   0.0003443562
   0.0003523391
   0.0002018268
  -0.0000105860
  -0.0003713055
  -0.0004901813
  -0.0004271347
  -0.0005507836
  -0.0007819564
  -0.0008985870
  -0.0008945085
  -0.0007557997
  -0.0006173500
  -0.0003402185
   0.0000075675
   0.0002488010
   0.0008003612
   0.0019457993
   0.0037312247
   0.0051825583
   0.0055972544
   0.0047171648
   0.0030054715
   0.0011425482
   0.0000756225
  -0.0001032297
   0.0004664538
   0.0018637874
   0.0030708447
   0.0041120455
   0.0056082728
   0.0075118638
   0.0085740758
   0.0080354713
   0.0065112664
   0.0038940459
  -0.0001534428
  -0.0046700451
  -0.0086608745
  -0.0110947332
  -0.0118219213
  -0.0116169059
  -0.0103205915
  -0.0087169130
  -0.0079995108
  -0.0081662457
  -0.0085442190
  -0.0087111020
  -0.0083921342
  -0.0081367142
  -0.0071083414
  -0.0053151541
  -0.0028679028
   0.0004090598
   0.0048457023
   0.0102643651
   0.0158110559
   0.0209146971
   0.0241420310
   0.0248187350
   0.0229488024
   0.0204571129
   0.0179288305
   0.0150156979
   0.0109108004
   0.0053930991
  -0.0020971292
  -0.0100271078
  -0.0159903776
  -0.0188849788
  -0.0190100110
  -0.0195878067
  -0.0193826431
  -0.0155812574
  -0.0081886835
  -0.0014149857
   0.0012529602
   0.0008789419
   0.0001670453
   0.0005903112
   0.0023671488
   0.0037593831
   0.0054690457
   0.0070710619
   0.0078958901
   0.0081810766
   0.0101237938
   0.0134624385
   0.0155094666
   0.0144073227
   0.0108613787
   0.0068256267
   0.0031847885
  -0.0001526984
  -0.0035724382
  -0.0055558770
  -0.0052755004
  -0.0021407338
   0.0011238813
   0.0021618851
  -0.0000205774
  -0.0047221626
  -0.0103083553
  -0.0157196822
  -0.0208897694
  -0.0260624621
  -0.0280482841
  -0.0245242792
  -0.0163746929
  -0.0071805008
   0.0003207579
   0.0058185968
   0.0085876888
   0.0115129419
   0.0149934914
   0.0162054862
   0.0130155402
   0.0088310859
   0.0071417072
   0.0076353313
   0.0081476674
   0.0053870099
   0.0008552823
  -0.0015534409
  -0.0011957343
   0.0023450409
   0.0066358541
   0.0089498301
   0.0119631323
   0.0161781048
   0.0182788875
   0.0143786078
   0.0056000804
  -0.0040045834
  -0.0105658388
  -0.0151280170
  -0.0179832934
  -0.0194099089
  -0.0222877351
  -0.0230995826
  -0.0189398067
  -0.0088827842
   0.0045351870
   0.0184886369
   0.0294639138
   0.0330633450
   0.0291521879
   0.0210716351
   0.0130901099
   0.0091847313
   0.0090645740
   0.0100196816
   0.0102984320
   0.0100698007
   0.0100191178
   0.0102248451
   0.0104992337
   0.0094123652
   0.0054441108
   0.0018198080
   0.0012109728
   0.0050059867
   0.0100664941
   0.0125374913
   0.0146121068
   0.0169151802
   0.0153675798
   0.0095352508
   0.0015666401
  -0.0055842088
  -0.0123721838
  -0.0204473196
  -0.0299798312
  -0.0391867003
  -0.0462750396
  -0.0502247265
  -0.0469780590
  -0.0376628894
  -0.0275430346
  -0.0193041669
  -0.0111626862
  -0.0041365323
   0.0022338031
   0.0086167506
   0.0151353023
   0.0217461818
   0.0256092181
   0.0237856246
   0.0188453143
   0.0162129377
   0.0180834015
   0.0194809047
   0.0168174860
   0.0102220661
   0.0025504712
  -0.0016687832
  -0.0020320820
  -0.0000946870
   0.0043561545
   0.0081843362
   0.0119950092
   0.0162553198
   0.0211438270
   0.0258094091
   0.0278489640
   0.0250719615
   0.0180894943
   0.0109554338
   0.0077270230
   0.0078795668
   0.0087096096
   0.0087922742
   0.0084237184
   0.0076448463
   0.0042865464
   0.0000798310
  -0.0019664447
  -0.0018336505
  -0.0010784713
   0.0012955942
   0.0056405653
   0.0106310490
   0.0154186169
   0.0179133456
   0.0168477512
   0.0120452296
   0.0067648542
   0.0008562161
  -0.0056696090
  -0.0103323109
  -0.0137857609
  -0.0176906951
  -0.0189242747
  -0.0144401753
  -0.0067247596
  -0.0015233802
  -0.0028112674
  -0.0103699192
  -0.0204055663
  -0.0280853902
  -0.0320249874
  -0.0357699299
  -0.0387521105
  -0.0401088577
  -0.0426430377
  -0.0436596586
  -0.0401768685
  -0.0323217199
  -0.0224793507
  -0.0139195239
  -0.0080701452
  -0.0037738923
  -0.0013206354
   0.0021855415
   0.0067885496
   0.0124737375
   0.0193378868
   0.0256108298
   0.0314733517
   0.0357822601
   0.0373100064
   0.0370747150
   0.0376443869
   0.0412850618
   0.0429014572
   0.0396912163
   0.0330906975
   0.0276918200
   0.0261577206
   0.0265164651
   0.0235080993
   0.0145200682
   0.0009225137
  -0.0146274761
  -0.0291286696
  -0.0379765992
  -0.0399253875
  -0.0358575092
  -0.0292646841
  -0.0229521343
  -0.0199445238
  -0.0179014093
  -0.0135630742
  -0.0068984763
  -0.0023130773
  -0.0044648164
  -0.0100251203
  -0.0151548129
  -0.0186241996
  -0.0181051780
  -0.0119240713
  -0.0039367894
   0.0026679536
   0.0081787963
   0.0136998584
   0.0173080457
   0.0181845685
   0.0176347578
   0.0149297051
   0.0090023488
   0.0012330626
  -0.0072964625
  -0.0159646476
  -0.0239057313
  -0.0314331487
  -0.0390468120
  -0.0465571291
  -0.0539344963
  -0.0582476183
  -0.0564449340
  -0.0502101631
  -0.0429330775
  -0.0363675037
  -0.0304991130
  -0.0239742842
  -0.0168411741
  -0.0117823760
  -0.0092990813
  -0.0047475528
   0.0032822282
   0.0118425559
   0.0170130623
   0.0180472134
   0.0173077132
   0.0168482968
   0.0170121010
   0.0170615552
   0.0141734443
   0.0097384485
   0.0060080477
   0.0004432365
  -0.0080386225
  -0.0169945707
  -0.0243503999
  -0.0288898115
  -0.0301695568
  -0.0296235550
  -0.0290148075
  -0.0286946471
  -0.0257490847
  -0.0212264699
  -0.0177806522
  -0.0138751796
  -0.0103775768
  -0.0074115208
  -0.0029262469
   0.0006984581
   0.0018735857
   0.0015947482
   0.0012909126
   0.0015085873
   0.0019936986
   0.0023063351
   0.0025642562
   0.0049253314
   0.0103567615
   0.0173043379
   0.0220675491
   0.0232114644
   0.0224404306
   0.0191882305
   0.0149719896
   0.0101493358
   0.0058169561
   0.0025503187
  -0.0007808900
  -0.0042351372
  -0.0096392835
  -0.0170240734
  -0.0223284838
  -0.0256209772
  -0.0290276472
  -0.0300081305
  -0.0254678047
  -0.0176797092
  -0.0121627741
  -0.0098610884
  -0.0089002711
  -0.0092016220
  -0.0074800917
  -0.0037704700
  -0.0000798346
   0.0058668151
   0.0175517029
   0.0323459934
   0.0456262265
   0.0550607946
   0.0616512672
   0.0648726745
   0.0654241331
   0.0636016816
   0.0567073286
   0.0448993202
   0.0315588856
   0.0210797733
   0.0162297742
   0.0148581961
   0.0159349715
   0.0172055705
   0.0154792159
   0.0108701493
   0.0083554076
   0.0114672532
   0.0165378141
   0.0216012486
   0.0254642668
   0.0269570068
   0.0282253472
   0.0330408024
   0.0404343484
   0.0456573048
   0.0466766721
   0.0470466119
   0.0500291502
   0.0501738810
   0.0435824327
   0.0302178799
   0.0153126725
   0.0050132178
  -0.0003720561
  -0.0040640115
  -0.0083496943
  -0.0111833749
  -0.0118138374
  -0.0113712683
  -0.0109690685
  -0.0100892499
  -0.0092844528
  -0.0092360140
  -0.0089336514
  -0.0105398848
  -0.0152512532
  -0.0177208880
  -0.0147799006
  -0.0080111074
   0.0008602223
   0.0102121103
   0.0178608775
   0.0237451072
   0.0252992882
   0.0200131128
   0.0086149907
  -0.0065386478
  -0.0204765115
  -0.0289469846
  -0.0311754123
  -0.0296038275
  -0.0245730107
  -0.0169221005
  -0.0084707225
  -0.0004818241
   0.0055990541
   0.0079938951
   0.0056467990
  -0.0015735380
  -0.0106808501
  -0.0184603376
  -0.0240971156
  -0.0284421976
  -0.0306238959
  -0.0319160689
  -0.0353875877
  -0.0391106309
  -0.0390357900
  -0.0343740422
  -0.0286976791
  -0.0223825636
  -0.0139092031
  -0.0021337687
   0.0066959038
   0.0089784149
   0.0060000324
   0.0014701153
   0.0017521131
   0.0061278472
   0.0131491261
   0.0231969769
   0.0354062238
   0.0466981378
   0.0550645167
   0.0577087355
   0.0508819235
   0.0351031782
   0.0168190038
  -0.0004637919
  -0.0162254088
  -0.0300989044
  -0.0413992203
  -0.0509272761
  -0.0598058684
  -0.0675433460
  -0.0742245961
  -0.0803849237
  -0.0864888046
  -0.0928073423
  -0.0992433993
  -0.1056481250
  -0.1117796872
  -0.1154493444
  -0.1145648423
  -0.1076861368
  -0.0940081561
  -0.0739439159
  -0.0504369622
  -0.0289292266
  -0.0134450129
  -0.0044335683
  -0.0025484255
  -0.0092617403
  -0.0237764963
  -0.0433688599
  -0.0629586867
  -0.0762126658
  -0.0810425905
  -0.0794855691
  -0.0752661518
  -0.0744090781
  -0.0826597809
  -0.0993737834
  -0.1213279077
  -0.1456183230
  -0.1662987441
  -0.1796851673
  -0.1869588559
  -0.1881945786
  -0.1846729407
  -0.1792365561
  -0.1718985788
  -0.1630284066
  -0.1550510842
  -0.1513971829
  -0.1519454253
  -0.1519754918
  -0.1471863663
  -0.1376490231
  -0.1217757601
  -0.0998313929
  -0.0744981210
  -0.0473073442
  -0.0212367619
  -0.0010150073
   0.0121747139
   0.0205054974
   0.0259221474
   0.0282652828
   0.0286319594
   0.0293732267
   0.0316905599
   0.0337476741
   0.0320721794
   0.0263905186
   0.0170456113
   0.0044188531
  -0.0098404105
  -0.0234103509
  -0.0334793060
  -0.0375308428
  -0.0334473821
  -0.0223973799
  -0.0063770227
   0.0122988969
   0.0324036834
   0.0545121908
   0.0782215869
   0.1023471428
   0.1254644979
   0.1445223442
   0.1590937529
   0.1726258826
   0.1844837246
   0.1911996306
   0.1920356361
   0.1865350351
   0.1742981104
   0.1585314892
   0.1439465288
   0.1330518603
   0.1266474598
   0.1246792295
   0.1249934814
   0.1235116261
   0.1190389208
   0.1156467637
   0.1163770308
   0.1213400138
   0.1278742203
   0.1375205904
   0.1514885025
   0.1694154610
   0.1889677048
   0.2059661097
   0.2170980934
   0.2213085486
   0.2198953185
   0.2130941641
   0.2002605366
   0.1825103267
   0.1621231616
   0.1396936843
   0.1162155322
   0.0945183095
   0.0776052976
   0.0693192885
   0.0688230119
   0.0744570688
   0.0850889453
   0.0980505718
   0.1110505042
   0.1237436651
   0.1332033488
   0.1381326878
   0.1392892331
   0.1374961253
   0.1343679889
   0.1289375308
   0.1210402892
   0.1095537964
   0.0950246324
   0.0806854434
   0.0658449908
   0.0477714222
   0.0262246365
   0.0024900048
  -0.0230067309
  -0.0502668629
  -0.0770382276
  -0.1006081329
  -0.1234080198
  -0.1446809156
  -0.1611857903
  -0.1721240769
  -0.1785553276
  -0.1795583969
  -0.1735219125
  -0.1593924295
  -0.1389899060
  -0.1149200019
  -0.0923631398
  -0.0744204614
  -0.0605518914
  -0.0506749278
  -0.0449864478
  -0.0433140393
  -0.0435921898
  -0.0423507213
  -0.0374294409
  -0.0299602591
  -0.0215189165
  -0.0157553138
  -0.0167646565
  -0.0256154663
  -0.0415056453
  -0.0619313330
  -0.0831485770
  -0.1056474022
  -0.1261575795
  -0.1407231701
  -0.1469755400
  -0.1463233300
  -0.1405876182
  -0.1330362850
  -0.1278701729
  -0.1266701180
  -0.1293282136
  -0.1390086975
  -0.1566605411
  -0.1796227217
  -0.2040076004
  -0.2229774879
  -0.2345460491
  -0.2394853621
  -0.2367150233
  -0.2267081814
  -0.2105056332
  -0.1890229591
  -0.1642201498
  -0.1382778522
  -0.1102508531
  -0.0785838656
  -0.0447648886
  -0.0130905508
   0.0158304401
   0.0462444673
   0.0818250041
   0.1213526981
   0.1590010240
   0.1896656649
   0.2151825878
   0.2378152664
   0.2583052789
   0.2769459535
   0.2915854815
   0.3000878099
   0.3021037417
   0.2971203409
   0.2831677150
   0.2571388318
   0.2180325014
   0.1706860925
   0.1206339227
   0.0715411319
   0.0290908047
  -0.0031093709
  -0.0251431416
  -0.0370987103
  -0.0386152577
  -0.0305553610
  -0.0172249655
  -0.0022709323
   0.0137498474
   0.0304277486
   0.0464796503
   0.0628784614
   0.0801073152
   0.0984253541
   0.1150739478
   0.1258036486
   0.1299974444
   0.1305300754
   0.1283862890
   0.1203963908
   0.1057418296
   0.0855722485
   0.0625229043
   0.0370941570
   0.0101492888
  -0.0155180673
  -0.0396384555
  -0.0587465691
  -0.0696761465
  -0.0753830567
  -0.0779019144
  -0.0768182223
  -0.0725581503
  -0.0696903125
  -0.0729300054
  -0.0846980457
  -0.1065605613
  -0.1356594717
  -0.1692154760
  -0.2014621816
  -0.2267834559
  -0.2429643215
  -0.2458076581
  -0.2335778887
  -0.2060753173
  -0.1668038383
  -0.1206187450
  -0.0705548305
  -0.0233941468
   0.0154638285
   0.0442342091
   0.0631261841
   0.0739113921
   0.0802529495
   0.0831233169
   0.0859634372
   0.0918853656
   0.1011105890
   0.1119859963
   0.1239001767
   0.1344255921
   0.1400786573
   0.1404328051
   0.1346552461
   0.1242848245
   0.1105297263
   0.0944739688
   0.0788914682
   0.0648415962
   0.0508093232
   0.0343626227
   0.0154981989
  -0.0063730223
  -0.0308554326
  -0.0573353265
  -0.0853178403
  -0.1139236904
  -0.1418133669
  -0.1640723835
  -0.1783163863
  -0.1875659663
  -0.1922682172
  -0.1929503129
  -0.1895171758
  -0.1849282162
  -0.1809104101
  -0.1756393185
  -0.1669328854
  -0.1548640725
  -0.1415801353
  -0.1268083079
  -0.1094164376
  -0.0902100300
  -0.0703004223
  -0.0487380649
  -0.0253047016
  -0.0040955704
   0.0114045293
   0.0229146525
   0.0327678593
   0.0426547102
   0.0548226483
   0.0684130317
   0.0837916443
   0.0992468323
   0.1108351607
   0.1172415488
   0.1163115496
   0.1114896474
   0.1053674448
   0.0985365854
   0.0936501778
   0.0922301537
   0.0928045236
   0.0938332505
   0.0971639015
   0.1016476649
   0.1081415419
   0.1168277741
   0.1250788382
   0.1307994084
   0.1328339510
   0.1324536397
   0.1293818778
   0.1253014454
   0.1231896407
   0.1232201408
   0.1240060235
   0.1244496839
   0.1231652118
   0.1190174551
   0.1140962470
   0.1078220139
   0.0995100942
   0.0888876857
   0.0765278935
   0.0636175099
   0.0509699907
   0.0378623323
   0.0235297673
   0.0057661468
  -0.0157875810
  -0.0389595037
  -0.0646730870
  -0.0899049209
  -0.1076613103
  -0.1140272605
  -0.1102851114
  -0.0969056989
  -0.0761000613
  -0.0508313671
  -0.0231309175
   0.0050039160
   0.0295896146
   0.0466274166
   0.0540723249
   0.0520859536
   0.0449640064
   0.0363235966
   0.0289223822
   0.0230986792
   0.0183699107
   0.0136876078
   0.0108351682
   0.0096980540
   0.0057026784
  -0.0024021989
  -0.0103399178
  -0.0178675666
  -0.0269505779
  -0.0347241642
  -0.0390735538
  -0.0421417741
  -0.0448476435
  -0.0480889265
  -0.0531276900
  -0.0594511786
  -0.0641224234
  -0.0661628564
  -0.0691612230
  -0.0729435570
  -0.0750155381
  -0.0749459733
  -0.0722176264
  -0.0676765489
  -0.0647002624
  -0.0641566456
  -0.0626450491
  -0.0583488756
  -0.0519906950
  -0.0443776028
  -0.0344294374
  -0.0223579684
  -0.0096038832
   0.0008369494
   0.0081178540
   0.0112092963
   0.0112214096
   0.0079545268
  -0.0008966623
  -0.0153258808
  -0.0334949680
  -0.0528344340
  -0.0718897867
  -0.0904840247
  -0.1075354072
  -0.1216176946
  -0.1315622354
  -0.1380922499
  -0.1398429323
  -0.1360379400
  -0.1290767687
  -0.1206211662
  -0.1118954357
  -0.1028726186
  -0.0944955067
  -0.0881973867
  -0.0832625909
  -0.0781009599
  -0.0745686614
  -0.0736138358
  -0.0720805206
  -0.0656959596
  -0.0537822490
  -0.0391258809
  -0.0251709747
  -0.0125420446
  -0.0005301989
   0.0109429230
   0.0217497052
   0.0289359013
   0.0310528880
   0.0304389079
   0.0297885842
   0.0284121782
   0.0245353446
   0.0188056389
   0.0132727598
   0.0108464178
   0.0110322550
   0.0132104081
   0.0175316285
   0.0208527140
   0.0216588085
   0.0207785381
   0.0172781563
   0.0110673590
   0.0012109074
  -0.0116303057
  -0.0267426788
  -0.0419731564
  -0.0555764048
  -0.0651911545
  -0.0713052984
  -0.0717087377
  -0.0659519578
  -0.0552758490
  -0.0403927902
  -0.0230008224
  -0.0043710070
   0.0141838988
   0.0306124114
   0.0437249591
   0.0534842951
   0.0613753572
   0.0677313334
   0.0735798303
   0.0810246663
   0.0910527209
   0.1012195436
   0.1073436615
   0.1086110406
   0.1077825156
   0.1055664903
   0.1011417757
   0.0944458176
   0.0851735432
   0.0716906328
   0.0535668332
   0.0315658927
   0.0069887226
  -0.0164837379
  -0.0342955189
  -0.0425215434
  -0.0430695328
  -0.0389002382
  -0.0333358147
  -0.0282571518
  -0.0268768899
  -0.0313022767
  -0.0407268094
  -0.0542492542
  -0.0681132347
  -0.0786969761
  -0.0843766747
  -0.0836936755
  -0.0769579661
  -0.0659633411
  -0.0513693103
  -0.0354391270
  -0.0224078815
  -0.0150202440
  -0.0150737276
  -0.0194099233
  -0.0237670752
  -0.0261101745
  -0.0249951548
  -0.0202946567
  -0.0123274455
  -0.0012741697
   0.0112624908
   0.0230839785
   0.0320743874
   0.0379257537
   0.0416149974
   0.0410938943
   0.0374280677
   0.0347557375
   0.0358033752
   0.0414743863
   0.0505929679
   0.0642779593
   0.0822660987
   0.1019499914
   0.1212705575
   0.1399044745
   0.1564725898
   0.1704219634
   0.1813555159
   0.1869368482
   0.1877880314
   0.1870427311
   0.1868918208
   0.1872116379
   0.1852380954
   0.1806563271
   0.1764181905
   0.1719084443
   0.1650607087
   0.1519780214
   0.1332695527
   0.1107393963
   0.0861212137
   0.0592617456
   0.0316555824
   0.0065838450
  -0.0146391991
  -0.0318779944
  -0.0448841424
  -0.0517638598
  -0.0520065594
  -0.0466113716
  -0.0369100724
  -0.0242104393
  -0.0115793590
  -0.0000948545
   0.0107709301
   0.0213765997
   0.0307614244
   0.0373087055
   0.0390526301
   0.0353451984
   0.0258106378
   0.0122252161
  -0.0038641963
  -0.0242991678
  -0.0475721599
  -0.0694812930
  -0.0893261784
  -0.1111725406
  -0.1340940665
  -0.1551998624
  -0.1726556960
  -0.1839726677
  -0.1903049016
  -0.1923539715
  -0.1889107520
  -0.1813280153
  -0.1706517258
  -0.1560022600
  -0.1392990625
  -0.1206400661
  -0.0986781361
  -0.0735897682
  -0.0468181866
  -0.0202166972
   0.0046096990
   0.0259856157
   0.0431584672
   0.0559759412
   0.0622185902
   0.0600737558
   0.0527529077
   0.0436845212
   0.0349478410
   0.0279520319
   0.0223572890
   0.0179215596
   0.0133728066
   0.0089263010
   0.0040895572
   0.0010493950
   0.0002272229
  -0.0001927508
  -0.0017649155
  -0.0050920482
  -0.0092483839
  -0.0144810216
  -0.0198100452
  -0.0247204048
  -0.0301482574
  -0.0351476129
  -0.0389025871
  -0.0402947491
  -0.0385307320
  -0.0347146636
  -0.0288983724
  -0.0186337941
  -0.0023973963
   0.0171471758
   0.0368308229
   0.0555878604
   0.0707869779
   0.0808169117
   0.0862472613
   0.0904186158
   0.0948005075
   0.0988883481
   0.1048944046
   0.1124075044
   0.1197487341
   0.1247284488
   0.1273561166
   0.1288294073
   0.1279241262
   0.1245423044
   0.1174548686
   0.1059045207
   0.0915191841
   0.0755518189
   0.0578410712
   0.0389441814
   0.0197380376
   0.0018885481
  -0.0132186511
  -0.0248882166
  -0.0327896683
  -0.0344672336
  -0.0287199000
  -0.0183220393
  -0.0055530366
   0.0080392296
   0.0209613940
   0.0321523686
   0.0396411297
   0.0418808612
   0.0393155668
   0.0332295812
   0.0236524506
   0.0120129045
  -0.0003788600
  -0.0147955734
  -0.0292885746
  -0.0434597458
  -0.0568261849
  -0.0669210217
  -0.0718015750
  -0.0713997619
  -0.0669986089
  -0.0607107158
  -0.0543630151
  -0.0495084446
  -0.0448188419
  -0.0415193053
  -0.0403782991
  -0.0405817172
  -0.0409399846
  -0.0409542589
  -0.0408045773
  -0.0406880699
  -0.0406430787
  -0.0404005598
  -0.0394342424
  -0.0368506624
  -0.0333872276
  -0.0320932042
  -0.0329594749
  -0.0354069357
  -0.0384866804
  -0.0405274025
  -0.0410924127
  -0.0409567886
  -0.0408316443
  -0.0408446900
  -0.0408710342
  -0.0399127393
  -0.0377395009
  -0.0361986691
  -0.0369203355
  -0.0397598415
  -0.0443155908
  -0.0501353945
  -0.0566901271
  -0.0634612151
  -0.0684312811
  -0.0700705515
  -0.0685373809
  -0.0645437508
  -0.0591696311
  -0.0523306407
  -0.0456715430
  -0.0402933036
  -0.0357026599
  -0.0323393188
  -0.0295370598
  -0.0253553773
  -0.0205091256
  -0.0137299609
  -0.0048986438
   0.0037503161
   0.0107784648
   0.0152448966
   0.0170156027
   0.0178631505
   0.0192081639
   0.0217341624
   0.0246641279
   0.0277388566
   0.0331239765
   0.0381269313
   0.0384329439
   0.0337808375
   0.0262969043
   0.0189402511
   0.0121041554
   0.0040739132
  -0.0053676221
  -0.0164583043
  -0.0288844414
  -0.0433207970
  -0.0606656523
  -0.0798863704
  -0.0989554555
  -0.1144879778
  -0.1251458372
  -0.1316217539
  -0.1335317304
  -0.1300333651
  -0.1232496290
  -0.1149686430
  -0.1052138965
  -0.0946978769
  -0.0829525671
  -0.0711958379
  -0.0592637332
  -0.0473935321
  -0.0367114606
  -0.0277269240
  -0.0218468284
  -0.0170933635
  -0.0115502972
  -0.0037726058
   0.0057042902
   0.0153935916
   0.0229424928
   0.0261426730
   0.0279611674
   0.0322394167
   0.0389291482
   0.0460396037
   0.0524111913
   0.0590212504
   0.0673713314
   0.0775734243
   0.0900405089
   0.1041268436
   0.1199353482
   0.1373435888
   0.1538565583
   0.1671801745
   0.1754741338
   0.1782595781
   0.1774493025
   0.1730064469
   0.1650165125
   0.1551847569
   0.1452372889
   0.1340037588
   0.1205369296
   0.1065849903
   0.0927984163
   0.0803169129
   0.0686319889
   0.0578130284
   0.0500687931
   0.0465629473
   0.0468499515
   0.0510123800
   0.0574554115
   0.0638095086
   0.0678228697
   0.0682139500
   0.0652593099
   0.0586407584
   0.0494131500
   0.0379211281
   0.0257837262
   0.0151779879
   0.0068021951
   0.0022565788
   0.0013316830
   0.0020715330
   0.0041316754
   0.0077436969
   0.0109386335
   0.0121426563
   0.0120355049
   0.0132542140
   0.0154546568
   0.0152476105
   0.0129197360
   0.0106420565
   0.0077715878
   0.0042996427
   0.0021400472
   0.0016677652
   0.0004525733
  -0.0031568148
  -0.0075968412
  -0.0133685965
  -0.0214050724
  -0.0295259547
  -0.0355754884
  -0.0400399073
  -0.0438924926
  -0.0475754484
  -0.0516369448
  -0.0546960224
  -0.0558865009
  -0.0573804984
  -0.0600667090
  -0.0632310913
  -0.0649268085
  -0.0649920729
  -0.0635665560
  -0.0595029998
  -0.0554243742
  -0.0523808358
  -0.0507446732
  -0.0516998602
  -0.0546728582
  -0.0602436022
  -0.0669156372
  -0.0717733878
  -0.0728626450
  -0.0693738923
  -0.0637310901
  -0.0571718403
  -0.0500163937
  -0.0429637221
  -0.0362173884
  -0.0296547995
  -0.0231722407
  -0.0166871018
  -0.0101047059
  -0.0050883152
  -0.0044440518
  -0.0047729430
  -0.0039249001
  -0.0026485669
  -0.0005736789
   0.0034752171
   0.0082775349
   0.0138954311
   0.0201498572
   0.0250298757
   0.0278969330
   0.0302127339
   0.0332184328
   0.0350521231
   0.0324371431
   0.0276260099
   0.0250480782
   0.0252207614
   0.0260379609
   0.0261790093
   0.0258485894
   0.0255738105
   0.0243127085
   0.0216572003
   0.0181870620
   0.0160016850
   0.0157502835
   0.0163315375
   0.0166304887
   0.0164605846
   0.0155310732
   0.0127861175
   0.0090252672
   0.0060120482
   0.0020685759
  -0.0024007762
  -0.0077057417
  -0.0137325556
  -0.0199075298
  -0.0253428809
  -0.0301081592
  -0.0347473609
  -0.0389692247
  -0.0432759865
  -0.0479245369
  -0.0504739309
  -0.0504529350
  -0.0473700066
  -0.0418158137
  -0.0343711656
  -0.0253885732
  -0.0157789514
  -0.0061791770
   0.0023393760
   0.0069734978
   0.0076998874
   0.0069875373
   0.0064101427
   0.0045773595
   0.0004989027
  -0.0054663210
  -0.0119559229
  -0.0182817965
  -0.0247726922
  -0.0317788439
  -0.0377517154
  -0.0404510439
  -0.0379697331
  -0.0318104932
  -0.0247312822
  -0.0192289791
  -0.0167509532
  -0.0166681440
  -0.0182782117
  -0.0205055552
  -0.0220813537
  -0.0252728934
  -0.0297873049
  -0.0342582250
  -0.0381949783
  -0.0404387933
  -0.0405267882
  -0.0379246334
  -0.0336695664
  -0.0308776933
  -0.0299509537
  -0.0283699948
  -0.0252974596
  -0.0222282852
  -0.0209819526
  -0.0211257691
  -0.0201339422
  -0.0164239773
  -0.0106143245
  -0.0028892858
   0.0061846988
   0.0140088993
   0.0190023499
   0.0225100820
   0.0228779295
   0.0194522657
   0.0169311566
   0.0184974617
   0.0226993704
   0.0281756617
   0.0355067440
   0.0445547489
   0.0528456005
   0.0588468146
   0.0625663777
   0.0639755605
   0.0642825849
   0.0666598558
   0.0710842090
   0.0740079877
   0.0743661829
   0.0737418710
   0.0736032836
   0.0739381700
   0.0739840286
   0.0720840259
   0.0683445510
   0.0651993216
   0.0617404907
   0.0564880100
   0.0503922601
   0.0457743542
   0.0420241104
   0.0379794902
   0.0330660481
   0.0272470466
   0.0209394874
   0.0145021729
   0.0073912693
   0.0003796110
  -0.0068014399
  -0.0136268859
  -0.0206454002
  -0.0274906026
  -0.0356862463
  -0.0468302204
  -0.0590704336
  -0.0712858564
  -0.0834253543
  -0.0958761770
  -0.1085355132
  -0.1190677224
  -0.1264039290
  -0.1300534576
  -0.1305931354
  -0.1276690314
  -0.1205687668
  -0.1101347793
  -0.0987594817
  -0.0898435232
  -0.0843618583
  -0.0808544947
  -0.0771682504
  -0.0729562051
  -0.0666514357
  -0.0578291819
  -0.0469166975
  -0.0340146075
  -0.0217811340
  -0.0130185070
  -0.0070244987
  -0.0017107992
   0.0033278298
   0.0090417929
   0.0154217753
   0.0218609943
   0.0292422101
   0.0370381800
   0.0442338838
   0.0505628653
   0.0573675612
   0.0643005814
   0.0710120063
   0.0763005523
   0.0787654928
   0.0789345803
   0.0766467136
   0.0709739173
   0.0639020568
   0.0572699176
   0.0525170742
   0.0506623881
   0.0507806662
   0.0512559830
   0.0513460739
   0.0498899485
   0.0470993366
   0.0440048081
   0.0424533880
   0.0424991381
   0.0437626867
   0.0469228409
   0.0510041768
   0.0540754688
   0.0558222483
   0.0545016025
   0.0510369535
   0.0479137318
   0.0446215311
   0.0395885858
   0.0331473936
   0.0273386118
   0.0231930957
   0.0193945468
   0.0143406887
   0.0083255002
   0.0027889384
  -0.0013314369
  -0.0046488179
  -0.0083769889
  -0.0120226544
  -0.0153362233
  -0.0184698382
  -0.0207114994
  -0.0214546820
  -0.0211082244
  -0.0190522052
  -0.0152404011
  -0.0111431249
  -0.0070404498
  -0.0033457674
   0.0003502348
   0.0046239769
   0.0093438014
   0.0142162889
   0.0197290249
   0.0258500241
   0.0323791424
   0.0389217039
   0.0442898609
   0.0489645026
   0.0527486435
   0.0526202469
   0.0475087024
   0.0384545541
   0.0260128417
   0.0126337725
  -0.0010941127
  -0.0140954775
  -0.0247607740
  -0.0332071434
  -0.0387717693
  -0.0410346649
  -0.0426709720
  -0.0446266987
  -0.0473894847
  -0.0495451965
  -0.0518130430
  -0.0573979528
  -0.0660607679
  -0.0739407719
  -0.0782379934
  -0.0788859753
  -0.0770040776
  -0.0732673853
  -0.0682629887
  -0.0622680263
  -0.0557258334
  -0.0508031076
  -0.0502636827
  -0.0528532255
  -0.0548795649
  -0.0563154171
  -0.0584409179
  -0.0615443001
  -0.0637295723
  -0.0641468162
  -0.0630888902
  -0.0606389467
  -0.0585986944
  -0.0574667948
  -0.0555953408
  -0.0536082829
  -0.0513281497
  -0.0490818050
  -0.0463468449
  -0.0422193614
  -0.0371064799
  -0.0318839065
  -0.0269360904
  -0.0221900662
  -0.0188495604
  -0.0176566680
  -0.0179166196
  -0.0197784466
  -0.0225814139
  -0.0254755923
  -0.0268401814
  -0.0259375998
  -0.0224222426
  -0.0174136106
  -0.0122299537
  -0.0074373121
  -0.0028146990
   0.0000481552
  -0.0004551232
  -0.0017638718
  -0.0015349132
  -0.0013066053
  -0.0016283955
  -0.0019505536
  -0.0010087916
   0.0016053481
   0.0053369522
   0.0094753493
   0.0120946006
   0.0126766424
   0.0134016877
   0.0141219664
   0.0122636158
   0.0077850129
   0.0031354846
  -0.0008150334
  -0.0056113155
  -0.0112926945
  -0.0167328230
  -0.0214776510
  -0.0247749074
  -0.0259466341
  -0.0257888035
  -0.0243560988
  -0.0220996465
  -0.0196205906
  -0.0172652191
  -0.0161180478
  -0.0160701367
  -0.0158109764
  -0.0133023059
  -0.0085164220
  -0.0018101485
   0.0066761727
   0.0160462642
   0.0242560738
   0.0301834445
   0.0347096188
   0.0386094395
   0.0407583213
   0.0398406811
   0.0372739773
   0.0358869577
   0.0374142270
   0.0402159332
   0.0436705721
   0.0479145630
   0.0519464989
   0.0540423669
   0.0548591833
   0.0579121898
   0.0624524361
   0.0651740615
   0.0653836953
   0.0647022138
   0.0644552138
   0.0639007558
   0.0617852290
   0.0598649532
   0.0594890145
   0.0614194450
   0.0639014063
   0.0634831506
   0.0608278375
   0.0575423584
   0.0536777392
   0.0485222154
   0.0424814307
   0.0368733206
   0.0327260518
   0.0310108998
   0.0316955758
   0.0342386674
   0.0361202073
   0.0365330858
   0.0354243359
   0.0312622146
   0.0239227629
   0.0139801338
   0.0029749433
  -0.0072245488
  -0.0158538644
  -0.0221431127
  -0.0253120917
  -0.0258718511
  -0.0255437839
  -0.0248203070
  -0.0222636386
  -0.0183057124
  -0.0142437534
  -0.0107406469
  -0.0084867205
  -0.0071810212
  -0.0065945525
  -0.0050836354
  -0.0020611738
   0.0029995063
   0.0085630574
   0.0128949167
   0.0180689140
   0.0245720531
   0.0301263906
   0.0340160819
   0.0378758839
   0.0431722356
   0.0489831496
   0.0535109284
   0.0567993347
   0.0597840413
   0.0624362465
   0.0651450069
   0.0666044570
   0.0653778410
   0.0623827629
   0.0590577132
   0.0551960573
   0.0500304150
   0.0429977998
   0.0341666634
   0.0246554223
   0.0145479338
   0.0038963804
  -0.0072844287
  -0.0187411081
  -0.0300369719
  -0.0408551698
  -0.0507739807
  -0.0601633046
  -0.0694913392
  -0.0789250761
  -0.0876299553
  -0.0940708186
  -0.0986404447
  -0.1012368174
  -0.1017764952
  -0.0997725972
  -0.0955021898
  -0.0904407681
  -0.0863187414
  -0.0825713524
  -0.0792686356
  -0.0766776474
  -0.0740971390
  -0.0707706437
  -0.0654105093
  -0.0572339969
  -0.0484441223
  -0.0410818605
  -0.0350627330
  -0.0281469071
  -0.0205183371
  -0.0159191360
  -0.0151738683
  -0.0150344569
  -0.0128581901
  -0.0080726134
  -0.0018731582
   0.0055747010
   0.0141007717
   0.0219169785
   0.0301685233
   0.0388975279
   0.0448872141
   0.0468868479
   0.0474871645
   0.0486187749
   0.0491023311
   0.0476067074
   0.0456525708
   0.0429844289
   0.0390392231
   0.0330871307
   0.0253392238
   0.0168849439
   0.0086859612
   0.0005283183
  -0.0062828628
  -0.0107048346
  -0.0136749596
  -0.0154886225
  -0.0164143105
  -0.0170870575
  -0.0167562762
  -0.0160989274
  -0.0157960842
  -0.0157783370
  -0.0157295152
  -0.0155385537
  -0.0152425585
  -0.0138263650
  -0.0110669398
  -0.0071697716
  -0.0026929224
   0.0013107926
   0.0042061151
   0.0054206901
   0.0055584789
   0.0044590959
   0.0013413179
  -0.0020505244
  -0.0034668924
  -0.0042235732
  -0.0057290624
  -0.0069205636
  -0.0075578127
  -0.0091459882
  -0.0108546860
  -0.0126993007
  -0.0147992775
  -0.0160010345
  -0.0161657638
  -0.0170035870
  -0.0203163753
  -0.0258798592
  -0.0301757942
  -0.0328307458
  -0.0342517998
  -0.0357003363
  -0.0379435695
  -0.0405330038
  -0.0431970621
  -0.0455531564
  -0.0471503989
  -0.0470475876
  -0.0452377120
  -0.0412192193
  -0.0363938118
  -0.0313599233
  -0.0259659641
  -0.0207695073
  -0.0157498137
  -0.0103388735
  -0.0064760937
  -0.0038070484
  -0.0012115047
   0.0019026779
   0.0056887546
   0.0101327486
   0.0146218459
   0.0185891353
   0.0235120563
   0.0295939511
   0.0358962414
   0.0420075594
   0.0473230278
   0.0512165931
   0.0540552318
   0.0554067752
   0.0563860299
   0.0592299085
   0.0640238763
   0.0686871709
   0.0722062430
   0.0749843152
   0.0776773920
   0.0792689970
   0.0787427985
   0.0761131792
   0.0724179728
   0.0682999573
   0.0653265980
   0.0620824601
   0.0577191070
   0.0534488442
   0.0510123077
   0.0506803845
   0.0511116136
   0.0511678436
   0.0507304350
   0.0490280324
   0.0468163797
   0.0441233391
   0.0418928227
   0.0410650205
   0.0412059207
   0.0414537157
   0.0414585220
   0.0421685882
   0.0443610156
   0.0461094214
   0.0464761450
   0.0459291312
   0.0440473058
   0.0419639052
   0.0410593469
   0.0411756013
   0.0414644124
   0.0413068889
   0.0395375596
   0.0370812920
   0.0342225428
   0.0320523977
   0.0314031076
   0.0316861873
   0.0318715656
   0.0317428365
   0.0315756571
   0.0306284094
   0.0284794337
   0.0268645923
   0.0255700775
   0.0234307180
   0.0202958889
   0.0168607896
   0.0139087333
   0.0116197825
   0.0090860252
   0.0060083152
   0.0034299350
   0.0011314077
   0.0009203707
   0.0013164723
   0.0001316368
  -0.0014001162
  -0.0020093139
  -0.0027898039
  -0.0056935898
  -0.0097701375
  -0.0144483569
  -0.0195880596
  -0.0247170729
  -0.0289488240
  -0.0322764034
  -0.0345719891
  -0.0368884622
  -0.0397483859
  -0.0437020117
  -0.0484174166
  -0.0532626636
  -0.0582183830
  -0.0639565160
  -0.0703006752
  -0.0764943578
  -0.0809558966
  -0.0833691966
  -0.0853068184
  -0.0865558397
  -0.0870966739
  -0.0886546348
  -0.0907494187
  -0.0917342746
  -0.0923393975
  -0.0939710429
  -0.0954410812
  -0.0958239583
  -0.0955960751
  -0.0967654492
  -0.0989571178
  -0.1014480051
  -0.1016669262
  -0.0998681448
  -0.0975158810
  -0.0950296555
  -0.0935413315
  -0.0933275781
  -0.0949726666
  -0.0970379261
  -0.0978211708
  -0.0975331909
  -0.0968657308
  -0.0948079518
  -0.0915862553
  -0.0889287379
  -0.0874627470
  -0.0861857553
  -0.0839422655
  -0.0820074624
  -0.0799339274
  -0.0779353778
  -0.0753576520
  -0.0729483271
  -0.0697036472
  -0.0645715044
  -0.0579661793
  -0.0517884695
  -0.0468175361
  -0.0424284892
  -0.0380158084
  -0.0340964626
  -0.0302347598
  -0.0264657172
  -0.0227977873
  -0.0188285537
  -0.0150029956
  -0.0103436147
  -0.0057546803
  -0.0005270203
   0.0055745095
   0.0112392254
   0.0161356504
   0.0212069412
   0.0257147758
   0.0293475835
   0.0318368952
   0.0342631975
   0.0364591123
   0.0374742515
   0.0375724733
   0.0376580108
   0.0393532221
   0.0419410302
   0.0449653796
   0.0475058837
   0.0500807546
   0.0532504853
   0.0581526850
   0.0630728451
   0.0675430569
   0.0712957220
   0.0743036288
   0.0784756699
   0.0811382465
   0.0803801536
   0.0779160803
   0.0759632085
   0.0747797768
   0.0744291706
   0.0755459285
   0.0780281428
   0.0807750644
   0.0832454617
   0.0848389459
   0.0868652853
   0.0887018304
   0.0890476304
   0.0870079562
   0.0848074701
   0.0829700938
   0.0806828053
   0.0774839478
   0.0745831526
   0.0718636232
   0.0689531431
   0.0662953366
   0.0637749972
   0.0615221478
   0.0604296382
   0.0603217677
   0.0605043344
   0.0604762917
   0.0590729632
   0.0567981061
   0.0553766727
   0.0537248626
   0.0503857192
   0.0470614644
   0.0454980106
   0.0434813922
   0.0395935727
   0.0367367569
   0.0362404803
   0.0361829132
   0.0334845748
   0.0290176082
   0.0247055595
   0.0208016336
   0.0172855067
   0.0127310872
   0.0088779020
   0.0068219262
   0.0072027760
   0.0080409353
   0.0067144207
   0.0045533534
   0.0035658073
   0.0027460399
   0.0012331139
   0.0006339899
  -0.0010085835
  -0.0040346606
  -0.0071331932
  -0.0113072688
  -0.0151050985
  -0.0192249137
  -0.0232699205
  -0.0255045493
  -0.0276961890
  -0.0312363329
  -0.0343926964
  -0.0372869507
  -0.0409171818
  -0.0436310015
  -0.0444133789
  -0.0440756738
  -0.0437613857
  -0.0434173926
  -0.0415035854
  -0.0393528607
  -0.0390233226
  -0.0413909086
  -0.0438754719
  -0.0464102301
  -0.0502257022
  -0.0536233884
  -0.0569243706
  -0.0605476633
  -0.0629273916
  -0.0638865538
  -0.0653117093
  -0.0654552114
  -0.0639315450
  -0.0626037078
  -0.0624765398
  -0.0645222851
  -0.0685343092
  -0.0717767847
  -0.0726810178
  -0.0722302022
  -0.0718517339
  -0.0719417886
  -0.0721484591
  -0.0721895475
  -0.0721117796
  -0.0716885007
  -0.0684000221
  -0.0638926971
  -0.0592276680
  -0.0549049696
  -0.0524617477
  -0.0504858201
  -0.0477587741
  -0.0446223622
  -0.0429738768
  -0.0419533169
  -0.0398260816
  -0.0364922504
  -0.0339433732
  -0.0332785042
  -0.0333372855
  -0.0307185942
  -0.0261406384
  -0.0218621254
  -0.0174130613
  -0.0141110167
  -0.0102111345
  -0.0061132585
  -0.0036438984
  -0.0004339239
   0.0035735733
   0.0074089369
   0.0119104330
   0.0167433751
   0.0220518438
   0.0265844253
   0.0300032086
   0.0330222639
   0.0354752356
   0.0368200539
   0.0365118731
   0.0371984499
   0.0402823901
   0.0436259061
   0.0456728439
   0.0462008493
   0.0468798372
   0.0504518508
   0.0546016312
   0.0565981933
   0.0586385540
   0.0625690157
   0.0656713861
   0.0664403203
   0.0658946076
   0.0656705549
   0.0676092608
   0.0714631110
   0.0730584381
   0.0709534635
   0.0672568116
   0.0649631990
   0.0622348521
   0.0584152964
   0.0554746415
   0.0515739571
   0.0478038737
   0.0458506044
   0.0432157452
   0.0393708210
   0.0356799511
   0.0318042197
   0.0285187694
   0.0256211543
   0.0215253273
   0.0180424939
   0.0141027990
   0.0101543300
   0.0063982788
   0.0019620067
  -0.0009705242
  -0.0016016523
  -0.0011331640
  -0.0008328037
  -0.0009477485
  -0.0011268652
  -0.0017968477
  -0.0038302018
  -0.0062694268
  -0.0088851331
  -0.0102034770
  -0.0081932441
  -0.0036929261
  -0.0006524605
  -0.0001523605
  -0.0005996787
   0.0000749949
   0.0020971740
   0.0055318455
   0.0083269060
   0.0091779447
   0.0088510591
   0.0085345811
   0.0085965786
   0.0087687920
   0.0088127208
   0.0087556632
   0.0087146977
   0.0081487913
   0.0044596199
  -0.0001852385
  -0.0048330217
  -0.0090530461
  -0.0136099880
  -0.0180510729
  -0.0224815876
  -0.0270962664
  -0.0296125692
  -0.0299415688
  -0.0294658075
  -0.0295472217
  -0.0312566892
  -0.0316013147
  -0.0303898150
  -0.0293394924
  -0.0292102754
  -0.0295251091
  -0.0296832831
  -0.0296026856
  -0.0288804012
  -0.0254700416
  -0.0213167306
  -0.0193801026
  -0.0194404957
  -0.0182219745
  -0.0140122058
  -0.0098376063
  -0.0056000732
  -0.0021129932
  -0.0014224825
  -0.0050847448
  -0.0088195327
  -0.0084251928
  -0.0061698065
  -0.0056345050
  -0.0045019044
  -0.0021679645
   0.0003590936
   0.0044358197
   0.0082361899
   0.0097410287
   0.0102679825
   0.0135042026
   0.0175750911
   0.0174426652
   0.0130679468
   0.0095381237
   0.0090543868
   0.0093614076
   0.0071498309
   0.0032081676
   0.0001283858
  -0.0028015999
  -0.0059444059
  -0.0077607177
  -0.0080147934
  -0.0090117157
  -0.0108344093
  -0.0119067072
  -0.0116033544
  -0.0093675474
  -0.0068821603
  -0.0058192978
  -0.0058626123
  -0.0060826031
  -0.0060573357
  -0.0056666096
  -0.0029871701
   0.0014905974
   0.0043409406
   0.0047398447
   0.0041592520
   0.0039116847
   0.0041067839
   0.0043027649
   0.0042983020
   0.0042047853
   0.0033566918
   0.0017531249
  -0.0002996647
  -0.0031832588
  -0.0027955783
   0.0012624651
   0.0044704033
   0.0049320963
   0.0041550962
   0.0038150710
   0.0040229051
   0.0042152146
   0.0042284734
   0.0041992020
   0.0042147701
   0.0043282455
   0.0045166087
   0.0046340051
   0.0046487528
   0.0046994429
   0.0048611584
   0.0049957453
   0.0051027088
   0.0055444141
   0.0084964199
   0.0129985627
   0.0156238491
   0.0159244808
   0.0155460089
   0.0155438442
   0.0158195772
   0.0159750227
   0.0160172892
   0.0160781231
   0.0146834640
   0.0113474212
   0.0081640883
   0.0066552889
   0.0067193752
   0.0072213037
   0.0073810532
   0.0072519592
   0.0072335218
   0.0073669957
   0.0074870518
   0.0075078201
   0.0075287003
   0.0076047084
   0.0077869391
   0.0079409319
   0.0079849691
   0.0079636516
   0.0079525248
   0.0086451908
   0.0121721012
   0.0174862687
   0.0235318958
   0.0272687291
   0.0279048941
   0.0252259471
   0.0206290516
   0.0178092117
   0.0176377789
   0.0183473356
   0.0193755710
   0.0228818360
   0.0268069855
   0.0285189899
   0.0296258316
   0.0334255948
   0.0371657093
   0.0384530725
   0.0379574825
   0.0373890392
   0.0374193224
   0.0376878965
   0.0377851065
   0.0377077360
   0.0376215842
   0.0373577441
   0.0348100486
   0.0303769356
   0.0275645111
   0.0262826698
   0.0231440715
   0.0195474880
   0.0176776313
   0.0153934652
   0.0116623886
   0.0090421326
   0.0085523752
   0.0090854254
   0.0093998796
   0.0092749305
   0.0090880851
   0.0090711619
   0.0091327836
   0.0078962009
   0.0038257496
  -0.0001893940
  -0.0042180080
  -0.0081357276
  -0.0113960298
  -0.0168346983
  -0.0235148968
  -0.0279518114
  -0.0297339587
  -0.0325955050
  -0.0366502436
  -0.0405300405
  -0.0448288159
  -0.0480826747
  -0.0519419455
  -0.0559206147
  -0.0578941933
  -0.0575680160
  -0.0542793206
  -0.0513035762
  -0.0492994975
  -0.0482230690
  -0.0478610794
  -0.0467080033
  -0.0441320122
  -0.0407325191
  -0.0384883065
  -0.0380173262
  -0.0384148751
  -0.0386657057
  -0.0385164215
  -0.0383467559
  -0.0383719799
  -0.0384736708
  -0.0385126632
  -0.0384855962
  -0.0384867165
  -0.0400688535
  -0.0442701298
  -0.0477490892
  -0.0501717489
  -0.0538925768
  -0.0570942169
  -0.0581902680
  -0.0578387945
  -0.0574040962
  -0.0574191294
  -0.0576165848
  -0.0576860050
  -0.0575970344
  -0.0574780336
  -0.0574944039
  -0.0575434786
  -0.0574053249
  -0.0571464357
  -0.0565350610
  -0.0533609577
  -0.0482558458
  -0.0419044590
  -0.0360593373
  -0.0307129929
  -0.0267793800
  -0.0221878726
  -0.0184015924
  -0.0168562615
  -0.0167819773
  -0.0154050400
  -0.0111171529
  -0.0073230597
  -0.0060047159
  -0.0048169333
  -0.0009257444
   0.0027973208
   0.0047840698
   0.0082871294
   0.0121031435
   0.0138930387
   0.0137619824
   0.0132632701
   0.0148398708
   0.0194422773
   0.0232387952
   0.0241991102
   0.0235373418
   0.0231697039
   0.0247553498
   0.0286035842
   0.0322950106
   0.0337496652
   0.0335073306
   0.0331045707
   0.0342900369
   0.0386872798
   0.0426834756
   0.0439842097
   0.0454134849
   0.0494129331
   0.0529614935
   0.0540830216
   0.0547363519
   0.0585186136
   0.0626582754
   0.0644043322
   0.0642299686
   0.0637863805
   0.0640227922
   0.0666313794
   0.0713282457
   0.0744807027
   0.0751179879
   0.0746187842
   0.0728729804
   0.0693945991
   0.0661931758
   0.0649502618
   0.0632497744
   0.0594988801
   0.0566348006
   0.0561070482
   0.0559805668
   0.0526690687
   0.0484375091
   0.0464924430
   0.0467140744
   0.0474534120
   0.0476940157
   0.0475225070
   0.0473838834
   0.0474207076
   0.0475185318
   0.0475987210
   0.0465786671
   0.0426901611
   0.0383986493
   0.0335601817
   0.0295061261
   0.0263505360
   0.0221877534
   0.0191410746
   0.0182919765
   0.0177553848
   0.0143487835
   0.0103518360
   0.0086427009
   0.0090440949
   0.0084900849
   0.0044455913
   0.0003786118
  -0.0009727820
  -0.0004311308
   0.0001495136
  -0.0010348981
  -0.0051557225
  -0.0089506577
  -0.0114701045
  -0.0150298747
  -0.0182539851
  -0.0208281694
  -0.0248125049
  -0.0282086263
  -0.0308497590
  -0.0346392157
  -0.0376919801
  -0.0386433004
  -0.0382704334
  -0.0378522861
  -0.0377728197
  -0.0379519895
  -0.0388449839
  -0.0427693745
  -0.0471811519
  -0.0509667383
  -0.0545962828
  -0.0569427284
  -0.0575551149
  -0.0572870468
  -0.0570645480
  -0.0567229039
  -0.0547675024
  -0.0522273236
  -0.0497710560
  -0.0490863222
  -0.0503445947
  -0.0507576827
  -0.0490522084
  -0.0473555516
  -0.0469468001
  -0.0473253768
  -0.0475968780
  -0.0475260123
  -0.0473446019
  -0.0461556774
  -0.0435978273
  -0.0409992863
  -0.0399393366
  -0.0404605119
  -0.0419507512
  -0.0436822445
  -0.0452018997
  -0.0466236222
  -0.0473980132
  -0.0475029566
  -0.0469635317
  -0.0438223136
  -0.0410258112
  -0.0415038745
  -0.0409359734
  -0.0389420854
  -0.0374326933
  -0.0373390249
  -0.0378826055
  -0.0381509628
  -0.0380369127
  -0.0374795276
  -0.0343826935
  -0.0301699399
  -0.0275786879
  -0.0255785301
  -0.0252687122
  -0.0266081532
  -0.0257378171
  -0.0220446271
  -0.0185851891
  -0.0147158360
  -0.0109167522
  -0.0090355484
  -0.0082287275
  -0.0048172079
  -0.0008657282
   0.0008240226
   0.0009269766
   0.0035290638
   0.0078773226
   0.0107007004
   0.0138286525
   0.0175150125
   0.0218913570
   0.0266283469
   0.0314694127
   0.0362587658
   0.0387269226
   0.0388977808
   0.0383629455
   0.0382295980
   0.0398622914
   0.0440990547
   0.0476290043
   0.0485770722
   0.0480472238
   0.0476647443
   0.0477610146
   0.0479555068
   0.0479798996
   0.0478986625
   0.0478548638
   0.0478755706
   0.0486726921
   0.0525927823
   0.0566351981
   0.0581062483
   0.0576968824
   0.0570508158
   0.0551886853
   0.0510889915
   0.0479006139
   0.0472529933
   0.0478710173
   0.0476667318
   0.0440231298
   0.0368869806
   0.0302192062
   0.0259610133
   0.0222367017
   0.0179381431
   0.0129136396
   0.0097949495
   0.0074845692
   0.0037531349
   0.0006525197
  -0.0002302877
   0.0001969284
  -0.0008020369
  -0.0045038522
  -0.0082687534
  -0.0097092313
  -0.0093805388
  -0.0087024724
  -0.0060117229
  -0.0018224399
   0.0006782435
   0.0009007878
   0.0003258378
   0.0000755333
   0.0002333022
   0.0004913569
   0.0005933250
   0.0000216157
  -0.0032928628
  -0.0074044523
  -0.0093340913
  -0.0091447090
  -0.0085555228
  -0.0097036842
  -0.0133470586
  -0.0169780089
  -0.0182924788
  -0.0177876195
  -0.0171095675
  -0.0174982627
  -0.0208375507
  -0.0248746253
  -0.0266328098
  -0.0262177523
  -0.0253600824
  -0.0250706895
  -0.0251359538
  -0.0249542038
  -0.0220224784
  -0.0177469395
  -0.0182657226
  -0.0222745702
  -0.0249373384
  -0.0248578864
  -0.0237894263
  -0.0232838949
  -0.0233856075
  -0.0235543264
  -0.0235239745
  -0.0227330253
  -0.0191793081
  -0.0149494434
  -0.0128641673
  -0.0103239884
  -0.0063304956
  -0.0037580171
  -0.0033724011
  -0.0017388296
   0.0018357870
   0.0050317202
   0.0060934082
   0.0057203461
   0.0053115981
   0.0053641674
   0.0055766669
   0.0056431744
   0.0055792652
   0.0055008467
   0.0054519238
   0.0054992206
   0.0055626780
   0.0055002902
   0.0054088948
   0.0054903380
   0.0063517879
   0.0065932805
   0.0063372534
   0.0087825387
   0.0128705998
   0.0151973866
   0.0152815111
   0.0146546371
   0.0145919385
   0.0164637972
   0.0208662583
   0.0243527453
   0.0252309377
   0.0247302125
   0.0252196845
   0.0257571506
   0.0254754297
   0.0250463147
   0.0249684419
   0.0251553814
   0.0253572998
   0.0247363957
   0.0209646138
   0.0170688478
   0.0157979814
   0.0160798577
   0.0137028470
   0.0094154188
   0.0069337610
   0.0070454874
   0.0079486581
   0.0082768916
   0.0081673949
   0.0080933600
   0.0082143556
   0.0084662450
   0.0086309671
   0.0086548323
   0.0086820330
   0.0093106489
   0.0128176149
   0.0172474105
   0.0193930616
   0.0192420284
   0.0185810658
   0.0184715077
   0.0187410539
   0.0190754308
   0.0210333330
   0.0252875869
   0.0285724228
   0.0294424626
   0.0289869816
   0.0285444271
   0.0285349482
   0.0288031175
   0.0289841485
   0.0289828439
   0.0281581278
   0.0245449246
   0.0205378152
   0.0188807326
   0.0179586331
   0.0143444362
   0.0106762028
   0.0086096206
   0.0053687677
  -0.0002354659
  -0.0062578412
  -0.0108264771
  -0.0151624994
  -0.0195037833
  -0.0246190680
  -0.0277602898
  -0.0282017060
  -0.0276424742
  -0.0274328910
  -0.0276505835
  -0.0278431676
  -0.0278247266
  -0.0277082662
  -0.0276106226
  -0.0276429657
  -0.0277174090
  -0.0277249075
  -0.0276454194
  -0.0276335229
  -0.0276824026
  -0.0277191327
  -0.0277168235
  -0.0276987186
  -0.0276629027
  -0.0276036553
  -0.0276199678
  -0.0276696243
  -0.0276932366
  -0.0276535757
  -0.0260247093
  -0.0217070629
  -0.0182231020
  -0.0172957770
  -0.0182001727
  -0.0212463781
  -0.0221262040
  -0.0198404550
  -0.0176504848
  -0.0172317196
  -0.0177915910
  -0.0181313922
  -0.0180062732
  -0.0178005965
  -0.0177683691
  -0.0178426533
  -0.0178836514
  -0.0178644407
  -0.0186122850
  -0.0223221741
  -0.0265223700
  -0.0282349128
  -0.0279032787
  -0.0273219597
  -0.0273052533
  -0.0274580753
  -0.0274088126
  -0.0273554628
  -0.0272734848
  -0.0256112165
  -0.0218072072
  -0.0183574721
  -0.0171908408
  -0.0175744732
  -0.0180144620
  -0.0179802144
  -0.0178206745
  -0.0177476008
  -0.0178246424
  -0.0179967474
  -0.0179907630
  -0.0178952768
  -0.0179486050
  -0.0180557274
  -0.0179688311
  -0.0165831667
  -0.0125146452
  -0.0087918441
  -0.0076020197
  -0.0078155166
  -0.0062487453
  -0.0022207752
   0.0012055276
   0.0021494307
   0.0016514903
   0.0026126834
   0.0069502939
   0.0111476746
   0.0140418025
   0.0178608161
   0.0210920890
   0.0223180183
   0.0237389277
   0.0278859219
   0.0317721585
   0.0331594853
   0.0344197200
   0.0384095267
   0.0422605220
   0.0436542379
   0.0433467799
   0.0430345878
   0.0432329467
   0.0435703266
   0.0437919942
   0.0439381705
   0.0449406254
   0.0481597561
   0.0521721416
   0.0541517913
   0.0540696145
   0.0536025732
   0.0536643684
   0.0539436391
   0.0539937619
   0.0530995750
   0.0500693351
   0.0462138227
   0.0440115296
   0.0416107332
   0.0379903315
   0.0353016743
   0.0329446947
   0.0296362392
   0.0267795282
   0.0258094561
   0.0252612607
   0.0227026481
   0.0190903664
   0.0171866380
   0.0170837689
   0.0158195880
   0.0122099697
   0.0090121349
   0.0059293908
   0.0021454624
  -0.0002526005
  -0.0017397074
  -0.0045026633
  -0.0078459300
  -0.0095713233
  -0.0098945915
  -0.0112517652
  -0.0143276033
  -0.0174277512
  -0.0186645869
  -0.0184237086
  -0.0180014994
  -0.0180623442
  -0.0200840255
  -0.0244007576
  -0.0275954123
  -0.0281114995
  -0.0258827249
  -0.0230166651
  -0.0203988917
  -0.0184374951
  -0.0176533180
  -0.0176698473
  -0.0178317976
  -0.0178398708
  -0.0177618318
  -0.0177230743
  -0.0176767207
  -0.0175300529
  -0.0174576984
  -0.0175807286
  -0.0176668082
  -0.0175447500
  -0.0173829949
  -0.0173775851
  -0.0174336452
  -0.0174199889
  -0.0173661476
  -0.0170391355
  -0.0142704518
  -0.0099759154
  -0.0074864266
  -0.0073648130
  -0.0080200948
  -0.0082291034
  -0.0076337918
  -0.0055191106
  -0.0031659330
  -0.0020900827
  -0.0044417173
  -0.0058788380
  -0.0027866816
   0.0010926647
   0.0025098009
   0.0019586209
   0.0018846662
   0.0053632603
   0.0099589344
   0.0120847062
   0.0117966612
   0.0110628454
   0.0109744313
   0.0100666170
   0.0059199698
   0.0019654798
   0.0007752178
   0.0007167390
  -0.0009728702
  -0.0043977813
  -0.0073925992
  -0.0083449675
  -0.0079773332
  -0.0076011813
  -0.0076543035
  -0.0078443146
  -0.0078845646
  -0.0077096951
  -0.0075917278
  -0.0076097785
  -0.0077020990
  -0.0076675660
  -0.0075734928
  -0.0074699262
  -0.0073994075
  -0.0073262796
  -0.0073326904
  -0.0073822855
  -0.0073487318
  -0.0071900339
  -0.0071075391
  -0.0070707295
  -0.0070442913
  -0.0070234941
  -0.0070126709
  -0.0070086850
  -0.0069335189
  -0.0068162165
  -0.0068147240
  -0.0078624304
  -0.0090442864
  -0.0082813763
  -0.0068709504
  -0.0062524133
  -0.0064129542
  -0.0065560408
  -0.0064113967
  -0.0061998477
  -0.0060853820
  -0.0069882203
  -0.0094624337
  -0.0124384889
  -0.0138006640
  -0.0143468935
  -0.0145360554
  -0.0157200653
  -0.0179892488
  -0.0205048036
  -0.0226338133
  -0.0234442876
  -0.0232949855
  -0.0229034282
  -0.0226332749
  -0.0224045171
  -0.0221885556
  -0.0220651641
  -0.0219491915
  -0.0218002399
  -0.0211946147
  -0.0191608816
  -0.0172462686
  -0.0165465702
  -0.0159827164
  -0.0154585380
  -0.0139624120
  -0.0125117433
  -0.0120024138
  -0.0121717398
  -0.0123748038
  -0.0117075027
  -0.0088469719
  -0.0048735716
  -0.0025670305
  -0.0016164571
   0.0014869623
   0.0053787344
   0.0072099312
   0.0069301581
   0.0062841312
   0.0063206807
   0.0066805707
   0.0078545994
   0.0116755535
   0.0155606699
   0.0170372166
   0.0166753318
   0.0162531877
   0.0164456381
   0.0169177532
   0.0171986032
   0.0173874470
   0.0176327558
   0.0178909692
   0.0181856418
   0.0184730146
   0.0187330856
   0.0189184349
   0.0191220807
   0.0194079719
   0.0193905392
   0.0187888855
   0.0191132451
   0.0200154437
   0.0205618358
   0.0206406120
   0.0206328641
   0.0206948002
   0.0207762036
   0.0210049831
   0.0224262864
   0.0247947036
   0.0273124230
   0.0296927547
   0.0309482591
   0.0310719506
   0.0307356584
   0.0306550464
   0.0308086417
   0.0308063867
   0.0306895216
   0.0307321024
   0.0308416208
   0.0307793450
   0.0306639579
   0.0306391098
   0.0306303717
   0.0306184788
   0.0306994414
   0.0307664909
   0.0306311667
   0.0292167549
   0.0269976145
   0.0252397805
   0.0231438619
   0.0214572514
   0.0207884109
   0.0194881647
   0.0168193145
   0.0134799073
   0.0116014318
   0.0114674953
   0.0119095584
   0.0120556335
   0.0117883676
   0.0095457741
   0.0051586208
   0.0021268043
   0.0010941420
  -0.0016771591
  -0.0055814009
  -0.0076208618
  -0.0075934768
  -0.0070711884
  -0.0069979774
  -0.0072366585
  -0.0073753182
  -0.0073314870
  -0.0073091793
  -0.0073087963
  -0.0077669731
  -0.0090970219
  -0.0114642791
  -0.0147714299
  -0.0169857098
  -0.0174135961
  -0.0170224436
  -0.0168718440
  -0.0183012060
  -0.0210966206
  -0.0234845846
  -0.0242836250
  -0.0248109980
  -0.0255172336
  -0.0258365195
  -0.0256114947
  -0.0252796908
  -0.0251473552
  -0.0263676580
  -0.0290192994
  -0.0326172670
  -0.0354872875
  -0.0360457134
  -0.0348772247
  -0.0354379128
  -0.0382370423
  -0.0412474427
  -0.0423780413
  -0.0419039892
  -0.0411674342
  -0.0409540421
  -0.0410463374
  -0.0410483972
  -0.0408830680
  -0.0412560073
  -0.0433219895
  -0.0465137280
  -0.0492159836
  -0.0501607269
  -0.0499345783
  -0.0496314929
  -0.0496578010
  -0.0498456800
  -0.0500065281
  -0.0499538758
  -0.0494000682
  -0.0469756378
  -0.0431065015
  -0.0403471124
  -0.0384329439
  -0.0360388148
  -0.0328741361
  -0.0300800912
  -0.0261450147
  -0.0221745162
  -0.0196621669
  -0.0161381186
  -0.0116324812
  -0.0062049105
  -0.0017054212
   0.0019145444
   0.0061151919
   0.0091580257
   0.0108285839
   0.0141562500
   0.0182341817
   0.0204739024
   0.0207187703
   0.0203569433
   0.0204155692
   0.0208581129
   0.0213336286
   0.0236437343
   0.0280379958
   0.0310992922
   0.0316126872
   0.0309707330
   0.0313352992
   0.0344325560
   0.0387332828
   0.0411189015
   0.0412094983
   0.0407206660
   0.0427509082
   0.0467473932
   0.0477965017
   0.0463230303
   0.0450249342
   0.0449732576
   0.0455699604
   0.0472662196
   0.0492929204
   0.0502464090
   0.0502260274
   0.0500269820
   0.0499748355
   0.0499897242
   0.0500793452
   0.0501483318
   0.0492933902
   0.0462024032
   0.0423492035
   0.0403397765
   0.0394019716
   0.0367949383
   0.0329560310
   0.0306664153
   0.0305014077
   0.0310871247
   0.0310413023
   0.0297549293
   0.0269252925
   0.0233233968
   0.0213309652
   0.0199674205
   0.0164548640
   0.0129166968
   0.0112990619
   0.0096029219
   0.0062261558
   0.0027980458
  -0.0008913559
  -0.0020744399
   0.0003333383
   0.0027397787
   0.0032248494
   0.0026443839
   0.0023191025
   0.0024282198
   0.0025997704
   0.0026681935
   0.0026174590
   0.0025980632
   0.0025993729
   0.0026607647
   0.0028026562
   0.0029048394
   0.0029239760
   0.0029047942
   0.0025549121
   0.0014216549
  -0.0002868600
  -0.0015916231
  -0.0022235805
  -0.0039714019
  -0.0058628580
  -0.0065620974
  -0.0063734451
  -0.0064440759
  -0.0083149733
  -0.0108308497
  -0.0136529663
  -0.0155399703
  -0.0159453357
  -0.0156539842
  -0.0154126469
  -0.0154262130
  -0.0155156281
  -0.0155329813
  -0.0154944731
  -0.0154393851
  -0.0152950301
  -0.0151498332
  -0.0150918578
  -0.0150735541
  -0.0149432494
  -0.0147852164
  -0.0147133497
  -0.0146356432
  -0.0145156522
  -0.0158997483
  -0.0188304762
  -0.0187980428
  -0.0158467996
  -0.0138339684
  -0.0151317897
  -0.0169787822
  -0.0180763764
  -0.0181485539
  -0.0178144769
  -0.0175837858
  -0.0175444609
  -0.0164428699
  -0.0141201992
  -0.0128578360
  -0.0152824145
  -0.0186752185
  -0.0192342733
  -0.0176387257
  -0.0164153476
  -0.0152519904
  -0.0133137398
  -0.0118488366
  -0.0110913760
  -0.0092947447
  -0.0061604903
  -0.0030063294
  -0.0016362005
  -0.0017701359
  -0.0021707121
  -0.0022057445
  -0.0020312697
  -0.0019432285
  -0.0019836859
  -0.0019649396
  -0.0006425682
   0.0016054710
   0.0029390743
   0.0030058943
   0.0021357682
  -0.0000004359
  -0.0018101673
  -0.0023339330
  -0.0019872733
  -0.0016915599
  -0.0018017841
  -0.0020089244
  -0.0014559693
   0.0008658959
   0.0041676106
   0.0056449668
   0.0058550704
   0.0066537422
   0.0077186681
   0.0089657596
   0.0089598655
   0.0081361757
   0.0075968593
   0.0076178624
   0.0078161635
   0.0078761229
   0.0077716240
   0.0076739009
   0.0077022472
   0.0070141200
   0.0040747083
  -0.0000131802
  -0.0023303124
  -0.0024643768
  -0.0019454083
  -0.0017669757
  -0.0019236947
  -0.0028621306
  -0.0058606319
  -0.0097128089
  -0.0118028913
  -0.0118779851
  -0.0121071259
  -0.0140232820
  -0.0157491776
  -0.0161363009
  -0.0156316114
  -0.0151940655
  -0.0151222169
  -0.0156677634
  -0.0159435108
  -0.0150828198
  -0.0125341775
  -0.0097816979
  -0.0085120710
  -0.0085542796
  -0.0087554283
  -0.0085577669
  -0.0081704016
  -0.0079796749
  -0.0079407368
  -0.0078458541
  -0.0076562260
  -0.0074330443
  -0.0073176680
  -0.0077964794
  -0.0112143809
  -0.0143116450
  -0.0135965231
  -0.0108436099
  -0.0100617420
  -0.0110803071
  -0.0122421321
  -0.0129482918
  -0.0124154079
  -0.0108015819
  -0.0100423362
  -0.0094897139
  -0.0079725739
  -0.0066598567
  -0.0062947773
  -0.0065190323
  -0.0067083749
  -0.0066156858
  -0.0064927784
  -0.0065104786
  -0.0065890849
  -0.0062277783
  -0.0042250656
  -0.0018168802
   0.0008209492
   0.0025950479
   0.0030558816
   0.0028520605
   0.0026929586
   0.0027464891
   0.0028416367
   0.0028564776
   0.0028468032
   0.0028854328
   0.0028776040
   0.0028396802
   0.0029019321
   0.0030722436
   0.0031366012
   0.0038575181
   0.0052985561
   0.0070684673
   0.0080268344
   0.0080441118
   0.0069374181
   0.0056566428
   0.0051425034
   0.0052577821
   0.0050767657
   0.0038820663
   0.0028564274
   0.0038712974
   0.0076506247
   0.0116178744
   0.0131846638
   0.0128169211
   0.0122928583
   0.0126194404
   0.0146509691
   0.0167597816
   0.0176320330
   0.0186288758
   0.0205977891
   0.0221205412
   0.0224350967
   0.0220866731
   0.0218771044
   0.0220200066
   0.0225559514
   0.0244648258
   0.0275266245
   0.0305372778
   0.0318240158
   0.0316699579
   0.0313570720
   0.0314315081
   0.0316240994
   0.0316804559
   0.0316431367
   0.0315200523
   0.0309054072
   0.0288991711
   0.0271382473
   0.0266648494
   0.0264260273
   0.0246046997
   0.0226478311
   0.0218592705
   0.0206202630
   0.0173176980
   0.0138383554
   0.0124010577
   0.0126612876
   0.0127258907
   0.0116535385
   0.0098845489
   0.0086486889
   0.0085092631
   0.0083196315
   0.0064670196
   0.0045740060
   0.0040646548
   0.0044906186
   0.0049546353
   0.0051352651
   0.0045731314
   0.0024417030
  -0.0002320462
  -0.0021541705
  -0.0032789596
  -0.0035383266
  -0.0032469313
  -0.0028676549
  -0.0026680276
  -0.0026058126
  -0.0025445873
  -0.0023802992
  -0.0030388427
  -0.0051056106
  -0.0068638024
  -0.0087865680
  -0.0105907882
  -0.0114288101
  -0.0116058081
  -0.0130479736
  -0.0159767573
  -0.0192699157
  -0.0209407016
  -0.0209691491
  -0.0205562779
  -0.0204292581
  -0.0215402123
  -0.0238914353
  -0.0257952468
  -0.0278718608
  -0.0296198979
  -0.0304346509
  -0.0305095242
  -0.0303793749
  -0.0303548917
  -0.0304164484
  -0.0304544940
  -0.0304428794
  -0.0304215149
  -0.0304183167
  -0.0304270548
  -0.0304327609
  -0.0304318538
  -0.0300887497
  -0.0293173184
  -0.0294986998
  -0.0289687539
  -0.0257785838
  -0.0219403270
  -0.0201346289
  -0.0202882856
  -0.0208464224
  -0.0209253576
  -0.0201876137
  -0.0175333487
  -0.0136360070
  -0.0105667675
  -0.0068267542
  -0.0031253343
  -0.0013549534
  -0.0006728167
   0.0010822368
   0.0043130569
   0.0072790478
   0.0083501677
   0.0080708680
   0.0078091817
   0.0093236981
   0.0118267927
   0.0145167435
   0.0165356603
   0.0173349645
   0.0172845924
   0.0170573524
   0.0170571681
   0.0171550683
   0.0170840111
   0.0169512165
   0.0169924097
   0.0170954088
   0.0170800829
   0.0169760358
   0.0170063298
   0.0170862155
   0.0162099058
   0.0140574175
   0.0121952726
   0.0101239022
   0.0083656129
   0.0077280999
   0.0079687506
   0.0082910467
   0.0083489245
   0.0080972737
   0.0061901953
   0.0024715700
   0.0003185046
   0.0002186855
   0.0003862621
   0.0002637730
  -0.0001561559
  -0.0018904164
  -0.0040577670
  -0.0065411087
  -0.0081547865
  -0.0084209358
  -0.0080137924
  -0.0076674503
  -0.0075467076
  -0.0074692324
  -0.0073922486
  -0.0073090384
  -0.0071140150
  -0.0068262519
  -0.0066367539
  -0.0066062286
  -0.0071554539
  -0.0091927683
  -0.0111143378
  -0.0117363007
  -0.0114773247
  -0.0112093686
  -0.0112410323
  -0.0120276920
  -0.0141770688
  -0.0159641381
  -0.0164336079
  -0.0161408108
  -0.0159127144
  -0.0159709247
  -0.0159131083
  -0.0142906130
  -0.0120768463
  -0.0101976553
  -0.0081314814
  -0.0067754570
  -0.0064543751
  -0.0066441983
  -0.0067813763
  -0.0067397097
  -0.0066638426
  -0.0066542806
  -0.0066864141
  -0.0067347517
  -0.0078855475
  -0.0097489067
  -0.0092819665
  -0.0074144985
  -0.0062993415
  -0.0063409069
  -0.0062608659
  -0.0044358811
  -0.0023020597
  -0.0002072118
   0.0018867597
   0.0029111497
   0.0035325612
   0.0067543852
   0.0109827177
   0.0130759440
   0.0129316613
   0.0122312475
   0.0120392777
   0.0122065764
   0.0130127395
   0.0151646568
   0.0168714321
   0.0172424597
   0.0169103197
   0.0173351127
   0.0195119504
   0.0214711897
   0.0220538747
   0.0216651361
   0.0212962587
   0.0213676303
   0.0217330927
   0.0219546122
   0.0219609796
   0.0220067297
   0.0221053165
   0.0221820943
   0.0223079107
   0.0224512212
   0.0225959954
   0.0227636157
   0.0229388538
   0.0231235888
   0.0232995894
   0.0237573759
   0.0257214901
   0.0283543184
   0.0313985579
   0.0336428463
   0.0333333646
   0.0311588685
   0.0308617820
   0.0331043358
   0.0351731657
   0.0356698037
   0.0353687781
   0.0352524370
   0.0355528410
   0.0354567549
   0.0334811779
   0.0300646496
   0.0271002957
   0.0260857239
   0.0262819506
   0.0252910525
   0.0216787058
   0.0178658139
   0.0163577408
   0.0161814077
   0.0146290011
   0.0113767396
   0.0082727177
   0.0071080053
   0.0072985766
   0.0062737308
   0.0034145469
  -0.0002014650
  -0.0024018564
  -0.0039699167
  -0.0062697918
  -0.0094838596
  -0.0122054453
  -0.0146901928
  -0.0175013489
  -0.0201150134
  -0.0214500456
  -0.0230268053
  -0.0263859725
  -0.0298579430
  -0.0319700259
  -0.0338549411
  -0.0358965305
  -0.0385229986
  -0.0402751987
  -0.0406284069
  -0.0402810169
  -0.0400675164
  -0.0402433977
  -0.0404229289
  -0.0410164878
  -0.0429108891
  -0.0432410415
  -0.0415441318
  -0.0400487971
  -0.0398101088
  -0.0402724884
  -0.0405073100
  -0.0403695538
  -0.0394948089
  -0.0370706676
  -0.0335910902
  -0.0307059606
  -0.0284268319
  -0.0280976805
  -0.0293403380
  -0.0294661941
  -0.0271636954
  -0.0246768519
  -0.0223581743
  -0.0205408435
  -0.0196855876
  -0.0195291808
  -0.0192941857
  -0.0174242603
  -0.0150010080
  -0.0137438558
  -0.0136902205
  -0.0135829716
  -0.0116228614
  -0.0091595434
  -0.0080662388
  -0.0081792878
  -0.0083902839
  -0.0072547851
  -0.0046799395
  -0.0018601057
   0.0007506772
   0.0020411768
   0.0024153302
   0.0033824987
   0.0054371182
   0.0082883761
   0.0106966422
   0.0119348186
   0.0121370189
   0.0119909221
   0.0119442252
   0.0120104291
   0.0120567285
   0.0120413809
   0.0120386128
   0.0131829978
   0.0154297797
   0.0168918931
   0.0170459402
   0.0166812584
   0.0165233988
   0.0166264197
   0.0167339143
   0.0167271783
   0.0166722095
   0.0166481311
   0.0166578918
   0.0161572353
   0.0141357058
   0.0121945715
   0.0115549301
   0.0118127713
   0.0120854723
   0.0120542603
   0.0119145852
   0.0118677112
   0.0119064434
   0.0119388551
   0.0119306411
   0.0119076432
   0.0112456398
   0.0091396353
   0.0073117415
   0.0068032251
   0.0070951584
   0.0073373413
   0.0072414576
   0.0070179976
   0.0069650525
   0.0070786002
   0.0071064948
   0.0070355496
   0.0064604100
   0.0053137556
   0.0044101693
   0.0032546774
   0.0024125520
   0.0022301503
   0.0023858362
   0.0025394099
   0.0026088597
   0.0026785289
   0.0027452568
   0.0028296166
   0.0023797734
   0.0021025780
   0.0027555039
   0.0035956114
   0.0040294099
   0.0041289398
   0.0041393221
   0.0043441749
   0.0049054413
   0.0061573608
   0.0080287352
   0.0096922973
   0.0104114485
   0.0104441782
   0.0094615411
   0.0073614775
   0.0058897624
   0.0057619367
   0.0062272218
   0.0065344197
   0.0065857350
   0.0067875847
   0.0086649580
   0.0109339248
   0.0118303161
   0.0116332690
   0.0114092886
   0.0114872517
   0.0115842774
   0.0115547964
   0.0105713281
   0.0083813110
   0.0066924166
   0.0063386374
   0.0067653204
   0.0067735200
   0.0048019687
   0.0024527152
   0.0014763722
   0.0016520504
   0.0019610234
   0.0012578887
   0.0006816921
   0.0011217214
   0.0017884258
   0.0020130889
   0.0018732020
   0.0017320455
   0.0014567098
  -0.0002738255
  -0.0023549697
  -0.0032598447
  -0.0029872864
  -0.0025294764
  -0.0025124686
  -0.0029931259
  -0.0048191991
  -0.0068083891
  -0.0076307093
  -0.0074825563
  -0.0072042793
  -0.0072704616
  -0.0075871275
  -0.0087530830
  -0.0109528500
  -0.0127413178
  -0.0141599433
  -0.0156477721
  -0.0169964751
  -0.0172476490
  -0.0152848647
  -0.0129779138
  -0.0121830870
  -0.0125707161
  -0.0129668485
  -0.0128779754
  -0.0126307803
  -0.0125501322
  -0.0125607494
  -0.0125415965
  -0.0124974871
  -0.0123864075
  -0.0121351000
  -0.0118678088
  -0.0117234466
  -0.0115923649
  -0.0114498422
  -0.0112530769
  -0.0110760862
  -0.0108619858
  -0.0105836907
  -0.0103876447
  -0.0102484682
  -0.0100208560
  -0.0097640339
  -0.0095435697
  -0.0093778611
  -0.0092164167
  -0.0090869287
  -0.0101020462
  -0.0107738139
  -0.0084213080
  -0.0048100129
  -0.0024739836
  -0.0005732644
   0.0008992433
   0.0015612365
   0.0015752094
   0.0014180191
   0.0013729759
   0.0014207999
   0.0014528210
   0.0014770566
   0.0015993312
   0.0011244324
  -0.0010056397
  -0.0024403117
  -0.0009296284
   0.0012629353
   0.0020667646
   0.0017629073
   0.0013085586
   0.0012190625
   0.0013873000
   0.0015435793
   0.0015614695
   0.0014810697
   0.0014417477
   0.0021639085
   0.0042664576
   0.0052450364
   0.0056313140
   0.0060021284
   0.0062975707
   0.0062995944
   0.0060773234
   0.0050224365
   0.0033413084
   0.0017324257
   0.0010579249
   0.0011261045
   0.0013125416
   0.0013108536
   0.0004095296
  -0.0018066265
  -0.0035042543
  -0.0038667223
  -0.0035462822
  -0.0033532970
  -0.0042314150
  -0.0062188307
  -0.0061376983
  -0.0041730529
  -0.0026254157
  -0.0023514373
  -0.0025928807
  -0.0026529854
  -0.0023805255
  -0.0019853360
  -0.0017417307
  -0.0015858396
  -0.0013350145
  -0.0009829548
  -0.0007372760
  -0.0014766833
  -0.0035048289
  -0.0049198421
  -0.0050873901
  -0.0046603168
  -0.0034603187
  -0.0012763445
  -0.0005479121
  -0.0017502462
  -0.0033990768
  -0.0040453682
  -0.0038411514
  -0.0035108436
  -0.0033555780
  -0.0034193477
  -0.0036127410
  -0.0036781857
  -0.0035214214
  -0.0026198148
  -0.0005701547
   0.0010952445
   0.0015347151
   0.0014591241
   0.0029424004
   0.0051921781
   0.0063513867
   0.0062512027
   0.0057993066
   0.0065186023
   0.0088132845
   0.0104978605
   0.0108448313
   0.0105700777
   0.0104874421
   0.0112580025
   0.0110955752
   0.0095856735
   0.0091546179
   0.0105803444
   0.0118662296
   0.0115204693
   0.0106230626
   0.0102521687
   0.0096109842
   0.0076392811
   0.0059205624
   0.0054400743
   0.0057208122
   0.0059551352
   0.0056763631
   0.0046627742
   0.0046660121
   0.0054247845
   0.0059442397
   0.0059345946
   0.0057398097
   0.0056684779
   0.0057191933
   0.0057637508
   0.0057518219
   0.0057195474
   0.0057038674
   0.0057041275
   0.0057030543
   0.0056333667
   0.0055180229
   0.0055308843
   0.0055478544
   0.0054837356
   0.0054800893
   0.0055729989
   0.0056490829
   0.0056084137
   0.0055398247
   0.0055546194
   0.0056024944
   0.0056201728
   0.0055972219
   0.0047062729
   0.0024083083
   0.0006648246
   0.0003791647
   0.0008013919
   0.0010378860
   0.0009370110
   0.0001364407
  -0.0013413281
  -0.0010129008
   0.0003343923
   0.0011162039
   0.0010386084
   0.0007304915
   0.0006498174
   0.0007472423
   0.0008145875
   0.0008409867
   0.0009554368
   0.0012187763
   0.0028998676
   0.0044328383
   0.0034770449
   0.0017357619
   0.0011078782
   0.0015089487
   0.0019947841
   0.0021661671
   0.0021296989
   0.0022049545
   0.0023870747
   0.0025572220
   0.0027154166
   0.0028622394
   0.0030382855
   0.0031640744
   0.0033065343
   0.0034655799
   0.0043241294
   0.0050551880
   0.0047514701
   0.0041905399
   0.0040569430
   0.0043538887
   0.0047252957
   0.0049060701
   0.0049185447
   0.0050045629
   0.0051543204
   0.0052368296
   0.0052097915
   0.0041901387
   0.0019675708
   0.0003816303
   0.0000561990
   0.0000787479
  -0.0014968347
  -0.0039231402
  -0.0065009636
  -0.0067104853
  -0.0051430455
  -0.0041282062
  -0.0042631618
  -0.0047254547
  -0.0048611114
  -0.0047460748
  -0.0047038120
  -0.0047215519
  -0.0047355588
  -0.0047804380
  -0.0048033275
  -0.0050471474
  -0.0068006918
  -0.0088747436
  -0.0099554110
  -0.0115753948
  -0.0133756072
  -0.0141425286
  -0.0142088121
  -0.0156509884
  -0.0175797745
  -0.0183673630
  -0.0180118276
  -0.0174276609
  -0.0171098169
  -0.0169239002
  -0.0166715880
  -0.0164283174
  -0.0162109971
  -0.0160019126
  -0.0158117172
  -0.0156950725
  -0.0155488854
  -0.0153336720
  -0.0151164746
  -0.0150214510
  -0.0150065371
  -0.0148951395
  -0.0147512833
  -0.0146870308
  -0.0146169059
  -0.0144498096
  -0.0131947064
  -0.0109371591
  -0.0094189892
  -0.0091355300
  -0.0094715476
  -0.0101143763
  -0.0117029638
  -0.0117509364
  -0.0104719571
  -0.0095257900
  -0.0094745723
  -0.0097842347
  -0.0099160355
  -0.0098379459
  -0.0097565606
  -0.0102043877
  -0.0123616714
  -0.0139331514
  -0.0125176518
  -0.0107769036
  -0.0119956742
  -0.0142856477
  -0.0152389194
  -0.0148880168
  -0.0144696708
  -0.0144663678
  -0.0146311802
  -0.0146904891
  -0.0146398857
  -0.0145970158
  -0.0146091291
  -0.0146415878
  -0.0146584315
  -0.0146596241
  -0.0146613587
  -0.0146703063
  -0.0146818306
  -0.0146913131
  -0.0146987646
  -0.0147063679
  -0.0147148892
  -0.0146064549
  -0.0131194970
  -0.0109228414
  -0.0097504317
  -0.0097763784
  -0.0094737050
  -0.0073566351
  -0.0053566978
  -0.0047334989
  -0.0036478301
  -0.0016663255
  -0.0003385492
  -0.0002326101
  -0.0006649041
  -0.0013927127
  -0.0017341368
  -0.0012571641
  -0.0006747584
  -0.0004535505
  -0.0006231302
  -0.0008230198
  -0.0008491581
  -0.0004882899
   0.0013378383
   0.0034947509
   0.0045009720
   0.0046066309
   0.0059477631
   0.0077298924
   0.0070650848
   0.0048967466
   0.0035002409
   0.0037788612
   0.0051410254
   0.0054082118
   0.0052440282
   0.0045061036
   0.0039533042
   0.0038047104
   0.0039534524
   0.0041088835
   0.0041313972
   0.0040832042
   0.0040527764
   0.0040811805
   0.0041464051
   0.0041486456
   0.0042066572
   0.0055131552
   0.0078547475
   0.0093079819
   0.0095173736
   0.0093054378
   0.0092561932
   0.0093759891
   0.0095138466
   0.0100545723
   0.0121275183
   0.0141529398
   0.0149486700
   0.0148527538
   0.0154508949
   0.0190496828
   0.0228174064
   0.0236595733
   0.0215878054
   0.0209270706
   0.0221340241
   0.0232764758
   0.0228963416
   0.0204998672
   0.0178577010
   0.0152477695
   0.0135685238
   0.0131175166
   0.0131038856
   0.0111473675
   0.0081427094
   0.0057622981
   0.0034717753
  -0.0006594777
  -0.0046835930
  -0.0062983296
  -0.0060070793
  -0.0055829512
  -0.0069449058
  -0.0086047023
  -0.0099533511
  -0.0105481350
  -0.0105261345
  -0.0105801095
  -0.0116765907
  -0.0135140428
  -0.0151581882
  -0.0157588697
  -0.0156248320
  -0.0145690959
  -0.0122530203
  -0.0105109820
  -0.0101398352
  -0.0104701900
  -0.0106863791
  -0.0106198319
  -0.0105053518
  -0.0107791731
  -0.0117803812
  -0.0118525587
  -0.0105102593
  -0.0092284541
  -0.0077924247
  -0.0064267841
  -0.0057888303
  -0.0057975430
  -0.0060668146
  -0.0076063888
  -0.0109387925
  -0.0106822920
  -0.0075955656
  -0.0054276068
  -0.0053382532
  -0.0060378178
  -0.0063116716
  -0.0061998187
  -0.0061198283
  -0.0061979685
  -0.0051730107
  -0.0024497783
   0.0011731957
   0.0035310094
   0.0040298544
   0.0036783302
   0.0034152501
   0.0035030061
   0.0036775677
   0.0037175069
   0.0036571066
   0.0036098051
   0.0036505332
   0.0037097735
   0.0036779616
   0.0043115897
   0.0060108448
   0.0073675703
   0.0077567245
   0.0073767167
   0.0069591729
   0.0071220158
   0.0068570194
   0.0063422548
   0.0072974165
   0.0088543476
   0.0105391765
   0.0121487744
   0.0135115204
   0.0142183126
   0.0143637625
   0.0142939340
   0.0142781527
   0.0144387298
   0.0143417837
   0.0126114251
   0.0102014858
   0.0077727262
   0.0074747578
   0.0073703638
   0.0064247676
   0.0055494445
   0.0061259283
   0.0074922159
   0.0074905355
   0.0067358069
   0.0067408408
   0.0065211283
   0.0060825958
   0.0057859068
   0.0057496066
   0.0059009108
   0.0072787334
   0.0082163179
   0.0072103576
   0.0058555691
   0.0054012409
   0.0056486637
   0.0058916126
   0.0058629953
   0.0057347577
   0.0055694069
   0.0041435719
   0.0018927075
  -0.0008240039
  -0.0030780097
  -0.0038290201
  -0.0035493080
  -0.0032277126
  -0.0032388542
  -0.0033244199
  -0.0032167691
  -0.0030510485
  -0.0029898424
  -0.0030112615
  -0.0029282446
  -0.0027715219
  -0.0026846697
  -0.0024146548
  -0.0005892906
   0.0019223826
   0.0041070007
   0.0055597292
   0.0059127639
   0.0061385656
   0.0056600831
   0.0042202377
   0.0016000641
  -0.0013132123
  -0.0027463933
  -0.0027382230
  -0.0020008885
   0.0000217944
   0.0020483356
   0.0028950804
   0.0039066543
   0.0058727958
   0.0073070291
   0.0074745193
   0.0069906632
   0.0066963013
   0.0068253701
   0.0088290079
   0.0127270182
   0.0134987603
   0.0106259463
   0.0098729632
   0.0130081067
   0.0162192762
   0.0170480578
   0.0163642708
   0.0158442446
   0.0160511175
   0.0164906401
   0.0166463712
   0.0165460028
   0.0164033355
   0.0162851369
   0.0162843202
   0.0162341504
   0.0161367056
   0.0161229444
   0.0162757375
   0.0164252529
   0.0158100838
   0.0136663806
   0.0117648313
   0.0110519644
   0.0098414115
   0.0079098861
   0.0066275497
   0.0065382575
   0.0069336273
   0.0071117058
   0.0070113013
   0.0068808485
   0.0067543418
   0.0066259307
   0.0064308170
   0.0042635557
  -0.0000447185
  -0.0030553102
  -0.0035518048
  -0.0029153160
  -0.0025884492
  -0.0027711916
  -0.0029992237
  -0.0030182830
  -0.0029324596
  -0.0028966329
  -0.0029280400
  -0.0029651211
  -0.0029747012
  -0.0031622209
  -0.0056231434
  -0.0099677339
  -0.0127345059
  -0.0130306745
  -0.0123242293
  -0.0120173747
  -0.0122637315
  -0.0125269319
  -0.0125445490
  -0.0124483725
  -0.0124107028
  -0.0124462802
  -0.0124857640
  -0.0124730798
  -0.0123296861
  -0.0121701136
  -0.0121121201
  -0.0121375862
  -0.0122457314
  -0.0124235027
  -0.0125421241
  -0.0125661014
  -0.0125293278
  -0.0123905055
  -0.0123243522
  -0.0124405596
  -0.0125786556
  -0.0126255042
  -0.0126073126
  -0.0125922722
  -0.0126031568
  -0.0126200800
  -0.0125421892
  -0.0123759024
  -0.0123571650
  -0.0125254900
  -0.0126455859
  -0.0111528893
  -0.0069563723
  -0.0034514111
  -0.0025455493
  -0.0031444185
  -0.0036089830
  -0.0035028897
  -0.0032594490
  -0.0032164124
  -0.0033149840
  -0.0027597425
   0.0007452793
   0.0044833550
   0.0031187638
  -0.0000075490
  -0.0003320475
   0.0018289114
   0.0049252483
   0.0066145004
   0.0066633186
   0.0062332604
   0.0060147838
   0.0060104328
   0.0061378826
   0.0062732357
   0.0063222924
   0.0063073206
   0.0062847528
   0.0062163336
   0.0060496854
   0.0059131072
   0.0058744292
   0.0059522189
   0.0061287471
   0.0062474227
   0.0061861082
   0.0060578633
   0.0060849448
   0.0061865599
   0.0062355009
   0.0062164673
   0.0061842146
   0.0061729686
   0.0061753030
   0.0061737527
   0.0061646642
   0.0061541734
   0.0061464834
   0.0061405604
   0.0061341569
   0.0061267920
   0.0061192501
   0.0061120732
   0.0061051457
   0.0060981747
   0.0060910701
   0.0060839474
   0.0060769114
   0.0060698899
   0.0060629515
   0.0060562769
   0.0065597702
   0.0080585523
   0.0079649164
   0.0066606445
   0.0057606936
   0.0057389497
   0.0059607835
   0.0047358732
   0.0023405523
  -0.0003237010
  -0.0018039263
  -0.0025310072
  -0.0030846181
  -0.0034337464
  -0.0036266969
  -0.0037537348
  -0.0038188004
  -0.0037978081
  -0.0036489287
  -0.0036056089
  -0.0037366056
  -0.0038672608
  -0.0039006735
  -0.0038771589
  -0.0038638675
  -0.0038765445
  -0.0038876171
  -0.0037527337
  -0.0024200870
  -0.0009601657
   0.0002673121
   0.0009991921
   0.0011898912
   0.0011300912
   0.0011949162
   0.0021682464
   0.0036658772
   0.0030226976
  -0.0001080703
  -0.0004183797
   0.0029399206
   0.0059663487
   0.0065798193
   0.0058655250
   0.0054132132
   0.0055600761
   0.0058138844
   0.0053098925
   0.0039401321
   0.0027971387
   0.0037664877
   0.0047469710
   0.0033374410
   0.0005980963
  -0.0023671401
  -0.0029871448
  -0.0020458132
  -0.0021786081
  -0.0033038562
  -0.0041983130
  -0.0043405937
  -0.0041241082
  -0.0040169135
  -0.0040752069
  -0.0040518151
  -0.0040077129
  -0.0041777147
  -0.0057564149
  -0.0080011153
  -0.0093172259
  -0.0108698783
  -0.0127209073
  -0.0137571833
  -0.0138295162
  -0.0135755308
  -0.0134886309
  -0.0135770161
  -0.0136569704
  -0.0136496670
  -0.0128104019
  -0.0106285338
  -0.0083639903
  -0.0067792261
  -0.0061641546
  -0.0072165516
  -0.0078157226
  -0.0084848848
  -0.0105806913
  -0.0127425934
  -0.0112016713
  -0.0066001611
  -0.0034568585
  -0.0030922475
  -0.0037600371
  -0.0039815819
  -0.0036968832
  -0.0033460749
  -0.0031943682
  -0.0031038993
  -0.0029855099
  -0.0028350968
  -0.0026523891
  -0.0024735102
  -0.0022968364
  -0.0021816621
  -0.0020377589
  -0.0019008432
  -0.0018230405
  -0.0016969415
  -0.0015601028
  -0.0014775445
  -0.0013488280
  -0.0011380053
  -0.0009082950
  -0.0007961216
  -0.0008183248
  -0.0018340484
  -0.0039674123
  -0.0057452376
  -0.0078253713
  -0.0094812614
  -0.0099475872
  -0.0096771990
  -0.0094302243
  -0.0094539884
  -0.0095710884
  -0.0096107566
  -0.0099779246
  -0.0120234386
  -0.0140724832
  -0.0147174477
  -0.0147613656
  -0.0156481986
  -0.0174449129
  -0.0184367940
  -0.0180796758
  -0.0176244008
  -0.0166311609
  -0.0170370684
  -0.0168549678
  -0.0139431362
  -0.0103083879
  -0.0086679936
  -0.0089084527
  -0.0094814384
  -0.0095500780
  -0.0093215479
  -0.0091647906
  -0.0091079427
  -0.0086073006
  -0.0052758437
  -0.0009939218
   0.0010651741
   0.0007958997
   0.0000587759
  -0.0000894950
   0.0000932837
   0.0007848879
   0.0028921258
   0.0048385652
   0.0055416785
   0.0066083101
   0.0085577669
   0.0099058809
   0.0101325824
   0.0087339518
   0.0072987283
   0.0064205684
   0.0059595765
   0.0053924053
   0.0043856319
   0.0041022270
   0.0043947494
   0.0040071997
   0.0032813805
   0.0045437083
   0.0066559430
   0.0070205923
   0.0068488415
   0.0072450786
   0.0079184507
   0.0083300138
   0.0084430989
   0.0084932723
   0.0085595087
   0.0087028013
   0.0089141841
   0.0086418156
   0.0068398360
   0.0063333180
   0.0093207891
   0.0127680198
   0.0125220172
   0.0102920718
   0.0094911847
   0.0104321444
   0.0106533747
   0.0100164003
   0.0094574359
   0.0094876360
   0.0110647751
   0.0128802666
   0.0120106423
   0.0087237104
   0.0055624359
   0.0044313712
   0.0047191668
   0.0050893271
   0.0050407185
   0.0048403721
   0.0047753064
   0.0048340118
   0.0048832637
   0.0048734813
   0.0048434763
   0.0048312076
   0.0048353092
   0.0048383122
   0.0048336541
   0.0048263109
   0.0048212734
   0.0047791117
   0.0046603060
   0.0046629549
   0.0047584374
   0.0048227984
   0.0043816640
   0.0031522293
   0.0014163196
   0.0001761757
  -0.0001234394
   0.0000540764
   0.0001752370
   0.0000522623
  -0.0009147896
  -0.0024597884
  -0.0040515911
  -0.0048978379
  -0.0050558926
  -0.0044228897
  -0.0027014751
  -0.0014212090
  -0.0004631989
   0.0000005577
   0.0000761553
   0.0000947813
   0.0013963763
   0.0036365408
   0.0049702069
   0.0050347269
   0.0046690332
   0.0045428446
   0.0046581197
   0.0047571256
   0.0047424683
   0.0046887318
   0.0046695174
   0.0046819777
   0.0046921576
   0.0046874417
   0.0046775653
   0.0046721880
   0.0046709702
   0.0046694885
   0.0046660772
   0.0046620189
   0.0045855013
   0.0032183736
   0.0012807670
   0.0011137758
   0.0028868584
   0.0046021318
   0.0050478773
   0.0047178008
   0.0044671003
   0.0045264309
   0.0046603132
   0.0046851939
   0.0046325957
   0.0045966570
   0.0046020631
   0.0046171903
   0.0046180793
   0.0046087269
   0.0046015247
   0.0045997142
   0.0045985217
   0.0039449348
   0.0024861681
   0.0027617594
   0.0040837029
   0.0048834552
   0.0048295200
   0.0045282956
   0.0044450601
   0.0045434661
   0.0046173963
   0.0044845186
   0.0034811693
   0.0019920062
   0.0019407307
   0.0033772591
   0.0031277468
   0.0010865592
  -0.0004351453
  -0.0005889300
  -0.0001541483
   0.0000416201
  -0.0000802766
  -0.0003444116
  -0.0013835338
  -0.0030421128
  -0.0046964797
  -0.0054246688
  -0.0053703722
  -0.0051184395
  -0.0049459804
  -0.0050094089
  -0.0051863527
  -0.0047046612
  -0.0033348915
  -0.0014405342
  -0.0001983331
   0.0000261977
  -0.0002342997
  -0.0003090248
   0.0011819970
   0.0035251262
   0.0048074435
   0.0047964108
   0.0044169559
   0.0043170393
   0.0044441566
   0.0044436904
   0.0043522553
   0.0043676029
   0.0044491364
   0.0044976474
   0.0044907090
   0.0044680255
   0.0044604836
   0.0044653910
   0.0044294450
   0.0043104080
   0.0038742606
   0.0032796964
   0.0036404219
   0.0043276745
   0.0046333980
   0.0046119974
   0.0056931201
   0.0072202485
   0.0064829599
   0.0048193798
   0.0049033814
   0.0066659061
   0.0086626741
   0.0094641249
   0.0092506606
   0.0092529083
   0.0102351046
   0.0107151627
   0.0099181243
   0.0098127473
   0.0097173659
   0.0092210965
   0.0087685354
   0.0086439477
   0.0087289865
   0.0088003111
   0.0087880388
   0.0087503402
   0.0087387870
   0.0083112440
   0.0071889967
   0.0062762532
   0.0052331653
   0.0043180800
   0.0038986282
   0.0038174777
   0.0039319072
   0.0040420977
   0.0040645644
   0.0040414834
   0.0040279463
   0.0040332946
   0.0040404860
   0.0040398139
   0.0040351232
   0.0040323189
   0.0040321130
   0.0040321274
   0.0040307650
   0.0035186273
   0.0015006288
  -0.0004309114
  -0.0011374748
  -0.0017184343
  -0.0029919619
  -0.0040193781
  -0.0028165120
  -0.0016485418
  -0.0030009590
  -0.0050610495
  -0.0059026057
  -0.0056701691
  -0.0054411114
  -0.0055682396
  -0.0057677838
  -0.0057054177
  -0.0054730028
  -0.0053356621
  -0.0053942230
  -0.0055001529
  -0.0055510237
  -0.0063541440
  -0.0086092918
  -0.0104160668
  -0.0107178007
  -0.0102147808
  -0.0098987835
  -0.0099766598
  -0.0101371466
  -0.0101791348
  -0.0102460217
  -0.0103759325
  -0.0104668075
  -0.0104057134
  -0.0102140942
  -0.0100803348
  -0.0100652221
  -0.0100994118
  -0.0101147305
  -0.0101052588
  -0.0101163386
  -0.0102543189
  -0.0103952155
  -0.0103215130
  -0.0101211268
  -0.0088784513
  -0.0066511873
  -0.0052270652
  -0.0047038987
  -0.0031210964
  -0.0012356757
  -0.0004545085
  -0.0005384965
   0.0004540123
   0.0026891009
   0.0042070041
   0.0043790007
   0.0039920328
   0.0032679044
   0.0012053769
  -0.0007467454
  -0.0013262421
  -0.0009682804
  -0.0007148147
  -0.0012571836
  -0.0026867194
  -0.0044981172
  -0.0056980095
  -0.0059523562
  -0.0057725865
  -0.0056222471
  -0.0055163750
  -0.0054418522
  -0.0054027948
  -0.0053947289
  -0.0052838879
  -0.0044444819
  -0.0043454325
  -0.0049904078
  -0.0055114567
  -0.0055630286
  -0.0054040849
  -0.0059812734
  -0.0081299095
  -0.0100075863
  -0.0105124637
  -0.0101918516
  -0.0101133609
  -0.0111751391
  -0.0122127993
  -0.0125438226
  -0.0122650975
  -0.0111554008
  -0.0109889803
  -0.0127004426
  -0.0127281926
  -0.0094227728
  -0.0058642854
  -0.0046316923
  -0.0051211498
  -0.0056470628
  -0.0045487061
  -0.0019103654
  -0.0001130982
   0.0000985880
  -0.0000638528
   0.0017912113
   0.0048267735
   0.0057612863
   0.0049179196
   0.0041056203
   0.0040746685
   0.0043859933
   0.0045173965
   0.0044327444
   0.0043406587
   0.0043701108
   0.0055672711
   0.0078265097
   0.0092753895
   0.0094234522
   0.0090676060
   0.0094319011
   0.0115580018
   0.0135987095
   0.0142343071
   0.0140265452
   0.0139043606
   0.0140482024
   0.0142369343
   0.0149845040
   0.0162124246
   0.0169298773
   0.0175889896
   0.0182384929
   0.0186810005
   0.0188576986
   0.0187536550
   0.0185576090
   0.0184674748
   0.0184853159
   0.0190151028
   0.0188823841
   0.0172474177
   0.0151022184
   0.0156385390
   0.0179433289
   0.0193681628
   0.0185144535
   0.0158351488
   0.0139570708
   0.0137181548
   0.0141397352
   0.0142056825
   0.0140103809
   0.0139257902
   0.0139854352
   0.0137638290
   0.0119559518
   0.0097294683
   0.0086199379
   0.0086375441
   0.0089189579
   0.0079704707
   0.0065245397
   0.0053421994
   0.0045950705
   0.0039494773
   0.0018862404
  -0.0002748341
  -0.0011244603
  -0.0009253620
  -0.0006016551
  -0.0018610662
  -0.0042938679
  -0.0057715096
  -0.0058472972
  -0.0059541559
  -0.0078232681
  -0.0098739353
  -0.0106179455
  -0.0103488438
  -0.0101366949
  -0.0116210401
  -0.0139424207
  -0.0151540866
  -0.0150800480
  -0.0146789070
  -0.0145802950
  -0.0147085290
  -0.0147874497
  -0.0147445942
  -0.0146791708
  -0.0154410872
  -0.0172903563
  -0.0172013099
  -0.0154913364
  -0.0142576772
  -0.0141725733
  -0.0145116626
  -0.0145731903
  -0.0144380504
  -0.0143458853
  -0.0143503989
  -0.0143673943
  -0.0139817600
  -0.0120610000
  -0.0100787447
  -0.0104362858
  -0.0127955855
  -0.0144346029
  -0.0137842250
  -0.0129343030
  -0.0121358697
  -0.0106622609
  -0.0095006780
  -0.0091684911
  -0.0093140711
  -0.0093577867
  -0.0084459646
  -0.0068741811
  -0.0052899915
  -0.0045722172
  -0.0045919266
  -0.0043070292
  -0.0030758028
  -0.0012176741
   0.0001021061
   0.0003960452
   0.0001886659
   0.0000609381
   0.0001231495
   0.0002114425
   0.0002243659
   0.0001952229
   0.0001823292
   0.0000389493
  -0.0008377853
  -0.0008988382
  -0.0001950543
   0.0003525935
   0.0004018113
   0.0002311852
  -0.0006466015
  -0.0025715708
  -0.0025661144
  -0.0007774327
   0.0005672641
   0.0008540125
   0.0019722625
   0.0037810836
   0.0048353959
   0.0048539995
   0.0045330947
   0.0049856630
   0.0062745511
   0.0078979246
   0.0086143402
   0.0071159700
   0.0049494568
   0.0039757203
   0.0041429070
   0.0044639600
   0.0043509146
   0.0040553422
   0.0040230352
   0.0041950787
   0.0043062667
   0.0042794056
   0.0042067222
   0.0041530074
   0.0032780179
   0.0013260011
  -0.0000806719
  -0.0003246405
  -0.0000242068
   0.0001411938
   0.0000653545
  -0.0003851483
  -0.0021974871
  -0.0040438829
  -0.0047076172
  -0.0044266082
  -0.0040317552
  -0.0038978078
  -0.0039099031
  -0.0032025584
  -0.0028679845
  -0.0033425454
  -0.0038674740
  -0.0039754493
  -0.0038159708
  -0.0040035715
  -0.0056223086
  -0.0070342956
  -0.0060138912
  -0.0040566286
  -0.0028379922
  -0.0023438459
  -0.0017660618
  -0.0004863645
   0.0005107212
   0.0008265075
   0.0007441934
   0.0006596876
   0.0006903763
   0.0007755919
   0.0008630924
   0.0008870544
   0.0002371821
   0.0000892171
   0.0007114582
   0.0009410862
   0.0002106679
  -0.0011853018
  -0.0020663426
  -0.0016145501
  -0.0007111229
  -0.0002283705
   0.0009967210
   0.0022793653
   0.0028941369
   0.0029363914
   0.0029941927
   0.0031831941
   0.0033253374
   0.0034165171
   0.0034765422
   0.0035037411
   0.0035830262
   0.0036904471
   0.0038195051
   0.0039143191
   0.0039273322
   0.0038877941
   0.0036336136
   0.0022686379
   0.0007238964
   0.0000949236
   0.0003009210
   0.0006053003
   0.0006392916
   0.0005132761
  -0.0002720211
  -0.0018516391
  -0.0021548737
  -0.0006862176
   0.0006573748
   0.0009855838
   0.0007850346
   0.0006622339
   0.0007352201
   0.0008264298
   0.0008293331
   0.0007853454
   0.0008011751
   0.0017292264
   0.0031622170
   0.0026474715
   0.0000774525
  -0.0012602109
  -0.0001287867
   0.0013738504
   0.0009358134
  -0.0006096400
  -0.0011959493
  -0.0006670897
   0.0004382687
   0.0012535580
   0.0012936200
   0.0015606897
   0.0016420837
   0.0005206557
  -0.0007177505
  -0.0011023293
  -0.0008700572
  -0.0005787565
  -0.0004722372
  -0.0004930933
  -0.0004488949
  -0.0003190821
  -0.0002276179
  -0.0002166067
  -0.0002379952
  -0.0002389157
  -0.0001543312
  -0.0000357839
   0.0000234205
   0.0000201676
   0.0000028920
   0.0000007687
   0.0000089485
   0.0000142914
  -0.0000636486
  -0.0006177685
  -0.0006034768
  -0.0000647192
   0.0003041795
   0.0002356936
   0.0000287391
  -0.0000461283
   0.0000021671
   0.0000507380
   0.0000574440
   0.0001107412
   0.0002000237
   0.0002514880
   0.0002426305
   0.0001512934
   0.0000487024
   0.0000075259
   0.0000164953
  -0.0000623921
  -0.0005743734
  -0.0010939045
  -0.0012746919
  -0.0014646456
  -0.0010716811
  -0.0005576363
  -0.0003335649
  -0.0001105506
   0.0000585192
   0.0001538329
   0.0002307797
   0.0002779387
   0.0002890656
   0.0002812171
   0.0002658052
   0.0001966461
   0.0001096655
   0.0000676185
   0.0001742693
   0.0011041206
   0.0022887679
   0.0028232188
   0.0027250855
   0.0025019970
   0.0027477459
   0.0030358028
   0.0028032727
   0.0025037942
   0.0028286369
   0.0035507040
   0.0034861530
   0.0030429798
   0.0034483441
   0.0041514210
   0.0044265251
   0.0042625330
   0.0040289292
   0.0039281272
   0.0039037019
   0.0038511145
   0.0037533878
   0.0036492178
   0.0035647482
   0.0037657902
   0.0039099790
   0.0036140126
   0.0032305809
   0.0030425111
   0.0030105828
   0.0029794695
   0.0028889804
   0.0027758046
   0.0026793130
   0.0025993790
   0.0025188223
   0.0024307794
   0.0023398946
   0.0022511571
   0.0021646081
   0.0020780742
   0.0019907125
   0.0019026219
   0.0017869175
   0.0016372611
   0.0015080568
   0.0014449195
   0.0014328088
   0.0013971717
   0.0013165786
   0.0012186856
   0.0011287935
   0.0009215495
   0.0001905174
  -0.0005569909
  -0.0008587526
  -0.0008255563
  -0.0007670742
  -0.0008106474
  -0.0009065445
  -0.0013244049
  -0.0020329916
  -0.0024856997
  -0.0025779816
  -0.0025109920
  -0.0024397028
  -0.0024199894
  -0.0024286877
  -0.0025871714
  -0.0031780246
  -0.0037191764
  -0.0038842635
  -0.0041169747
  -0.0045482833
  -0.0044896393
  -0.0040439010
  -0.0040835909
  -0.0044422449
  -0.0046312370
  -0.0045454103
  -0.0043775660
  -0.0042765291
  -0.0042330340
  -0.0041836701
  -0.0041076440
  -0.0040238664
  -0.0039490292
  -0.0039723740
  -0.0040583271
  -0.0041870923
  -0.0044043873
  -0.0045021104
  -0.0044232908
  -0.0041601988
  -0.0037300755
  -0.0034337352
  -0.0032407995
  -0.0031294326
  -0.0030575894
  -0.0029942461
  -0.0029295162
  -0.0028638616
  -0.0027736858
  -0.0025502695
  -0.0023150280
  -0.0021950919
  -0.0021044926
  -0.0019431830
  -0.0018146812
  -0.0016897476
  -0.0014024261
  -0.0013050630
  -0.0014198849
  -0.0013368297
  -0.0011215584
  -0.0009906784
  -0.0009879186
  -0.0010235838
  -0.0010293575
  -0.0010090952
  -0.0009912960
  -0.0009853763
  -0.0009756384
  -0.0008320586
  -0.0005355932
  -0.0004002159
  -0.0005069751
  -0.0007045816
  -0.0008009745
  -0.0007516789
  -0.0006268032
  -0.0005659277
  -0.0006387933
  -0.0006868789
  -0.0007099441
  -0.0006831492
  -0.0007232994
  -0.0008439872
  -0.0008713964
  -0.0008556871
  -0.0007873503
  -0.0006947128
  -0.0007373815
  -0.0008422540
  -0.0008905695
  -0.0008715778
  -0.0008376729
  -0.0008211154
  -0.0008162498
  -0.0008083625
  -0.0007941915
  -0.0007786625
  -0.0007651481
  -0.0007529022
  -0.0007402092
  -0.0007266851
  -0.0007129146
  -0.0006992958
  -0.0006857496
  -0.0006720734
  -0.0006592587
  -0.0006854992
  -0.0007327403
  -0.0006978543
  -0.0006197513
  -0.0006009746
  -0.0006526816
  -0.0006871890
  -0.0006694744
  -0.0006305362
  -0.0006039657
  -0.0005898934
  -0.0005744623
  -0.0005456188
  -0.0004830315
  -0.0004449628
  -0.0004775006
  -0.0005165444
  -0.0005210839
  -0.0004877377
  -0.0004384013
  -0.0003910456
  -0.0003600528
  -0.0003412459
  -0.0003245309
  -0.0003055480
  -0.0002855814
  -0.0002665052
  -0.0002484158
  -0.0002305568
  -0.0002125907
  -0.0001946990
  -0.0001770942
  -0.0001597875
  -0.0001426921
  -0.0001257698
  -0.0001090407
  -0.0000925261
  -0.0000762290
  -0.0000623589
  -0.0000511603
  -0.0000337091
  -0.0000137602
   0.0000037472
   0.0000185848
   0.0000332819
   0.0000484414
   0.0000631999
   0.0000768082
   0.0000900260
   0.0001034608
   0.0001132945
   0.0001200508
   0.0001333405
   0.0001536655
   0.0001720966
   0.0001855054
   0.0001965573
   0.0002052335
   0.0002130273
   0.0002232560
   0.0002358533
   0.0002490618
   0.0002616558
   0.0002734915
   0.0002849776
   0.0002963962
   0.0003077842
   0.0003188706
   0.0003295472
   0.0003399097
   0.0003500663
   0.0003600335
   0.0003697855
   0.0003793067
   0.0003886052
   0.0003976909
   0.0004065685
   0.0004152339
   0.0004237313
   0.0004323779
   0.0004409703
   0.0004492617
   0.0004569377
   0.0004641168
   0.0004712442
   0.0004785884
   0.0004855983
   0.0004920218
   0.0004980484
   0.0005039320
   0.0005097588
   0.0005154396
   0.0005209148
   0.0005262050
   0.0005313398
   0.0005363184
   0.0005411309
   0.0005457699
   0.0005502379
   0.0005545379
   0.0005586381
   0.0005625189
   0.0005663195
   0.0005700254
   0.0005735354
   0.0005768239
   0.0005799245
   0.0005828643
   0.0005856454
   0.0005882582
   0.0005907065
   0.0005929796
   0.0005950820
   0.0005970244
   0.0005987883
   0.0006003657
   0.0006017765
   0.0006030298
   0.0006041233
   0.0006050477
   0.0006058062
   0.0006064032
   0.0006068387
   0.0006071104
   0.0006072177
   0.0006071614
   0.0006069420
   0.0006065608
   0.0006060180
   0.0006053137
   0.0006044489
   0.0006034244
   0.0006022405
   0.0006008980
   0.0005993972
   0.0005977392
   0.0005959240
   0.0005939531
   0.0005918268
   0.0005895458
   0.0005871108
   0.0005845223
   0.0005817816
   0.0005788892
   0.0005758457
   0.0005726518
   0.0005693088
