  -0.0011908972
  -0.0039785794
  -0.0038800256
  -0.0014225997
  -0.0046023759
  -0.0056531545
  -0.0035818130
   0.0006019975
   0.0032593268
   0.0020463433
   0.0029262984
   0.0033044447
   0.0028201984
   0.0019558438
   0.0043848909
   0.0066982620
   0.0024414040
  -0.0014578529
  -0.0052834765
  -0.0079777351
  -0.0062833040
   0.0005585591
   0.0058799504
   0.0071537362
   0.0063060677
   0.0022146096
  -0.0001790605
  -0.0019672257
  -0.0001269437
   0.0045109264
   0.0033913957
  -0.0025389886
  -0.0069007947
  -0.0050559367
  -0.0031885316
  -0.0022105648
  -0.0000186011
   0.0046328979
   0.0036021182
  -0.0029937484
  -0.0013606473
   0.0023128040
   0.0016501778
  -0.0031772470
  -0.0034537167
  -0.0005735121
  -0.0054279421
  -0.0106113991
  -0.0068882801
  -0.0005223259
  -0.0028120145
  -0.0021283274
   0.0067813228
   0.0108680968
  -0.0026283686
  -0.0050517136
   0.0144953782
   0.0160715895
   0.0090041886
   0.0072885464
   0.0046909723
  -0.0001617760
  -0.0080179244
  -0.0122636583
  -0.0127246945
  -0.0121144643
  -0.0131388968
  -0.0127044335
  -0.0012584523
   0.0082403557
   0.0130770501
   0.0111902619
   0.0092644200
   0.0114448031
   0.0094153153
   0.0004805452
  -0.0075557451
  -0.0077266643
  -0.0093850040
  -0.0171658495
  -0.0225968333
  -0.0093567828
   0.0019375978
  -0.0009166473
   0.0008777192
   0.0084595583
   0.0067066448
   0.0016648621
   0.0032188768
   0.0036535685
   0.0078203734
   0.0098837489
   0.0056939079
  -0.0031294983
  -0.0067619087
  -0.0056270147
  -0.0175965390
  -0.0207180847
  -0.0031327610
   0.0076254060
   0.0068657491
   0.0055441836
   0.0117604501
   0.0289146202
   0.0257841188
   0.0085034890
   0.0070933227
  -0.0007067835
  -0.0154031583
  -0.0303083552
  -0.0278121115
  -0.0062271328
   0.0001169326
   0.0012249438
   0.0074563413
   0.0165138569
   0.0230352561
   0.0174648826
   0.0093087837
   0.0043439151
  -0.0043004646
  -0.0156177003
  -0.0170923469
  -0.0105213165
  -0.0091623060
  -0.0123361975
  -0.0095378186
  -0.0049094369
  -0.0038944580
  -0.0055448288
  -0.0005047526
   0.0117741681
   0.0213261378
   0.0207365413
   0.0214375405
   0.0205068864
   0.0083784404
  -0.0000915225
   0.0040080762
   0.0019686427
  -0.0112235207
  -0.0209675367
  -0.0209711161
  -0.0216538060
  -0.0234392992
   0.0032287577
   0.0362356800
   0.0370224224
   0.0307716716
   0.0253217303
   0.0110749056
  -0.0031523769
  -0.0151334672
  -0.0257864019
  -0.0352869375
  -0.0290942964
  -0.0092623519
  -0.0036721902
  -0.0070306526
  -0.0081294140
  -0.0069023664
  -0.0080972732
  -0.0004321869
   0.0112039003
   0.0079491428
   0.0088546956
   0.0124376310
   0.0136151388
   0.0084012026
   0.0147817303
   0.0161125094
  -0.0021322190
  -0.0113396635
  -0.0067410261
  -0.0050601539
  -0.0069536222
  -0.0117137709
  -0.0102432265
   0.0104392382
   0.0091152246
  -0.0031451666
  -0.0080089582
  -0.0004489292
   0.0040641222
  -0.0058749525
  -0.0140711743
  -0.0093672927
   0.0026069807
  -0.0056192741
  -0.0105235893
  -0.0166704217
  -0.0196636251
   0.0094717458
   0.0267256879
   0.0202077502
   0.0142562534
   0.0079576891
   0.0005082495
  -0.0052103539
  -0.0077722933
   0.0020009441
  -0.0050292917
  -0.0133651565
  -0.0125255159
  -0.0142475583
   0.0055230506
   0.0211919625
   0.0344268840
   0.0541013504
   0.0628319210
   0.0601032531
   0.0462594241
   0.0211111097
  -0.0019803354
  -0.0131918526
  -0.0204819485
  -0.0253966617
  -0.0321383624
  -0.0442257898
  -0.0509404315
  -0.0413218648
  -0.0299288964
  -0.0143365435
   0.0332566322
   0.0603037132
   0.0460152159
   0.0201067173
   0.0096524840
   0.0100475005
   0.0085509298
   0.0081691835
   0.0128086524
   0.0253119938
   0.0328361799
   0.0301076004
   0.0057331471
  -0.0327854352
  -0.0616161829
  -0.0774131175
  -0.0294637977
   0.0189813476
   0.0140937686
   0.0103210169
   0.0340582518
   0.0633530820
   0.0507639223
   0.0307165815
   0.0318058038
   0.0132398767
  -0.0411175601
  -0.0688830218
  -0.0564322207
  -0.0412198892
  -0.0218127129
  -0.0172392636
  -0.0455621368
  -0.0696375350
  -0.0729670088
  -0.0552410523
  -0.0105805575
   0.0595511002
   0.0567700231
   0.0275772569
   0.0510711748
   0.0037257292
  -0.0594586107
  -0.0317683308
  -0.0113544612
  -0.0641192466
  -0.0343315369
   0.0920295923
   0.1281952166
   0.1151854426
   0.0987846383
   0.0449125599
  -0.0822764083
  -0.1884460934
  -0.1650242640
  -0.0499104384
  -0.0070272942
  -0.0539805499
  -0.0675356862
  -0.0696916823
  -0.0738820051
  -0.0701423605
  -0.0545994148
  -0.0155835856
   0.0438882084
   0.0670245710
   0.0544700857
   0.0039860843
  -0.0420867037
   0.0142359408
   0.1024046608
   0.0645367970
   0.0220894448
   0.0992271266
   0.1711348444
   0.1146980280
  -0.0251550902
  -0.0763542389
  -0.0863079567
  -0.0602913401
  -0.0231715820
  -0.0243509370
  -0.0269050547
  -0.0217830909
  -0.0153795461
  -0.0137733490
  -0.0022659539
  -0.0236623698
   0.0040054616
   0.0227952755
  -0.0189834688
  -0.0088117460
   0.0518064654
   0.0737649607
  -0.0009235811
  -0.0742073164
  -0.0162845260
   0.0838317899
   0.1001966384
   0.1009359503
   0.0565189066
  -0.0065931858
  -0.0026010563
   0.0134588067
   0.0155262861
   0.0108567606
   0.0383458071
   0.0366932224
  -0.0382687399
  -0.0824874446
   0.0157042388
   0.1279709233
   0.1372697467
   0.0739938792
  -0.0365252271
  -0.1013320834
  -0.1062480191
  -0.1099018763
  -0.1062147146
  -0.0426651790
  -0.0016795391
  -0.0098272418
  -0.0048675080
   0.0205481892
   0.0130315095
   0.0090876840
   0.0414086685
   0.0684515073
   0.0426649728
   0.0559092479
   0.1154607752
   0.1322268239
   0.0530189186
  -0.1206784838
  -0.2130013940
  -0.1962081980
  -0.1353165233
  -0.1004563720
  -0.0879512910
  -0.1002487825
  -0.1379167164
  -0.1335324147
   0.0145438575
   0.1783283722
   0.2003048970
   0.0198900247
  -0.1032106405
  -0.1006412920
  -0.0981801351
   0.0216770057
   0.1189792640
   0.0858351983
   0.0796362086
   0.1721666787
   0.2274376476
   0.2259188405
   0.1275531519
   0.0293902657
   0.0479066913
   0.0473749688
  -0.0347446684
  -0.1495502840
  -0.1580344517
  -0.0720983089
   0.0095708918
   0.0387848043
  -0.0148136796
  -0.1128788768
  -0.1489151278
  -0.0911485633
  -0.0581364339
  -0.0577230963
   0.0017007208
   0.0766569398
   0.1290582897
   0.1593479230
   0.0995984102
   0.0041880469
  -0.0086893591
   0.0438066338
   0.0604525154
   0.0579645941
   0.0635764325
   0.0350854904
  -0.0062995350
  -0.0018716414
  -0.0011427971
  -0.0862117552
  -0.1743275652
  -0.1575224380
  -0.1201247548
  -0.1193132808
  -0.0671207577
   0.0531450513
   0.1412117221
   0.1303115449
   0.0797044526
   0.0036321983
  -0.0275376185
  -0.0117947223
  -0.0172499871
  -0.0448484551
  -0.0651600220
  -0.0756830826
  -0.0428347063
   0.0171930999
   0.0624863117
   0.0816773552
   0.0074381071
  -0.0037234917
   0.0497821551
   0.0594355878
   0.0377988686
  -0.0332897304
  -0.0833213818
  -0.0678834902
  -0.0070503657
   0.0474919690
   0.0412253687
  -0.0224395762
  -0.0383429200
  -0.0322112462
  -0.0387813428
   0.0004028787
   0.0282751039
   0.0536697770
   0.1144818657
   0.1332431917
   0.1189219497
   0.0994427291
   0.0709893484
   0.0282836620
  -0.0282461300
  -0.0633073012
  -0.0862451775
  -0.1017233408
  -0.0794116944
  -0.0215053721
   0.0381618445
   0.0485650031
  -0.0267169530
  -0.0776335662
  -0.0600681958
  -0.0203851726
   0.0550578409
   0.1212171735
   0.1124504851
   0.0165593283
  -0.0312652434
   0.0304933930
   0.0642868000
   0.0524656020
   0.0866120863
   0.1559806521
   0.1881167313
   0.1427413116
   0.0148057254
  -0.1076984497
  -0.2186351653
  -0.2858519918
  -0.2487561847
  -0.1785253118
  -0.1178198387
  -0.0120557374
   0.0543920610
   0.0298255215
  -0.0466058288
  -0.0611990597
   0.0667518014
   0.1713724388
   0.1093016595
  -0.0839487312
  -0.1544889481
  -0.1602823923
  -0.1596120314
  -0.0746630028
  -0.0306529186
   0.0352389620
   0.0561367670
   0.0103735572
   0.0273784906
   0.0614077686
   0.1138346161
   0.1701212752
   0.0944576951
  -0.0542493571
  -0.1597907059
  -0.2107645008
  -0.1887278777
  -0.1772879944
  -0.1816300948
  -0.1058324719
   0.0475835305
   0.0838304200
   0.0272495150
   0.1375810646
   0.2891143854
   0.3518391606
   0.1293734963
  -0.0750281292
  -0.0042773238
   0.0337860273
  -0.0766504439
  -0.1765591556
  -0.1288996479
  -0.0819177041
  -0.0401568126
  -0.0356087578
  -0.0408176579
  -0.1175976077
  -0.1463515092
  -0.0416586950
   0.0894487985
   0.0746917704
  -0.0618844451
  -0.0486672290
   0.0770960254
   0.1142593989
   0.0785761516
   0.0638551972
   0.0145852340
  -0.0048249016
   0.0356874453
   0.0896693209
   0.0693847540
   0.0521667015
   0.1162345700
   0.1252674584
   0.0405950881
  -0.0680339421
  -0.1024911994
  -0.1016437106
  -0.0724088166
  -0.0393216086
  -0.0079667407
   0.0971106804
   0.1892699406
   0.2082805861
   0.1587656474
   0.0529268121
  -0.0265545698
  -0.0530277713
  -0.0085083823
   0.0383653537
  -0.0047024779
  -0.0612488470
  -0.0292764766
   0.0146584464
  -0.0098780882
  -0.0408691834
  -0.0192382236
   0.0302542962
   0.0347962969
   0.0230592070
   0.0406305137
   0.0523076967
   0.0686169396
   0.1188246288
   0.1327494874
   0.0681018473
  -0.0094128333
  -0.0435545893
  -0.0814314383
  -0.0966482330
  -0.0464420757
  -0.0365813630
  -0.0785779634
  -0.0810238895
  -0.0273199979
  -0.0224399444
  -0.0736060538
  -0.0642321371
   0.0124172683
   0.0814657444
   0.1061632039
   0.1212945206
   0.0974776481
   0.0708406494
   0.0558822478
   0.0501774928
   0.0451127696
  -0.0317152882
  -0.1225717857
  -0.1581919151
  -0.1775375201
  -0.2077414693
  -0.2271470253
  -0.2002904616
  -0.0888142020
  -0.0101635359
  -0.0063126800
  -0.0112226501
   0.0203635638
   0.0534882743
   0.0708477198
   0.0835450416
   0.0850024837
   0.0532165653
   0.0057479993
  -0.0034304537
  -0.0045842861
  -0.0028263585
  -0.0080999290
  -0.0122090970
  -0.0332404439
  -0.0715214686
  -0.0578610866
  -0.0382269362
  -0.0612400237
  -0.0752684045
  -0.0506716391
  -0.0163479679
  -0.0378916526
  -0.0750022781
  -0.0603487722
  -0.0440500760
  -0.0506623592
  -0.0496556689
  -0.0109373056
   0.0529502033
   0.1029414945
   0.1253146238
   0.1083564374
   0.0842780933
   0.0941027029
   0.1150274637
   0.0949035860
   0.0676505652
   0.0572205392
   0.0194938917
  -0.0250223584
  -0.0402271924
  -0.0373244015
  -0.0406763533
  -0.0549601812
  -0.0403126998
   0.0037108254
   0.0102074813
   0.0001290329
   0.0294404948
   0.0885081132
   0.1318420034
   0.1285080811
   0.0792139888
   0.0405377885
   0.0265995257
   0.0153716950
   0.0092867698
   0.0028893365
   0.0212809315
   0.0185269576
  -0.0347321184
  -0.0820684800
  -0.1251424010
  -0.1566262666
  -0.1335771349
  -0.0774633614
  -0.0268395653
  -0.0129538369
  -0.0287716806
  -0.0389162398
  -0.0262880752
   0.0137238696
   0.0442853578
   0.0538530325
   0.0321725948
   0.0188608418
   0.0432261994
   0.0621526632
   0.0665714182
   0.0832486894
   0.1143180095
   0.1277800524
   0.0957702237
   0.0668824857
   0.0659194256
   0.0387189614
  -0.0224730868
  -0.0597129678
  -0.0590248278
  -0.0500521555
  -0.0535393431
  -0.0532253149
  -0.0462388758
  -0.0384651640
  -0.0333537910
  -0.0540561441
  -0.0638236014
  -0.0432474547
  -0.0307244621
  -0.0400456897
  -0.0420169131
  -0.0310084117
  -0.0168447362
   0.0134402838
   0.0319084865
   0.0266874489
   0.0216677405
   0.0177463428
  -0.0027576830
  -0.0365975070
  -0.0621978694
  -0.0445094448
   0.0071465215
   0.0244217734
   0.0199459544
   0.0220493940
   0.0087826999
  -0.0445244694
  -0.0810582104
  -0.0776866972
  -0.0696034793
  -0.0691752791
  -0.0265821443
   0.0217053167
   0.0130271303
  -0.0058978193
   0.0001044918
   0.0134102479
   0.0137858548
   0.0114134724
   0.0129925517
   0.0138549545
   0.0102460487
   0.0032445939
  -0.0162648173
  -0.0358538498
  -0.0450173342
  -0.0446447396
  -0.0448145320
  -0.0393125349
  -0.0045186478
   0.0459158181
   0.0725468512
   0.0822857765
   0.0948192569
   0.1010709799
   0.0918669292
   0.0383448791
  -0.0004801144
  -0.0060542398
  -0.0106803147
  -0.0239470265
  -0.0113414164
   0.0245267244
   0.0191914854
   0.0165336245
   0.0334843428
   0.0467645295
   0.0530598237
   0.0607028070
   0.0724384828
   0.0882368167
   0.1063609390
   0.1286032809
   0.1360779891
   0.1301297623
   0.1073810336
   0.0837609093
   0.0664976653
   0.0316691981
   0.0005397762
  -0.0113341545
  -0.0215824245
  -0.0548663660
  -0.1008190385
  -0.1335545833
  -0.1543291279
  -0.1508132316
  -0.1180267506
  -0.0971020192
  -0.0730221726
  -0.0302998265
   0.0037788793
   0.0159848300
   0.0218293577
   0.0209113419
   0.0093363980
  -0.0191231678
  -0.0386956880
  -0.0463251787
  -0.0473588837
  -0.0455815067
  -0.0187416321
   0.0239251230
   0.0261953206
   0.0117176272
   0.0037996618
   0.0044306731
  -0.0041033010
  -0.0173129135
  -0.0246344005
  -0.0241656634
  -0.0319318924
  -0.0477392557
  -0.0667874185
  -0.0846366207
  -0.0927619369
  -0.0857154289
  -0.0748211290
  -0.0766556583
  -0.0815566873
  -0.0768314752
  -0.0518366323
  -0.0279355634
  -0.0184761244
  -0.0231277456
  -0.0361135097
  -0.0402903545
  -0.0361841693
  -0.0185333209
   0.0115623718
   0.0486970720
   0.0896645484
   0.1100002725
   0.0978258499
   0.0771189600
   0.0713374913
   0.0837312432
   0.0998135119
   0.1061208111
   0.1091482322
   0.1036792598
   0.0838678636
   0.0563623564
   0.0411920201
   0.0361106963
   0.0438783688
   0.0582102900
   0.0519931088
   0.0467029435
   0.0466052543
   0.0441081563
   0.0187601772
  -0.0234994416
  -0.0413351217
  -0.0416882286
  -0.0425852248
  -0.0532616979
  -0.0636602313
  -0.0658808773
  -0.0715256224
  -0.0755687486
  -0.0699496041
  -0.0582289529
  -0.0478499956
  -0.0407148427
  -0.0329111113
  -0.0349364378
  -0.0445927575
  -0.0468254232
  -0.0350581958
  -0.0110654917
   0.0064561396
   0.0115794969
   0.0155654972
   0.0258227408
   0.0365367459
   0.0384283243
   0.0298071974
   0.0158388413
   0.0098875905
   0.0137699184
   0.0382869903
   0.0659757530
   0.0784055491
   0.0788096953
   0.0688018007
   0.0525497249
   0.0394632962
   0.0196669099
  -0.0107293155
  -0.0289796825
  -0.0345102409
  -0.0286461665
  -0.0238067824
  -0.0341091439
  -0.0441816294
  -0.0490450969
  -0.0524977575
  -0.0520740942
  -0.0444145838
  -0.0316422128
  -0.0272821125
  -0.0289423420
  -0.0382305303
  -0.0424058727
  -0.0316332864
  -0.0027440607
   0.0242640891
   0.0371641689
   0.0413680285
   0.0358584897
   0.0191616719
  -0.0020545302
  -0.0090139266
  -0.0037328069
   0.0140667847
   0.0298575887
   0.0407774304
   0.0521254723
   0.0617051225
   0.0641105412
   0.0565276267
   0.0453478305
   0.0245027293
   0.0049587602
  -0.0060933257
   0.0061772247
   0.0291452621
   0.0371323080
   0.0369309641
   0.0275315792
   0.0142588753
   0.0120637755
   0.0193131107
   0.0269170302
   0.0278590559
   0.0153285657
   0.0007637371
  -0.0059537593
  -0.0120251992
  -0.0195840685
  -0.0270708258
  -0.0303867481
  -0.0257606981
  -0.0208732207
  -0.0066239272
   0.0064203944
   0.0127442235
   0.0156589884
   0.0162779859
   0.0098489641
  -0.0017770559
  -0.0066420186
  -0.0117879421
  -0.0281181561
  -0.0451845635
  -0.0496032891
  -0.0419332616
  -0.0369421146
  -0.0497701060
  -0.0605757610
  -0.0616936037
  -0.0626912497
  -0.0670363550
  -0.0654362532
  -0.0582379676
  -0.0514378626
  -0.0451996617
  -0.0350535706
  -0.0229377732
  -0.0154510307
  -0.0089574210
   0.0047314591
   0.0168502746
   0.0149827207
   0.0062369120
   0.0063646179
   0.0149121053
   0.0298615363
   0.0420870277
   0.0442595804
   0.0359509792
   0.0193848899
   0.0113407432
   0.0087369825
   0.0066620896
   0.0043437987
   0.0064156867
   0.0112866518
   0.0092718587
   0.0036887290
   0.0080819143
   0.0333277043
   0.0545183411
   0.0589550962
   0.0627863759
   0.0694167180
   0.0730075899
   0.0559336702
   0.0297443594
   0.0171793127
   0.0114218995
   0.0036211479
  -0.0039452205
  -0.0231871810
  -0.0412121560
  -0.0435694960
  -0.0343654453
  -0.0167972173
  -0.0092503647
  -0.0108264375
  -0.0185325255
  -0.0444664333
  -0.0712928005
  -0.0806891510
  -0.0764101391
  -0.0634003652
  -0.0517187631
  -0.0400161119
  -0.0292299741
  -0.0204766457
  -0.0126187846
  -0.0040021857
   0.0016650904
   0.0025440380
   0.0016500850
  -0.0070311004
  -0.0170705024
  -0.0210384762
  -0.0241695963
  -0.0303777333
  -0.0308359827
  -0.0261152338
  -0.0222719491
  -0.0157452618
   0.0016066272
   0.0234388425
   0.0331567335
   0.0309165851
   0.0202717077
   0.0068352434
   0.0028176884
   0.0095577246
   0.0188564375
   0.0250120180
   0.0265159920
   0.0250946826
   0.0256040449
   0.0318497728
   0.0327332322
   0.0278712965
   0.0186387138
   0.0065709995
   0.0040829471
   0.0112226398
   0.0132960494
   0.0092634729
   0.0080239622
   0.0098419541
   0.0138324972
   0.0187410429
   0.0180394250
   0.0102642211
   0.0052340162
   0.0023102557
  -0.0030174357
  -0.0049270377
   0.0050913638
   0.0183130048
   0.0193992958
   0.0120868677
   0.0032419263
  -0.0080354928
  -0.0206951796
  -0.0356581180
  -0.0417235216
  -0.0357467187
  -0.0262556840
  -0.0189101430
  -0.0177637389
  -0.0191159354
  -0.0257222087
  -0.0327626921
  -0.0304624012
  -0.0200849022
  -0.0105953700
  -0.0032678613
   0.0018360096
   0.0058731363
   0.0090673861
   0.0097870894
   0.0088841394
   0.0090088713
   0.0159262047
   0.0254097419
   0.0391722762
   0.0568667253
   0.0716404278
   0.0803832390
   0.0814905939
   0.0751427284
   0.0678738863
   0.0606846450
   0.0502441017
   0.0271468766
   0.0037866995
  -0.0103408714
  -0.0170162519
  -0.0113895245
  -0.0051197425
   0.0004664227
   0.0078885908
   0.0182600800
   0.0263418249
   0.0249550867
   0.0192923562
   0.0149157288
   0.0116824844
   0.0047922497
  -0.0039414997
  -0.0115453985
  -0.0171991098
  -0.0284104134
  -0.0386871741
  -0.0397208350
  -0.0347371561
  -0.0306714784
  -0.0290052095
  -0.0266147712
  -0.0297338422
  -0.0357511377
  -0.0352583171
  -0.0333666798
  -0.0353093123
  -0.0396994618
  -0.0411808400
  -0.0342830311
  -0.0279050576
  -0.0191937833
  -0.0032301467
   0.0124855874
   0.0189882560
   0.0224469559
   0.0254008155
   0.0210362078
   0.0100427752
  -0.0040817835
  -0.0139303499
  -0.0112439202
  -0.0054218630
   0.0003265746
   0.0075474197
   0.0149996455
   0.0179339732
   0.0130495316
   0.0063245701
  -0.0020816348
  -0.0053178886
  -0.0022348074
  -0.0011890588
  -0.0004663382
   0.0001001272
   0.0014764172
   0.0053407746
   0.0067861778
   0.0063174511
   0.0075074352
   0.0098693386
   0.0112907026
   0.0125528091
   0.0125663680
   0.0124882815
   0.0116769945
   0.0143213584
   0.0161003130
   0.0143514900
   0.0147616976
   0.0180746591
   0.0243294165
   0.0229682495
   0.0149661937
   0.0021683104
  -0.0159858464
  -0.0299826756
  -0.0338169160
  -0.0233852991
  -0.0150691709
  -0.0135200952
  -0.0099967926
  -0.0009835127
   0.0058436925
   0.0086593379
   0.0105885338
   0.0085226968
   0.0036352474
  -0.0043607853
  -0.0105208172
  -0.0164870336
  -0.0160963506
  -0.0090813383
  -0.0041517346
  -0.0054513186
  -0.0085748836
  -0.0093996912
  -0.0147784308
  -0.0220788392
  -0.0248628476
  -0.0251497727
  -0.0240769890
  -0.0187807844
  -0.0122450514
  -0.0047267131
   0.0010006936
   0.0022027004
   0.0068843973
   0.0151058927
   0.0183842831
   0.0168428065
   0.0137537994
   0.0106963424
   0.0012429250
  -0.0095476773
  -0.0149309302
  -0.0208505660
  -0.0229524737
  -0.0181024988
  -0.0124021362
  -0.0097562684
  -0.0058318099
  -0.0067467648
  -0.0092663438
  -0.0091671404
  -0.0090408927
  -0.0085225039
  -0.0097033937
  -0.0126436591
  -0.0125459596
  -0.0052544952
   0.0056038017
   0.0123273389
   0.0148139448
   0.0191170254
   0.0221204661
   0.0208764908
   0.0162805047
   0.0151056129
   0.0139562864
   0.0075348241
   0.0023393680
   0.0006356223
   0.0017655091
   0.0006958003
   0.0005771460
   0.0024372266
   0.0016574913
  -0.0008019910
  -0.0032960295
  -0.0071362709
  -0.0141497012
  -0.0217115180
  -0.0272089782
  -0.0298232089
  -0.0326958770
  -0.0328160293
  -0.0330503831
  -0.0326446756
  -0.0345362393
  -0.0347480415
  -0.0298575003
  -0.0238055746
  -0.0156486921
  -0.0048850588
   0.0032793301
   0.0020668828
  -0.0038767997
  -0.0040780921
   0.0034011735
   0.0100465755
   0.0138433193
   0.0146141165
   0.0134722847
   0.0102735894
   0.0073032660
   0.0052900092
   0.0023211883
   0.0019546242
   0.0045539084
   0.0080201103
   0.0086466687
   0.0065102089
   0.0068167440
   0.0092312246
   0.0126478453
   0.0148504751
   0.0122392434
   0.0088437203
   0.0104649037
   0.0157625990
   0.0218896622
   0.0204383036
   0.0142752595
   0.0072047284
   0.0028641615
   0.0009004804
  -0.0013276330
   0.0004738425
   0.0026614491
   0.0037717927
   0.0091896831
   0.0189692101
   0.0266603015
   0.0311586868
   0.0324177751
   0.0287788541
   0.0212741115
   0.0194756854
   0.0245299797
   0.0271938799
   0.0270000777
   0.0275439966
   0.0258191908
   0.0207844874
   0.0192685231
   0.0186029789
   0.0166092481
   0.0128606330
   0.0122566674
   0.0172583684
   0.0198831900
   0.0193708669
   0.0197615352
   0.0210641800
   0.0213015977
   0.0187699726
   0.0128503147
   0.0072326506
   0.0035997305
   0.0030919192
   0.0035036130
   0.0048167780
   0.0068856802
   0.0111346459
   0.0167433350
   0.0249362470
   0.0336895901
   0.0399398254
   0.0424594603
   0.0402433512
   0.0346271674
   0.0268760219
   0.0194959686
   0.0102213186
   0.0019683378
   0.0006341698
   0.0018661972
   0.0010849337
  -0.0009298479
  -0.0030993829
  -0.0060126350
  -0.0121877223
  -0.0178925378
  -0.0229242511
  -0.0218364723
  -0.0183282208
  -0.0143166492
  -0.0125272128
  -0.0137607210
  -0.0169579360
  -0.0194670389
  -0.0220287131
  -0.0228310251
  -0.0200199136
  -0.0177226570
  -0.0127945927
  -0.0069320001
  -0.0034733385
  -0.0001514020
   0.0011812814
  -0.0029684998
  -0.0065638761
  -0.0097716200
  -0.0082646513
  -0.0060875899
  -0.0030946958
  -0.0004143106
  -0.0014449952
  -0.0043702788
  -0.0090849884
  -0.0095567598
  -0.0099353804
  -0.0140851692
  -0.0205382317
  -0.0252935077
  -0.0317675796
  -0.0397080788
  -0.0406050455
  -0.0374048124
  -0.0347845424
  -0.0337072808
  -0.0316940034
  -0.0310148929
  -0.0364357572
  -0.0416102334
  -0.0407042666
  -0.0326030192
  -0.0234034906
  -0.0156072420
  -0.0099219600
  -0.0097401715
  -0.0153668931
  -0.0221129244
  -0.0277035811
  -0.0340604760
  -0.0394978969
  -0.0421888118
  -0.0421317185
  -0.0425343916
  -0.0430737884
  -0.0435200475
  -0.0405737444
  -0.0386521168
  -0.0356727595
  -0.0297485869
  -0.0270201400
  -0.0268969532
  -0.0249092175
  -0.0213995078
  -0.0193291369
  -0.0189114834
  -0.0160267810
  -0.0156421667
  -0.0165962563
  -0.0135222487
  -0.0093860056
  -0.0038104118
   0.0005226495
  -0.0008641423
  -0.0048351595
  -0.0088272139
  -0.0102695975
  -0.0078957422
  -0.0066382123
  -0.0055489591
  -0.0042102966
   0.0015666221
   0.0083907517
   0.0143554774
   0.0196696349
   0.0243873200
   0.0287729621
   0.0333554261
   0.0392675496
   0.0430552286
   0.0434052569
   0.0396611049
   0.0352378425
   0.0303473012
   0.0263297021
   0.0245086802
   0.0267037402
   0.0321621365
   0.0342219607
   0.0337817114
   0.0353457100
   0.0348874312
   0.0323903185
   0.0314482338
   0.0326756969
   0.0341811145
   0.0320821381
   0.0314706087
   0.0321767192
   0.0310287980
   0.0283694051
   0.0239401181
   0.0206752352
   0.0223864894
   0.0252215813
   0.0259321992
   0.0260929179
   0.0267359252
   0.0249674746
   0.0209438509
   0.0179464053
   0.0166422285
   0.0153004756
   0.0159389756
   0.0176412003
   0.0149292215
   0.0073688070
  -0.0023100716
  -0.0104579482
  -0.0148947534
  -0.0119349679
  -0.0076199663
  -0.0051710161
  -0.0018446311
   0.0015178129
   0.0050755747
   0.0060040371
   0.0037578081
  -0.0031174919
  -0.0111286493
  -0.0176628828
  -0.0207114414
  -0.0175022378
  -0.0126944451
  -0.0098683826
  -0.0069116079
  -0.0039383062
  -0.0002363139
   0.0014223367
   0.0015109207
  -0.0019943745
  -0.0075309914
  -0.0088457044
  -0.0068985837
  -0.0039388085
  -0.0038968045
  -0.0009054782
   0.0016291007
   0.0044686779
   0.0067703755
   0.0053835416
   0.0017700650
   0.0003456683
   0.0030395056
   0.0044772876
   0.0040400049
   0.0028439800
   0.0021392570
   0.0003227168
   0.0019077372
   0.0067636086
   0.0121588590
   0.0152914167
   0.0114991375
   0.0018397702
  -0.0099440726
  -0.0183774336
  -0.0182122518
  -0.0118238671
  -0.0031367352
   0.0048036757
   0.0108449781
   0.0163814639
   0.0208992633
   0.0237613700
   0.0190165375
   0.0104329264
   0.0042036637
  -0.0001294999
  -0.0007966682
   0.0002129051
   0.0004757568
   0.0022365573
   0.0019750517
   0.0012282517
   0.0040437772
   0.0079636061
   0.0100624588
   0.0092225059
   0.0080865675
   0.0097692396
   0.0121250110
   0.0127754938
   0.0116455652
   0.0092655911
   0.0083399966
   0.0050089673
   0.0008786309
  -0.0033358431
  -0.0057248320
  -0.0084458638
  -0.0107371930
  -0.0108544686
  -0.0077294423
  -0.0028510489
  -0.0003149848
  -0.0009205586
  -0.0077658357
  -0.0168407591
  -0.0220543580
  -0.0227816502
  -0.0211350312
  -0.0160237613
  -0.0100395596
  -0.0068679601
  -0.0105776100
  -0.0158723520
  -0.0201859793
  -0.0232961533
  -0.0243494640
  -0.0220372712
  -0.0194320994
  -0.0167487851
  -0.0150931808
  -0.0153772335
  -0.0161525749
  -0.0199779184
  -0.0229784132
  -0.0272665134
  -0.0311324233
  -0.0313804023
  -0.0286264873
  -0.0250732652
  -0.0209190604
  -0.0198719363
  -0.0193461648
  -0.0160558727
  -0.0143176081
  -0.0159163062
  -0.0188296584
  -0.0201969825
  -0.0188208057
  -0.0163673820
  -0.0162367567
  -0.0141364045
  -0.0115747995
  -0.0112263149
  -0.0115449183
  -0.0123893859
  -0.0113317373
  -0.0067928991
  -0.0004871716
   0.0046436360
   0.0087873281
   0.0114480967
   0.0087841582
   0.0060931740
   0.0011710442
  -0.0015169335
  -0.0031156286
  -0.0043507291
  -0.0042050718
  -0.0035741210
   0.0005590576
   0.0051835395
   0.0076805433
   0.0098409967
   0.0117490388
   0.0119848465
   0.0152751401
   0.0172222505
   0.0163657765
   0.0127297558
   0.0103452772
   0.0091222022
   0.0084475239
   0.0105974631
   0.0125701153
   0.0150611136
   0.0153555215
   0.0122213258
   0.0085762904
   0.0036121022
  -0.0005467704
  -0.0039889699
  -0.0037952237
  -0.0001353085
   0.0040099012
   0.0066962249
   0.0089783891
   0.0111749132
   0.0126773023
   0.0153065297
   0.0154492041
   0.0124201878
   0.0080089096
   0.0040513764
   0.0042015602
   0.0086172176
   0.0140214960
   0.0188157828
   0.0242861546
   0.0266028841
   0.0285545314
   0.0291374257
   0.0272592957
   0.0266913081
   0.0233452925
   0.0209878788
   0.0170123190
   0.0143994979
   0.0090807506
   0.0051517773
   0.0001470442
   0.0005782015
   0.0029340066
   0.0038159046
   0.0069019053
   0.0077898131
   0.0108517790
   0.0121889258
   0.0153170027
   0.0149037828
   0.0156429474
   0.0133231260
   0.0113984405
   0.0088051661
   0.0039266563
   0.0012402311
  -0.0027307934
  -0.0062030007
  -0.0111671461
  -0.0117501259
  -0.0122880320
  -0.0124142649
  -0.0119334993
  -0.0099442685
  -0.0045865280
   0.0003099602
   0.0036559135
   0.0065195801
   0.0071295643
   0.0053190891
   0.0021609145
  -0.0007027791
  -0.0019363045
  -0.0030376128
  -0.0033771739
  -0.0021361490
  -0.0011460314
  -0.0003392128
   0.0007575816
   0.0014351923
   0.0050726435
   0.0099676553
   0.0153359454
   0.0179592351
   0.0187931134
   0.0170908445
   0.0147590462
   0.0116970553
   0.0076764999
   0.0043035049
   0.0003009811
  -0.0028947203
  -0.0061324898
  -0.0063247748
  -0.0038742367
  -0.0017332048
  -0.0008797757
  -0.0001345211
   0.0010494530
   0.0010239515
   0.0029306113
   0.0035045940
   0.0034971274
   0.0023087341
   0.0000911587
  -0.0010927241
  -0.0037745531
  -0.0087115689
  -0.0143216854
  -0.0180266836
  -0.0213740838
  -0.0221643172
  -0.0221417067
  -0.0204093003
  -0.0166966558
  -0.0142641030
  -0.0112561063
  -0.0102223350
  -0.0074156601
  -0.0060723782
  -0.0083995941
  -0.0099650613
  -0.0108138552
  -0.0147832475
  -0.0198809952
  -0.0224651179
  -0.0255270072
  -0.0258664593
  -0.0260195921
  -0.0256468649
  -0.0227064390
  -0.0218003397
  -0.0247765889
  -0.0245601173
  -0.0213928056
  -0.0172789462
  -0.0122140330
  -0.0082534197
  -0.0060611953
  -0.0086603027
  -0.0125875791
  -0.0141995651
  -0.0140536736
  -0.0138551932
  -0.0101559853
  -0.0072936429
  -0.0046987335
  -0.0025936220
  -0.0022073183
  -0.0024948281
  -0.0020657132
  -0.0018410267
  -0.0043982937
  -0.0080030883
  -0.0108182491
  -0.0104639993
  -0.0107505178
  -0.0116305907
  -0.0123936002
  -0.0131033078
  -0.0127882013
  -0.0116373474
  -0.0064610830
  -0.0003652390
   0.0041162207
   0.0069593816
   0.0081744023
   0.0075430051
   0.0069029732
   0.0071068846
   0.0069539419
   0.0056428229
   0.0048890108
   0.0028109937
  -0.0004022492
  -0.0007185764
   0.0020342574
   0.0066054632
   0.0091318945
   0.0092160291
   0.0106706210
   0.0110991496
   0.0112348524
   0.0110878709
   0.0104691813
   0.0112446420
   0.0105219705
   0.0105660956
   0.0102497032
   0.0106012266
   0.0111196817
   0.0111993105
   0.0110010024
   0.0115432641
   0.0136277772
   0.0150619532
   0.0186897090
   0.0211864682
   0.0213766321
   0.0201382394
   0.0161752738
   0.0118536879
   0.0094118626
   0.0079390277
   0.0087107013
   0.0106567321
   0.0124084391
   0.0135430003
   0.0137684646
   0.0132823211
   0.0113620074
   0.0089221721
   0.0067957435
   0.0057246950
   0.0057156803
   0.0062069100
   0.0062883638
   0.0053306521
   0.0045192474
   0.0043538976
   0.0039937218
   0.0043759218
   0.0052928285
   0.0053182480
   0.0056806981
   0.0057902831
   0.0063215887
   0.0067240350
   0.0057093081
   0.0042088515
   0.0030608891
   0.0025651475
   0.0018907168
   0.0015246741
   0.0005269143
  -0.0006515404
  -0.0019253587
  -0.0036056652
  -0.0046656750
  -0.0053023455
  -0.0050067887
  -0.0042561834
  -0.0039489943
  -0.0032130114
  -0.0033738818
  -0.0037665739
  -0.0040762229
  -0.0043361082
  -0.0044743975
  -0.0053599117
  -0.0056501525
  -0.0055989615
  -0.0055220136
  -0.0059106343
  -0.0056649782
  -0.0051284759
  -0.0055556509
  -0.0056830401
  -0.0057134649
  -0.0054006003
  -0.0051289620
  -0.0044978064
  -0.0045602143
  -0.0046397444
  -0.0049001231
  -0.0054089183
  -0.0053739347
  -0.0051910739
  -0.0048727828
  -0.0046922700
  -0.0043857791
  -0.0041181400
  -0.0037843795
  -0.0036815437
  -0.0034415247
  -0.0031089309
  -0.0027234844
  -0.0023039439
  -0.0020606269
  -0.0017347264
  -0.0014070684
  -0.0010660272
  -0.0007323104
  -0.0004481260
  -0.0002180633
  -0.0001579548
  -0.0002179499
  -0.0002504039
  -0.0001936032
  -0.0001388624
  -0.0000312709
   0.0000121647
   0.0000928363
   0.0001322935
   0.0001413615
   0.0001346283
   0.0001678439
   0.0002532703
   0.0002315651
   0.0002480863
   0.0002885599
   0.0003159550
   0.0003735586
   0.0004151274
   0.0004291485
   0.0004596773
   0.0004466862
   0.0004207716
   0.0004214056
   0.0004001513
   0.0003624223
   0.0003441186
   0.0003481680
   0.0003503585
   0.0003657133
   0.0003850024
   0.0003920576
   0.0003919786
   0.0003894971
   0.0003835743
   0.0003654283
   0.0003423619
   0.0003192635
   0.0002955303
   0.0002766259
   0.0002609816
   0.0002452220
   0.0002299800
   0.0002141456
   0.0001994461
   0.0001852046
   0.0001720104
   0.0001606349
   0.0001499277
   0.0001404877
   0.0001322692
   0.0001252448
   0.0001192651
   0.0001141232
   0.0001100296
   0.0001070358
   0.0001050013
   0.0001038287
   0.0001033807
   0.0001035255
   0.0001041371
   0.0001051046
   0.0001063237
   0.0001076847
