   0.0003318214
   0.0001931720
   0.0002734059
   0.0001098063
   0.0002117821
   0.0001545487
   0.0004516599
   0.0003161831
   0.0005842733
   0.0000253205
  -0.0006442938
  -0.0005481540
   0.0008648249
   0.0015132192
   0.0012393970
   0.0011188715
   0.0003902066
  -0.0007034684
  -0.0005955541
   0.0004609395
   0.0007857662
   0.0004793553
   0.0012041288
  -0.0006572162
  -0.0015851071
  -0.0012343065
   0.0015556684
   0.0032669034
   0.0029921941
   0.0015248448
   0.0014198776
   0.0005005640
  -0.0003767177
  -0.0006516138
  -0.0006813049
  -0.0007232098
  -0.0002820492
   0.0002761516
   0.0005096725
  -0.0018193725
  -0.0017210510
   0.0012892756
   0.0031807326
   0.0035117066
   0.0036131194
   0.0034444368
   0.0024877492
   0.0000144002
  -0.0009712652
   0.0010717495
   0.0026621498
   0.0019341040
   0.0015629852
  -0.0007012735
  -0.0028738189
  -0.0012096451
   0.0022147168
   0.0024309553
  -0.0007845805
  -0.0033474910
  -0.0024656588
  -0.0018200447
  -0.0006798644
  -0.0018282628
  -0.0045605344
  -0.0024833106
   0.0007153735
   0.0001167383
  -0.0010696793
  -0.0002730488
  -0.0027379551
  -0.0072208644
  -0.0081747558
  -0.0039874895
   0.0053219273
   0.0105270569
  -0.0005864912
  -0.0120679010
  -0.0083824031
  -0.0050498509
  -0.0007334514
   0.0200026368
   0.0217095773
  -0.0098712365
  -0.0176465390
  -0.0026018673
   0.0006224211
   0.0098771451
   0.0268851354
   0.0145114217
  -0.0103355742
  -0.0235155692
  -0.0256470422
  -0.0014155424
   0.0276673078
   0.0162463744
   0.0022674564
  -0.0074612230
  -0.0208168970
  -0.0145539926
   0.0138672320
   0.0256425407
   0.0050514132
  -0.0078590806
   0.0111789415
  -0.0039164563
  -0.0345821273
  -0.0003567809
   0.0365818121
   0.0080976994
  -0.0097682858
   0.0005161928
  -0.0173456535
  -0.0229191209
   0.0080896283
   0.0184563282
   0.0169025577
   0.0121822310
  -0.0185234642
  -0.0277731418
   0.0040377715
   0.0040565771
  -0.0154645061
  -0.0137777308
   0.0091978079
   0.0126280844
  -0.0018115589
  -0.0117288650
  -0.0119576973
  -0.0047172548
  -0.0011832712
   0.0062552551
   0.0116922048
  -0.0077109261
  -0.0099559666
   0.0263481180
   0.0109771482
  -0.0221665322
  -0.0052824547
  -0.0089163130
  -0.0205583290
   0.0220292288
   0.0246343545
  -0.0090281500
   0.0169242436
   0.0256489583
  -0.0138437719
   0.0164163131
   0.0282477375
  -0.0498196970
  -0.0450826826
   0.0225911661
   0.0157767668
   0.0160259366
   0.0461204221
   0.0199138149
  -0.0130706734
  -0.0345370726
  -0.0426744534
   0.0024850423
   0.0239474520
   0.0053375626
   0.0191493136
   0.0256202567
   0.0084136616
   0.0105789550
  -0.0149196620
  -0.0526736884
  -0.0057685239
   0.0444226568
   0.0238709887
   0.0235898730
   0.0265431390
  -0.0319657683
  -0.0523588729
  -0.0101444666
   0.0181522593
   0.0418119449
   0.0381456195
   0.0108395000
   0.0068889384
  -0.0082655537
  -0.0322027214
  -0.0088983955
   0.0010001868
  -0.0502783248
  -0.0732189694
   0.0197059081
   0.0737535839
   0.0376307342
  -0.0130789462
  -0.0717618273
  -0.0698805583
  -0.0242871369
   0.0252984052
   0.0692705551
   0.0841336046
   0.0128990517
  -0.0765578671
  -0.0986490918
  -0.0580217908
  -0.0141020257
   0.0159667287
   0.0506129100
   0.0248848626
  -0.0503991940
  -0.0142278931
   0.0689747793
   0.0390932090
  -0.0234594839
  -0.0457214888
  -0.0548975723
  -0.0096124333
   0.0640347752
   0.0542216800
   0.0282550066
  -0.0012334935
  -0.0741344608
  -0.0658117715
   0.0203825100
   0.0384607798
   0.0173043804
   0.0138494190
  -0.0146776397
  -0.0008985280
   0.0480786918
   0.0033258781
  -0.0667720643
  -0.0177341037
   0.0370111198
   0.0114672048
  -0.0111503109
   0.0103287714
   0.0086501980
  -0.0191367218
  -0.0066647586
   0.0292616417
   0.0335569796
   0.0079724555
  -0.0062243190
   0.0136707106
   0.0099471463
  -0.0230991473
  -0.0124320598
   0.0405077599
   0.0142795682
  -0.0338471691
   0.0038734200
   0.0527766330
   0.0105881201
  -0.0502822888
  -0.0509247043
  -0.0299943897
   0.0214968852
   0.0817655333
   0.0435979846
  -0.0646934222
  -0.0874905790
  -0.0349482631
  -0.0338498153
  -0.0333929820
   0.0261917951
   0.0384900288
  -0.0704622046
  -0.0786082841
   0.0628715536
   0.0858612779
  -0.0792423760
  -0.1283377094
  -0.0593177232
  -0.0671023915
  -0.0698933833
   0.0284491963
   0.0607691168
   0.0002813540
  -0.1058439929
  -0.0841484876
  -0.0241738613
  -0.0478579600
  -0.0077593478
   0.0516412715
   0.0057142534
   0.0048404011
   0.0944265369
   0.1085277110
   0.0159165237
  -0.0291116958
   0.0151465883
   0.0445082649
   0.0211848374
   0.0198426235
   0.0635000390
   0.0451162709
  -0.0373263915
  -0.0083547153
   0.0786771031
   0.0460239558
  -0.0050678059
   0.0213194035
   0.0054082734
  -0.0433106439
  -0.0276089819
   0.0196768010
   0.0674405454
   0.0424357869
  -0.0198955355
  -0.0093986706
   0.0372508306
   0.0755474808
   0.0948471561
   0.0367228262
   0.0057971586
   0.0001596407
  -0.0365522893
   0.0050796911
   0.0742526738
   0.0407554292
  -0.0218705740
  -0.0379788440
  -0.1292729706
  -0.1590390146
  -0.0543399538
  -0.0221648594
  -0.0694342587
  -0.0358693914
  -0.0190095364
  -0.0785688460
  -0.0551103353
   0.0260047124
   0.0523768481
   0.1242870398
   0.1512118161
   0.0530002847
  -0.0121883140
   0.0463653541
   0.0676032758
   0.0431427531
   0.0321721543
   0.0541298977
   0.1206838763
   0.1334869687
  -0.0414998870
  -0.1598609293
  -0.1091341861
   0.0099021412
   0.0129655389
  -0.0059790149
   0.0878007815
   0.0755307526
   0.0102803608
   0.0254228431
  -0.0350692438
  -0.1265971604
  -0.0404588221
   0.0017869876
  -0.0784568884
  -0.0957349699
  -0.0530545146
  -0.0491664943
  -0.0306646248
   0.0016054577
   0.0231193530
   0.0643323454
   0.0860791202
   0.0341132700
  -0.0066722143
  -0.0405151608
  -0.0715691990
  -0.0212375669
   0.0416572846
   0.0377704708
   0.0542228764
   0.0350568953
  -0.0617947511
  -0.0742664214
  -0.0354026834
  -0.0256241295
   0.0086762130
   0.0264145038
   0.0316951052
   0.0517858340
   0.0293750897
  -0.0314750527
  -0.0479751084
  -0.0838632355
  -0.1271537549
  -0.1193262522
  -0.0826478522
  -0.0672699274
  -0.0226892140
   0.0076397854
  -0.0509036369
  -0.1456872357
  -0.1440472590
  -0.1132679899
  -0.1306046406
  -0.1192045922
  -0.0540206572
  -0.0408368299
  -0.0816940378
  -0.0946536660
  -0.0641402849
  -0.0559849794
  -0.0217103985
   0.0357908903
   0.0446540035
   0.0460219383
   0.0544555207
   0.0227098353
   0.0775800645
   0.1672786406
   0.1394018749
   0.1153991689
   0.1581705650
   0.1087041180
   0.0588311238
   0.0641327825
   0.0740357642
   0.0744173305
   0.0489818652
   0.0468878736
   0.1315041135
   0.1524001301
   0.1010927037
   0.1137652752
   0.1697405320
   0.1962658579
   0.1660613309
   0.0913505363
   0.0688721186
   0.0964054179
   0.0628426594
   0.0239779380
   0.0532300193
   0.0764788591
   0.0770561662
   0.0837637987
   0.0618653139
   0.0290653129
  -0.0008354801
  -0.0681009159
  -0.0837371451
   0.0052998723
   0.0624297149
   0.0178898184
  -0.0222867424
  -0.0443996834
  -0.0661195206
  -0.1042665697
  -0.1357813748
  -0.0938203863
  -0.0162595846
  -0.0316549777
  -0.1012718379
  -0.0896903539
  -0.0011789127
   0.0504208089
   0.0252108201
  -0.0135550424
  -0.0179913538
  -0.0772374497
  -0.1447719470
  -0.1714103154
  -0.1067491433
  -0.0333448553
  -0.0091865685
   0.0077496231
  -0.0080262870
  -0.0397846433
  -0.0915111782
  -0.1178733277
  -0.1407182360
  -0.2044899722
  -0.2079060835
  -0.1223064151
  -0.0574480625
  -0.0641566481
  -0.0633241186
  -0.0247491610
  -0.0099395618
  -0.0501584592
  -0.0346758258
   0.0322005214
   0.0728601129
   0.0740298636
   0.1078972081
   0.1532224503
   0.1234461665
   0.0304330348
  -0.0022765251
   0.0595211184
   0.1209064127
   0.1364841640
   0.1587821093
   0.1911986177
   0.1720431501
   0.0906821363
  -0.0166117700
  -0.0936824340
  -0.0864895098
  -0.0549085014
  -0.0453942538
  -0.0469325836
  -0.0509620235
  -0.0389832486
  -0.0652521862
  -0.1144146354
  -0.0805721907
  -0.0493402856
  -0.0764360956
  -0.0377057984
   0.0310252047
   0.0263571310
   0.0384571198
   0.0863833716
   0.0852286865
   0.0379374998
   0.0289873491
   0.0543947008
   0.0371976144
   0.0424026853
   0.0584490303
   0.0360056101
  -0.0038410129
   0.0049492259
   0.0328791915
   0.0696245451
   0.1026821510
   0.0874843439
   0.0249556687
  -0.0158008352
  -0.0838801767
  -0.1191578544
  -0.0353463244
   0.0128950673
  -0.0513997967
  -0.0373711827
   0.0079484185
  -0.0406373582
  -0.0038615105
   0.1053075737
   0.1165629481
  -0.0057262693
  -0.0775028206
  -0.0645615934
  -0.0665296162
  -0.0672279953
  -0.0453337483
  -0.0341669220
   0.0169537360
   0.1113831725
   0.1383827696
   0.0704984998
  -0.0073729779
  -0.0506443389
  -0.0595258835
  -0.0490248416
  -0.0277274484
  -0.0317663878
  -0.0287076528
  -0.0129746938
  -0.0323356147
  -0.0344303261
   0.0490789701
   0.0775316844
   0.0310905159
  -0.0419902680
  -0.0462136339
  -0.0243634076
  -0.0296295213
   0.0022381282
   0.0008827091
  -0.0381821784
  -0.0229476299
   0.0175189683
   0.0389309956
   0.0794103175
   0.1381198827
   0.1435699463
   0.0549469865
  -0.0408295810
  -0.0123581006
   0.0519020396
   0.0352740280
   0.0211179447
   0.0453234984
   0.0019292822
  -0.0481884494
  -0.0094021916
   0.0207248410
   0.0161190369
   0.0282117058
  -0.0011902018
  -0.0382309640
   0.0338907133
   0.0552713016
  -0.0585694433
  -0.0941377972
  -0.0898580520
  -0.1517996366
  -0.1374927254
  -0.0139209044
   0.0765210548
   0.1048115051
   0.0804972684
   0.0324473391
  -0.0261260683
  -0.0756086454
  -0.0552320257
   0.0244631688
   0.0617108260
   0.0161205576
   0.0224121130
   0.0272980190
  -0.0612959553
  -0.0499180591
   0.0776311718
   0.0972172449
   0.0089684575
  -0.0217414116
   0.0229627158
   0.0532838335
   0.0170481745
  -0.0000503886
   0.0545334135
   0.0675601068
  -0.0242114542
  -0.0676863493
  -0.0214811708
  -0.0025811222
  -0.0029354925
   0.0287204677
   0.0706846193
   0.0831539679
  -0.0131317872
  -0.0951066467
  -0.0309154573
   0.0333614518
   0.0130412418
   0.0058259129
   0.0146396818
   0.0053580927
   0.0184663752
   0.0175922685
  -0.0156338163
  -0.0201979822
  -0.0126686378
  -0.0528302952
  -0.0648576530
  -0.0142132533
   0.0236853254
   0.0441510408
   0.0809329329
   0.0700211769
   0.0300130747
   0.0518520475
   0.0624760978
  -0.0025855182
  -0.0389807140
   0.0387885216
   0.0774009404
   0.0068729675
  -0.0333300838
   0.0328542005
   0.0651658178
   0.0494310744
   0.0278507913
   0.0261540805
  -0.0140567783
  -0.0344019286
   0.0099974871
   0.0252862290
   0.0470846992
   0.1157450888
   0.0610312941
  -0.0299742347
   0.0194102642
   0.0677820653
   0.0569225522
   0.0483544747
  -0.0260221098
  -0.1105315525
  -0.1012371344
  -0.1021170403
  -0.1109199520
  -0.0207224889
   0.0518046609
   0.0826709980
   0.0594527557
  -0.0505394172
  -0.0337907290
   0.0576867189
  -0.0202781460
  -0.1305828432
  -0.0389017871
   0.0325259315
  -0.0046879530
  -0.0669853951
  -0.0212605708
   0.0333479171
  -0.0424126817
  -0.1232854739
  -0.0277675860
   0.0489789757
   0.0086975420
  -0.0521888733
  -0.0782531180
  -0.0770676732
  -0.1075922470
  -0.1406082351
  -0.1118383836
  -0.0794538008
  -0.0893393445
  -0.1260491835
  -0.1840209822
  -0.1818424572
  -0.0917585332
  -0.0407541416
  -0.0604709586
  -0.1407174249
  -0.1437262794
  -0.1147694770
  -0.1591992003
  -0.1303187396
  -0.0440108885
  -0.0690731110
  -0.1270576435
  -0.1620223205
  -0.2033529581
  -0.1679809229
  -0.1072489631
  -0.0945115468
  -0.0228394945
   0.0796395046
   0.0320639682
  -0.0857809924
  -0.0881630546
  -0.0096781763
  -0.0009708556
   0.0197191386
   0.0505194954
   0.0337384051
   0.0328273542
  -0.0424940620
  -0.1142963210
  -0.0235608166
  -0.0062780917
  -0.0592181648
  -0.0020058499
  -0.0105486313
  -0.0489808108
  -0.0207374531
  -0.0404500322
  -0.1106778486
  -0.0954916600
  -0.0961744464
  -0.0680854245
  -0.0298812257
  -0.0301876264
  -0.0526930222
  -0.0614612507
  -0.0363569033
  -0.0327196953
  -0.1093746673
  -0.1153276937
  -0.0426450928
   0.0128745575
   0.0159184398
  -0.0938378242
  -0.0827854598
   0.1062367519
   0.1567254471
   0.0745714534
  -0.0459219237
  -0.0359980570
  -0.0112536611
  -0.0454959616
   0.0293140975
   0.1209936024
   0.1299869120
   0.2096388259
   0.2658166466
   0.1968072449
   0.1854526162
   0.2444198978
   0.2189802859
   0.1942431591
   0.1792346752
   0.1431070300
   0.1879436046
   0.2717052945
   0.2912307099
   0.2386198589
   0.1902469324
   0.1766799167
   0.2061005478
   0.2043815934
   0.1509465973
   0.1226162426
   0.1472935532
   0.1343468007
   0.0684504045
   0.0302502407
   0.0330253762
   0.0380317559
   0.0422570684
   0.0317840083
   0.0076645837
  -0.0168021273
  -0.0314783578
  -0.0317679289
  -0.0639888790
  -0.1191862418
  -0.0812898326
  -0.0446462578
  -0.1084683004
  -0.1861264098
  -0.1699205888
  -0.1293431278
  -0.0894930721
  -0.0372707118
  -0.0165464791
  -0.0257354991
  -0.0125369915
  -0.0042615012
  -0.0167720976
   0.0001551086
   0.0666076205
   0.1216784468
   0.1290147472
   0.0375362449
  -0.0650219548
  -0.0749840430
  -0.0287154289
   0.0209714762
   0.0522237695
  -0.0191763830
  -0.0393088006
   0.0464799578
   0.0947446880
   0.1258696336
   0.1098316020
   0.0566861263
   0.0796821465
   0.1242960630
   0.1134594017
   0.1352429279
   0.1542796756
   0.1305562808
   0.1061946778
   0.0639032811
   0.0508473184
   0.1298723488
   0.1803392466
   0.1540436553
   0.1341764767
   0.1088697784
   0.0733911791
   0.0648688255
   0.0465664378
   0.0018570506
  -0.0176376476
  -0.0028622754
  -0.0326637824
  -0.0872690564
  -0.1029800152
  -0.0943714452
  -0.0835433610
  -0.0742062808
  -0.0789923241
  -0.1095945678
  -0.1218505957
  -0.1307117014
  -0.1416623176
  -0.0628696983
   0.0226447371
   0.0203912898
  -0.0727789454
  -0.0689337901
   0.0003001887
  -0.0158273368
  -0.0453601282
  -0.0213318027
  -0.0520745738
  -0.0894352227
  -0.0517224390
  -0.0125571668
  -0.0221644944
  -0.0681051435
  -0.0901900216
  -0.0798027825
  -0.0571350111
  -0.0824986666
  -0.1352467805
  -0.1080180570
  -0.0317162031
  -0.0310372288
  -0.0882076125
  -0.0753498442
  -0.0583642130
  -0.0427050103
  -0.0245708581
  -0.0419327532
  -0.0801427106
  -0.0723407667
  -0.0227552145
   0.0123085647
   0.0829084479
   0.1377582483
   0.1081202514
   0.0426235793
  -0.0559504990
  -0.1163226696
  -0.0831464047
  -0.0393665080
   0.0083774920
   0.0802704030
   0.0977088019
   0.0408602798
   0.0018729729
   0.0000866234
   0.0083840556
  -0.0133120062
  -0.0374730628
  -0.0132964033
   0.0220883251
   0.0036506373
  -0.0216777226
   0.0054457062
   0.0105955616
  -0.0336669907
  -0.0754945790
  -0.0586669639
  -0.0226006353
  -0.0204980059
  -0.0349437819
  -0.0375455924
  -0.0528578816
  -0.0759010958
  -0.0519402510
   0.0271101557
   0.1078764245
   0.1459868235
   0.1321940271
   0.1169349236
   0.0854416117
  -0.0008029851
  -0.0690951416
  -0.0170282527
   0.0278299672
   0.0252083768
   0.0418322824
   0.0638737380
   0.0695233138
   0.0519716798
  -0.0012929801
  -0.0224417170
   0.0590150636
   0.1149896816
   0.0524802490
  -0.0015087847
   0.0031014225
  -0.0413974391
  -0.1076348280
  -0.1314422697
  -0.1482468606
  -0.1116766772
  -0.0782027609
  -0.0954150548
  -0.0961273842
  -0.0711018827
  -0.0643657411
  -0.0702181242
  -0.0831136579
  -0.0966778653
  -0.0872342718
  -0.1169271171
  -0.1507075354
  -0.0779665783
  -0.0082113177
  -0.0316300273
  -0.0548987889
  -0.0154228984
   0.0005525141
  -0.0113157077
   0.0193615596
   0.0318268529
   0.0161670318
   0.0331088552
   0.0674237462
   0.0777128665
   0.1001524747
   0.0911048845
   0.0703918750
   0.0637652274
   0.0330163024
   0.0164935976
   0.0131118958
  -0.0312943369
  -0.0766260778
  -0.0595193341
  -0.0144318966
   0.0372945876
   0.0987912920
   0.1340012863
   0.1300774473
   0.1276078508
   0.1286794726
   0.0807980829
   0.0015104251
  -0.0404959082
  -0.0247318143
   0.0164300100
   0.0419303302
   0.0431379273
   0.0275959339
  -0.0118439959
  -0.0440303439
  -0.0499011889
  -0.0332733801
   0.0015643742
   0.0229393773
   0.0221553293
   0.0478526881
   0.0869068442
   0.0881922530
   0.0650711460
   0.0386120741
   0.0225752084
   0.0539808135
   0.0989521164
   0.1155717233
   0.1235065910
   0.1161482903
   0.0657906635
   0.0321605764
   0.0628294187
   0.0932054153
   0.0897419681
   0.0820832383
   0.0476756626
   0.0104405870
   0.0082008539
  -0.0005600971
  -0.0307678938
  -0.0595895826
  -0.0739236342
  -0.0917273781
  -0.1013075654
  -0.0942866685
  -0.0835521509
  -0.0594673245
  -0.0361719396
  -0.0414151508
  -0.0491474647
  -0.0388251413
  -0.0130002728
   0.0073488558
  -0.0019312348
   0.0074814104
   0.0507671952
   0.0705378872
   0.0442966982
  -0.0015346050
  -0.0353786759
  -0.0678974699
  -0.1014393942
  -0.1245179911
  -0.1473044012
  -0.1395123827
  -0.0841348617
  -0.0265650479
   0.0028852722
   0.0078194529
  -0.0106086299
  -0.0467794948
  -0.0849939739
  -0.0947057872
  -0.0681718842
  -0.0403318294
  -0.0397293082
  -0.0422472443
  -0.0407429489
  -0.0346027892
  -0.0099527528
   0.0190483967
   0.0164457548
   0.0047282640
  -0.0018779204
  -0.0081780629
  -0.0122841618
  -0.0192960559
  -0.0338145339
  -0.0399816209
  -0.0336524219
  -0.0275951127
  -0.0260795941
  -0.0183345972
   0.0013751736
   0.0286669677
   0.0288087421
  -0.0124166596
  -0.0541351696
  -0.0592798565
  -0.0557199127
  -0.0571355890
  -0.0601243695
  -0.0608611830
  -0.0507670228
  -0.0274184421
  -0.0169006821
  -0.0347526439
  -0.0495913310
  -0.0385803614
  -0.0194110043
  -0.0100816992
  -0.0135870998
  -0.0213156827
  -0.0068551048
   0.0274308514
   0.0468931354
   0.0506032076
   0.0547335847
   0.0504810306
   0.0335707475
   0.0172959757
   0.0284896888
   0.0516468578
   0.0591314415
   0.0614536672
   0.0776476466
   0.0937373331
   0.0855314374
   0.0523802242
   0.0144605070
  -0.0062725947
  -0.0146539160
  -0.0198234722
  -0.0191876872
   0.0013920276
   0.0346579316
   0.0496925522
   0.0479053972
   0.0374873072
   0.0104099591
  -0.0119940027
  -0.0227269590
  -0.0224631291
   0.0031323627
   0.0461478057
   0.0690697958
   0.0726380733
   0.0751677192
   0.0637911105
   0.0437008582
   0.0315238688
   0.0259952533
   0.0276024934
   0.0276798894
   0.0308456143
   0.0401266599
   0.0448442391
   0.0445920278
   0.0370186425
   0.0428060794
   0.0548261984
   0.0521112745
   0.0567782939
   0.0708822357
   0.0612849552
   0.0549791352
   0.0777936589
   0.0916600089
   0.0762545383
   0.0520712889
   0.0180162434
  -0.0038403660
  -0.0062540527
  -0.0079604568
  -0.0057299881
   0.0107111690
   0.0189419644
   0.0067367864
  -0.0089001414
  -0.0206951154
  -0.0185681033
  -0.0029628355
  -0.0017526998
  -0.0247382014
  -0.0475073562
  -0.0383200394
  -0.0273082790
  -0.0328102509
  -0.0337224981
  -0.0258938193
  -0.0254569586
  -0.0109218030
   0.0087136133
  -0.0247727326
  -0.0648315570
  -0.0493404479
  -0.0269448197
  -0.0174520553
  -0.0075123334
  -0.0123114643
  -0.0250694816
  -0.0368394474
  -0.0633094485
  -0.0718880192
  -0.0369020009
  -0.0126450864
  -0.0209860044
  -0.0253608776
  -0.0162337825
  -0.0153774178
  -0.0129993907
  -0.0041978660
   0.0034752745
   0.0101176811
   0.0027181753
  -0.0086081675
   0.0008686390
   0.0130072277
   0.0008681384
  -0.0105794619
  -0.0175425501
  -0.0401654289
  -0.0510477837
  -0.0435324402
  -0.0387617767
  -0.0328458668
  -0.0186515722
  -0.0197938176
  -0.0301305780
  -0.0246815586
  -0.0104242136
  -0.0175276771
  -0.0341913960
  -0.0429010451
  -0.0387471370
  -0.0288430401
  -0.0271063031
  -0.0419360279
  -0.0448976884
  -0.0367634606
  -0.0546492338
  -0.0673286284
  -0.0471229004
  -0.0383798961
  -0.0377187450
  -0.0292731183
  -0.0354589005
  -0.0415629880
  -0.0258822920
  -0.0233949332
  -0.0276838028
  -0.0104727053
   0.0160817278
   0.0317674524
   0.0540583718
   0.0413666490
   0.0013280821
  -0.0075655799
   0.0062761320
   0.0044195660
   0.0097964126
   0.0422323714
   0.0681465282
   0.0819896817
   0.0836809077
   0.0560434979
   0.0221084902
   0.0139168389
   0.0123356544
   0.0253876631
   0.0461744695
   0.0372076007
   0.0026547387
  -0.0215372560
  -0.0260690097
  -0.0210815988
  -0.0074220677
  -0.0038697378
  -0.0120954874
  -0.0146059921
  -0.0193256801
  -0.0288592006
  -0.0236993974
  -0.0159334547
   0.0008860436
   0.0349877012
   0.0443832086
   0.0207744884
   0.0094891562
   0.0164117914
   0.0067098823
  -0.0149969566
  -0.0159850183
  -0.0009416081
   0.0203033601
   0.0317992462
   0.0203413585
   0.0004914453
   0.0034313036
   0.0000982781
  -0.0105890528
  -0.0009828679
   0.0239119273
   0.0365110567
   0.0326492947
   0.0198217487
   0.0286332273
   0.0414629125
   0.0281846365
   0.0098693011
   0.0094888085
   0.0131630336
   0.0355388007
   0.0601335143
   0.0503657679
   0.0435533658
   0.0444738149
   0.0400654244
   0.0467502356
   0.0449923399
   0.0215424671
   0.0114915570
   0.0174628729
   0.0036146847
  -0.0184320367
  -0.0271526454
  -0.0259919381
  -0.0177264797
  -0.0058349188
   0.0082184094
   0.0313217003
   0.0468517811
   0.0362022228
   0.0094241695
  -0.0259434161
  -0.0617165744
  -0.0705617731
  -0.0675918904
  -0.0645328310
  -0.0395704710
  -0.0228464392
  -0.0359201642
  -0.0524308145
  -0.0559744153
  -0.0474664378
  -0.0162360333
   0.0135223057
   0.0117138805
   0.0108853354
   0.0314075922
   0.0457678717
   0.0264156393
   0.0016646271
  -0.0161779102
  -0.0301890457
  -0.0261634584
  -0.0200556502
  -0.0210288896
  -0.0049927092
   0.0179025319
   0.0237274401
   0.0388185108
   0.0472974116
   0.0245242522
  -0.0000208233
  -0.0213613154
  -0.0383117868
  -0.0347805345
  -0.0375532367
  -0.0469022599
  -0.0225361961
   0.0092337625
   0.0110082729
   0.0171251448
   0.0248221570
   0.0132863765
   0.0094580315
   0.0248680431
   0.0295704351
   0.0233843487
   0.0139756311
  -0.0034501781
  -0.0136366154
  -0.0274547069
  -0.0454156964
  -0.0448576927
  -0.0327853106
  -0.0210576520
  -0.0077418155
  -0.0018794614
   0.0030320266
   0.0185658931
   0.0231543303
   0.0184481972
   0.0189575065
  -0.0014111546
  -0.0304982142
  -0.0340916449
  -0.0253130855
  -0.0112547864
   0.0113944115
   0.0080346045
  -0.0097954991
  -0.0082662391
  -0.0053413574
  -0.0088023490
  -0.0035699382
  -0.0078328659
  -0.0334396791
  -0.0419808698
  -0.0344653337
  -0.0305629272
  -0.0132359789
   0.0120186895
   0.0167042924
   0.0239059356
   0.0362118846
   0.0289603102
   0.0115607917
  -0.0053777996
  -0.0258166565
  -0.0308734744
  -0.0266248033
  -0.0267575850
  -0.0157163423
  -0.0057163814
  -0.0033145860
   0.0076514110
   0.0205792849
   0.0083365565
  -0.0097212155
  -0.0124404138
  -0.0054200663
   0.0035610438
   0.0110434123
   0.0201568612
   0.0112647321
   0.0037345158
   0.0108869880
   0.0220726411
   0.0071872163
  -0.0235252209
  -0.0376028740
  -0.0427965291
  -0.0356778682
  -0.0071272298
   0.0014337205
  -0.0091304447
  -0.0069248798
  -0.0076133831
  -0.0152204258
  -0.0155780757
  -0.0129119882
  -0.0031079901
   0.0165268817
   0.0126102917
   0.0044572947
   0.0172447264
   0.0264109250
   0.0320315661
   0.0389522861
   0.0287026039
   0.0164742537
   0.0267064168
   0.0373295243
   0.0353889156
   0.0277761124
   0.0270240508
   0.0348100168
   0.0330050691
   0.0084091247
  -0.0209086490
  -0.0300835767
  -0.0326885402
  -0.0336352476
  -0.0152186009
  -0.0031034400
  -0.0068698854
  -0.0036783453
  -0.0042149328
  -0.0140547811
  -0.0130783785
  -0.0071657281
  -0.0130947925
  -0.0166893789
  -0.0088580582
   0.0002918643
   0.0110345413
   0.0258793519
   0.0270436077
   0.0165031580
   0.0282048219
   0.0507490374
   0.0610613340
   0.0663616544
   0.0572360396
   0.0232230073
  -0.0007968703
  -0.0038164294
  -0.0003130256
   0.0092482562
   0.0293287676
   0.0429740107
   0.0464573898
   0.0349305007
   0.0091737790
  -0.0027464774
  -0.0021944057
   0.0085402305
   0.0332811663
   0.0501239382
   0.0461905793
   0.0231457836
  -0.0104118449
  -0.0298041642
  -0.0399656024
  -0.0657632495
  -0.0854350117
  -0.0762056817
  -0.0724349214
  -0.0757979281
  -0.0624820186
  -0.0375443353
  -0.0188916175
  -0.0074121981
  -0.0020769328
  -0.0016356467
  -0.0028477918
  -0.0008437754
   0.0019195767
   0.0014875195
  -0.0008354315
   0.0036516450
   0.0163762464
   0.0295837366
   0.0422547061
   0.0635859512
   0.0939644013
   0.1164258779
   0.1137827131
   0.0940466840
   0.0704620221
   0.0429863187
   0.0107111589
  -0.0090733152
  -0.0197833244
  -0.0227765760
  -0.0202668114
  -0.0177345498
  -0.0190169171
  -0.0261441550
  -0.0468097071
  -0.0779204590
  -0.0976405710
  -0.0952285196
  -0.0820738502
  -0.0662128237
  -0.0506837161
  -0.0289479617
  -0.0079680200
  -0.0053794167
  -0.0096064222
  -0.0042751272
   0.0009664865
  -0.0010658237
  -0.0060207210
  -0.0163483863
  -0.0171124110
  -0.0096836956
  -0.0143262856
  -0.0189431101
  -0.0134811643
  -0.0118791354
  -0.0042457523
   0.0215346505
   0.0394210624
   0.0436711124
   0.0417948010
   0.0439126886
   0.0482139777
   0.0438337312
   0.0328452890
   0.0101040289
  -0.0098722848
  -0.0127969789
  -0.0004408352
   0.0155746895
   0.0264912611
   0.0396779677
   0.0569743895
   0.0630433781
   0.0598536355
   0.0698829104
   0.0806702588
   0.0540769857
   0.0153948862
   0.0040425315
   0.0196218005
   0.0370672253
   0.0559328988
   0.0760405992
   0.0811154330
   0.0682609089
   0.0516973467
   0.0408642034
   0.0304031166
   0.0117925743
   0.0021397641
   0.0091250532
   0.0258665675
   0.0272437384
   0.0131427772
   0.0029022093
  -0.0070309988
  -0.0211178332
  -0.0408013356
  -0.0635841365
  -0.0769846808
  -0.0830369817
  -0.0967985824
  -0.1086150020
  -0.1092290809
  -0.1084289636
  -0.1031561181
  -0.0971338875
  -0.0931584849
  -0.0748110830
  -0.0568596337
  -0.0604274753
  -0.0635916287
  -0.0658848588
  -0.0676290272
  -0.0471568233
  -0.0220867841
  -0.0146409592
  -0.0084700449
  -0.0004866772
   0.0017481335
   0.0013123322
   0.0015600867
   0.0087662961
   0.0258353820
   0.0350243006
   0.0315961450
   0.0355376246
   0.0453816722
   0.0471006772
   0.0436294844
   0.0484903791
   0.0574936850
   0.0562337234
   0.0530562787
   0.0514010843
   0.0531954476
   0.0600254194
   0.0562394617
   0.0325749300
   0.0208720394
   0.0076704761
  -0.0079536154
  -0.0080564171
  -0.0065478433
  -0.0122560482
  -0.0106802167
  -0.0048052109
  -0.0092445456
  -0.0090928052
  -0.0023834988
   0.0023934637
   0.0037984714
   0.0025441406
  -0.0038128759
  -0.0102338968
  -0.0184897137
  -0.0301334471
  -0.0389091982
  -0.0431384950
  -0.0412466314
  -0.0264606434
  -0.0135148641
  -0.0099592058
  -0.0035131645
  -0.0000865796
  -0.0031855200
  -0.0002543148
  -0.0008340266
  -0.0096437698
  -0.0135927874
  -0.0127135303
  -0.0155992446
  -0.0128309119
  -0.0043503860
  -0.0005436837
   0.0020605026
   0.0047531496
   0.0038729861
  -0.0005690964
  -0.0078273912
  -0.0036980360
   0.0067329044
   0.0075076606
   0.0117346033
   0.0258634550
   0.0227623823
   0.0052007123
  -0.0011766762
   0.0055416736
   0.0168037495
   0.0192481218
   0.0046627410
  -0.0055665673
  -0.0094123026
  -0.0155329196
  -0.0184655135
  -0.0123990291
  -0.0111176350
  -0.0162573440
  -0.0126118124
  -0.0024181039
  -0.0012346736
  -0.0076514485
  -0.0161211254
  -0.0183926290
  -0.0153749948
  -0.0133998042
  -0.0179451636
  -0.0248730514
  -0.0259365524
  -0.0183898106
  -0.0074540663
  -0.0003443118
  -0.0042939348
  -0.0130323505
  -0.0125927422
  -0.0116809310
  -0.0156460431
  -0.0188457415
  -0.0233254349
  -0.0265250928
  -0.0212008458
  -0.0023182616
   0.0188736929
   0.0271985822
   0.0116765005
  -0.0033909915
  -0.0028446408
  -0.0018979811
  -0.0077306705
  -0.0042346914
   0.0020841645
   0.0076209078
   0.0158055191
   0.0182579717
   0.0165766407
   0.0290906486
   0.0412700003
   0.0410562031
   0.0393863893
   0.0375092567
   0.0296795235
   0.0128264308
   0.0061385375
   0.0164303750
   0.0134240044
   0.0052766860
   0.0030318543
  -0.0014600436
  -0.0088117513
  -0.0067927185
   0.0011112241
   0.0108624735
   0.0275037258
   0.0307545924
   0.0250749665
   0.0326152096
   0.0289453967
   0.0042039936
  -0.0037192687
  -0.0033339999
  -0.0039109207
   0.0057100551
   0.0174360874
   0.0100088806
   0.0049634845
   0.0069649475
  -0.0059621610
  -0.0139581729
  -0.0099272549
  -0.0131116626
  -0.0138515480
  -0.0072164522
  -0.0073514086
  -0.0110520502
  -0.0101596741
  -0.0156761438
  -0.0173881534
  -0.0060013547
  -0.0020776678
  -0.0099024626
  -0.0123539439
  -0.0130267237
  -0.0119604651
  -0.0047842012
  -0.0009250640
   0.0042242277
   0.0121576759
   0.0101479947
   0.0082575170
   0.0124128882
   0.0097658029
   0.0081916412
   0.0108404936
   0.0004332076
  -0.0096699683
  -0.0063082107
  -0.0013931276
   0.0063221346
   0.0112885876
  -0.0005145688
  -0.0100037658
  -0.0080797911
  -0.0132132893
  -0.0171500344
  -0.0061557088
   0.0034156753
   0.0047080786
   0.0031085264
   0.0010152719
   0.0024140891
  -0.0010157038
  -0.0121519782
  -0.0143212367
  -0.0037252726
   0.0017792034
  -0.0011729889
  -0.0025891447
  -0.0011053399
  -0.0044266111
  -0.0131686806
  -0.0223382553
  -0.0263886916
  -0.0254974105
  -0.0226006658
  -0.0201499975
  -0.0195479934
  -0.0167556330
  -0.0149155762
  -0.0186076225
  -0.0218713445
  -0.0217624487
  -0.0207563104
  -0.0209812293
  -0.0221547210
  -0.0169724311
  -0.0060253927
  -0.0015559239
  -0.0046791742
  -0.0016832694
   0.0077771578
   0.0057801444
   0.0028096676
   0.0018495655
  -0.0007438724
   0.0006914253
   0.0031028500
   0.0035749891
   0.0027008782
   0.0028584229
   0.0020859863
  -0.0002382617
   0.0016570730
   0.0048541618
   0.0048138143
  -0.0006458852
  -0.0114947202
  -0.0168386253
  -0.0176878932
  -0.0178931843
  -0.0127033109
  -0.0036959627
   0.0032213113
   0.0033491445
  -0.0023532328
  -0.0066636616
  -0.0031158747
   0.0016115407
   0.0089904506
   0.0260129447
   0.0382957176
   0.0414901238
   0.0412570232
   0.0392427697
   0.0394170375
   0.0367679620
   0.0225609133
   0.0012737903
  -0.0112949748
  -0.0228737823
  -0.0316959568
  -0.0238624320
  -0.0088733701
   0.0008070085
   0.0041124982
   0.0043141030
   0.0042531361
   0.0044739135
   0.0029103240
  -0.0017609311
  -0.0059180470
  -0.0090859162
  -0.0124984760
  -0.0113910862
  -0.0135524571
  -0.0181695756
  -0.0131443182
  -0.0053605736
  -0.0068525854
  -0.0093441152
  -0.0056763046
   0.0058356042
   0.0222551919
   0.0247582956
   0.0190834854
   0.0197310512
   0.0073019538
  -0.0031263547
   0.0137851521
   0.0357877576
   0.0409299910
   0.0389009355
   0.0380785747
   0.0345345177
   0.0234594839
   0.0109890911
   0.0115489197
   0.0201743295
   0.0088267702
  -0.0098916298
  -0.0114475567
  -0.0070054542
  -0.0059918288
  -0.0077916870
  -0.0179924183
  -0.0303944990
  -0.0287326945
  -0.0235408846
  -0.0201619202
  -0.0103585983
   0.0005279249
   0.0046709571
   0.0048909741
   0.0041572163
   0.0041513310
   0.0041654182
   0.0039840536
   0.0032048517
   0.0035142960
   0.0040585470
   0.0046817311
   0.0048966181
   0.0034503484
  -0.0012764830
  -0.0058083888
  -0.0077364179
  -0.0078001424
  -0.0044063263
   0.0040209490
   0.0148324824
   0.0218213828
   0.0264033212
   0.0340348905
   0.0362550942
   0.0268380327
   0.0115180992
   0.0035752598
   0.0030550447
   0.0042295706
   0.0052687842
   0.0050411705
   0.0025795336
  -0.0028765127
  -0.0059071646
  -0.0069932020
  -0.0088372918
  -0.0073889042
  -0.0037629558
   0.0008412322
   0.0045659746
   0.0054665709
   0.0027896049
  -0.0037927544
  -0.0071538358
  -0.0035647899
   0.0027346997
   0.0041273924
  -0.0024924503
  -0.0107433177
  -0.0126310144
  -0.0102540823
  -0.0124038042
  -0.0147342825
  -0.0160489303
  -0.0182413955
  -0.0180742651
  -0.0140815463
  -0.0087627102
  -0.0030565381
   0.0034402081
   0.0051625121
  -0.0014831388
  -0.0143317198
  -0.0219420290
  -0.0191241807
  -0.0093143673
  -0.0020153151
  -0.0019948336
  -0.0093033084
  -0.0157638607
  -0.0176584008
  -0.0191133428
  -0.0135692462
  -0.0041627377
  -0.0014150244
  -0.0039324221
  -0.0105057157
  -0.0189932239
  -0.0224052088
  -0.0266935817
  -0.0305912537
  -0.0235362108
  -0.0140344030
  -0.0107936342
  -0.0007807228
   0.0117790396
   0.0172666353
   0.0260343975
   0.0235083406
   0.0081419948
   0.0016464176
   0.0004268165
   0.0022387811
   0.0125497455
   0.0327061809
   0.0365635631
   0.0180838661
   0.0048424612
   0.0020222274
   0.0018177402
   0.0026144956
   0.0035617109
   0.0081804840
   0.0182321899
   0.0212144515
   0.0126254687
   0.0051653965
  -0.0003631946
  -0.0072400694
  -0.0089153276
  -0.0054178369
  -0.0060001635
  -0.0124785339
  -0.0142686999
  -0.0107621750
  -0.0083888196
  -0.0056446993
  -0.0084209835
  -0.0155535308
  -0.0137403103
  -0.0032545924
   0.0044199958
   0.0056739353
   0.0024735515
  -0.0018966347
  -0.0001083838
   0.0032139408
   0.0018690493
  -0.0001584972
   0.0006319512
   0.0069271255
   0.0142080220
   0.0081263970
  -0.0029416566
  -0.0010937426
   0.0038885343
   0.0057930992
   0.0036815845
  -0.0009170572
  -0.0023892350
   0.0015241757
   0.0044583552
   0.0057400818
   0.0056073649
   0.0038699142
  -0.0004823074
  -0.0015284378
   0.0081802802
   0.0247143865
   0.0245386791
   0.0124307823
   0.0077348444
   0.0108072398
   0.0082286005
   0.0085545266
   0.0203031370
   0.0310149042
   0.0332340940
   0.0334448091
   0.0246247332
   0.0061359938
  -0.0101698935
  -0.0156639677
  -0.0140447238
  -0.0134982677
  -0.0105032217
  -0.0036976274
   0.0030045548
   0.0056420654
   0.0047044764
  -0.0001619291
  -0.0065601421
  -0.0136802204
  -0.0173427945
  -0.0160180388
  -0.0112598860
  -0.0048460349
  -0.0006495357
   0.0026482512
   0.0108083348
   0.0250643212
   0.0251196359
   0.0123658666
   0.0048091557
   0.0026763638
   0.0030817643
   0.0066885512
   0.0175388192
   0.0285826269
   0.0355758968
   0.0316734802
   0.0153948051
   0.0076980078
   0.0116383702
   0.0102607837
   0.0070952434
   0.0043373471
  -0.0035939863
  -0.0144929294
  -0.0222551108
  -0.0245639742
  -0.0225459593
  -0.0187514550
  -0.0178617048
  -0.0177268346
  -0.0167137616
  -0.0159235698
  -0.0194911579
  -0.0194700195
  -0.0114447686
  -0.0070232967
  -0.0108757547
  -0.0156322854
  -0.0193494342
  -0.0196932048
  -0.0107385019
   0.0039281458
   0.0187233212
   0.0253926207
   0.0254412340
   0.0276446993
   0.0322294562
   0.0273866990
   0.0129070812
   0.0046800106
   0.0039823078
   0.0028410792
  -0.0022920064
  -0.0084120729
  -0.0088847869
  -0.0049001584
  -0.0059290938
  -0.0150048240
  -0.0211818973
  -0.0168739169
  -0.0038646078
   0.0073122645
   0.0175504580
   0.0236450256
   0.0216973200
   0.0102747442
  -0.0039261363
  -0.0128173367
  -0.0175427630
  -0.0208981761
  -0.0239406594
  -0.0232755543
  -0.0198440530
  -0.0162594325
  -0.0166476698
  -0.0168430254
  -0.0179975179
  -0.0180314104
  -0.0160962054
  -0.0115832076
  -0.0106247093
  -0.0100662463
  -0.0067797962
  -0.0034939960
  -0.0015385995
  -0.0007102779
  -0.0033074405
  -0.0060616687
  -0.0067530148
  -0.0051495391
   0.0033346112
   0.0141353605
   0.0118104482
   0.0059906669
   0.0043476963
   0.0043135717
   0.0050768858
   0.0053447446
   0.0055107598
   0.0046469972
   0.0023117224
  -0.0000508326
   0.0010491167
   0.0033968900
   0.0088592545
   0.0196860978
   0.0225230467
   0.0110924717
  -0.0027072847
  -0.0109345570
  -0.0130524649
  -0.0128226289
  -0.0102817802
  -0.0069766198
  -0.0075737625
  -0.0119729150
  -0.0130182075
  -0.0071820883
  -0.0019079106
  -0.0005090364
  -0.0014355251
  -0.0043354036
  -0.0071374685
  -0.0037986062
   0.0004568497
  -0.0049835219
  -0.0149273468
  -0.0164236025
  -0.0132613957
  -0.0088349853
  -0.0003075883
   0.0046861048
   0.0047381661
   0.0046938413
   0.0024742318
  -0.0020503095
  -0.0022059411
   0.0014651777
   0.0017998076
   0.0033456255
   0.0157567638
   0.0303048458
   0.0334865993
   0.0331032892
   0.0289961492
   0.0266109949
   0.0216179876
   0.0122158091
   0.0114406221
   0.0189118435
   0.0137370153
   0.0131098377
   0.0277793769
   0.0305455399
   0.0151611875
   0.0082712210
   0.0199244297
   0.0309036258
   0.0254451170
   0.0115566147
   0.0050784765
   0.0047506454
   0.0032644438
  -0.0031337496
  -0.0076855650
  -0.0058895299
  -0.0044522448
  -0.0058274570
  -0.0106293425
  -0.0144920271
  -0.0121986855
  -0.0075175870
  -0.0046423447
  -0.0056813737
  -0.0100668577
  -0.0167934287
  -0.0220533681
  -0.0215374588
  -0.0166549897
  -0.0083468540
   0.0005347994
   0.0056508817
   0.0067561394
   0.0034002945
  -0.0057294315
  -0.0139805279
  -0.0175959994
  -0.0197020657
  -0.0173581642
  -0.0116749595
  -0.0056051669
   0.0003143384
   0.0082274538
   0.0190227163
   0.0210495616
   0.0118962793
   0.0050149862
   0.0032343725
   0.0046638542
   0.0092166398
   0.0145607447
   0.0095407157
  -0.0010213488
  -0.0070353968
  -0.0125355620
  -0.0164215242
  -0.0148194648
  -0.0106445196
  -0.0105009101
  -0.0074378440
  -0.0076602851
  -0.0163675376
  -0.0216376762
  -0.0228085624
  -0.0221725645
  -0.0185074254
  -0.0168356852
  -0.0193893387
  -0.0199651250
  -0.0120994109
  -0.0057756217
  -0.0051765040
  -0.0072182994
  -0.0087462932
  -0.0051891648
   0.0023458865
   0.0094435814
   0.0157870470
   0.0118094445
   0.0061985788
   0.0049950796
   0.0033013565
   0.0003824974
  -0.0007321320
   0.0009885876
  -0.0008981834
  -0.0018564393
   0.0017948459
   0.0042053805
   0.0039367765
   0.0038436316
   0.0078763958
   0.0201742991
   0.0299535221
   0.0296042261
   0.0292718003
   0.0290855592
   0.0162718114
   0.0031455871
  -0.0059392463
  -0.0126009543
  -0.0104715698
  -0.0060258003
  -0.0053897598
  -0.0024429763
   0.0057549476
   0.0140514354
   0.0116654396
   0.0053765668
   0.0000363181
  -0.0051608342
  -0.0100289646
  -0.0141627949
  -0.0125142817
  -0.0111706180
  -0.0126911449
  -0.0135435353
  -0.0105640922
  -0.0049918840
   0.0050203605
   0.0139452465
   0.0114984815
   0.0064509685
   0.0040504911
  -0.0004074401
  -0.0050452339
  -0.0100241844
  -0.0135385473
  -0.0134141195
  -0.0078556467
  -0.0019951377
   0.0032733453
   0.0054461036
   0.0055048035
   0.0052085716
   0.0054130719
   0.0053918290
   0.0051744956
   0.0042723817
   0.0051546306
   0.0091335126
   0.0157071671
   0.0122609653
   0.0073139069
   0.0053820902
  -0.0001599501
  -0.0099979809
  -0.0129870017
  -0.0096621729
  -0.0091667146
  -0.0087190119
  -0.0089180629
  -0.0132059491
  -0.0135685568
  -0.0084269570
  -0.0028955718
   0.0028143434
   0.0038144160
   0.0001758483
  -0.0005715441
  -0.0013139695
  -0.0019039911
   0.0023347283
   0.0036098964
  -0.0010137945
  -0.0022927901
   0.0052809410
   0.0181583017
   0.0230891104
   0.0200204296
   0.0145945560
   0.0149177864
   0.0112627856
   0.0057446319
   0.0034930055
  -0.0001589505
  -0.0036047086
  -0.0106565538
  -0.0166902002
  -0.0200605369
  -0.0210897094
  -0.0176631151
  -0.0132234378
  -0.0133770639
  -0.0160922717
  -0.0166016520
  -0.0159722642
  -0.0196525196
  -0.0230880357
  -0.0239734062
  -0.0223741957
  -0.0178076573
  -0.0092469007
  -0.0035122896
  -0.0025588209
  -0.0052419419
  -0.0073575403
  -0.0115007525
  -0.0157097220
  -0.0192878134
  -0.0213983811
  -0.0208014462
  -0.0171273245
  -0.0109421304
  -0.0019763017
   0.0069459665
   0.0204415455
   0.0337580329
   0.0389252371
   0.0363558084
   0.0293099002
   0.0243234828
   0.0210834541
   0.0152510841
   0.0141062838
   0.0084729901
   0.0015606564
   0.0024529646
   0.0044004795
   0.0038928005
   0.0014569271
  -0.0040145314
  -0.0100771197
  -0.0141621460
  -0.0167241737
  -0.0192323162
  -0.0183629237
  -0.0132998098
  -0.0095131111
  -0.0058185018
  -0.0034187726
   0.0002919455
   0.0013300104
  -0.0029673917
  -0.0077751372
  -0.0062417508
   0.0010715407
   0.0049831001
   0.0046570848
   0.0041179901
   0.0046158745
   0.0052584289
   0.0054816689
   0.0049764129
   0.0041767123
   0.0049198096
   0.0092309602
   0.0153274764
   0.0115052134
   0.0051088712
   0.0048496989
   0.0078026516
   0.0128365793
   0.0095703541
   0.0096963979
   0.0187729584
   0.0225204513
   0.0168526771
   0.0154069407
   0.0096675625
   0.0052234131
   0.0080980340
   0.0134492184
   0.0110850910
   0.0060119260
   0.0040685576
   0.0015983984
   0.0005538828
   0.0000341955
  -0.0040194455
  -0.0096255736
  -0.0094683473
  -0.0091191547
  -0.0063382414
  -0.0002268836
   0.0042951929
   0.0055332821
   0.0052429588
   0.0047940060
   0.0049036369
   0.0055799235
   0.0060097270
   0.0037034519
  -0.0026296717
  -0.0083914394
  -0.0093219791
  -0.0083276368
  -0.0083127081
  -0.0058840461
  -0.0017279846
   0.0029002658
   0.0046154517
   0.0010246043
  -0.0031311298
  -0.0034464056
   0.0001133784
  -0.0003332344
  -0.0019065571
   0.0003333979
   0.0015716373
  -0.0020109221
  -0.0080103049
  -0.0146613068
  -0.0181484878
  -0.0182454001
  -0.0162395817
  -0.0149277828
  -0.0132372563
  -0.0136844683
  -0.0156416532
  -0.0161756696
  -0.0141670225
  -0.0127007864
  -0.0094643305
  -0.0057065087
  -0.0027684736
   0.0002612286
   0.0004584108
   0.0014239390
   0.0009483178
   0.0026193731
   0.0049754751
   0.0060963367
   0.0061520783
   0.0025184116
  -0.0056400083
  -0.0101372471
  -0.0096285968
  -0.0102973932
  -0.0080088085
  -0.0000360904
   0.0051443706
   0.0054438103
   0.0053386109
   0.0052995824
   0.0053988326
   0.0041540795
   0.0019520813
   0.0020410593
   0.0033411150
   0.0067881918
   0.0182489080
   0.0297006518
   0.0328228325
   0.0271709147
   0.0199248251
   0.0096312632
   0.0024977588
  -0.0004145512
   0.0002040500
   0.0015209689
   0.0002435903
  -0.0018832927
  -0.0020847079
   0.0008917377
   0.0029118478
   0.0033046961
   0.0033517998
   0.0034112276
   0.0037279877
   0.0038566786
   0.0025214784
  -0.0016004717
  -0.0057877370
  -0.0098704265
  -0.0137786838
  -0.0143093039
  -0.0113292626
  -0.0081329970
  -0.0043393099
   0.0001063230
   0.0027705266
   0.0037271229
   0.0037123077
   0.0034990976
   0.0033876459
   0.0034860871
   0.0036904110
   0.0035488170
   0.0026124750
   0.0017086994
   0.0042750085
   0.0134710665
   0.0234051222
   0.0261217493
   0.0214945736
   0.0114105923
   0.0072288787
   0.0033620659
  -0.0019900077
  -0.0040026960
  -0.0058595306
  -0.0079178434
  -0.0100072372
  -0.0113354774
  -0.0136424855
  -0.0168446171
  -0.0222158450
  -0.0248165505
  -0.0247099763
  -0.0235575318
  -0.0216981412
  -0.0171504501
  -0.0124849920
  -0.0089351277
  -0.0065866255
  -0.0061538758
  -0.0069268750
  -0.0068935473
  -0.0061762420
  -0.0051895186
  -0.0026599650
   0.0001798927
   0.0019487569
   0.0026191876
   0.0038365662
   0.0050177337
   0.0046704491
   0.0048451063
   0.0059194086
   0.0090250213
   0.0093350505
   0.0101156565
   0.0074969586
   0.0043576552
   0.0033247406
   0.0028903911
   0.0045925624
   0.0095970270
   0.0141569552
   0.0141999519
   0.0077305792
   0.0026426072
   0.0021685894
   0.0024071718
   0.0021132311
   0.0001374971
  -0.0009391565
  -0.0008251097
  -0.0009866211
  -0.0015926855
  -0.0006356691
   0.0013316852
   0.0024614220
   0.0022998829
   0.0017712448
   0.0016121521
   0.0031317696
   0.0060662512
   0.0064673906
   0.0034584337
   0.0014027195
   0.0005725655
  -0.0000880834
  -0.0006821035
  -0.0009878708
  -0.0007319315
   0.0004333164
   0.0010409300
   0.0009941141
   0.0007065414
   0.0007320638
   0.0006803008
   0.0003809047
   0.0000622994
   0.0001074288
   0.0000451708
  -0.0001898139
  -0.0005703089
  -0.0004402035
  -0.0003099172
  -0.0003328710
  -0.0013266201
  -0.0023042281
  -0.0027024325
  -0.0030639918
  -0.0030942283
  -0.0029594656
  -0.0026763932
  -0.0021225563
  -0.0014900551
  -0.0011438473
  -0.0011074790
  -0.0010853106
  -0.0006753805
   0.0000755815
   0.0007542447
   0.0006312111
   0.0004022302
   0.0005087034
   0.0006777928
   0.0006040148
   0.0005575046
   0.0006041980
   0.0005445210
   0.0005311768
   0.0007392503
   0.0011281765
   0.0014536271
   0.0011981340
   0.0008432054
   0.0007394159
   0.0006976693
   0.0006934610
   0.0006469767
   0.0006034476
   0.0005389770
   0.0004903625
   0.0004595907
   0.0004193591
   0.0003273949
   0.0002195910
   0.0001362239
   0.0001386123
   0.0001723615
   0.0002192766
   0.0001789723
   0.0001147917
   0.0000740834
   0.0000624129
   0.0000565743
   0.0000525107
   0.0000577390
   0.0000631468
   0.0000534693
   0.0000485088
   0.0000356822
   0.0000154657
   0.0000141988
   0.0000160921
   0.0000009439
   0.0000111311
   0.0000399461
   0.0000504065
   0.0000224965
  -0.0000173856
  -0.0000637636
  -0.0001112425
  -0.0001641196
  -0.0002109000
  -0.0002388890
  -0.0002536345
  -0.0002672660
  -0.0002803840
  -0.0002945875
  -0.0003076726
  -0.0003210217
  -0.0003328613
  -0.0003447831
  -0.0003555750
  -0.0003658127
  -0.0003752155
  -0.0003844079
  -0.0003929690
  -0.0004014863
  -0.0004098951
  -0.0004183787
  -0.0004263771
  -0.0004340814
  -0.0004413133
  -0.0004482163
  -0.0004547125
  -0.0004608781
  -0.0004666731
  -0.0004721178
  -0.0004772024
