  -0.0008211992
  -0.0002619552
  -0.0004896810
  -0.0006992980
  -0.0012691228
  -0.0000879366
   0.0003370551
  -0.0000131616
  -0.0005161095
  -0.0002705765
   0.0005904660
  -0.0013835331
  -0.0005304194
   0.0002904861
   0.0002339673
   0.0001963088
  -0.0005945531
  -0.0000420454
   0.0004250934
  -0.0007600570
  -0.0006874341
   0.0000571314
  -0.0004059586
  -0.0002976275
  -0.0015748782
  -0.0005641980
   0.0006737704
   0.0001877393
  -0.0003233067
   0.0000561944
  -0.0002533608
   0.0000319160
  -0.0001885138
  -0.0000323009
   0.0007961350
  -0.0002020520
  -0.0010525053
   0.0003076107
   0.0005384158
  -0.0004382831
  -0.0006081995
   0.0004168493
   0.0004042628
   0.0006804240
  -0.0009439743
  -0.0003362729
   0.0006045606
   0.0005777052
   0.0000475545
  -0.0010583696
   0.0003666655
   0.0007340647
  -0.0000354611
  -0.0009365399
   0.0002909552
   0.0008727356
  -0.0009830348
  -0.0001685102
   0.0006060098
  -0.0001533678
  -0.0001126111
  -0.0008543305
   0.0004266915
  -0.0000320320
  -0.0000845341
  -0.0008220675
   0.0005218031
   0.0007144299
   0.0006896618
  -0.0005789686
  -0.0003921393
   0.0010206550
   0.0004301010
  -0.0000248598
   0.0002847204
   0.0009090127
   0.0001971957
  -0.0013332092
  -0.0001752322
   0.0008963823
   0.0005594568
   0.0007265229
   0.0006315368
   0.0005937663
   0.0007607442
  -0.0007154527
  -0.0003221273
   0.0009123481
  -0.0003789770
  -0.0003082772
  -0.0003881116
   0.0005199686
   0.0007950582
   0.0002372784
  -0.0009965747
   0.0006937840
   0.0003926916
  -0.0014536202
   0.0000269272
  -0.0001073203
   0.0006342146
  -0.0004839368
  -0.0002944467
   0.0010808091
   0.0005156629
   0.0000612366
  -0.0005176529
   0.0008105180
   0.0003597188
  -0.0012672194
  -0.0001194355
   0.0012993093
   0.0015947765
  -0.0007818959
  -0.0000775866
   0.0008304860
   0.0007919215
   0.0002533108
  -0.0000098025
   0.0007799688
  -0.0000619905
  -0.0008677292
  -0.0000488054
   0.0007634947
   0.0008649620
  -0.0006770342
  -0.0009843860
   0.0006187965
   0.0009531761
  -0.0006943025
  -0.0009243375
   0.0005909152
   0.0012403180
   0.0014361933
  -0.0002643188
   0.0004550976
   0.0011264446
   0.0015084701
  -0.0008408636
  -0.0002330247
   0.0008216170
   0.0006088158
  -0.0005663827
  -0.0004573222
   0.0010544534
   0.0000815457
  -0.0012685084
  -0.0002692205
   0.0009368910
   0.0004838572
  -0.0001028597
   0.0003318815
   0.0007881794
   0.0005114257
  -0.0001930162
   0.0003327866
   0.0007199329
   0.0004902133
  -0.0002269440
   0.0002580924
   0.0008038042
  -0.0008329555
  -0.0004029731
   0.0009131489
  -0.0000283864
  -0.0009514438
   0.0004036628
   0.0007361485
   0.0000501666
  -0.0001671330
   0.0006555948
   0.0005194666
   0.0001890629
  -0.0004049239
   0.0008982916
  -0.0001434473
  -0.0009484416
   0.0002853177
   0.0007428465
  -0.0000538308
  -0.0010153227
   0.0003357606
   0.0006910830
  -0.0000037249
  -0.0010779602
   0.0004157372
   0.0005632060
  -0.0004113133
  -0.0005345993
   0.0003547163
   0.0005528522
   0.0004596570
  -0.0003720011
   0.0002382729
   0.0005884282
   0.0003414337
   0.0005428107
  -0.0005402428
   0.0002997681
   0.0004362958
   0.0003996750
   0.0003762210
   0.0003819636
   0.0003338847
   0.0003632630
   0.0002923414
   0.0003498088
   0.0002493796
   0.0003394352
   0.0002007261
   0.0003366456
   0.0001460091
   0.0003403146
   0.0008805580
   0.0009109496
   0.0015076403
   0.0006739172
   0.0007268709
  -0.0000431548
  -0.0000224073
   0.0011721986
   0.0022047698
   0.0014754144
  -0.0001284845
   0.0009097055
   0.0021278011
   0.0010978937
   0.0002285429
   0.0005100716
   0.0018672146
   0.0033969996
   0.0044059745
   0.0030189962
   0.0011912732
   0.0009300425
   0.0022615613
   0.0029821401
   0.0028503208
   0.0014442515
   0.0006838934
   0.0027050563
   0.0021467941
   0.0029174345
   0.0027199881
   0.0032629120
   0.0029415041
   0.0014727458
   0.0019162162
   0.0013866091
   0.0019091390
   0.0033615591
   0.0021376937
  -0.0001746833
  -0.0022038296
  -0.0029919181
  -0.0031427971
  -0.0029609017
  -0.0008088837
   0.0013446839
   0.0033449991
   0.0014107449
  -0.0023124840
  -0.0033997349
  -0.0012846192
   0.0045156485
   0.0068890290
   0.0050942297
   0.0006435460
  -0.0028988626
  -0.0054007662
  -0.0080769890
  -0.0091948435
  -0.0067398262
  -0.0008827319
   0.0017016832
   0.0023664380
   0.0044716163
   0.0054338091
   0.0026829568
  -0.0002176024
  -0.0022408420
  -0.0074479709
  -0.0107833483
  -0.0121058087
  -0.0112473229
  -0.0044188610
  -0.0011387236
  -0.0018753061
  -0.0074079041
  -0.0119808882
  -0.0143471156
  -0.0119019805
  -0.0094323922
  -0.0061798065
   0.0023891567
   0.0098786079
   0.0141149814
   0.0111145696
   0.0051878794
  -0.0030954104
  -0.0072239947
  -0.0095059209
  -0.0117720606
  -0.0096578799
  -0.0016753141
   0.0078921664
   0.0120999919
   0.0089458866
   0.0011476213
  -0.0095518461
  -0.0201951233
  -0.0243156476
  -0.0202400791
  -0.0104128234
   0.0049465447
   0.0175175538
   0.0169207697
   0.0061272389
  -0.0070002978
  -0.0140137824
  -0.0147259175
  -0.0131897822
  -0.0177562095
  -0.0201937369
  -0.0112982685
   0.0010241323
   0.0059917878
   0.0047361555
   0.0058309035
   0.0066220464
   0.0014092461
  -0.0052646897
  -0.0025410156
   0.0106072363
   0.0250387178
   0.0296958717
   0.0240119464
   0.0137687492
   0.0044088183
  -0.0082899780
  -0.0242649230
  -0.0346808069
  -0.0339633033
  -0.0226032084
  -0.0105651597
   0.0004284907
   0.0073681104
   0.0087307647
   0.0075656173
  -0.0006890676
  -0.0081753630
  -0.0064263867
   0.0007533204
   0.0058696798
   0.0092192614
   0.0109126866
   0.0097113461
   0.0079070439
  -0.0013251859
  -0.0128477906
  -0.0167305536
  -0.0091984170
   0.0014707502
   0.0072171355
   0.0138318119
   0.0244593359
   0.0358829773
   0.0419867719
   0.0372000233
   0.0206219916
   0.0072302701
  -0.0001521078
  -0.0031226199
  -0.0032343995
  -0.0003196574
   0.0045215549
   0.0048220995
  -0.0012770682
  -0.0150945640
  -0.0221156854
  -0.0174850071
  -0.0071837048
   0.0002704081
  -0.0007078326
  -0.0039679252
  -0.0068971787
  -0.0017511695
   0.0130682747
   0.0235184816
   0.0241303038
   0.0186454782
   0.0139882054
   0.0077274147
  -0.0013250435
  -0.0026168418
   0.0009723618
  -0.0052907504
  -0.0173543553
  -0.0197878069
  -0.0069313704
   0.0066911323
   0.0077356624
   0.0025541502
   0.0008848096
   0.0128437126
   0.0252494134
   0.0228526408
   0.0087626151
  -0.0009086137
   0.0029562837
   0.0076890242
   0.0028203302
  -0.0083243656
  -0.0173356854
  -0.0218981931
  -0.0228830588
  -0.0217635322
  -0.0158073955
  -0.0105604375
  -0.0098942631
  -0.0117185194
  -0.0111457299
  -0.0126420360
  -0.0173047670
  -0.0204236091
  -0.0148638558
   0.0008926043
   0.0172120555
   0.0280156853
   0.0343134134
   0.0363836974
   0.0285229936
   0.0081578189
  -0.0153125108
  -0.0257424613
  -0.0255744844
  -0.0184410955
  -0.0102072627
  -0.0037458108
   0.0003934943
   0.0057718416
   0.0138741512
   0.0154065650
   0.0121408614
   0.0038199671
  -0.0034911205
  -0.0044437417
  -0.0057684308
  -0.0099563543
  -0.0156648580
  -0.0199222718
  -0.0242010638
  -0.0306667063
  -0.0352858742
  -0.0372138250
  -0.0363189626
  -0.0353549872
  -0.0323389077
  -0.0271766137
  -0.0170879481
  -0.0012143142
   0.0115949978
   0.0164045590
   0.0186640480
   0.0301337751
   0.0492709919
   0.0596340038
   0.0523288728
   0.0367023053
   0.0208011851
   0.0017669696
  -0.0180694905
  -0.0260919459
  -0.0256029010
  -0.0287304369
  -0.0361974780
  -0.0350462824
  -0.0215093673
  -0.0144013657
  -0.0254455776
  -0.0294167927
  -0.0104215610
   0.0181444432
   0.0310722527
   0.0281325624
   0.0275396499
   0.0330925002
   0.0426967909
   0.0412289264
   0.0320073529
   0.0277027691
   0.0334347295
   0.0431749529
   0.0434345385
   0.0364199948
   0.0321003375
   0.0331271297
   0.0214230333
  -0.0035395996
  -0.0216244931
  -0.0211934697
  -0.0108835674
  -0.0108509811
  -0.0177455392
  -0.0173108506
  -0.0112680213
  -0.0072078871
  -0.0153552504
  -0.0294175641
  -0.0363955186
  -0.0335152675
  -0.0237241319
  -0.0123221189
  -0.0004156165
   0.0102586836
   0.0201783548
   0.0179823372
   0.0007896480
  -0.0112476669
   0.0000652733
   0.0268092619
   0.0407666093
   0.0406958284
   0.0393918545
   0.0430979800
   0.0515258900
   0.0478838113
   0.0298093088
   0.0055179873
  -0.0096403442
  -0.0152971475
  -0.0202629458
  -0.0212526380
  -0.0159195837
  -0.0106798623
  -0.0109916193
  -0.0130863629
  -0.0118896966
  -0.0037840762
   0.0010712363
  -0.0039659738
  -0.0108329659
  -0.0113731878
  -0.0055719017
   0.0028385873
   0.0088665849
   0.0090674775
   0.0055956920
   0.0045335449
   0.0039516529
  -0.0024093381
  -0.0076514196
  -0.0098975238
  -0.0128553378
  -0.0179178735
  -0.0269857242
  -0.0345973084
  -0.0395660026
  -0.0431597334
  -0.0455859651
  -0.0489359554
  -0.0458248689
  -0.0302068494
  -0.0101737194
   0.0030119181
   0.0049004318
  -0.0011010913
  -0.0061909000
   0.0026185660
   0.0242061717
   0.0399444667
   0.0442893299
   0.0457596963
   0.0454122548
   0.0372901516
   0.0163379958
  -0.0100223421
  -0.0193962269
  -0.0135765316
  -0.0075821586
   0.0006194626
   0.0150959526
   0.0319816049
   0.0353071189
   0.0253005967
   0.0130314415
   0.0061122988
   0.0022398601
  -0.0087706272
  -0.0215801899
  -0.0283024157
  -0.0254507272
  -0.0246753897
  -0.0302904938
  -0.0339157894
  -0.0280670145
  -0.0189290646
  -0.0163983858
  -0.0207124807
  -0.0189369954
  -0.0054074545
   0.0155671720
   0.0309384466
   0.0348710502
   0.0321859834
   0.0315113445
   0.0347828607
   0.0333008817
   0.0340143198
   0.0405700073
   0.0486534364
   0.0506511465
   0.0408319904
   0.0229472933
   0.0090017044
   0.0074363165
   0.0117144393
   0.0062158182
  -0.0143658627
  -0.0343125169
  -0.0473252572
  -0.0498029224
  -0.0442442345
  -0.0436412729
  -0.0528655567
  -0.0669489963
  -0.0743538878
  -0.0746823362
  -0.0702333552
  -0.0635252647
  -0.0512897383
  -0.0378513326
  -0.0219151222
  -0.0045173163
   0.0142213070
   0.0383408154
   0.0636313631
   0.0814904165
   0.0865715053
   0.0843033266
   0.0784314515
   0.0705304682
   0.0585589264
   0.0490618599
   0.0355395805
   0.0142223870
  -0.0079977894
  -0.0214350004
  -0.0219187707
  -0.0231719992
  -0.0344121105
  -0.0459189168
  -0.0449915515
  -0.0252576695
   0.0006971174
   0.0147076083
   0.0124519492
   0.0040752953
   0.0037166144
   0.0094644802
   0.0107292797
   0.0013905643
  -0.0069696484
  -0.0037464863
   0.0048006401
   0.0026873058
  -0.0043722082
  -0.0063352263
  -0.0022204292
  -0.0037462403
  -0.0163427993
  -0.0353863226
  -0.0514538999
  -0.0552266366
  -0.0484902963
  -0.0403080866
  -0.0387219690
  -0.0343506698
  -0.0236640255
  -0.0142623787
  -0.0136322744
  -0.0178211486
  -0.0211653450
  -0.0139100795
   0.0026483482
   0.0255435034
   0.0529331686
   0.0685734545
   0.0730037968
   0.0642862376
   0.0483529876
   0.0323252727
   0.0218222835
   0.0203807903
   0.0163205435
   0.0081067962
   0.0031926064
   0.0088840497
   0.0166605545
   0.0133682481
  -0.0016933685
  -0.0149663120
  -0.0197327125
  -0.0256226237
  -0.0357578442
  -0.0435339445
  -0.0382661150
  -0.0197894643
   0.0005829329
   0.0163418278
   0.0253515089
   0.0264456002
   0.0203919756
   0.0168986806
   0.0233061180
   0.0368291480
   0.0434018062
   0.0332266816
   0.0124649837
  -0.0106540747
  -0.0301261445
  -0.0497175683
  -0.0664835728
  -0.0795175161
  -0.0889036057
  -0.0939930756
  -0.0939687036
  -0.0812641886
  -0.0556939157
  -0.0272578397
  -0.0104548020
  -0.0015241811
   0.0049444932
   0.0136065765
   0.0214559324
   0.0200195596
   0.0123789229
   0.0088924496
   0.0139238313
   0.0206209221
   0.0256857532
   0.0293169281
   0.0361230486
   0.0452509703
   0.0589612204
   0.0770998115
   0.0885380677
   0.0853570343
   0.0694738626
   0.0506978473
   0.0415538097
   0.0395601858
   0.0344150710
   0.0217428087
   0.0057929696
  -0.0133806780
  -0.0334124007
  -0.0474878970
  -0.0541124055
  -0.0569140366
  -0.0647592916
  -0.0734503107
  -0.0710130918
  -0.0506019647
  -0.0169339939
   0.0105174123
   0.0199440419
   0.0201247094
   0.0197302919
   0.0213684726
   0.0271817216
   0.0379948542
   0.0494663639
   0.0594005832
   0.0640552771
   0.0628259827
   0.0604355897
   0.0586606257
   0.0549096132
   0.0428354339
   0.0185141405
  -0.0100195317
  -0.0242377782
  -0.0192881458
  -0.0027436554
   0.0074587600
   0.0094237838
   0.0117277365
   0.0164584255
   0.0149960337
   0.0004124844
  -0.0181485713
  -0.0307266251
  -0.0318419820
  -0.0309957385
  -0.0325111169
  -0.0329716202
  -0.0288674120
  -0.0218394210
  -0.0208084320
  -0.0261511767
  -0.0248984486
  -0.0133035320
   0.0058603376
   0.0234050862
   0.0289772423
   0.0253405217
   0.0219652421
   0.0218968588
   0.0121552803
  -0.0097510063
  -0.0285266004
  -0.0383519902
  -0.0403227849
  -0.0351979975
  -0.0274769999
  -0.0185592985
  -0.0099774551
  -0.0060285814
   0.0000183616
   0.0097063528
   0.0168065883
   0.0175755274
   0.0146895201
   0.0157845142
   0.0190071988
   0.0173988316
   0.0078938134
  -0.0073379321
  -0.0249890773
  -0.0448893727
  -0.0637020814
  -0.0735208831
  -0.0710494517
  -0.0708234740
  -0.0810099194
  -0.0887917739
  -0.0832516413
  -0.0666482139
  -0.0521765323
  -0.0410736671
  -0.0326475291
  -0.0207709943
  -0.0036036965
   0.0105167034
   0.0154063315
   0.0156746776
   0.0247825722
   0.0345385780
   0.0369693964
   0.0344957967
   0.0340621464
   0.0435200385
   0.0501826791
   0.0440862857
   0.0269225947
   0.0154908725
   0.0236876469
   0.0384424730
   0.0475416654
   0.0461214816
   0.0390749979
   0.0331834625
   0.0304270311
   0.0265995461
   0.0175795991
   0.0023431022
  -0.0147862845
  -0.0277163207
  -0.0323421184
  -0.0349262155
  -0.0395397959
  -0.0424507361
  -0.0437733069
  -0.0451972018
  -0.0456030401
  -0.0421494117
  -0.0368065065
  -0.0293780978
  -0.0194302038
  -0.0026628672
   0.0136539569
   0.0209512927
   0.0117313308
  -0.0076834951
  -0.0283042504
  -0.0414787548
  -0.0497700442
  -0.0608873991
  -0.0607339328
  -0.0446764879
  -0.0189574562
   0.0073990872
   0.0279704856
   0.0417507036
   0.0531560607
   0.0691784175
   0.0827571340
   0.0892825493
   0.0874127035
   0.0748097627
   0.0568212605
   0.0414172724
   0.0344614383
   0.0342645027
   0.0377204245
   0.0410344717
   0.0465292796
   0.0487574082
   0.0448064162
   0.0373662698
   0.0303302938
   0.0238253100
   0.0132911251
  -0.0010930493
  -0.0186723103
  -0.0363300541
  -0.0524337828
  -0.0716900658
  -0.0934168002
  -0.1150035366
  -0.1290264945
  -0.1358310096
  -0.1351467178
  -0.1257159080
  -0.1129115700
  -0.0982128474
  -0.0802050603
  -0.0564335604
  -0.0349555494
  -0.0220744470
  -0.0172016604
  -0.0104168492
  -0.0014781047
   0.0070153776
   0.0156701514
   0.0269475504
   0.0423209537
   0.0546024095
   0.0595980609
   0.0633647515
   0.0740567331
   0.0917604021
   0.1066265179
   0.1097544708
   0.1019913383
   0.0832501193
   0.0599588246
   0.0350299997
   0.0195249689
   0.0175185003
   0.0152538867
   0.0062784640
  -0.0124146678
  -0.0359554469
  -0.0552408970
  -0.0678927277
  -0.0715086623
  -0.0645172397
  -0.0477345981
  -0.0242848542
   0.0008802446
   0.0201347125
   0.0326201966
   0.0484118640
   0.0739323505
   0.1058955878
   0.1270641226
   0.1355042083
   0.1305682463
   0.1073553214
   0.0668190054
   0.0187487912
  -0.0253546153
  -0.0530137067
  -0.0608270842
  -0.0610298783
  -0.0595388927
  -0.0585433108
  -0.0566869957
  -0.0512127028
  -0.0444992125
  -0.0395377736
  -0.0309479952
  -0.0187612190
  -0.0129898799
  -0.0185593757
  -0.0260693044
  -0.0284346999
  -0.0291498476
  -0.0249046823
  -0.0058478076
   0.0257064141
   0.0587290299
   0.0834084851
   0.0959026797
   0.1008659950
   0.1059431434
   0.1150352473
   0.1270618501
   0.1302424040
   0.1137287090
   0.0798049345
   0.0328451736
  -0.0133266072
  -0.0489175461
  -0.0714077761
  -0.0847480266
  -0.0919806881
  -0.0883264338
  -0.0771639417
  -0.0573237319
  -0.0245252591
   0.0149562275
   0.0420815287
   0.0487316185
   0.0423378827
   0.0265656672
   0.0085557556
  -0.0016523859
   0.0001719579
   0.0057766305
  -0.0022099986
  -0.0300569481
  -0.0631339787
  -0.0922361873
  -0.1077612223
  -0.1093753604
  -0.1051834006
  -0.0912465056
  -0.0617435874
  -0.0173695435
   0.0387408787
   0.0884704349
   0.1253560617
   0.1516022036
   0.1618985627
   0.1499926522
   0.1172502412
   0.0855161089
   0.0629908741
   0.0493506960
   0.0323844201
   0.0094684143
  -0.0190956989
  -0.0514737269
  -0.0777996146
  -0.0956492236
  -0.1055570904
  -0.1128827990
  -0.1167807522
  -0.1191485662
  -0.1161823565
  -0.1037120543
  -0.0830118410
  -0.0583784820
  -0.0330557233
  -0.0079640564
   0.0182688696
   0.0491588891
   0.0836494528
   0.1160168814
   0.1378627655
   0.1475374410
   0.1427586773
   0.1257359227
   0.1013090271
   0.0702593951
   0.0212103988
  -0.0370968854
  -0.0836291880
  -0.1168453203
  -0.1478469589
  -0.1762545140
  -0.1906089850
  -0.1856219857
  -0.1695194245
  -0.1522531794
  -0.1270117093
  -0.0696651482
   0.0175327962
   0.0942119022
   0.1365868329
   0.1567761520
   0.1773265892
   0.2043946861
   0.2253728526
   0.2269210676
   0.2161652894
   0.2042379674
   0.1953194279
   0.1811230724
   0.1526208649
   0.1119800767
   0.0716821016
   0.0375724621
   0.0080136281
  -0.0196883050
  -0.0462969640
  -0.0700509094
  -0.0963990425
  -0.1271544178
  -0.1591156328
  -0.1818594857
  -0.1937673143
  -0.1963985291
  -0.1914948825
  -0.1798419903
  -0.1692495815
  -0.1600917421
  -0.1466473946
  -0.1203654974
  -0.0802606426
  -0.0358243094
   0.0008759261
   0.0191362911
   0.0242206823
   0.0240515170
   0.0218304144
   0.0120290463
  -0.0027469745
  -0.0145523073
  -0.0233074107
  -0.0330537635
  -0.0486229349
  -0.0672427735
  -0.0845855537
  -0.0948110276
  -0.0981376258
  -0.0959301373
  -0.0907793308
  -0.0910260528
  -0.0948444479
  -0.0932039989
  -0.0690429643
  -0.0174570867
   0.0416944124
   0.0869190718
   0.1141698439
   0.1330767882
   0.1506374151
   0.1711811391
   0.1939600593
   0.2122924587
   0.2227778309
   0.2244721943
   0.2195367119
   0.2053082080
   0.1826990368
   0.1442524149
   0.0872198959
   0.0294379957
  -0.0103542764
  -0.0346901471
  -0.0516026962
  -0.0684240119
  -0.0854240833
  -0.0997624383
  -0.1083610148
  -0.1143493918
  -0.1250778583
  -0.1372151671
  -0.1490042423
  -0.1522012248
  -0.1415546306
  -0.1104162670
  -0.0672280336
  -0.0399511591
  -0.0390323834
  -0.0505551180
  -0.0556431285
  -0.0455894677
  -0.0250721172
  -0.0028748075
   0.0164425180
   0.0316316616
   0.0464029164
   0.0600568337
   0.0560650202
   0.0263369792
  -0.0113295246
  -0.0428287415
  -0.0673342987
  -0.0891346287
  -0.1127150514
  -0.1371252681
  -0.1570773305
  -0.1687841163
  -0.1675239660
  -0.1522519077
  -0.1254130825
  -0.0882559656
  -0.0460498250
  -0.0031611689
   0.0299755762
   0.0543001052
   0.0773746999
   0.0963641211
   0.1092495601
   0.1133280828
   0.1046182375
   0.0763062314
   0.0360034195
   0.0035544209
  -0.0108064965
  -0.0082698195
   0.0035019263
   0.0187073776
   0.0377039332
   0.0585472929
   0.0782565736
   0.0947971008
   0.1054650231
   0.1086371125
   0.1096975959
   0.1054647938
   0.0948328144
   0.0805401385
   0.0630093459
   0.0486352356
   0.0420841139
   0.0447889034
   0.0521908135
   0.0608754112
   0.0665403851
   0.0716162618
   0.0708899601
   0.0661835618
   0.0658424166
   0.0685615082
   0.0765443638
   0.0872293611
   0.0973525519
   0.1049923860
   0.1133264775
   0.1197403321
   0.1231956076
   0.1280639576
   0.1310074632
   0.1277010882
   0.1142640586
   0.0876735608
   0.0450985464
  -0.0057512432
  -0.0460792632
  -0.0741742356
  -0.0923236262
  -0.0984732461
  -0.0978383237
  -0.0943332409
  -0.0949498583
  -0.0974054656
  -0.0999867064
  -0.0932214283
  -0.0625181953
  -0.0199037792
   0.0152175081
   0.0331894252
   0.0382199145
   0.0318953127
   0.0095661733
  -0.0268045084
  -0.0720527892
  -0.1183484814
  -0.1559986462
  -0.1863262505
  -0.2105974698
  -0.2249529624
  -0.2274618795
  -0.2136594995
  -0.1908298756
  -0.1634978149
  -0.1404387733
  -0.1223091055
  -0.1056614792
  -0.0901639227
  -0.0778916194
  -0.0669033171
  -0.0563409094
  -0.0441619660
  -0.0314488822
  -0.0171916698
  -0.0004033392
   0.0157973923
   0.0284285913
   0.0360371733
   0.0436532608
   0.0523215341
   0.0634883627
   0.0751244510
   0.0865721099
   0.0956342543
   0.1024448364
   0.1055080963
   0.1031660094
   0.0930897487
   0.0770558418
   0.0611516548
   0.0462363155
   0.0317703463
   0.0198627221
   0.0134237470
   0.0151478321
   0.0281629805
   0.0456565167
   0.0676008269
   0.0869285996
   0.0944579362
   0.0935216060
   0.0895866049
   0.0903951125
   0.0985674608
   0.1120021970
   0.1251093397
   0.1365797861
   0.1432313770
   0.1396338517
   0.1195148339
   0.0782726062
   0.0213282140
  -0.0311535205
  -0.0650910341
  -0.0819216900
  -0.0917751629
  -0.1048744873
  -0.1186793483
  -0.1322696357
  -0.1422086920
  -0.1439000532
  -0.1392170470
  -0.1285749352
  -0.1090913611
  -0.0831043044
  -0.0551610887
  -0.0335490631
  -0.0196603450
  -0.0126596468
  -0.0104676885
  -0.0071987596
   0.0000829934
   0.0141132885
   0.0290509420
   0.0391012671
   0.0424389983
   0.0445473310
   0.0450042691
   0.0422208389
   0.0369394161
   0.0322207172
   0.0322257417
   0.0335548798
   0.0351284883
   0.0307051302
   0.0211556921
   0.0097650582
   0.0020667662
  -0.0064232844
  -0.0159331499
  -0.0250289189
  -0.0315377388
  -0.0275569542
  -0.0187254512
  -0.0072757867
  -0.0017312289
  -0.0020147991
  -0.0005811610
   0.0048850476
   0.0140309721
   0.0268862348
   0.0398687238
   0.0526130388
   0.0643506596
   0.0734658846
   0.0811944501
   0.0851318280
   0.0877091284
   0.0872687441
   0.0820874153
   0.0654099756
   0.0274744564
  -0.0341266936
  -0.0962216837
  -0.1362901577
  -0.1546309174
  -0.1633890062
  -0.1735727622
  -0.1805670619
  -0.1795074124
  -0.1744137727
  -0.1685740044
  -0.1593043332
  -0.1422319381
  -0.1131443860
  -0.0765299366
  -0.0388262327
  -0.0040688656
   0.0248159716
   0.0495675003
   0.0720642976
   0.0959420210
   0.1213790090
   0.1444070696
   0.1577154010
   0.1594299042
   0.1516735266
   0.1360487313
   0.1198208076
   0.1018331393
   0.0754092008
   0.0398767505
   0.0098611889
  -0.0128535886
  -0.0285270799
  -0.0422440642
  -0.0596610861
  -0.0804069996
  -0.1033886513
  -0.1221670016
  -0.1335402519
  -0.1375044828
  -0.1378372677
  -0.1373379027
  -0.1386230295
  -0.1360354299
  -0.1279961372
  -0.1192948398
  -0.1120068880
  -0.1052305601
  -0.0921247309
  -0.0626928229
  -0.0228378383
   0.0189462856
   0.0577788979
   0.0909588162
   0.1125931706
   0.1262573038
   0.1338536060
   0.1360112038
   0.1361406526
   0.1331663537
   0.1262674362
   0.1157797289
   0.1039674702
   0.0910263030
   0.0798980859
   0.0714788072
   0.0632269008
   0.0553360916
   0.0460854552
   0.0291622108
  -0.0012879357
  -0.0423646315
  -0.0774327840
  -0.0992952010
  -0.1071647029
  -0.1052627294
  -0.0953227350
  -0.0837257378
  -0.0678586195
  -0.0460111509
  -0.0274578609
  -0.0080052511
   0.0199358964
   0.0607776106
   0.1017122802
   0.1337988159
   0.1522579329
   0.1580399716
   0.1544431760
   0.1465039356
   0.1381730756
   0.1293928873
   0.1207515504
   0.1069382249
   0.0845540932
   0.0592936718
   0.0377801556
   0.0207586936
   0.0038155492
  -0.0125376097
  -0.0267770508
  -0.0380134303
  -0.0478256230
  -0.0559594848
  -0.0620435567
  -0.0640868627
  -0.0617243234
  -0.0617846174
  -0.0666901196
  -0.0789334642
  -0.0917516457
  -0.1003906058
  -0.1087672492
  -0.1143762031
  -0.1180495129
  -0.1157886729
  -0.1082390507
  -0.0959877836
  -0.0751317063
  -0.0448231159
  -0.0089362921
   0.0212178417
   0.0398139129
   0.0500290877
   0.0516393688
   0.0457876959
   0.0379757152
   0.0295132799
   0.0270030702
   0.0289838721
   0.0362284590
   0.0436538446
   0.0521135279
   0.0600312525
   0.0623671057
   0.0571794598
   0.0441060084
   0.0280915533
   0.0085901870
  -0.0072128595
  -0.0194136480
  -0.0285527654
  -0.0345035315
  -0.0401476360
  -0.0440804689
  -0.0446399403
  -0.0398846730
  -0.0347010717
  -0.0325570255
  -0.0314441913
  -0.0215894466
  -0.0036818223
   0.0127034747
   0.0222325208
   0.0213837546
   0.0163104069
   0.0113657011
   0.0101034868
   0.0159089530
   0.0265494261
   0.0382432441
   0.0471660784
   0.0506899457
   0.0516856735
   0.0529401112
   0.0532916807
   0.0539274579
   0.0549434713
   0.0546278865
   0.0526735414
   0.0463456454
   0.0346687565
   0.0220686302
   0.0141651889
   0.0133774611
   0.0134882337
   0.0057071610
  -0.0044689581
  -0.0134235093
  -0.0216019141
  -0.0280762296
  -0.0355684766
  -0.0408191894
  -0.0417607943
  -0.0462473861
  -0.0531670271
  -0.0619209671
  -0.0728679684
  -0.0816863096
  -0.0846095087
  -0.0812007881
  -0.0723215690
  -0.0556769032
  -0.0371144399
  -0.0239273638
  -0.0184139319
  -0.0158204342
  -0.0118787302
  -0.0069008752
  -0.0006616396
   0.0010341340
  -0.0033085766
  -0.0049140251
  -0.0024817994
   0.0049533309
   0.0141903323
   0.0243962482
   0.0308460874
   0.0291129457
   0.0203050120
   0.0061833195
  -0.0042956606
  -0.0053246773
  -0.0012871733
   0.0070679473
   0.0234155730
   0.0392203541
   0.0495440456
   0.0543887951
   0.0553970111
   0.0518911153
   0.0426522375
   0.0303428446
   0.0143925009
  -0.0042128834
  -0.0222430494
  -0.0370473075
  -0.0459298832
  -0.0477668717
  -0.0410093284
  -0.0273871634
  -0.0154615489
  -0.0096325426
  -0.0097389391
  -0.0114402514
  -0.0072776172
   0.0035671281
   0.0157767960
   0.0264438906
   0.0333754153
   0.0343390988
   0.0298747733
   0.0230672977
   0.0187299983
   0.0171140234
   0.0182063781
   0.0220776368
   0.0271228661
   0.0336034987
   0.0404497110
   0.0473875736
   0.0520158940
   0.0564067283
   0.0596205565
   0.0604544577
   0.0611067053
   0.0605433143
   0.0569980355
   0.0494321722
   0.0364184312
   0.0136801302
  -0.0144809801
  -0.0412456261
  -0.0615080820
  -0.0771539344
  -0.0881103801
  -0.0957212763
  -0.0961289701
  -0.0873636259
  -0.0769639830
  -0.0649041267
  -0.0526195644
  -0.0426032642
  -0.0388694101
  -0.0385834928
  -0.0398355746
  -0.0375431074
  -0.0311306079
  -0.0232241623
  -0.0176671360
  -0.0215186240
  -0.0268374908
  -0.0246046922
  -0.0075365231
   0.0147973885
   0.0332292251
   0.0455135789
   0.0541170339
   0.0613765900
   0.0684818041
   0.0754094927
   0.0768944739
   0.0719967900
   0.0570634583
   0.0347119964
   0.0111266305
  -0.0050942172
  -0.0067698523
   0.0000161419
   0.0117824890
   0.0217515651
   0.0239520068
   0.0180725011
   0.0045814528
  -0.0133533393
  -0.0284809004
  -0.0404080555
  -0.0542940592
  -0.0665649448
  -0.0731641223
  -0.0708876668
  -0.0629310804
  -0.0515984014
  -0.0349090363
  -0.0119517648
   0.0123973822
   0.0303870436
   0.0372428045
   0.0305822904
   0.0174801160
   0.0035468216
  -0.0090306110
  -0.0185556792
  -0.0206393585
  -0.0163618570
  -0.0038323532
   0.0176799975
   0.0376563985
   0.0493287424
   0.0506348638
   0.0457567358
   0.0399626467
   0.0360861258
   0.0302557601
   0.0206015746
   0.0077200802
  -0.0062009761
  -0.0171839725
  -0.0261909766
  -0.0277662947
  -0.0245978747
  -0.0196033658
  -0.0115302401
  -0.0048899262
   0.0031417234
   0.0061932538
   0.0057893774
   0.0044101234
   0.0030540239
   0.0042662328
   0.0073133829
   0.0091039750
   0.0110929746
   0.0121254522
   0.0093515456
   0.0030404306
  -0.0037751739
  -0.0080784984
  -0.0105390990
  -0.0079576372
  -0.0020567041
   0.0057359320
   0.0099845937
   0.0094820910
   0.0083135556
   0.0073628274
   0.0056909450
  -0.0004060134
  -0.0133306227
  -0.0281788254
  -0.0408666407
  -0.0499211546
  -0.0583065544
  -0.0615761734
  -0.0600047123
  -0.0534603248
  -0.0445462469
  -0.0414072442
  -0.0417101322
  -0.0424656428
  -0.0426525085
  -0.0407929827
  -0.0388324247
  -0.0385084379
  -0.0373799464
  -0.0368030456
  -0.0318260954
  -0.0180332703
   0.0017945200
   0.0240997189
   0.0419387785
   0.0570606855
   0.0699860286
   0.0786791742
   0.0812401919
   0.0773603769
   0.0689984943
   0.0569779583
   0.0436504671
   0.0277901038
   0.0054375452
  -0.0146752096
  -0.0281287680
  -0.0358296049
  -0.0407025833
  -0.0438939784
  -0.0444365000
  -0.0424561984
  -0.0364139904
  -0.0317079257
  -0.0245835309
  -0.0170362937
  -0.0089911175
   0.0020367391
   0.0149088596
   0.0306739616
   0.0450379813
   0.0514064069
   0.0508572346
   0.0480499119
   0.0441280871
   0.0388563380
   0.0335628023
   0.0283863312
   0.0200112723
   0.0137931691
   0.0133791561
   0.0172153683
   0.0222582688
   0.0253623918
   0.0250085707
   0.0209589858
   0.0147630488
   0.0092910243
   0.0050404550
   0.0006828220
  -0.0034944416
  -0.0072237403
  -0.0089383581
  -0.0075805907
  -0.0054770053
  -0.0071649557
  -0.0143565600
  -0.0220726331
  -0.0283992990
  -0.0338647938
  -0.0363447523
  -0.0341272774
  -0.0279959000
  -0.0202789680
  -0.0089186146
   0.0004412865
   0.0034245239
   0.0012049380
  -0.0051734167
  -0.0137045585
  -0.0200805563
  -0.0249530301
  -0.0272603624
  -0.0274200625
  -0.0235642234
  -0.0136181453
  -0.0009860960
   0.0144904287
   0.0240460964
   0.0253825941
   0.0200712516
   0.0108695343
  -0.0003010477
  -0.0138263329
  -0.0262528552
  -0.0366710324
  -0.0422493180
  -0.0430572419
  -0.0408869055
  -0.0376520620
  -0.0331527109
  -0.0272491250
  -0.0210652927
  -0.0159412662
  -0.0135166420
  -0.0133704289
  -0.0109441575
  -0.0063886133
  -0.0016486444
   0.0047358261
   0.0106651849
   0.0179402586
   0.0245838853
   0.0295898359
   0.0317074462
   0.0291416750
   0.0243176491
   0.0153658290
   0.0044425721
  -0.0065748640
  -0.0167432858
  -0.0229986016
  -0.0229831945
  -0.0169966043
  -0.0044617841
   0.0096425374
   0.0213897173
   0.0296222763
   0.0334988806
   0.0366807896
   0.0395438614
   0.0437494978
   0.0475483787
   0.0484912136
   0.0458729040
   0.0412539863
   0.0354590007
   0.0295882931
   0.0258908614
   0.0235130610
   0.0234310427
   0.0230877293
   0.0208363024
   0.0183167483
   0.0142178399
   0.0109633278
   0.0084294716
   0.0076678233
   0.0094862544
   0.0147294388
   0.0218126515
   0.0270774162
   0.0270276298
   0.0208240956
   0.0125838247
   0.0043691226
  -0.0020676044
  -0.0031923875
  -0.0017136450
   0.0001075499
   0.0057771914
   0.0149194902
   0.0260015673
   0.0362771404
   0.0427685100
   0.0430302013
   0.0415832895
   0.0361309710
   0.0289157599
   0.0200313057
   0.0081777251
  -0.0032000118
  -0.0173020817
  -0.0275039780
  -0.0358730325
  -0.0421872727
  -0.0459090555
  -0.0517321658
  -0.0552777782
  -0.0573917608
  -0.0564989833
  -0.0504036114
  -0.0423828948
  -0.0331615090
  -0.0206750554
  -0.0046881475
   0.0135552890
   0.0270893624
   0.0384532309
   0.0435470374
   0.0456081480
   0.0439784986
   0.0393950026
   0.0380388864
   0.0334298092
   0.0287710916
   0.0206236178
   0.0087893388
  -0.0041056363
  -0.0125168362
  -0.0184435264
  -0.0208243041
  -0.0207741570
  -0.0186953313
  -0.0147308211
  -0.0142280494
  -0.0167970897
  -0.0228780760
  -0.0273587468
  -0.0327142446
  -0.0386975970
  -0.0441893819
  -0.0460008100
  -0.0411107150
  -0.0315114071
  -0.0177084016
  -0.0045332572
   0.0024861922
   0.0036163808
   0.0020907719
   0.0016472315
   0.0061492967
   0.0107043448
   0.0130320565
   0.0135810453
   0.0114831223
   0.0099314215
   0.0101282800
   0.0096841950
   0.0039427922
  -0.0035345022
  -0.0124969821
  -0.0230763459
  -0.0320926235
  -0.0391531175
  -0.0429631523
  -0.0441538976
  -0.0437494145
  -0.0453186448
  -0.0460940657
  -0.0448590380
  -0.0418131867
  -0.0319195804
  -0.0217522323
  -0.0147022794
  -0.0115436937
  -0.0127748936
  -0.0164144517
  -0.0195143174
  -0.0198534987
  -0.0174630139
  -0.0125715720
  -0.0049202296
   0.0035172646
   0.0112514259
   0.0154737016
   0.0122543714
   0.0054959462
  -0.0033785027
  -0.0112635097
  -0.0152910160
  -0.0155074867
  -0.0147081233
  -0.0143640572
  -0.0121982846
  -0.0075461489
  -0.0032876613
   0.0010845354
   0.0059058396
   0.0095205420
   0.0113151078
   0.0124825799
   0.0131562515
   0.0115730776
   0.0088749139
   0.0048808967
   0.0005934740
  -0.0015173009
   0.0019438537
   0.0058608317
   0.0065960878
   0.0063099308
   0.0076909652
   0.0108789182
   0.0104160757
   0.0111968235
   0.0140434624
   0.0198172492
   0.0275658357
   0.0312377070
   0.0345348252
   0.0349494199
   0.0296437920
   0.0220191983
   0.0143712103
   0.0052740069
  -0.0046988907
  -0.0155292484
  -0.0250873783
  -0.0296446259
  -0.0290350971
  -0.0240308769
  -0.0183706127
  -0.0096311979
  -0.0018129470
   0.0048853624
   0.0077116991
   0.0080661269
   0.0080039877
   0.0085972109
   0.0114052049
   0.0140273757
   0.0168121007
   0.0187576644
   0.0215693695
   0.0209927397
   0.0184276586
   0.0140697942
   0.0071547816
  -0.0004969363
  -0.0080269503
  -0.0123797652
  -0.0139271462
  -0.0132891986
  -0.0102905131
  -0.0083422037
  -0.0064268662
  -0.0061822624
  -0.0077669394
  -0.0086093927
  -0.0074030964
  -0.0062002881
  -0.0071969562
  -0.0083766768
  -0.0089295851
  -0.0080858955
  -0.0059113352
  -0.0014288769
   0.0048463819
   0.0103472025
   0.0132828127
   0.0138123414
   0.0133329494
   0.0128001516
   0.0092389132
   0.0050877625
   0.0031998805
   0.0005721807
  -0.0028391960
  -0.0050028712
  -0.0043734508
  -0.0015653990
   0.0021753692
   0.0032193864
   0.0064735712
   0.0134526765
   0.0191081518
   0.0234353166
   0.0216596646
   0.0180530243
   0.0159966004
   0.0153752901
   0.0156955637
   0.0157599921
   0.0161695456
   0.0186581187
   0.0222783252
   0.0253591186
   0.0283405269
   0.0233565924
   0.0150406392
   0.0058646553
  -0.0062416162
  -0.0175251218
  -0.0275956491
  -0.0338321450
  -0.0376694497
  -0.0385679189
  -0.0353423738
  -0.0305484115
  -0.0288936395
  -0.0302947886
  -0.0296394555
  -0.0261372290
  -0.0178127946
  -0.0058617782
   0.0063754370
   0.0147771883
   0.0192079456
   0.0214135472
   0.0226144458
   0.0239684146
   0.0214977755
   0.0180790788
   0.0157339293
   0.0178692129
   0.0228772838
   0.0261406273
   0.0235180855
   0.0166713707
   0.0090518536
   0.0014057281
  -0.0037584116
  -0.0094207899
  -0.0137658283
  -0.0175246819
  -0.0196091680
  -0.0219764587
  -0.0221541511
  -0.0214537641
  -0.0192232797
  -0.0155539144
  -0.0134142776
  -0.0089323725
  -0.0072127865
  -0.0060377214
  -0.0038487402
  -0.0018965641
  -0.0020782895
  -0.0038606385
  -0.0067682949
  -0.0108369667
  -0.0138246796
  -0.0156652416
  -0.0156061671
  -0.0151978208
  -0.0131263192
  -0.0119013864
  -0.0101755437
  -0.0088081755
  -0.0074576509
  -0.0046807358
  -0.0037427398
  -0.0033572393
  -0.0005841764
   0.0030338925
   0.0062866971
   0.0058850369
  -0.0011930660
  -0.0100851735
  -0.0167284750
  -0.0179775984
  -0.0116330173
  -0.0003526430
   0.0092833895
   0.0148580078
   0.0171531645
   0.0205224084
   0.0247948103
   0.0318314535
   0.0366537907
   0.0395579133
   0.0388418900
   0.0356983840
   0.0315048189
   0.0255293055
   0.0203384552
   0.0146205572
   0.0081812277
  -0.0011671925
  -0.0087696411
  -0.0147562188
  -0.0175912514
  -0.0163836020
  -0.0129704761
  -0.0077907214
  -0.0007932379
   0.0093646301
   0.0195737546
   0.0256205805
   0.0272604458
   0.0252815828
   0.0220259740
   0.0164003893
   0.0091479697
   0.0022888229
  -0.0036769042
  -0.0059610070
  -0.0066815649
  -0.0055858890
  -0.0017643129
   0.0045950106
   0.0084804651
   0.0084552884
   0.0102995551
   0.0115618298
   0.0112674105
   0.0096540917
   0.0033484432
  -0.0030759503
  -0.0090893289
  -0.0131183446
  -0.0125068372
  -0.0107297633
  -0.0111531478
  -0.0145693593
  -0.0158160080
  -0.0170769797
  -0.0148435764
  -0.0104108490
  -0.0010407849
   0.0104042921
   0.0176763719
   0.0206766003
   0.0187630829
   0.0188048343
   0.0161341134
   0.0085459463
  -0.0013343317
  -0.0134062384
  -0.0212233457
  -0.0268418690
  -0.0303860220
  -0.0302882422
  -0.0289529954
  -0.0283691729
  -0.0266587560
  -0.0239134786
  -0.0238981132
  -0.0216520549
  -0.0202462420
  -0.0140273736
  -0.0053122182
   0.0027955975
   0.0063635971
   0.0045109721
   0.0004200174
  -0.0019882810
  -0.0005903344
   0.0021275154
   0.0056144307
   0.0090086616
   0.0119034483
   0.0158374383
   0.0165639401
   0.0154100342
   0.0181404153
   0.0199638251
   0.0234828305
   0.0265077081
   0.0276652834
   0.0282973912
   0.0263935830
   0.0231244853
   0.0189918105
   0.0129147562
   0.0067310323
   0.0027460509
   0.0016612636
   0.0040273019
   0.0085875267
   0.0130400666
   0.0199575163
   0.0247947478
   0.0252626940
   0.0236290207
   0.0200157652
   0.0157105497
   0.0104725900
   0.0044148852
  -0.0033796911
  -0.0098820646
  -0.0136326184
  -0.0160582434
  -0.0149026967
  -0.0132931244
  -0.0112943990
  -0.0116685182
  -0.0156979509
  -0.0200337325
  -0.0272215841
  -0.0317966781
  -0.0299619620
  -0.0245656428
  -0.0155954843
  -0.0007752746
   0.0133482481
   0.0243147094
   0.0299823311
   0.0323868177
   0.0339293619
   0.0326220939
   0.0313852732
   0.0270910095
   0.0208594547
   0.0138164840
   0.0085314357
   0.0041730063
  -0.0000610658
  -0.0045750440
  -0.0104451991
  -0.0165031478
  -0.0204402609
  -0.0228868116
  -0.0231939527
  -0.0225203145
  -0.0206511191
  -0.0189124879
  -0.0156064778
  -0.0131213301
  -0.0104676614
  -0.0100213664
  -0.0109787745
  -0.0090396384
  -0.0050236010
   0.0005613630
   0.0064603740
   0.0149845691
   0.0196453403
   0.0246579811
   0.0273291210
   0.0290551117
   0.0281176974
   0.0241386849
   0.0196974492
   0.0145596606
   0.0100375094
   0.0020649207
  -0.0070726841
  -0.0179527927
  -0.0274276514
  -0.0317687201
  -0.0340215125
  -0.0332796995
  -0.0314238014
  -0.0292363275
  -0.0259761946
  -0.0199678802
  -0.0098649333
  -0.0007043473
   0.0057620490
   0.0089018398
   0.0065032054
   0.0002892479
  -0.0074639555
  -0.0122378865
  -0.0143581049
  -0.0136105898
  -0.0150130440
  -0.0172933045
  -0.0196096642
  -0.0198377225
  -0.0157627462
  -0.0110626796
  -0.0034502489
   0.0047423746
   0.0135346218
   0.0191653561
   0.0205169961
   0.0200642277
   0.0192410593
   0.0177447198
   0.0132045785
   0.0079712388
   0.0038256671
  -0.0004086808
   0.0009934922
   0.0020764631
   0.0009449432
  -0.0018330936
  -0.0074283107
  -0.0126785815
  -0.0188113453
  -0.0234040229
  -0.0238590222
  -0.0224557673
  -0.0200770787
  -0.0161239769
  -0.0104939910
  -0.0024641552
   0.0067370700
   0.0124737380
   0.0131113395
   0.0117918521
   0.0087225775
   0.0060195602
   0.0052577409
   0.0031130337
   0.0010145282
  -0.0008837812
  -0.0004818591
   0.0021924150
   0.0036511041
   0.0056845903
   0.0097487567
   0.0125304712
   0.0108420642
   0.0079714598
   0.0038314171
   0.0002952723
  -0.0038192791
  -0.0078016502
  -0.0115159692
  -0.0145756619
  -0.0163024740
  -0.0177602458
  -0.0192844369
  -0.0203986033
  -0.0194906334
  -0.0168452749
  -0.0135850295
  -0.0103964468
  -0.0075103352
  -0.0041003512
   0.0012676284
   0.0078997865
   0.0142074531
   0.0208305586
   0.0239632650
   0.0246165133
   0.0238884812
   0.0232540175
   0.0219232740
   0.0198415566
   0.0173857804
   0.0129612715
   0.0066094080
  -0.0037567813
  -0.0135295806
  -0.0196444292
  -0.0231166462
  -0.0260279408
  -0.0277548905
  -0.0292989983
  -0.0291738652
  -0.0273630625
  -0.0241511524
  -0.0204659150
  -0.0160230323
  -0.0137716221
  -0.0150564070
  -0.0168579654
  -0.0200770579
  -0.0189416884
  -0.0157932018
  -0.0107821141
  -0.0059683623
  -0.0022696548
   0.0030963090
   0.0074818748
   0.0120307976
   0.0150081384
   0.0164848948
   0.0192908311
   0.0218742798
   0.0241919322
   0.0249010129
   0.0249430854
   0.0262375106
   0.0263075201
   0.0247343495
   0.0200334614
   0.0156023998
   0.0142882455
   0.0139075318
   0.0141171059
   0.0087034823
   0.0005894135
  -0.0075991522
  -0.0163892916
  -0.0196973074
  -0.0229358683
  -0.0221531503
  -0.0182049958
  -0.0162647568
  -0.0157511627
  -0.0173558439
  -0.0194246831
  -0.0212178208
  -0.0208250629
  -0.0177612882
  -0.0131555343
  -0.0075911797
   0.0000319081
   0.0048711750
   0.0088819127
   0.0122473913
   0.0144671826
   0.0167565205
   0.0193342921
   0.0228832882
   0.0227649100
   0.0224459060
   0.0226242447
   0.0221333442
   0.0211363029
   0.0181685212
   0.0128418446
   0.0069881139
   0.0022938891
  -0.0035627958
  -0.0070479452
  -0.0093272591
  -0.0126573097
  -0.0143152840
  -0.0158406156
  -0.0165850055
  -0.0165624661
  -0.0168718339
  -0.0164394658
  -0.0157363561
  -0.0115492957
  -0.0054299667
  -0.0010476293
   0.0016371647
   0.0001415092
  -0.0041543302
  -0.0061332037
  -0.0062163290
  -0.0032191216
  -0.0012855851
  -0.0014322752
  -0.0015418167
  -0.0032662561
  -0.0064682840
  -0.0087149782
  -0.0083552403
  -0.0064948659
  -0.0031521373
  -0.0014655614
  -0.0015356585
  -0.0021929862
  -0.0027145674
  -0.0017161842
   0.0011114542
   0.0049972963
   0.0088262950
   0.0102922978
   0.0093634647
   0.0077686720
   0.0065177243
   0.0072090880
   0.0074880106
   0.0083424872
   0.0091839668
   0.0116358214
   0.0114117993
   0.0124279921
   0.0135252503
   0.0132576485
   0.0125431221
   0.0066290515
   0.0020464610
  -0.0044136364
  -0.0078805329
  -0.0093531384
  -0.0072246723
  -0.0027871747
   0.0006660222
   0.0008644618
  -0.0018192535
  -0.0041959168
  -0.0031201430
   0.0011476709
   0.0065110965
   0.0147048125
   0.0218127557
   0.0262996185
   0.0277509085
   0.0270132026
   0.0295913370
   0.0311092798
   0.0311389473
   0.0313768087
   0.0285945042
   0.0269643544
   0.0259357693
   0.0264428274
   0.0298000937
   0.0310559283
   0.0298840509
   0.0286073886
   0.0240759516
   0.0157678874
   0.0070286185
  -0.0025412929
  -0.0130364681
  -0.0204596104
  -0.0251509873
  -0.0257175681
  -0.0234789527
  -0.0230267680
  -0.0218997985
  -0.0208265057
  -0.0172994590
  -0.0115402015
  -0.0051292490
   0.0007256796
   0.0058921045
   0.0062968149
   0.0053586667
   0.0035361075
  -0.0005246203
  -0.0026582492
  -0.0046924860
  -0.0068518977
  -0.0074888674
  -0.0065477817
  -0.0067057701
  -0.0054264183
  -0.0039643935
  -0.0019340795
  -0.0010264423
  -0.0018199805
  -0.0033171204
  -0.0035512081
  -0.0044785422
  -0.0072444409
  -0.0106878806
  -0.0150249694
  -0.0166966058
  -0.0177897402
  -0.0178267735
  -0.0153459832
  -0.0108018306
  -0.0036188367
   0.0026142879
   0.0060667280
   0.0043989903
   0.0024440134
  -0.0023987887
  -0.0073162684
  -0.0113990755
  -0.0167735391
  -0.0207647876
  -0.0238900240
  -0.0252867949
  -0.0251353300
  -0.0228458233
  -0.0213146625
  -0.0208421254
  -0.0198476569
  -0.0160892765
  -0.0123918553
  -0.0099068014
  -0.0096118650
  -0.0116112243
  -0.0124110088
  -0.0129604354
  -0.0110214703
  -0.0076971426
  -0.0045513662
   0.0002320233
   0.0016352709
   0.0023439445
   0.0026891051
   0.0013705699
  -0.0008841354
  -0.0060474451
  -0.0097280499
  -0.0094354569
  -0.0058136555
   0.0001258623
   0.0051267243
   0.0109527367
   0.0150184021
   0.0202830647
   0.0234196594
   0.0203633817
   0.0179760201
   0.0145775111
   0.0112361355
   0.0075248146
   0.0063120740
   0.0042889599
   0.0039586372
   0.0045712182
   0.0044011106
   0.0047796122
   0.0030036871
  -0.0004189381
  -0.0044914224
  -0.0072424269
  -0.0086933228
  -0.0096987181
  -0.0080786214
  -0.0049979781
  -0.0038083586
   0.0000681028
   0.0043022049
   0.0078192235
   0.0085777112
   0.0080625659
   0.0079553939
   0.0087467306
   0.0099491803
   0.0118454330
   0.0099847688
   0.0066150496
   0.0039809910
   0.0019370804
   0.0034066066
   0.0066278193
   0.0096534954
   0.0126390464
   0.0128154420
   0.0137560628
   0.0129356340
   0.0102625552
   0.0073718632
   0.0012949834
  -0.0026535291
  -0.0068979897
  -0.0091799931
  -0.0085750989
  -0.0055395906
  -0.0040694786
  -0.0013919564
  -0.0000617131
  -0.0017650142
  -0.0029146324
  -0.0078543387
  -0.0112904836
  -0.0132039488
  -0.0143213906
  -0.0133407384
  -0.0110466700
  -0.0068788403
  -0.0010940893
   0.0060201815
   0.0111405198
   0.0149563213
   0.0148702814
   0.0150360442
   0.0146475602
   0.0127347997
   0.0102579956
   0.0060395790
   0.0039288946
   0.0013563993
  -0.0035212508
  -0.0071722840
  -0.0113413979
  -0.0143772502
  -0.0166428936
  -0.0195015310
  -0.0215032169
  -0.0243391439
  -0.0247189841
  -0.0228520362
  -0.0188335469
  -0.0145392081
  -0.0078735486
  -0.0019916622
   0.0023426936
   0.0048212635
   0.0045282577
   0.0048207569
   0.0075379262
   0.0094694776
   0.0113237120
   0.0114733443
   0.0090314324
   0.0067795323
   0.0048784866
   0.0046617427
   0.0046915583
   0.0029884343
  -0.0011206583
  -0.0062240388
  -0.0111667661
  -0.0132568875
  -0.0156621372
  -0.0176336011
  -0.0198724729
  -0.0204646120
  -0.0166563055
  -0.0127466750
  -0.0076845813
  -0.0029519389
   0.0008140619
   0.0019095945
   0.0005629504
  -0.0015142272
  -0.0013011702
  -0.0013811555
   0.0003896648
   0.0034823286
   0.0048163766
   0.0061488734
   0.0063296973
   0.0056911848
   0.0041469060
   0.0036155864
   0.0018293640
  -0.0015253184
  -0.0040445854
  -0.0033318603
  -0.0002470929
   0.0054292621
   0.0101899980
   0.0127894125
   0.0128663708
   0.0104265167
   0.0082842113
   0.0067957838
   0.0059036651
   0.0028111151
   0.0010612034
   0.0009288597
   0.0014368552
   0.0029633931
   0.0034012673
   0.0051436054
   0.0084158950
   0.0110832738
   0.0133118944
   0.0111351471
   0.0083710185
   0.0073986807
   0.0076830844
   0.0092588737
   0.0112643332
   0.0122925931
   0.0126710489
   0.0124185414
   0.0105560572
   0.0085233444
   0.0063774259
   0.0070670237
   0.0080656911
   0.0092616861
   0.0108839219
   0.0135601634
   0.0131374711
   0.0123612245
   0.0117511703
   0.0093051846
   0.0058718189
   0.0013238797
  -0.0023942667
  -0.0033380586
  -0.0030506673
  -0.0039740797
  -0.0043572097
  -0.0051601216
  -0.0044874216
  -0.0025990872
  -0.0004397946
   0.0013924657
   0.0034807003
   0.0046535117
   0.0024456396
  -0.0002606555
  -0.0053994569
  -0.0102354041
  -0.0102861453
  -0.0103761924
  -0.0093266357
  -0.0073632173
  -0.0067492831
  -0.0057430914
  -0.0060717713
  -0.0078051882
  -0.0096353509
  -0.0110742693
  -0.0107136203
  -0.0104231872
  -0.0111347177
  -0.0123467223
  -0.0130467068
  -0.0134024231
  -0.0142374501
  -0.0152223679
  -0.0166233961
  -0.0184660846
  -0.0206573675
  -0.0213716833
  -0.0217412451
  -0.0198340115
  -0.0170126264
  -0.0134155160
  -0.0117623681
  -0.0078187398
  -0.0027237220
   0.0000181475
   0.0028724203
   0.0067539907
   0.0104321729
   0.0123094930
   0.0128507344
   0.0124737401
   0.0118804898
   0.0099299934
   0.0088954268
   0.0081694190
   0.0071125007
   0.0085211782
   0.0090782750
   0.0088826987
   0.0082784925
   0.0065324538
   0.0060102680
   0.0041776118
   0.0042018045
   0.0039304770
   0.0052383913
   0.0060368165
   0.0059242363
   0.0080594720
   0.0093140953
   0.0093292730
   0.0088454694
   0.0089329917
   0.0071838424
   0.0062589185
   0.0060490859
   0.0071924758
   0.0078811771
   0.0085509125
   0.0107302053
   0.0111728497
   0.0138888140
   0.0140191363
   0.0106699967
   0.0067663748
   0.0010884670
  -0.0041592505
  -0.0085455419
  -0.0104935136
  -0.0103352125
  -0.0095308308
  -0.0075141797
  -0.0037860110
  -0.0011603281
  -0.0001205179
   0.0014993599
   0.0015286131
   0.0003939523
  -0.0011350459
  -0.0012123561
   0.0000131310
   0.0011890105
   0.0004122111
  -0.0020201749
  -0.0046077908
  -0.0055575683
  -0.0063169984
  -0.0061106810
  -0.0034250346
  -0.0002349150
   0.0016081292
   0.0035676055
   0.0048552467
   0.0058424453
   0.0063836805
   0.0041853529
   0.0041249650
   0.0014608067
   0.0023151026
   0.0026826608
   0.0009701285
  -0.0005791247
  -0.0036541563
  -0.0048629335
  -0.0049438177
  -0.0046754423
  -0.0043341033
  -0.0012391036
   0.0009280667
   0.0029159355
   0.0038458589
   0.0021439608
   0.0014715904
  -0.0000594024
  -0.0028236201
  -0.0030834579
  -0.0031799347
  -0.0027993315
  -0.0022411985
  -0.0016870956
  -0.0001833130
   0.0014342137
   0.0055424531
   0.0092634020
   0.0123167587
   0.0150180977
   0.0147771487
   0.0131028812
   0.0102440959
   0.0058658228
   0.0028697204
   0.0007861102
   0.0000940495
   0.0015798012
   0.0023934807
   0.0008778587
   0.0006763712
   0.0014330283
   0.0029669019
   0.0062174110
   0.0084222643
   0.0099837723
   0.0090685012
   0.0073855628
   0.0053501626
   0.0014288556
  -0.0018702557
  -0.0050353095
  -0.0056548040
  -0.0068545392
  -0.0096077974
  -0.0105672571
  -0.0093139577
  -0.0037146317
   0.0013368238
   0.0049495677
   0.0079821551
   0.0077214583
   0.0056412107
   0.0029323412
  -0.0009207107
  -0.0017492064
  -0.0020176383
  -0.0026354992
  -0.0011582074
   0.0011055533
   0.0039160748
   0.0070350524
   0.0082037483
   0.0091521915
   0.0090671210
   0.0074473350
   0.0046214445
   0.0016001808
  -0.0001591224
  -0.0001936671
  -0.0016422472
  -0.0025359265
  -0.0035393161
  -0.0058304574
  -0.0067708531
  -0.0082410089
  -0.0081461875
  -0.0078976829
  -0.0089311445
  -0.0109346631
  -0.0114991674
  -0.0107219410
  -0.0076227632
  -0.0017074000
   0.0017354841
   0.0035676451
   0.0039165397
   0.0024014803
  -0.0001996894
  -0.0030790484
  -0.0055949644
  -0.0083866153
  -0.0092731820
  -0.0086554305
  -0.0090537779
  -0.0102792528
  -0.0102388295
  -0.0095033232
  -0.0076522077
  -0.0074056274
  -0.0071827708
  -0.0070720586
  -0.0064925767
  -0.0047114520
  -0.0034035981
  -0.0021781128
  -0.0016047950
   0.0016039040
   0.0032514745
   0.0050764855
   0.0082557655
   0.0115448195
   0.0127214399
   0.0120916337
   0.0103508864
   0.0055462622
   0.0028248376
  -0.0003976792
  -0.0012387406
  -0.0024267592
  -0.0033673404
  -0.0042649819
  -0.0054127208
  -0.0056741390
  -0.0053169946
  -0.0044971558
  -0.0050341900
  -0.0031943160
  -0.0017661144
  -0.0011467607
   0.0007324485
   0.0054242521
   0.0082440152
   0.0085742149
   0.0087201382
   0.0058084913
   0.0021805209
  -0.0024960619
  -0.0060646098
  -0.0094521045
  -0.0127948185
  -0.0155255916
  -0.0187267918
  -0.0217458526
  -0.0232883968
  -0.0234066499
  -0.0211071566
  -0.0162496375
  -0.0119024267
  -0.0073229337
  -0.0032308552
   0.0010853679
   0.0046848242
   0.0057680534
   0.0082518814
   0.0093119062
   0.0071049806
   0.0038939899
  -0.0011740911
  -0.0084386575
  -0.0118390554
  -0.0129253264
  -0.0122810743
  -0.0101378515
  -0.0097884816
  -0.0096312354
  -0.0114069896
  -0.0125726416
  -0.0122432863
  -0.0114894603
  -0.0089707235
  -0.0070391241
  -0.0055060369
  -0.0029825842
  -0.0020818858
  -0.0020473621
  -0.0017883855
  -0.0017708956
  -0.0011966144
   0.0005845187
   0.0006347212
   0.0010518530
   0.0030760129
   0.0060727928
   0.0115657306
   0.0159695703
   0.0207085486
   0.0251775275
   0.0281368989
   0.0312928723
   0.0318224052
   0.0302594712
   0.0285767829
   0.0260008168
   0.0217631569
   0.0170128119
   0.0131630085
   0.0093214861
   0.0058142726
   0.0046944979
   0.0035717857
   0.0008652295
   0.0004983770
  -0.0026459423
  -0.0098579449
  -0.0147572696
  -0.0189074071
  -0.0205294260
  -0.0200796035
  -0.0190403439
  -0.0166019220
  -0.0139142826
  -0.0119171812
  -0.0111438285
  -0.0087559477
  -0.0068214463
  -0.0054452571
  -0.0028967694
  -0.0013558433
  -0.0007734441
   0.0003255338
   0.0019126442
   0.0019008927
   0.0019331934
   0.0016068357
  -0.0013087478
  -0.0033388675
  -0.0053164525
  -0.0058197225
  -0.0066471627
  -0.0078579893
  -0.0088387708
  -0.0098307646
  -0.0119086041
  -0.0151103068
  -0.0165941080
  -0.0169707124
  -0.0156903787
  -0.0134662551
  -0.0086685839
  -0.0047088334
   0.0014936569
   0.0069085829
   0.0089358751
   0.0106685186
   0.0126438394
   0.0129391282
   0.0130179420
   0.0131424560
   0.0116701486
   0.0130164264
   0.0133874538
   0.0129710015
   0.0125560982
   0.0132189244
   0.0109276955
   0.0082466505
   0.0058932720
   0.0018705722
  -0.0000111078
  -0.0011080876
  -0.0002937568
   0.0013737255
   0.0036717129
   0.0052927560
   0.0074600297
   0.0097195124
   0.0124214269
   0.0138767343
   0.0107518545
   0.0077852737
   0.0048346212
   0.0020226917
  -0.0005721855
   0.0000873213
   0.0012988466
   0.0040140110
   0.0048899575
   0.0046053640
   0.0032638377
   0.0013660922
   0.0006888743
  -0.0020054318
  -0.0015133916
  -0.0021713913
  -0.0035328739
  -0.0036180716
  -0.0034164033
  -0.0033726172
  -0.0032621427
  -0.0030748787
  -0.0042453509
  -0.0050984328
  -0.0046961304
  -0.0035980778
  -0.0018664279
  -0.0007077548
   0.0008747765
   0.0036139227
   0.0043066061
   0.0036949423
   0.0008605924
  -0.0006537382
  -0.0011489431
  -0.0015986691
  -0.0001784718
   0.0014367743
   0.0034052848
   0.0030229950
   0.0024400606
   0.0014753757
   0.0009801875
   0.0008281199
   0.0011620131
   0.0039389415
   0.0051134541
   0.0084031190
   0.0098156389
   0.0110114734
   0.0118979297
   0.0097855003
   0.0077119784
   0.0048328053
   0.0019562023
   0.0002176781
   0.0001052996
   0.0001099954
  -0.0003060827
  -0.0019880101
  -0.0028678274
  -0.0021848031
  -0.0018804430
  -0.0011405895
  -0.0016575615
  -0.0023333221
  -0.0040677502
  -0.0061641721
  -0.0075963627
  -0.0075121720
  -0.0063874499
  -0.0068800078
  -0.0070255893
  -0.0063662156
  -0.0043010687
  -0.0021419989
  -0.0000669182
   0.0016207123
   0.0016150206
   0.0012241174
   0.0000990286
  -0.0026987976
  -0.0036117232
  -0.0053125476
  -0.0066392131
  -0.0055426908
  -0.0040578597
  -0.0035352339
  -0.0002151028
   0.0026850521
   0.0055508989
   0.0088710902
   0.0116658642
   0.0113467164
   0.0111533896
   0.0101991839
   0.0074543089
   0.0038054398
  -0.0009502700
  -0.0063291761
  -0.0106467235
  -0.0126676506
  -0.0148782810
  -0.0141330446
  -0.0140532342
  -0.0112859178
  -0.0113182706
  -0.0082069611
  -0.0061424000
  -0.0047150046
  -0.0033094251
  -0.0010473278
   0.0016310242
   0.0015509793
   0.0036663965
   0.0019327525
   0.0012941271
   0.0011043397
   0.0024716941
   0.0032555900
   0.0030260743
   0.0029518972
   0.0029458698
   0.0026356931
   0.0040176365
   0.0044075111
   0.0014019489
  -0.0020881075
  -0.0048894321
  -0.0066383354
  -0.0073297178
  -0.0052043914
  -0.0052218751
  -0.0042862016
  -0.0023182111
  -0.0025388036
  -0.0016443456
  -0.0015215590
  -0.0020609908
  -0.0021088685
  -0.0013769420
  -0.0011751842
  -0.0006892788
   0.0005775307
   0.0001333319
   0.0005383185
  -0.0000436164
  -0.0017171951
  -0.0047329239
  -0.0064984852
  -0.0085038364
  -0.0087882380
  -0.0085723907
  -0.0077463765
  -0.0059837048
  -0.0052094848
  -0.0034513310
  -0.0028807097
  -0.0007827365
   0.0013780441
   0.0030808643
   0.0030893018
   0.0030448693
   0.0032609460
   0.0053077628
   0.0078194778
   0.0104770349
   0.0123687467
   0.0122013556
   0.0113226675
   0.0096219766
   0.0078479674
   0.0068962405
   0.0055881574
   0.0033247384
   0.0017557143
  -0.0016646286
  -0.0047135223
  -0.0046179190
  -0.0038048435
  -0.0025649852
  -0.0010097130
  -0.0007145790
  -0.0009217812
  -0.0002487105
   0.0011357758
   0.0017846567
   0.0031420987
   0.0034483288
   0.0028667516
   0.0038374090
   0.0023296694
   0.0009701643
  -0.0003774976
  -0.0005920719
  -0.0014236324
  -0.0021053763
  -0.0001335564
   0.0012370684
   0.0036719943
   0.0050150656
   0.0050498660
   0.0049110583
   0.0036186866
   0.0021558007
   0.0013095388
  -0.0015276956
  -0.0037172378
  -0.0051703228
  -0.0050988643
  -0.0048245659
  -0.0047628312
  -0.0044056493
  -0.0045087101
  -0.0028916260
  -0.0009322956
   0.0025723239
   0.0045025410
   0.0058454850
   0.0056819572
   0.0049371711
   0.0038550927
   0.0038525054
   0.0036867489
   0.0010023749
   0.0023511060
   0.0035538288
   0.0058881162
   0.0086268242
   0.0107036922
   0.0135459280
   0.0137577766
   0.0138083677
   0.0136399321
   0.0123247541
   0.0118778587
   0.0084000751
   0.0061362288
   0.0034681224
  -0.0005236117
  -0.0047801626
  -0.0073061235
  -0.0092406791
  -0.0102202722
  -0.0084466967
  -0.0069640005
  -0.0045782004
  -0.0035987178
  -0.0038975425
  -0.0022186091
  -0.0015777213
  -0.0010280664
  -0.0008256018
  -0.0004199321
   0.0007584529
   0.0005549754
   0.0028946887
   0.0041345449
   0.0043764217
   0.0026763312
   0.0021211900
   0.0027481503
   0.0012088494
   0.0023725383
   0.0007920435
   0.0003486667
   0.0019705947
   0.0030314261
   0.0043373932
   0.0062321489
   0.0068942036
   0.0062404842
   0.0073062903
   0.0047169185
   0.0042793987
   0.0011887985
  -0.0000520616
  -0.0012619271
  -0.0026411138
  -0.0015976148
   0.0002363840
   0.0013068735
   0.0034582694
   0.0088414123
   0.0106304637
   0.0125275065
   0.0135667515
   0.0128868525
   0.0103276027
   0.0071085165
   0.0042492517
   0.0000355759
  -0.0040229196
  -0.0081861271
  -0.0107711895
  -0.0116535490
  -0.0136843458
  -0.0140408105
  -0.0152206875
  -0.0149223945
  -0.0144887900
  -0.0141340036
  -0.0137495539
  -0.0131148003
  -0.0109083293
  -0.0109062799
  -0.0090664622
  -0.0081344831
  -0.0076175094
  -0.0057273612
  -0.0056118955
  -0.0043144514
  -0.0027191750
  -0.0015145829
   0.0001246019
   0.0008091965
   0.0007572958
   0.0005668135
   0.0004762395
  -0.0011227256
  -0.0015257854
   0.0001769343
   0.0004700440
   0.0021340515
   0.0019718356
   0.0019701160
   0.0015282760
  -0.0005727378
  -0.0024963538
  -0.0054127833
  -0.0073551656
  -0.0091653908
  -0.0107945878
  -0.0125331794
  -0.0131721714
  -0.0143039257
  -0.0145893489
  -0.0136241872
  -0.0122672538
  -0.0105145164
  -0.0104748395
  -0.0112406513
  -0.0128397639
  -0.0124223275
  -0.0106744771
  -0.0080756422
  -0.0066348245
  -0.0036499490
  -0.0011701205
   0.0007840881
   0.0029562316
   0.0039788811
   0.0057349376
   0.0076729541
   0.0082487187
   0.0086921428
   0.0095982259
   0.0085614577
   0.0081158570
   0.0080411482
   0.0074205696
   0.0054509654
   0.0025901473
   0.0002981871
  -0.0024314876
  -0.0033325024
  -0.0047270446
  -0.0038954472
  -0.0027645310
  -0.0024430148
  -0.0005607373
  -0.0005834189
   0.0007138370
   0.0020188154
   0.0032071400
   0.0044776665
   0.0059721005
   0.0050880043
   0.0047325195
   0.0055808750
   0.0039292490
   0.0042810770
   0.0054217712
   0.0070031166
   0.0054682239
   0.0042800346
   0.0044362342
   0.0034642466
   0.0036890693
   0.0032907928
   0.0037629024
   0.0038944861
   0.0027926766
   0.0012225067
   0.0003832020
   0.0002601360
   0.0012879303
   0.0017486810
   0.0030143970
   0.0028922661
   0.0031360026
   0.0042842793
   0.0044263582
   0.0055626220
   0.0061730307
   0.0071159803
   0.0076624443
   0.0077097435
   0.0066675171
   0.0063657591
   0.0055857535
   0.0045073049
   0.0044157233
   0.0041218460
   0.0037848059
   0.0039414433
   0.0039014996
   0.0030131795
   0.0023125799
   0.0025130389
   0.0025589975
   0.0022183860
   0.0020964469
   0.0018524750
   0.0016500177
   0.0022476032
   0.0028577930
   0.0014335144
   0.0008673642
  -0.0001060997
  -0.0015828569
  -0.0024583760
  -0.0032471797
  -0.0042236517
  -0.0044878677
  -0.0052149116
  -0.0048088419
  -0.0039021396
  -0.0040379618
  -0.0030556230
  -0.0023398331
  -0.0020004997
   0.0002249061
   0.0013824823
   0.0016781851
   0.0019004184
   0.0020306177
   0.0018194409
   0.0015794142
   0.0008344372
  -0.0002772533
  -0.0004224915
  -0.0012633490
  -0.0010285226
  -0.0017955987
  -0.0027468765
  -0.0031566009
  -0.0040123848
  -0.0047763536
  -0.0052821128
  -0.0068778896
  -0.0083685667
  -0.0089527958
  -0.0095057479
  -0.0088022378
  -0.0071241821
  -0.0057590093
  -0.0037129680
  -0.0021856704
  -0.0011809217
   0.0007611580
   0.0020115563
   0.0027241015
   0.0033588529
   0.0038621708
   0.0031394864
   0.0021028578
   0.0012169120
   0.0001773144
  -0.0005870186
  -0.0011430599
  -0.0015881762
  -0.0017224289
  -0.0023385155
  -0.0029982790
  -0.0038630694
  -0.0044854222
  -0.0044236291
  -0.0040506774
  -0.0037806341
  -0.0033353962
  -0.0024295174
  -0.0026272828
  -0.0027460238
  -0.0022496005
  -0.0014382831
  -0.0004656189
   0.0000953157
   0.0007668786
   0.0017293905
   0.0022541684
   0.0028966901
   0.0029059803
   0.0021400892
   0.0015005501
   0.0008546436
   0.0003006445
   0.0000744961
   0.0003341303
   0.0008050073
   0.0008097500
   0.0002182428
  -0.0000073177
   0.0002266429
   0.0005652096
   0.0011972436
   0.0018260313
   0.0024873034
   0.0028805033
   0.0030547411
   0.0030971387
   0.0030756105
   0.0027642517
   0.0025122946
   0.0024132243
   0.0021521522
   0.0016815983
   0.0013441912
   0.0007180944
  -0.0000111565
  -0.0004262328
  -0.0007191990
  -0.0009130048
  -0.0009651244
  -0.0008209469
  -0.0008769968
  -0.0006986757
  -0.0008504320
  -0.0007290320
  -0.0006891091
  -0.0006597028
  -0.0003109473
  -0.0000360856
   0.0002667739
   0.0003170976
   0.0003516854
   0.0003821397
   0.0004452319
   0.0007674810
   0.0010062667
   0.0012944130
   0.0014013334
   0.0014711645
   0.0016547649
   0.0017075635
   0.0018085279
   0.0016825538
   0.0014179345
   0.0010566590
   0.0007692962
   0.0004512619
   0.0000218083
  -0.0000502637
  -0.0000199845
   0.0000071092
   0.0003472521
   0.0005987526
   0.0008014958
   0.0008651822
   0.0009018988
   0.0008311492
   0.0007126475
   0.0004690829
   0.0001908857
  -0.0000512013
  -0.0002615282
  -0.0003754995
  -0.0003814515
  -0.0002607956
  -0.0001508639
   0.0000527866
   0.0001273613
   0.0001882822
   0.0001684166
   0.0001248422
   0.0000576834
  -0.0000104575
  -0.0000583349
  -0.0000728981
  -0.0000804337
  -0.0000989789
  -0.0001003290
  -0.0001226907
  -0.0001129472
  -0.0001976066
  -0.0001711069
  -0.0001373899
  -0.0000883743
   0.0000132097
  -0.0000336979
  -0.0000264411
  -0.0000028210
  -0.0000098242
   0.0000153655
  -0.0000164005
  -0.0000161913
  -0.0000772191
  -0.0001940105
  -0.0002694507
  -0.0003844418
  -0.0004396816
  -0.0004649471
  -0.0004763407
  -0.0004596134
  -0.0004374810
  -0.0004231870
  -0.0004232681
  -0.0003740175
  -0.0003313272
  -0.0003194512
  -0.0002747792
  -0.0002164436
  -0.0001573791
  -0.0001010483
  -0.0000510092
  -0.0000128997
   0.0000049074
  -0.0000019880
   0.0000149357
  -0.0000061710
  -0.0000411094
  -0.0000602199
  -0.0000979923
  -0.0001130691
  -0.0001268817
  -0.0001249768
  -0.0001162730
  -0.0001037512
  -0.0001060088
  -0.0001019421
  -0.0000970400
  -0.0000807425
  -0.0000791396
  -0.0000744350
  -0.0000580881
  -0.0000492840
  -0.0000343115
  -0.0000200922
   0.0000011636
   0.0000138099
   0.0000167464
   0.0000170389
   0.0000123961
  -0.0000013826
  -0.0000105420
  -0.0000144877
  -0.0000204160
  -0.0000279592
  -0.0000331399
  -0.0000373394
  -0.0000400204
  -0.0000419483
  -0.0000421287
  -0.0000390949
  -0.0000399425
  -0.0000367531
  -0.0000328723
  -0.0000323793
  -0.0000310291
  -0.0000277309
  -0.0000263674
  -0.0000260750
  -0.0000235351
  -0.0000215572
  -0.0000199548
  -0.0000187110
  -0.0000172269
  -0.0000164744
  -0.0000165083
  -0.0000161603
  -0.0000164628
  -0.0000167027
  -0.0000162753
  -0.0000161172
  -0.0000155381
  -0.0000146691
  -0.0000136490
  -0.0000125410
  -0.0000114249
  -0.0000101325
  -0.0000089769
  -0.0000079710
  -0.0000071111
  -0.0000064669
  -0.0000056722
  -0.0000049370
  -0.0000042406
  -0.0000035977
  -0.0000029808
  -0.0000023889
  -0.0000018675
  -0.0000013727
  -0.0000009395
  -0.0000005167
  -0.0000001258
   0.0000002512
   0.0000006135
   0.0000009571
   0.0000012918
   0.0000016128
   0.0000019227
   0.0000022204
   0.0000025056
   0.0000027785
   0.0000030422
   0.0000033003
   0.0000035578
   0.0000038204
