     0.000    0.0003318214
     0.010    0.0001931720
     0.020    0.0002734059
     0.030    0.0001098063
     0.040    0.0002117821
     0.050    0.0001545487
     0.060    0.0004516599
     0.070    0.0003161831
     0.080    0.0005842733
     0.090    0.0000253205
     0.100   -0.0006442938
     0.110   -0.0005481540
     0.120    0.0008648249
     0.130    0.0015132192
     0.140    0.0012393970
     0.150    0.0011188715
     0.160    0.0003902066
     0.170   -0.0007034684
     0.180   -0.0005955541
     0.190    0.0004609395
     0.200    0.0007857662
     0.210    0.0004793553
     0.220    0.0012041288
     0.230   -0.0006572162
     0.240   -0.0015851071
     0.250   -0.0012343065
     0.260    0.0015556684
     0.270    0.0032669034
     0.280    0.0029921941
     0.290    0.0015248448
     0.300    0.0014198776
     0.310    0.0005005640
     0.320   -0.0003767177
     0.330   -0.0006516138
     0.340   -0.0006813049
     0.350   -0.0007232098
     0.360   -0.0002820492
     0.370    0.0002761516
     0.380    0.0005096725
     0.390   -0.0018193725
     0.400   -0.0017210510
     0.410    0.0012892756
     0.420    0.0031807326
     0.430    0.0035117066
     0.440    0.0036131194
     0.450    0.0034444368
     0.460    0.0024877492
     0.470    0.0000144002
     0.480   -0.0009712652
     0.490    0.0010717495
     0.500    0.0026621498
     0.510    0.0019341040
     0.520    0.0015629852
     0.530   -0.0007012735
     0.540   -0.0028738189
     0.550   -0.0012096451
     0.560    0.0022147168
     0.570    0.0024309553
     0.580   -0.0007845805
     0.590   -0.0033474910
     0.600   -0.0024656588
     0.610   -0.0018200447
     0.620   -0.0006798644
     0.630   -0.0018282628
     0.640   -0.0045605344
     0.650   -0.0024833106
     0.660    0.0007153735
     0.670    0.0001167383
     0.680   -0.0010696793
     0.690   -0.0002730488
     0.700   -0.0027379551
     0.710   -0.0072208644
     0.720   -0.0081747558
     0.730   -0.0039874895
     0.740    0.0053219273
     0.750    0.0105270569
     0.760   -0.0005864912
     0.770   -0.0120679010
     0.780   -0.0083824031
     0.790   -0.0050498509
     0.800   -0.0007334514
     0.810    0.0200026368
     0.820    0.0217095773
     0.830   -0.0098712365
     0.840   -0.0176465390
     0.850   -0.0026018673
     0.860    0.0006224211
     0.870    0.0098771451
     0.880    0.0268851354
     0.890    0.0145114217
     0.900   -0.0103355742
     0.910   -0.0235155692
     0.920   -0.0256470422
     0.930   -0.0014155424
     0.940    0.0276673078
     0.950    0.0162463744
     0.960    0.0022674564
     0.970   -0.0074612230
     0.980   -0.0208168970
     0.990   -0.0145539926
     1.000    0.0138672320
     1.010    0.0256425407
     1.020    0.0050514132
     1.030   -0.0078590806
     1.040    0.0111789415
     1.050   -0.0039164563
     1.060   -0.0345821273
     1.070   -0.0003567809
     1.080    0.0365818121
     1.090    0.0080976994
     1.100   -0.0097682858
     1.110    0.0005161928
     1.120   -0.0173456535
     1.130   -0.0229191209
     1.140    0.0080896283
     1.150    0.0184563282
     1.160    0.0169025577
     1.170    0.0121822310
     1.180   -0.0185234642
     1.190   -0.0277731418
     1.200    0.0040377715
     1.210    0.0040565771
     1.220   -0.0154645061
     1.230   -0.0137777308
     1.240    0.0091978079
     1.250    0.0126280844
     1.260   -0.0018115589
     1.270   -0.0117288650
     1.280   -0.0119576973
     1.290   -0.0047172548
     1.300   -0.0011832712
     1.310    0.0062552551
     1.320    0.0116922048
     1.330   -0.0077109261
     1.340   -0.0099559666
     1.350    0.0263481180
     1.360    0.0109771482
     1.370   -0.0221665322
     1.380   -0.0052824547
     1.390   -0.0089163130
     1.400   -0.0205583290
     1.410    0.0220292288
     1.420    0.0246343545
     1.430   -0.0090281500
     1.440    0.0169242436
     1.450    0.0256489583
     1.460   -0.0138437719
     1.470    0.0164163131
     1.480    0.0282477375
     1.490   -0.0498196970
     1.500   -0.0450826826
     1.510    0.0225911661
     1.520    0.0157767668
     1.530    0.0160259366
     1.540    0.0461204221
     1.550    0.0199138149
     1.560   -0.0130706734
     1.570   -0.0345370726
     1.580   -0.0426744534
     1.590    0.0024850423
     1.600    0.0239474520
     1.610    0.0053375626
     1.620    0.0191493136
     1.630    0.0256202567
     1.640    0.0084136616
     1.650    0.0105789550
     1.660   -0.0149196620
     1.670   -0.0526736884
     1.680   -0.0057685239
     1.690    0.0444226568
     1.700    0.0238709887
     1.710    0.0235898730
     1.720    0.0265431390
     1.730   -0.0319657683
     1.740   -0.0523588729
     1.750   -0.0101444666
     1.760    0.0181522593
     1.770    0.0418119449
     1.780    0.0381456195
     1.790    0.0108395000
     1.800    0.0068889384
     1.810   -0.0082655537
     1.820   -0.0322027214
     1.830   -0.0088983955
     1.840    0.0010001868
     1.850   -0.0502783248
     1.860   -0.0732189694
     1.870    0.0197059081
     1.880    0.0737535839
     1.890    0.0376307342
     1.900   -0.0130789462
     1.910   -0.0717618273
     1.920   -0.0698805583
     1.930   -0.0242871369
     1.940    0.0252984052
     1.950    0.0692705551
     1.960    0.0841336046
     1.970    0.0128990517
     1.980   -0.0765578671
     1.990   -0.0986490918
     2.000   -0.0580217908
     2.010   -0.0141020257
     2.020    0.0159667287
     2.030    0.0506129100
     2.040    0.0248848626
     2.050   -0.0503991940
     2.060   -0.0142278931
     2.070    0.0689747793
     2.080    0.0390932090
     2.090   -0.0234594839
     2.100   -0.0457214888
     2.110   -0.0548975723
     2.120   -0.0096124333
     2.130    0.0640347752
     2.140    0.0542216800
     2.150    0.0282550066
     2.160   -0.0012334935
     2.170   -0.0741344608
     2.180   -0.0658117715
     2.190    0.0203825100
     2.200    0.0384607798
     2.210    0.0173043804
     2.220    0.0138494190
     2.230   -0.0146776397
     2.240   -0.0008985280
     2.250    0.0480786918
     2.260    0.0033258781
     2.270   -0.0667720643
     2.280   -0.0177341037
     2.290    0.0370111198
     2.300    0.0114672048
     2.310   -0.0111503109
     2.320    0.0103287714
     2.330    0.0086501980
     2.340   -0.0191367218
     2.350   -0.0066647586
     2.360    0.0292616417
     2.370    0.0335569796
     2.380    0.0079724555
     2.390   -0.0062243190
     2.400    0.0136707106
     2.410    0.0099471463
     2.420   -0.0230991473
     2.430   -0.0124320598
     2.440    0.0405077599
     2.450    0.0142795682
     2.460   -0.0338471691
     2.470    0.0038734200
     2.480    0.0527766330
     2.490    0.0105881201
     2.500   -0.0502822888
     2.510   -0.0509247043
     2.520   -0.0299943897
     2.530    0.0214968852
     2.540    0.0817655333
     2.550    0.0435979846
     2.560   -0.0646934222
     2.570   -0.0874905790
     2.580   -0.0349482631
     2.590   -0.0338498153
     2.600   -0.0333929820
     2.610    0.0261917951
     2.620    0.0384900288
     2.630   -0.0704622046
     2.640   -0.0786082841
     2.650    0.0628715536
     2.660    0.0858612779
     2.670   -0.0792423760
     2.680   -0.1283377094
     2.690   -0.0593177232
     2.700   -0.0671023915
     2.710   -0.0698933833
     2.720    0.0284491963
     2.730    0.0607691168
     2.740    0.0002813540
     2.750   -0.1058439929
     2.760   -0.0841484876
     2.770   -0.0241738613
     2.780   -0.0478579600
     2.790   -0.0077593478
     2.800    0.0516412715
     2.810    0.0057142534
     2.820    0.0048404011
     2.830    0.0944265369
     2.840    0.1085277110
     2.850    0.0159165237
     2.860   -0.0291116958
     2.870    0.0151465883
     2.880    0.0445082649
     2.890    0.0211848374
     2.900    0.0198426235
     2.910    0.0635000390
     2.920    0.0451162709
     2.930   -0.0373263915
     2.940   -0.0083547153
     2.950    0.0786771031
     2.960    0.0460239558
     2.970   -0.0050678059
     2.980    0.0213194035
     2.990    0.0054082734
     3.000   -0.0433106439
     3.010   -0.0276089819
     3.020    0.0196768010
     3.030    0.0674405454
     3.040    0.0424357869
     3.050   -0.0198955355
     3.060   -0.0093986706
     3.070    0.0372508306
     3.080    0.0755474808
     3.090    0.0948471561
     3.100    0.0367228262
     3.110    0.0057971586
     3.120    0.0001596407
     3.130   -0.0365522893
     3.140    0.0050796911
     3.150    0.0742526738
     3.160    0.0407554292
     3.170   -0.0218705740
     3.180   -0.0379788440
     3.190   -0.1292729706
     3.200   -0.1590390146
     3.210   -0.0543399538
     3.220   -0.0221648594
     3.230   -0.0694342587
     3.240   -0.0358693914
     3.250   -0.0190095364
     3.260   -0.0785688460
     3.270   -0.0551103353
     3.280    0.0260047124
     3.290    0.0523768481
     3.300    0.1242870398
     3.310    0.1512118161
     3.320    0.0530002847
     3.330   -0.0121883140
     3.340    0.0463653541
     3.350    0.0676032758
     3.360    0.0431427531
     3.370    0.0321721543
     3.380    0.0541298977
     3.390    0.1206838763
     3.400    0.1334869687
     3.410   -0.0414998870
     3.420   -0.1598609293
     3.430   -0.1091341861
     3.440    0.0099021412
     3.450    0.0129655389
     3.460   -0.0059790149
     3.470    0.0878007815
     3.480    0.0755307526
     3.490    0.0102803608
     3.500    0.0254228431
     3.510   -0.0350692438
     3.520   -0.1265971604
     3.530   -0.0404588221
     3.540    0.0017869876
     3.550   -0.0784568884
     3.560   -0.0957349699
     3.570   -0.0530545146
     3.580   -0.0491664943
     3.590   -0.0306646248
     3.600    0.0016054577
     3.610    0.0231193530
     3.620    0.0643323454
     3.630    0.0860791202
     3.640    0.0341132700
     3.650   -0.0066722143
     3.660   -0.0405151608
     3.670   -0.0715691990
     3.680   -0.0212375669
     3.690    0.0416572846
     3.700    0.0377704708
     3.710    0.0542228764
     3.720    0.0350568953
     3.730   -0.0617947511
     3.740   -0.0742664214
     3.750   -0.0354026834
     3.760   -0.0256241295
     3.770    0.0086762130
     3.780    0.0264145038
     3.790    0.0316951052
     3.800    0.0517858340
     3.810    0.0293750897
     3.820   -0.0314750527
     3.830   -0.0479751084
     3.840   -0.0838632355
     3.850   -0.1271537549
     3.860   -0.1193262522
     3.870   -0.0826478522
     3.880   -0.0672699274
     3.890   -0.0226892140
     3.900    0.0076397854
     3.910   -0.0509036369
     3.920   -0.1456872357
     3.930   -0.1440472590
     3.940   -0.1132679899
     3.950   -0.1306046406
     3.960   -0.1192045922
     3.970   -0.0540206572
     3.980   -0.0408368299
     3.990   -0.0816940378
     4.000   -0.0946536660
     4.010   -0.0641402849
     4.020   -0.0559849794
     4.030   -0.0217103985
     4.040    0.0357908903
     4.050    0.0446540035
     4.060    0.0460219383
     4.070    0.0544555207
     4.080    0.0227098353
     4.090    0.0775800645
     4.100    0.1672786406
     4.110    0.1394018749
     4.120    0.1153991689
     4.130    0.1581705650
     4.140    0.1087041180
     4.150    0.0588311238
     4.160    0.0641327825
     4.170    0.0740357642
     4.180    0.0744173305
     4.190    0.0489818652
     4.200    0.0468878736
     4.210    0.1315041135
     4.220    0.1524001301
     4.230    0.1010927037
     4.240    0.1137652752
     4.250    0.1697405320
     4.260    0.1962658579
     4.270    0.1660613309
     4.280    0.0913505363
     4.290    0.0688721186
     4.300    0.0964054179
     4.310    0.0628426594
     4.320    0.0239779380
     4.330    0.0532300193
     4.340    0.0764788591
     4.350    0.0770561662
     4.360    0.0837637987
     4.370    0.0618653139
     4.380    0.0290653129
     4.390   -0.0008354801
     4.400   -0.0681009159
     4.410   -0.0837371451
     4.420    0.0052998723
     4.430    0.0624297149
     4.440    0.0178898184
     4.450   -0.0222867424
     4.460   -0.0443996834
     4.470   -0.0661195206
     4.480   -0.1042665697
     4.490   -0.1357813748
     4.500   -0.0938203863
     4.510   -0.0162595846
     4.520   -0.0316549777
     4.530   -0.1012718379
     4.540   -0.0896903539
     4.550   -0.0011789127
     4.560    0.0504208089
     4.570    0.0252108201
     4.580   -0.0135550424
     4.590   -0.0179913538
     4.600   -0.0772374497
     4.610   -0.1447719470
     4.620   -0.1714103154
     4.630   -0.1067491433
     4.640   -0.0333448553
     4.650   -0.0091865685
     4.660    0.0077496231
     4.670   -0.0080262870
     4.680   -0.0397846433
     4.690   -0.0915111782
     4.700   -0.1178733277
     4.710   -0.1407182360
     4.720   -0.2044899722
     4.730   -0.2079060835
     4.740   -0.1223064151
     4.750   -0.0574480625
     4.760   -0.0641566481
     4.770   -0.0633241186
     4.780   -0.0247491610
     4.790   -0.0099395618
     4.800   -0.0501584592
     4.810   -0.0346758258
     4.820    0.0322005214
     4.830    0.0728601129
     4.840    0.0740298636
     4.850    0.1078972081
     4.860    0.1532224503
     4.870    0.1234461665
     4.880    0.0304330348
     4.890   -0.0022765251
     4.900    0.0595211184
     4.910    0.1209064127
     4.920    0.1364841640
     4.930    0.1587821093
     4.940    0.1911986177
     4.950    0.1720431501
     4.960    0.0906821363
     4.970   -0.0166117700
     4.980   -0.0936824340
     4.990   -0.0864895098
     5.000   -0.0549085014
     5.010   -0.0453942538
     5.020   -0.0469325836
     5.030   -0.0509620235
     5.040   -0.0389832486
     5.050   -0.0652521862
     5.060   -0.1144146354
     5.070   -0.0805721907
     5.080   -0.0493402856
     5.090   -0.0764360956
     5.100   -0.0377057984
     5.110    0.0310252047
     5.120    0.0263571310
     5.130    0.0384571198
     5.140    0.0863833716
     5.150    0.0852286865
     5.160    0.0379374998
     5.170    0.0289873491
     5.180    0.0543947008
     5.190    0.0371976144
     5.200    0.0424026853
     5.210    0.0584490303
     5.220    0.0360056101
     5.230   -0.0038410129
     5.240    0.0049492259
     5.250    0.0328791915
     5.260    0.0696245451
     5.270    0.1026821510
     5.280    0.0874843439
     5.290    0.0249556687
     5.300   -0.0158008352
     5.310   -0.0838801767
     5.320   -0.1191578544
     5.330   -0.0353463244
     5.340    0.0128950673
     5.350   -0.0513997967
     5.360   -0.0373711827
     5.370    0.0079484185
     5.380   -0.0406373582
     5.390   -0.0038615105
     5.400    0.1053075737
     5.410    0.1165629481
     5.420   -0.0057262693
     5.430   -0.0775028206
     5.440   -0.0645615934
     5.450   -0.0665296162
     5.460   -0.0672279953
     5.470   -0.0453337483
     5.480   -0.0341669220
     5.490    0.0169537360
     5.500    0.1113831725
     5.510    0.1383827696
     5.520    0.0704984998
     5.530   -0.0073729779
     5.540   -0.0506443389
     5.550   -0.0595258835
     5.560   -0.0490248416
     5.570   -0.0277274484
     5.580   -0.0317663878
     5.590   -0.0287076528
     5.600   -0.0129746938
     5.610   -0.0323356147
     5.620   -0.0344303261
     5.630    0.0490789701
     5.640    0.0775316844
     5.650    0.0310905159
     5.660   -0.0419902680
     5.670   -0.0462136339
     5.680   -0.0243634076
     5.690   -0.0296295213
     5.700    0.0022381282
     5.710    0.0008827091
     5.720   -0.0381821784
     5.730   -0.0229476299
     5.740    0.0175189683
     5.750    0.0389309956
     5.760    0.0794103175
     5.770    0.1381198827
     5.780    0.1435699463
     5.790    0.0549469865
     5.800   -0.0408295810
     5.810   -0.0123581006
     5.820    0.0519020396
     5.830    0.0352740280
     5.840    0.0211179447
     5.850    0.0453234984
     5.860    0.0019292822
     5.870   -0.0481884494
     5.880   -0.0094021916
     5.890    0.0207248410
     5.900    0.0161190369
     5.910    0.0282117058
     5.920   -0.0011902018
     5.930   -0.0382309640
     5.940    0.0338907133
     5.950    0.0552713016
     5.960   -0.0585694433
     5.970   -0.0941377972
     5.980   -0.0898580520
     5.990   -0.1517996366
     6.000   -0.1374927254
     6.010   -0.0139209044
     6.020    0.0765210548
     6.030    0.1048115051
     6.040    0.0804972684
     6.050    0.0324473391
     6.060   -0.0261260683
     6.070   -0.0756086454
     6.080   -0.0552320257
     6.090    0.0244631688
     6.100    0.0617108260
     6.110    0.0161205576
     6.120    0.0224121130
     6.130    0.0272980190
     6.140   -0.0612959553
     6.150   -0.0499180591
     6.160    0.0776311718
     6.170    0.0972172449
     6.180    0.0089684575
     6.190   -0.0217414116
     6.200    0.0229627158
     6.210    0.0532838335
     6.220    0.0170481745
     6.230   -0.0000503886
     6.240    0.0545334135
     6.250    0.0675601068
     6.260   -0.0242114542
     6.270   -0.0676863493
     6.280   -0.0214811708
     6.290   -0.0025811222
     6.300   -0.0029354925
     6.310    0.0287204677
     6.320    0.0706846193
     6.330    0.0831539679
     6.340   -0.0131317872
     6.350   -0.0951066467
     6.360   -0.0309154573
     6.370    0.0333614518
     6.380    0.0130412418
     6.390    0.0058259129
     6.400    0.0146396818
     6.410    0.0053580927
     6.420    0.0184663752
     6.430    0.0175922685
     6.440   -0.0156338163
     6.450   -0.0201979822
     6.460   -0.0126686378
     6.470   -0.0528302952
     6.480   -0.0648576530
     6.490   -0.0142132533
     6.500    0.0236853254
     6.510    0.0441510408
     6.520    0.0809329329
     6.530    0.0700211769
     6.540    0.0300130747
     6.550    0.0518520475
     6.560    0.0624760978
     6.570   -0.0025855182
     6.580   -0.0389807140
     6.590    0.0387885216
     6.600    0.0774009404
     6.610    0.0068729675
     6.620   -0.0333300838
     6.630    0.0328542005
     6.640    0.0651658178
     6.650    0.0494310744
     6.660    0.0278507913
     6.670    0.0261540805
     6.680   -0.0140567783
     6.690   -0.0344019286
     6.700    0.0099974871
     6.710    0.0252862290
     6.720    0.0470846992
     6.730    0.1157450888
     6.740    0.0610312941
     6.750   -0.0299742347
     6.760    0.0194102642
     6.770    0.0677820653
     6.780    0.0569225522
     6.790    0.0483544747
     6.800   -0.0260221098
     6.810   -0.1105315525
     6.820   -0.1012371344
     6.830   -0.1021170403
     6.840   -0.1109199520
     6.850   -0.0207224889
     6.860    0.0518046609
     6.870    0.0826709980
     6.880    0.0594527557
     6.890   -0.0505394172
     6.900   -0.0337907290
     6.910    0.0576867189
     6.920   -0.0202781460
     6.930   -0.1305828432
     6.940   -0.0389017871
     6.950    0.0325259315
     6.960   -0.0046879530
     6.970   -0.0669853951
     6.980   -0.0212605708
     6.990    0.0333479171
     7.000   -0.0424126817
     7.010   -0.1232854739
     7.020   -0.0277675860
     7.030    0.0489789757
     7.040    0.0086975420
     7.050   -0.0521888733
     7.060   -0.0782531180
     7.070   -0.0770676732
     7.080   -0.1075922470
     7.090   -0.1406082351
     7.100   -0.1118383836
     7.110   -0.0794538008
     7.120   -0.0893393445
     7.130   -0.1260491835
     7.140   -0.1840209822
     7.150   -0.1818424572
     7.160   -0.0917585332
     7.170   -0.0407541416
     7.180   -0.0604709586
     7.190   -0.1407174249
     7.200   -0.1437262794
     7.210   -0.1147694770
     7.220   -0.1591992003
     7.230   -0.1303187396
     7.240   -0.0440108885
     7.250   -0.0690731110
     7.260   -0.1270576435
     7.270   -0.1620223205
     7.280   -0.2033529581
     7.290   -0.1679809229
     7.300   -0.1072489631
     7.310   -0.0945115468
     7.320   -0.0228394945
     7.330    0.0796395046
     7.340    0.0320639682
     7.350   -0.0857809924
     7.360   -0.0881630546
     7.370   -0.0096781763
     7.380   -0.0009708556
     7.390    0.0197191386
     7.400    0.0505194954
     7.410    0.0337384051
     7.420    0.0328273542
     7.430   -0.0424940620
     7.440   -0.1142963210
     7.450   -0.0235608166
     7.460   -0.0062780917
     7.470   -0.0592181648
     7.480   -0.0020058499
     7.490   -0.0105486313
     7.500   -0.0489808108
     7.510   -0.0207374531
     7.520   -0.0404500322
     7.530   -0.1106778486
     7.540   -0.0954916600
     7.550   -0.0961744464
     7.560   -0.0680854245
     7.570   -0.0298812257
     7.580   -0.0301876264
     7.590   -0.0526930222
     7.600   -0.0614612507
     7.610   -0.0363569033
     7.620   -0.0327196953
     7.630   -0.1093746673
     7.640   -0.1153276937
     7.650   -0.0426450928
     7.660    0.0128745575
     7.670    0.0159184398
     7.680   -0.0938378242
     7.690   -0.0827854598
     7.700    0.1062367519
     7.710    0.1567254471
     7.720    0.0745714534
     7.730   -0.0459219237
     7.740   -0.0359980570
     7.750   -0.0112536611
     7.760   -0.0454959616
     7.770    0.0293140975
     7.780    0.1209936024
     7.790    0.1299869120
     7.800    0.2096388259
     7.810    0.2658166466
     7.820    0.1968072449
     7.830    0.1854526162
     7.840    0.2444198978
     7.850    0.2189802859
     7.860    0.1942431591
     7.870    0.1792346752
     7.880    0.1431070300
     7.890    0.1879436046
     7.900    0.2717052945
     7.910    0.2912307099
     7.920    0.2386198589
     7.930    0.1902469324
     7.940    0.1766799167
     7.950    0.2061005478
     7.960    0.2043815934
     7.970    0.1509465973
     7.980    0.1226162426
     7.990    0.1472935532
     8.000    0.1343468007
     8.010    0.0684504045
     8.020    0.0302502407
     8.030    0.0330253762
     8.040    0.0380317559
     8.050    0.0422570684
     8.060    0.0317840083
     8.070    0.0076645837
     8.080   -0.0168021273
     8.090   -0.0314783578
     8.100   -0.0317679289
     8.110   -0.0639888790
     8.120   -0.1191862418
     8.130   -0.0812898326
     8.140   -0.0446462578
     8.150   -0.1084683004
     8.160   -0.1861264098
     8.170   -0.1699205888
     8.180   -0.1293431278
     8.190   -0.0894930721
     8.200   -0.0372707118
     8.210   -0.0165464791
     8.220   -0.0257354991
     8.230   -0.0125369915
     8.240   -0.0042615012
     8.250   -0.0167720976
     8.260    0.0001551086
     8.270    0.0666076205
     8.280    0.1216784468
     8.290    0.1290147472
     8.300    0.0375362449
     8.310   -0.0650219548
     8.320   -0.0749840430
     8.330   -0.0287154289
     8.340    0.0209714762
     8.350    0.0522237695
     8.360   -0.0191763830
     8.370   -0.0393088006
     8.380    0.0464799578
     8.390    0.0947446880
     8.400    0.1258696336
     8.410    0.1098316020
     8.420    0.0566861263
     8.430    0.0796821465
     8.440    0.1242960630
     8.450    0.1134594017
     8.460    0.1352429279
     8.470    0.1542796756
     8.480    0.1305562808
     8.490    0.1061946778
     8.500    0.0639032811
     8.510    0.0508473184
     8.520    0.1298723488
     8.530    0.1803392466
     8.540    0.1540436553
     8.550    0.1341764767
     8.560    0.1088697784
     8.570    0.0733911791
     8.580    0.0648688255
     8.590    0.0465664378
     8.600    0.0018570506
     8.610   -0.0176376476
     8.620   -0.0028622754
     8.630   -0.0326637824
     8.640   -0.0872690564
     8.650   -0.1029800152
     8.660   -0.0943714452
     8.670   -0.0835433610
     8.680   -0.0742062808
     8.690   -0.0789923241
     8.700   -0.1095945678
     8.710   -0.1218505957
     8.720   -0.1307117014
     8.730   -0.1416623176
     8.740   -0.0628696983
     8.750    0.0226447371
     8.760    0.0203912898
     8.770   -0.0727789454
     8.780   -0.0689337901
     8.790    0.0003001887
     8.800   -0.0158273368
     8.810   -0.0453601282
     8.820   -0.0213318027
     8.830   -0.0520745738
     8.840   -0.0894352227
     8.850   -0.0517224390
     8.860   -0.0125571668
     8.870   -0.0221644944
     8.880   -0.0681051435
     8.890   -0.0901900216
     8.900   -0.0798027825
     8.910   -0.0571350111
     8.920   -0.0824986666
     8.930   -0.1352467805
     8.940   -0.1080180570
     8.950   -0.0317162031
     8.960   -0.0310372288
     8.970   -0.0882076125
     8.980   -0.0753498442
     8.990   -0.0583642130
     9.000   -0.0427050103
     9.010   -0.0245708581
     9.020   -0.0419327532
     9.030   -0.0801427106
     9.040   -0.0723407667
     9.050   -0.0227552145
     9.060    0.0123085647
     9.070    0.0829084479
     9.080    0.1377582483
     9.090    0.1081202514
     9.100    0.0426235793
     9.110   -0.0559504990
     9.120   -0.1163226696
     9.130   -0.0831464047
     9.140   -0.0393665080
     9.150    0.0083774920
     9.160    0.0802704030
     9.170    0.0977088019
     9.180    0.0408602798
     9.190    0.0018729729
     9.200    0.0000866234
     9.210    0.0083840556
     9.220   -0.0133120062
     9.230   -0.0374730628
     9.240   -0.0132964033
     9.250    0.0220883251
     9.260    0.0036506373
     9.270   -0.0216777226
     9.280    0.0054457062
     9.290    0.0105955616
     9.300   -0.0336669907
     9.310   -0.0754945790
     9.320   -0.0586669639
     9.330   -0.0226006353
     9.340   -0.0204980059
     9.350   -0.0349437819
     9.360   -0.0375455924
     9.370   -0.0528578816
     9.380   -0.0759010958
     9.390   -0.0519402510
     9.400    0.0271101557
     9.410    0.1078764245
     9.420    0.1459868235
     9.430    0.1321940271
     9.440    0.1169349236
     9.450    0.0854416117
     9.460   -0.0008029851
     9.470   -0.0690951416
     9.480   -0.0170282527
     9.490    0.0278299672
     9.500    0.0252083768
     9.510    0.0418322824
     9.520    0.0638737380
     9.530    0.0695233138
     9.540    0.0519716798
     9.550   -0.0012929801
     9.560   -0.0224417170
     9.570    0.0590150636
     9.580    0.1149896816
     9.590    0.0524802490
     9.600   -0.0015087847
     9.610    0.0031014225
     9.620   -0.0413974391
     9.630   -0.1076348280
     9.640   -0.1314422697
     9.650   -0.1482468606
     9.660   -0.1116766772
     9.670   -0.0782027609
     9.680   -0.0954150548
     9.690   -0.0961273842
     9.700   -0.0711018827
     9.710   -0.0643657411
     9.720   -0.0702181242
     9.730   -0.0831136579
     9.740   -0.0966778653
     9.750   -0.0872342718
     9.760   -0.1169271171
     9.770   -0.1507075354
     9.780   -0.0779665783
     9.790   -0.0082113177
     9.800   -0.0316300273
     9.810   -0.0548987889
     9.820   -0.0154228984
     9.830    0.0005525141
     9.840   -0.0113157077
     9.850    0.0193615596
     9.860    0.0318268529
     9.870    0.0161670318
     9.880    0.0331088552
     9.890    0.0674237462
     9.900    0.0777128665
     9.910    0.1001524747
     9.920    0.0911048845
     9.930    0.0703918750
     9.940    0.0637652274
     9.950    0.0330163024
     9.960    0.0164935976
     9.970    0.0131118958
     9.980   -0.0312943369
     9.990   -0.0766260778
    10.000   -0.0595193341
    10.010   -0.0144318966
    10.020    0.0372945876
    10.030    0.0987912920
    10.040    0.1340012863
    10.050    0.1300774473
    10.060    0.1276078508
    10.070    0.1286794726
    10.080    0.0807980829
    10.090    0.0015104251
    10.100   -0.0404959082
    10.110   -0.0247318143
    10.120    0.0164300100
    10.130    0.0419303302
    10.140    0.0431379273
    10.150    0.0275959339
    10.160   -0.0118439959
    10.170   -0.0440303439
    10.180   -0.0499011889
    10.190   -0.0332733801
    10.200    0.0015643742
    10.210    0.0229393773
    10.220    0.0221553293
    10.230    0.0478526881
    10.240    0.0869068442
    10.250    0.0881922530
    10.260    0.0650711460
    10.270    0.0386120741
    10.280    0.0225752084
    10.290    0.0539808135
    10.300    0.0989521164
    10.310    0.1155717233
    10.320    0.1235065910
    10.330    0.1161482903
    10.340    0.0657906635
    10.350    0.0321605764
    10.360    0.0628294187
    10.370    0.0932054153
    10.380    0.0897419681
    10.390    0.0820832383
    10.400    0.0476756626
    10.410    0.0104405870
    10.420    0.0082008539
    10.430   -0.0005600971
    10.440   -0.0307678938
    10.450   -0.0595895826
    10.460   -0.0739236342
    10.470   -0.0917273781
    10.480   -0.1013075654
    10.490   -0.0942866685
    10.500   -0.0835521509
    10.510   -0.0594673245
    10.520   -0.0361719396
    10.530   -0.0414151508
    10.540   -0.0491474647
    10.550   -0.0388251413
    10.560   -0.0130002728
    10.570    0.0073488558
    10.580   -0.0019312348
    10.590    0.0074814104
    10.600    0.0507671952
    10.610    0.0705378872
    10.620    0.0442966982
    10.630   -0.0015346050
    10.640   -0.0353786759
    10.650   -0.0678974699
    10.660   -0.1014393942
    10.670   -0.1245179911
    10.680   -0.1473044012
    10.690   -0.1395123827
    10.700   -0.0841348617
    10.710   -0.0265650479
    10.720    0.0028852722
    10.730    0.0078194529
    10.740   -0.0106086299
    10.750   -0.0467794948
    10.760   -0.0849939739
    10.770   -0.0947057872
    10.780   -0.0681718842
    10.790   -0.0403318294
    10.800   -0.0397293082
    10.810   -0.0422472443
    10.820   -0.0407429489
    10.830   -0.0346027892
    10.840   -0.0099527528
    10.850    0.0190483967
    10.860    0.0164457548
    10.870    0.0047282640
    10.880   -0.0018779204
    10.890   -0.0081780629
    10.900   -0.0122841618
    10.910   -0.0192960559
    10.920   -0.0338145339
    10.930   -0.0399816209
    10.940   -0.0336524219
    10.950   -0.0275951127
    10.960   -0.0260795941
    10.970   -0.0183345972
    10.980    0.0013751736
    10.990    0.0286669677
    11.000    0.0288087421
    11.010   -0.0124166596
    11.020   -0.0541351696
    11.030   -0.0592798565
    11.040   -0.0557199127
    11.050   -0.0571355890
    11.060   -0.0601243695
    11.070   -0.0608611830
    11.080   -0.0507670228
    11.090   -0.0274184421
    11.100   -0.0169006821
    11.110   -0.0347526439
    11.120   -0.0495913310
    11.130   -0.0385803614
    11.140   -0.0194110043
    11.150   -0.0100816992
    11.160   -0.0135870998
    11.170   -0.0213156827
    11.180   -0.0068551048
    11.190    0.0274308514
    11.200    0.0468931354
    11.210    0.0506032076
    11.220    0.0547335847
    11.230    0.0504810306
    11.240    0.0335707475
    11.250    0.0172959757
    11.260    0.0284896888
    11.270    0.0516468578
    11.280    0.0591314415
    11.290    0.0614536672
    11.300    0.0776476466
    11.310    0.0937373331
    11.320    0.0855314374
    11.330    0.0523802242
    11.340    0.0144605070
    11.350   -0.0062725947
    11.360   -0.0146539160
    11.370   -0.0198234722
    11.380   -0.0191876872
    11.390    0.0013920276
    11.400    0.0346579316
    11.410    0.0496925522
    11.420    0.0479053972
    11.430    0.0374873072
    11.440    0.0104099591
    11.450   -0.0119940027
    11.460   -0.0227269590
    11.470   -0.0224631291
    11.480    0.0031323627
    11.490    0.0461478057
    11.500    0.0690697958
    11.510    0.0726380733
    11.520    0.0751677192
    11.530    0.0637911105
    11.540    0.0437008582
    11.550    0.0315238688
    11.560    0.0259952533
    11.570    0.0276024934
    11.580    0.0276798894
    11.590    0.0308456143
    11.600    0.0401266599
    11.610    0.0448442391
    11.620    0.0445920278
    11.630    0.0370186425
    11.640    0.0428060794
    11.650    0.0548261984
    11.660    0.0521112745
    11.670    0.0567782939
    11.680    0.0708822357
    11.690    0.0612849552
    11.700    0.0549791352
    11.710    0.0777936589
    11.720    0.0916600089
    11.730    0.0762545383
    11.740    0.0520712889
    11.750    0.0180162434
    11.760   -0.0038403660
    11.770   -0.0062540527
    11.780   -0.0079604568
    11.790   -0.0057299881
    11.800    0.0107111690
    11.810    0.0189419644
    11.820    0.0067367864
    11.830   -0.0089001414
    11.840   -0.0206951154
    11.850   -0.0185681033
    11.860   -0.0029628355
    11.870   -0.0017526998
    11.880   -0.0247382014
    11.890   -0.0475073562
    11.900   -0.0383200394
    11.910   -0.0273082790
    11.920   -0.0328102509
    11.930   -0.0337224981
    11.940   -0.0258938193
    11.950   -0.0254569586
    11.960   -0.0109218030
    11.970    0.0087136133
    11.980   -0.0247727326
    11.990   -0.0648315570
    12.000   -0.0493404479
    12.010   -0.0269448197
    12.020   -0.0174520553
    12.030   -0.0075123334
    12.040   -0.0123114643
    12.050   -0.0250694816
    12.060   -0.0368394474
    12.070   -0.0633094485
    12.080   -0.0718880192
    12.090   -0.0369020009
    12.100   -0.0126450864
    12.110   -0.0209860044
    12.120   -0.0253608776
    12.130   -0.0162337825
    12.140   -0.0153774178
    12.150   -0.0129993907
    12.160   -0.0041978660
    12.170    0.0034752745
    12.180    0.0101176811
    12.190    0.0027181753
    12.200   -0.0086081675
    12.210    0.0008686390
    12.220    0.0130072277
    12.230    0.0008681384
    12.240   -0.0105794619
    12.250   -0.0175425501
    12.260   -0.0401654289
    12.270   -0.0510477837
    12.280   -0.0435324402
    12.290   -0.0387617767
    12.300   -0.0328458668
    12.310   -0.0186515722
    12.320   -0.0197938176
    12.330   -0.0301305780
    12.340   -0.0246815586
    12.350   -0.0104242136
    12.360   -0.0175276771
    12.370   -0.0341913960
    12.380   -0.0429010451
    12.390   -0.0387471370
    12.400   -0.0288430401
    12.410   -0.0271063031
    12.420   -0.0419360279
    12.430   -0.0448976884
    12.440   -0.0367634606
    12.450   -0.0546492338
    12.460   -0.0673286284
    12.470   -0.0471229004
    12.480   -0.0383798961
    12.490   -0.0377187450
    12.500   -0.0292731183
    12.510   -0.0354589005
    12.520   -0.0415629880
    12.530   -0.0258822920
    12.540   -0.0233949332
    12.550   -0.0276838028
    12.560   -0.0104727053
    12.570    0.0160817278
    12.580    0.0317674524
    12.590    0.0540583718
    12.600    0.0413666490
    12.610    0.0013280821
    12.620   -0.0075655799
    12.630    0.0062761320
    12.640    0.0044195660
    12.650    0.0097964126
    12.660    0.0422323714
    12.670    0.0681465282
    12.680    0.0819896817
    12.690    0.0836809077
    12.700    0.0560434979
    12.710    0.0221084902
    12.720    0.0139168389
    12.730    0.0123356544
    12.740    0.0253876631
    12.750    0.0461744695
    12.760    0.0372076007
    12.770    0.0026547387
    12.780   -0.0215372560
    12.790   -0.0260690097
    12.800   -0.0210815988
    12.810   -0.0074220677
    12.820   -0.0038697378
    12.830   -0.0120954874
    12.840   -0.0146059921
    12.850   -0.0193256801
    12.860   -0.0288592006
    12.870   -0.0236993974
    12.880   -0.0159334547
    12.890    0.0008860436
    12.900    0.0349877012
    12.910    0.0443832086
    12.920    0.0207744884
    12.930    0.0094891562
    12.940    0.0164117914
    12.950    0.0067098823
    12.960   -0.0149969566
    12.970   -0.0159850183
    12.980   -0.0009416081
    12.990    0.0203033601
    13.000    0.0317992462
    13.010    0.0203413585
    13.020    0.0004914453
    13.030    0.0034313036
    13.040    0.0000982781
    13.050   -0.0105890528
    13.060   -0.0009828679
    13.070    0.0239119273
    13.080    0.0365110567
    13.090    0.0326492947
    13.100    0.0198217487
    13.110    0.0286332273
    13.120    0.0414629125
    13.130    0.0281846365
    13.140    0.0098693011
    13.150    0.0094888085
    13.160    0.0131630336
    13.170    0.0355388007
    13.180    0.0601335143
    13.190    0.0503657679
    13.200    0.0435533658
    13.210    0.0444738149
    13.220    0.0400654244
    13.230    0.0467502356
    13.240    0.0449923399
    13.250    0.0215424671
    13.260    0.0114915570
    13.270    0.0174628729
    13.280    0.0036146847
    13.290   -0.0184320367
    13.300   -0.0271526454
    13.310   -0.0259919381
    13.320   -0.0177264797
    13.330   -0.0058349188
    13.340    0.0082184094
    13.350    0.0313217003
    13.360    0.0468517811
    13.370    0.0362022228
    13.380    0.0094241695
    13.390   -0.0259434161
    13.400   -0.0617165744
    13.410   -0.0705617731
    13.420   -0.0675918904
    13.430   -0.0645328310
    13.440   -0.0395704710
    13.450   -0.0228464392
    13.460   -0.0359201642
    13.470   -0.0524308145
    13.480   -0.0559744153
    13.490   -0.0474664378
    13.500   -0.0162360333
    13.510    0.0135223057
    13.520    0.0117138805
    13.530    0.0108853354
    13.540    0.0314075922
    13.550    0.0457678717
    13.560    0.0264156393
    13.570    0.0016646271
    13.580   -0.0161779102
    13.590   -0.0301890457
    13.600   -0.0261634584
    13.610   -0.0200556502
    13.620   -0.0210288896
    13.630   -0.0049927092
    13.640    0.0179025319
    13.650    0.0237274401
    13.660    0.0388185108
    13.670    0.0472974116
    13.680    0.0245242522
    13.690   -0.0000208233
    13.700   -0.0213613154
    13.710   -0.0383117868
    13.720   -0.0347805345
    13.730   -0.0375532367
    13.740   -0.0469022599
    13.750   -0.0225361961
    13.760    0.0092337625
    13.770    0.0110082729
    13.780    0.0171251448
    13.790    0.0248221570
    13.800    0.0132863765
    13.810    0.0094580315
    13.820    0.0248680431
    13.830    0.0295704351
    13.840    0.0233843487
    13.850    0.0139756311
    13.860   -0.0034501781
    13.870   -0.0136366154
    13.880   -0.0274547069
    13.890   -0.0454156964
    13.900   -0.0448576927
    13.910   -0.0327853106
    13.920   -0.0210576520
    13.930   -0.0077418155
    13.940   -0.0018794614
    13.950    0.0030320266
    13.960    0.0185658931
    13.970    0.0231543303
    13.980    0.0184481972
    13.990    0.0189575065
    14.000   -0.0014111546
    14.010   -0.0304982142
    14.020   -0.0340916449
    14.030   -0.0253130855
    14.040   -0.0112547864
    14.050    0.0113944115
    14.060    0.0080346045
    14.070   -0.0097954991
    14.080   -0.0082662391
    14.090   -0.0053413574
    14.100   -0.0088023490
    14.110   -0.0035699382
    14.120   -0.0078328659
    14.130   -0.0334396791
    14.140   -0.0419808698
    14.150   -0.0344653337
    14.160   -0.0305629272
    14.170   -0.0132359789
    14.180    0.0120186895
    14.190    0.0167042924
    14.200    0.0239059356
    14.210    0.0362118846
    14.220    0.0289603102
    14.230    0.0115607917
    14.240   -0.0053777996
    14.250   -0.0258166565
    14.260   -0.0308734744
    14.270   -0.0266248033
    14.280   -0.0267575850
    14.290   -0.0157163423
    14.300   -0.0057163814
    14.310   -0.0033145860
    14.320    0.0076514110
    14.330    0.0205792849
    14.340    0.0083365565
    14.350   -0.0097212155
    14.360   -0.0124404138
    14.370   -0.0054200663
    14.380    0.0035610438
    14.390    0.0110434123
    14.400    0.0201568612
    14.410    0.0112647321
    14.420    0.0037345158
    14.430    0.0108869880
    14.440    0.0220726411
    14.450    0.0071872163
    14.460   -0.0235252209
    14.470   -0.0376028740
    14.480   -0.0427965291
    14.490   -0.0356778682
    14.500   -0.0071272298
    14.510    0.0014337205
    14.520   -0.0091304447
    14.530   -0.0069248798
    14.540   -0.0076133831
    14.550   -0.0152204258
    14.560   -0.0155780757
    14.570   -0.0129119882
    14.580   -0.0031079901
    14.590    0.0165268817
    14.600    0.0126102917
    14.610    0.0044572947
    14.620    0.0172447264
    14.630    0.0264109250
    14.640    0.0320315661
    14.650    0.0389522861
    14.660    0.0287026039
    14.670    0.0164742537
    14.680    0.0267064168
    14.690    0.0373295243
    14.700    0.0353889156
    14.710    0.0277761124
    14.720    0.0270240508
    14.730    0.0348100168
    14.740    0.0330050691
    14.750    0.0084091247
    14.760   -0.0209086490
    14.770   -0.0300835767
    14.780   -0.0326885402
    14.790   -0.0336352476
    14.800   -0.0152186009
    14.810   -0.0031034400
    14.820   -0.0068698854
    14.830   -0.0036783453
    14.840   -0.0042149328
    14.850   -0.0140547811
    14.860   -0.0130783785
    14.870   -0.0071657281
    14.880   -0.0130947925
    14.890   -0.0166893789
    14.900   -0.0088580582
    14.910    0.0002918643
    14.920    0.0110345413
    14.930    0.0258793519
    14.940    0.0270436077
    14.950    0.0165031580
    14.960    0.0282048219
    14.970    0.0507490374
    14.980    0.0610613340
    14.990    0.0663616544
    15.000    0.0572360396
    15.010    0.0232230073
    15.020   -0.0007968703
    15.030   -0.0038164294
    15.040   -0.0003130256
    15.050    0.0092482562
    15.060    0.0293287676
    15.070    0.0429740107
    15.080    0.0464573898
    15.090    0.0349305007
    15.100    0.0091737790
    15.110   -0.0027464774
    15.120   -0.0021944057
    15.130    0.0085402305
    15.140    0.0332811663
    15.150    0.0501239382
    15.160    0.0461905793
    15.170    0.0231457836
    15.180   -0.0104118449
    15.190   -0.0298041642
    15.200   -0.0399656024
    15.210   -0.0657632495
    15.220   -0.0854350117
    15.230   -0.0762056817
    15.240   -0.0724349214
    15.250   -0.0757979281
    15.260   -0.0624820186
    15.270   -0.0375443353
    15.280   -0.0188916175
    15.290   -0.0074121981
    15.300   -0.0020769328
    15.310   -0.0016356467
    15.320   -0.0028477918
    15.330   -0.0008437754
    15.340    0.0019195767
    15.350    0.0014875195
    15.360   -0.0008354315
    15.370    0.0036516450
    15.380    0.0163762464
    15.390    0.0295837366
    15.400    0.0422547061
    15.410    0.0635859512
    15.420    0.0939644013
    15.430    0.1164258779
    15.440    0.1137827131
    15.450    0.0940466840
    15.460    0.0704620221
    15.470    0.0429863187
    15.480    0.0107111589
    15.490   -0.0090733152
    15.500   -0.0197833244
    15.510   -0.0227765760
    15.520   -0.0202668114
    15.530   -0.0177345498
    15.540   -0.0190169171
    15.550   -0.0261441550
    15.560   -0.0468097071
    15.570   -0.0779204590
    15.580   -0.0976405710
    15.590   -0.0952285196
    15.600   -0.0820738502
    15.610   -0.0662128237
    15.620   -0.0506837161
    15.630   -0.0289479617
    15.640   -0.0079680200
    15.650   -0.0053794167
    15.660   -0.0096064222
    15.670   -0.0042751272
    15.680    0.0009664865
    15.690   -0.0010658237
    15.700   -0.0060207210
    15.710   -0.0163483863
    15.720   -0.0171124110
    15.730   -0.0096836956
    15.740   -0.0143262856
    15.750   -0.0189431101
    15.760   -0.0134811643
    15.770   -0.0118791354
    15.780   -0.0042457523
    15.790    0.0215346505
    15.800    0.0394210624
    15.810    0.0436711124
    15.820    0.0417948010
    15.830    0.0439126886
    15.840    0.0482139777
    15.850    0.0438337312
    15.860    0.0328452890
    15.870    0.0101040289
    15.880   -0.0098722848
    15.890   -0.0127969789
    15.900   -0.0004408352
    15.910    0.0155746895
    15.920    0.0264912611
    15.930    0.0396779677
    15.940    0.0569743895
    15.950    0.0630433781
    15.960    0.0598536355
    15.970    0.0698829104
    15.980    0.0806702588
    15.990    0.0540769857
    16.000    0.0153948862
    16.010    0.0040425315
    16.020    0.0196218005
    16.030    0.0370672253
    16.040    0.0559328988
    16.050    0.0760405992
    16.060    0.0811154330
    16.070    0.0682609089
    16.080    0.0516973467
    16.090    0.0408642034
    16.100    0.0304031166
    16.110    0.0117925743
    16.120    0.0021397641
    16.130    0.0091250532
    16.140    0.0258665675
    16.150    0.0272437384
    16.160    0.0131427772
    16.170    0.0029022093
    16.180   -0.0070309988
    16.190   -0.0211178332
    16.200   -0.0408013356
    16.210   -0.0635841365
    16.220   -0.0769846808
    16.230   -0.0830369817
    16.240   -0.0967985824
    16.250   -0.1086150020
    16.260   -0.1092290809
    16.270   -0.1084289636
    16.280   -0.1031561181
    16.290   -0.0971338875
    16.300   -0.0931584849
    16.310   -0.0748110830
    16.320   -0.0568596337
    16.330   -0.0604274753
    16.340   -0.0635916287
    16.350   -0.0658848588
    16.360   -0.0676290272
    16.370   -0.0471568233
    16.380   -0.0220867841
    16.390   -0.0146409592
    16.400   -0.0084700449
    16.410   -0.0004866772
    16.420    0.0017481335
    16.430    0.0013123322
    16.440    0.0015600867
    16.450    0.0087662961
    16.460    0.0258353820
    16.470    0.0350243006
    16.480    0.0315961450
    16.490    0.0355376246
    16.500    0.0453816722
    16.510    0.0471006772
    16.520    0.0436294844
    16.530    0.0484903791
    16.540    0.0574936850
    16.550    0.0562337234
    16.560    0.0530562787
    16.570    0.0514010843
    16.580    0.0531954476
    16.590    0.0600254194
    16.600    0.0562394617
    16.610    0.0325749300
    16.620    0.0208720394
    16.630    0.0076704761
    16.640   -0.0079536154
    16.650   -0.0080564171
    16.660   -0.0065478433
    16.670   -0.0122560482
    16.680   -0.0106802167
    16.690   -0.0048052109
    16.700   -0.0092445456
    16.710   -0.0090928052
    16.720   -0.0023834988
    16.730    0.0023934637
    16.740    0.0037984714
    16.750    0.0025441406
    16.760   -0.0038128759
    16.770   -0.0102338968
    16.780   -0.0184897137
    16.790   -0.0301334471
    16.800   -0.0389091982
    16.810   -0.0431384950
    16.820   -0.0412466314
    16.830   -0.0264606434
    16.840   -0.0135148641
    16.850   -0.0099592058
    16.860   -0.0035131645
    16.870   -0.0000865796
    16.880   -0.0031855200
    16.890   -0.0002543148
    16.900   -0.0008340266
    16.910   -0.0096437698
    16.920   -0.0135927874
    16.930   -0.0127135303
    16.940   -0.0155992446
    16.950   -0.0128309119
    16.960   -0.0043503860
    16.970   -0.0005436837
    16.980    0.0020605026
    16.990    0.0047531496
    17.000    0.0038729861
    17.010   -0.0005690964
    17.020   -0.0078273912
    17.030   -0.0036980360
    17.040    0.0067329044
    17.050    0.0075076606
    17.060    0.0117346033
    17.070    0.0258634550
    17.080    0.0227623823
    17.090    0.0052007123
    17.100   -0.0011766762
    17.110    0.0055416736
    17.120    0.0168037495
    17.130    0.0192481218
    17.140    0.0046627410
    17.150   -0.0055665673
    17.160   -0.0094123026
    17.170   -0.0155329196
    17.180   -0.0184655135
    17.190   -0.0123990291
    17.200   -0.0111176350
    17.210   -0.0162573440
    17.220   -0.0126118124
    17.230   -0.0024181039
    17.240   -0.0012346736
    17.250   -0.0076514485
    17.260   -0.0161211254
    17.270   -0.0183926290
    17.280   -0.0153749948
    17.290   -0.0133998042
    17.300   -0.0179451636
    17.310   -0.0248730514
    17.320   -0.0259365524
    17.330   -0.0183898106
    17.340   -0.0074540663
    17.350   -0.0003443118
    17.360   -0.0042939348
    17.370   -0.0130323505
    17.380   -0.0125927422
    17.390   -0.0116809310
    17.400   -0.0156460431
    17.410   -0.0188457415
    17.420   -0.0233254349
    17.430   -0.0265250928
    17.440   -0.0212008458
    17.450   -0.0023182616
    17.460    0.0188736929
    17.470    0.0271985822
    17.480    0.0116765005
    17.490   -0.0033909915
    17.500   -0.0028446408
    17.510   -0.0018979811
    17.520   -0.0077306705
    17.530   -0.0042346914
    17.540    0.0020841645
    17.550    0.0076209078
    17.560    0.0158055191
    17.570    0.0182579717
    17.580    0.0165766407
    17.590    0.0290906486
    17.600    0.0412700003
    17.610    0.0410562031
    17.620    0.0393863893
    17.630    0.0375092567
    17.640    0.0296795235
    17.650    0.0128264308
    17.660    0.0061385375
    17.670    0.0164303750
    17.680    0.0134240044
    17.690    0.0052766860
    17.700    0.0030318543
    17.710   -0.0014600436
    17.720   -0.0088117513
    17.730   -0.0067927185
    17.740    0.0011112241
    17.750    0.0108624735
    17.760    0.0275037258
    17.770    0.0307545924
    17.780    0.0250749665
    17.790    0.0326152096
    17.800    0.0289453967
    17.810    0.0042039936
    17.820   -0.0037192687
    17.830   -0.0033339999
    17.840   -0.0039109207
    17.850    0.0057100551
    17.860    0.0174360874
    17.870    0.0100088806
    17.880    0.0049634845
    17.890    0.0069649475
    17.900   -0.0059621610
    17.910   -0.0139581729
    17.920   -0.0099272549
    17.930   -0.0131116626
    17.940   -0.0138515480
    17.950   -0.0072164522
    17.960   -0.0073514086
    17.970   -0.0110520502
    17.980   -0.0101596741
    17.990   -0.0156761438
    18.000   -0.0173881534
    18.010   -0.0060013547
    18.020   -0.0020776678
    18.030   -0.0099024626
    18.040   -0.0123539439
    18.050   -0.0130267237
    18.060   -0.0119604651
    18.070   -0.0047842012
    18.080   -0.0009250640
    18.090    0.0042242277
    18.100    0.0121576759
    18.110    0.0101479947
    18.120    0.0082575170
    18.130    0.0124128882
    18.140    0.0097658029
    18.150    0.0081916412
    18.160    0.0108404936
    18.170    0.0004332076
    18.180   -0.0096699683
    18.190   -0.0063082107
    18.200   -0.0013931276
    18.210    0.0063221346
    18.220    0.0112885876
    18.230   -0.0005145688
    18.240   -0.0100037658
    18.250   -0.0080797911
    18.260   -0.0132132893
    18.270   -0.0171500344
    18.280   -0.0061557088
    18.290    0.0034156753
    18.300    0.0047080786
    18.310    0.0031085264
    18.320    0.0010152719
    18.330    0.0024140891
    18.340   -0.0010157038
    18.350   -0.0121519782
    18.360   -0.0143212367
    18.370   -0.0037252726
    18.380    0.0017792034
    18.390   -0.0011729889
    18.400   -0.0025891447
    18.410   -0.0011053399
    18.420   -0.0044266111
    18.430   -0.0131686806
    18.440   -0.0223382553
    18.450   -0.0263886916
    18.460   -0.0254974105
    18.470   -0.0226006658
    18.480   -0.0201499975
    18.490   -0.0195479934
    18.500   -0.0167556330
    18.510   -0.0149155762
    18.520   -0.0186076225
    18.530   -0.0218713445
    18.540   -0.0217624487
    18.550   -0.0207563104
    18.560   -0.0209812293
    18.570   -0.0221547210
    18.580   -0.0169724311
    18.590   -0.0060253927
    18.600   -0.0015559239
    18.610   -0.0046791742
    18.620   -0.0016832694
    18.630    0.0077771578
    18.640    0.0057801444
    18.650    0.0028096676
    18.660    0.0018495655
    18.670   -0.0007438724
    18.680    0.0006914253
    18.690    0.0031028500
    18.700    0.0035749891
    18.710    0.0027008782
    18.720    0.0028584229
    18.730    0.0020859863
    18.740   -0.0002382617
    18.750    0.0016570730
    18.760    0.0048541618
    18.770    0.0048138143
    18.780   -0.0006458852
    18.790   -0.0114947202
    18.800   -0.0168386253
    18.810   -0.0176878932
    18.820   -0.0178931843
    18.830   -0.0127033109
    18.840   -0.0036959627
    18.850    0.0032213113
    18.860    0.0033491445
    18.870   -0.0023532328
    18.880   -0.0066636616
    18.890   -0.0031158747
    18.900    0.0016115407
    18.910    0.0089904506
    18.920    0.0260129447
    18.930    0.0382957176
    18.940    0.0414901238
    18.950    0.0412570232
    18.960    0.0392427697
    18.970    0.0394170375
    18.980    0.0367679620
    18.990    0.0225609133
    19.000    0.0012737903
    19.010   -0.0112949748
    19.020   -0.0228737823
    19.030   -0.0316959568
    19.040   -0.0238624320
    19.050   -0.0088733701
    19.060    0.0008070085
    19.070    0.0041124982
    19.080    0.0043141030
    19.090    0.0042531361
    19.100    0.0044739135
    19.110    0.0029103240
    19.120   -0.0017609311
    19.130   -0.0059180470
    19.140   -0.0090859162
    19.150   -0.0124984760
    19.160   -0.0113910862
    19.170   -0.0135524571
    19.180   -0.0181695756
    19.190   -0.0131443182
    19.200   -0.0053605736
    19.210   -0.0068525854
    19.220   -0.0093441152
    19.230   -0.0056763046
    19.240    0.0058356042
    19.250    0.0222551919
    19.260    0.0247582956
    19.270    0.0190834854
    19.280    0.0197310512
    19.290    0.0073019538
    19.300   -0.0031263547
    19.310    0.0137851521
    19.320    0.0357877576
    19.330    0.0409299910
    19.340    0.0389009355
    19.350    0.0380785747
    19.360    0.0345345177
    19.370    0.0234594839
    19.380    0.0109890911
    19.390    0.0115489197
    19.400    0.0201743295
    19.410    0.0088267702
    19.420   -0.0098916298
    19.430   -0.0114475567
    19.440   -0.0070054542
    19.450   -0.0059918288
    19.460   -0.0077916870
    19.470   -0.0179924183
    19.480   -0.0303944990
    19.490   -0.0287326945
    19.500   -0.0235408846
    19.510   -0.0201619202
    19.520   -0.0103585983
    19.530    0.0005279249
    19.540    0.0046709571
    19.550    0.0048909741
    19.560    0.0041572163
    19.570    0.0041513310
    19.580    0.0041654182
    19.590    0.0039840536
    19.600    0.0032048517
    19.610    0.0035142960
    19.620    0.0040585470
    19.630    0.0046817311
    19.640    0.0048966181
    19.650    0.0034503484
    19.660   -0.0012764830
    19.670   -0.0058083888
    19.680   -0.0077364179
    19.690   -0.0078001424
    19.700   -0.0044063263
    19.710    0.0040209490
    19.720    0.0148324824
    19.730    0.0218213828
    19.740    0.0264033212
    19.750    0.0340348905
    19.760    0.0362550942
    19.770    0.0268380327
    19.780    0.0115180992
    19.790    0.0035752598
    19.800    0.0030550447
    19.810    0.0042295706
    19.820    0.0052687842
    19.830    0.0050411705
    19.840    0.0025795336
    19.850   -0.0028765127
    19.860   -0.0059071646
    19.870   -0.0069932020
    19.880   -0.0088372918
    19.890   -0.0073889042
    19.900   -0.0037629558
    19.910    0.0008412322
    19.920    0.0045659746
    19.930    0.0054665709
    19.940    0.0027896049
    19.950   -0.0037927544
    19.960   -0.0071538358
    19.970   -0.0035647899
    19.980    0.0027346997
    19.990    0.0041273924
    20.000   -0.0024924503
    20.010   -0.0107433177
    20.020   -0.0126310144
    20.030   -0.0102540823
    20.040   -0.0124038042
    20.050   -0.0147342825
    20.060   -0.0160489303
    20.070   -0.0182413955
    20.080   -0.0180742651
    20.090   -0.0140815463
    20.100   -0.0087627102
    20.110   -0.0030565381
    20.120    0.0034402081
    20.130    0.0051625121
    20.140   -0.0014831388
    20.150   -0.0143317198
    20.160   -0.0219420290
    20.170   -0.0191241807
    20.180   -0.0093143673
    20.190   -0.0020153151
    20.200   -0.0019948336
    20.210   -0.0093033084
    20.220   -0.0157638607
    20.230   -0.0176584008
    20.240   -0.0191133428
    20.250   -0.0135692462
    20.260   -0.0041627377
    20.270   -0.0014150244
    20.280   -0.0039324221
    20.290   -0.0105057157
    20.300   -0.0189932239
    20.310   -0.0224052088
    20.320   -0.0266935817
    20.330   -0.0305912537
    20.340   -0.0235362108
    20.350   -0.0140344030
    20.360   -0.0107936342
    20.370   -0.0007807228
    20.380    0.0117790396
    20.390    0.0172666353
    20.400    0.0260343975
    20.410    0.0235083406
    20.420    0.0081419948
    20.430    0.0016464176
    20.440    0.0004268165
    20.450    0.0022387811
    20.460    0.0125497455
    20.470    0.0327061809
    20.480    0.0365635631
    20.490    0.0180838661
    20.500    0.0048424612
    20.510    0.0020222274
    20.520    0.0018177402
    20.530    0.0026144956
    20.540    0.0035617109
    20.550    0.0081804840
    20.560    0.0182321899
    20.570    0.0212144515
    20.580    0.0126254687
    20.590    0.0051653965
    20.600   -0.0003631946
    20.610   -0.0072400694
    20.620   -0.0089153276
    20.630   -0.0054178369
    20.640   -0.0060001635
    20.650   -0.0124785339
    20.660   -0.0142686999
    20.670   -0.0107621750
    20.680   -0.0083888196
    20.690   -0.0056446993
    20.700   -0.0084209835
    20.710   -0.0155535308
    20.720   -0.0137403103
    20.730   -0.0032545924
    20.740    0.0044199958
    20.750    0.0056739353
    20.760    0.0024735515
    20.770   -0.0018966347
    20.780   -0.0001083838
    20.790    0.0032139408
    20.800    0.0018690493
    20.810   -0.0001584972
    20.820    0.0006319512
    20.830    0.0069271255
    20.840    0.0142080220
    20.850    0.0081263970
    20.860   -0.0029416566
    20.870   -0.0010937426
    20.880    0.0038885343
    20.890    0.0057930992
    20.900    0.0036815845
    20.910   -0.0009170572
    20.920   -0.0023892350
    20.930    0.0015241757
    20.940    0.0044583552
    20.950    0.0057400818
    20.960    0.0056073649
    20.970    0.0038699142
    20.980   -0.0004823074
    20.990   -0.0015284378
    21.000    0.0081802802
    21.010    0.0247143865
    21.020    0.0245386791
    21.030    0.0124307823
    21.040    0.0077348444
    21.050    0.0108072398
    21.060    0.0082286005
    21.070    0.0085545266
    21.080    0.0203031370
    21.090    0.0310149042
    21.100    0.0332340940
    21.110    0.0334448091
    21.120    0.0246247332
    21.130    0.0061359938
    21.140   -0.0101698935
    21.150   -0.0156639677
    21.160   -0.0140447238
    21.170   -0.0134982677
    21.180   -0.0105032217
    21.190   -0.0036976274
    21.200    0.0030045548
    21.210    0.0056420654
    21.220    0.0047044764
    21.230   -0.0001619291
    21.240   -0.0065601421
    21.250   -0.0136802204
    21.260   -0.0173427945
    21.270   -0.0160180388
    21.280   -0.0112598860
    21.290   -0.0048460349
    21.300   -0.0006495357
    21.310    0.0026482512
    21.320    0.0108083348
    21.330    0.0250643212
    21.340    0.0251196359
    21.350    0.0123658666
    21.360    0.0048091557
    21.370    0.0026763638
    21.380    0.0030817643
    21.390    0.0066885512
    21.400    0.0175388192
    21.410    0.0285826269
    21.420    0.0355758968
    21.430    0.0316734802
    21.440    0.0153948051
    21.450    0.0076980078
    21.460    0.0116383702
    21.470    0.0102607837
    21.480    0.0070952434
    21.490    0.0043373471
    21.500   -0.0035939863
    21.510   -0.0144929294
    21.520   -0.0222551108
    21.530   -0.0245639742
    21.540   -0.0225459593
    21.550   -0.0187514550
    21.560   -0.0178617048
    21.570   -0.0177268346
    21.580   -0.0167137616
    21.590   -0.0159235698
    21.600   -0.0194911579
    21.610   -0.0194700195
    21.620   -0.0114447686
    21.630   -0.0070232967
    21.640   -0.0108757547
    21.650   -0.0156322854
    21.660   -0.0193494342
    21.670   -0.0196932048
    21.680   -0.0107385019
    21.690    0.0039281458
    21.700    0.0187233212
    21.710    0.0253926207
    21.720    0.0254412340
    21.730    0.0276446993
    21.740    0.0322294562
    21.750    0.0273866990
    21.760    0.0129070812
    21.770    0.0046800106
    21.780    0.0039823078
    21.790    0.0028410792
    21.800   -0.0022920064
    21.810   -0.0084120729
    21.820   -0.0088847869
    21.830   -0.0049001584
    21.840   -0.0059290938
    21.850   -0.0150048240
    21.860   -0.0211818973
    21.870   -0.0168739169
    21.880   -0.0038646078
    21.890    0.0073122645
    21.900    0.0175504580
    21.910    0.0236450256
    21.920    0.0216973200
    21.930    0.0102747442
    21.940   -0.0039261363
    21.950   -0.0128173367
    21.960   -0.0175427630
    21.970   -0.0208981761
    21.980   -0.0239406594
    21.990   -0.0232755543
    22.000   -0.0198440530
    22.010   -0.0162594325
    22.020   -0.0166476698
    22.030   -0.0168430254
    22.040   -0.0179975179
    22.050   -0.0180314104
    22.060   -0.0160962054
    22.070   -0.0115832076
    22.080   -0.0106247093
    22.090   -0.0100662463
    22.100   -0.0067797962
    22.110   -0.0034939960
    22.120   -0.0015385995
    22.130   -0.0007102779
    22.140   -0.0033074405
    22.150   -0.0060616687
    22.160   -0.0067530148
    22.170   -0.0051495391
    22.180    0.0033346112
    22.190    0.0141353605
    22.200    0.0118104482
    22.210    0.0059906669
    22.220    0.0043476963
    22.230    0.0043135717
    22.240    0.0050768858
    22.250    0.0053447446
    22.260    0.0055107598
    22.270    0.0046469972
    22.280    0.0023117224
    22.290   -0.0000508326
    22.300    0.0010491167
    22.310    0.0033968900
    22.320    0.0088592545
    22.330    0.0196860978
    22.340    0.0225230467
    22.350    0.0110924717
    22.360   -0.0027072847
    22.370   -0.0109345570
    22.380   -0.0130524649
    22.390   -0.0128226289
    22.400   -0.0102817802
    22.410   -0.0069766198
    22.420   -0.0075737625
    22.430   -0.0119729150
    22.440   -0.0130182075
    22.450   -0.0071820883
    22.460   -0.0019079106
    22.470   -0.0005090364
    22.480   -0.0014355251
    22.490   -0.0043354036
    22.500   -0.0071374685
    22.510   -0.0037986062
    22.520    0.0004568497
    22.530   -0.0049835219
    22.540   -0.0149273468
    22.550   -0.0164236025
    22.560   -0.0132613957
    22.570   -0.0088349853
    22.580   -0.0003075883
    22.590    0.0046861048
    22.600    0.0047381661
    22.610    0.0046938413
    22.620    0.0024742318
    22.630   -0.0020503095
    22.640   -0.0022059411
    22.650    0.0014651777
    22.660    0.0017998076
    22.670    0.0033456255
    22.680    0.0157567638
    22.690    0.0303048458
    22.700    0.0334865993
    22.710    0.0331032892
    22.720    0.0289961492
    22.730    0.0266109949
    22.740    0.0216179876
    22.750    0.0122158091
    22.760    0.0114406221
    22.770    0.0189118435
    22.780    0.0137370153
    22.790    0.0131098377
    22.800    0.0277793769
    22.810    0.0305455399
    22.820    0.0151611875
    22.830    0.0082712210
    22.840    0.0199244297
    22.850    0.0309036258
    22.860    0.0254451170
    22.870    0.0115566147
    22.880    0.0050784765
    22.890    0.0047506454
    22.900    0.0032644438
    22.910   -0.0031337496
    22.920   -0.0076855650
    22.930   -0.0058895299
    22.940   -0.0044522448
    22.950   -0.0058274570
    22.960   -0.0106293425
    22.970   -0.0144920271
    22.980   -0.0121986855
    22.990   -0.0075175870
    23.000   -0.0046423447
    23.010   -0.0056813737
    23.020   -0.0100668577
    23.030   -0.0167934287
    23.040   -0.0220533681
    23.050   -0.0215374588
    23.060   -0.0166549897
    23.070   -0.0083468540
    23.080    0.0005347994
    23.090    0.0056508817
    23.100    0.0067561394
    23.110    0.0034002945
    23.120   -0.0057294315
    23.130   -0.0139805279
    23.140   -0.0175959994
    23.150   -0.0197020657
    23.160   -0.0173581642
    23.170   -0.0116749595
    23.180   -0.0056051669
    23.190    0.0003143384
    23.200    0.0082274538
    23.210    0.0190227163
    23.220    0.0210495616
    23.230    0.0118962793
    23.240    0.0050149862
    23.250    0.0032343725
    23.260    0.0046638542
    23.270    0.0092166398
    23.280    0.0145607447
    23.290    0.0095407157
    23.300   -0.0010213488
    23.310   -0.0070353968
    23.320   -0.0125355620
    23.330   -0.0164215242
    23.340   -0.0148194648
    23.350   -0.0106445196
    23.360   -0.0105009101
    23.370   -0.0074378440
    23.380   -0.0076602851
    23.390   -0.0163675376
    23.400   -0.0216376762
    23.410   -0.0228085624
    23.420   -0.0221725645
    23.430   -0.0185074254
    23.440   -0.0168356852
    23.450   -0.0193893387
    23.460   -0.0199651250
    23.470   -0.0120994109
    23.480   -0.0057756217
    23.490   -0.0051765040
    23.500   -0.0072182994
    23.510   -0.0087462932
    23.520   -0.0051891648
    23.530    0.0023458865
    23.540    0.0094435814
    23.550    0.0157870470
    23.560    0.0118094445
    23.570    0.0061985788
    23.580    0.0049950796
    23.590    0.0033013565
    23.600    0.0003824974
    23.610   -0.0007321320
    23.620    0.0009885876
    23.630   -0.0008981834
    23.640   -0.0018564393
    23.650    0.0017948459
    23.660    0.0042053805
    23.670    0.0039367765
    23.680    0.0038436316
    23.690    0.0078763958
    23.700    0.0201742991
    23.710    0.0299535221
    23.720    0.0296042261
    23.730    0.0292718003
    23.740    0.0290855592
    23.750    0.0162718114
    23.760    0.0031455871
    23.770   -0.0059392463
    23.780   -0.0126009543
    23.790   -0.0104715698
    23.800   -0.0060258003
    23.810   -0.0053897598
    23.820   -0.0024429763
    23.830    0.0057549476
    23.840    0.0140514354
    23.850    0.0116654396
    23.860    0.0053765668
    23.870    0.0000363181
    23.880   -0.0051608342
    23.890   -0.0100289646
    23.900   -0.0141627949
    23.910   -0.0125142817
    23.920   -0.0111706180
    23.930   -0.0126911449
    23.940   -0.0135435353
    23.950   -0.0105640922
    23.960   -0.0049918840
    23.970    0.0050203605
    23.980    0.0139452465
    23.990    0.0114984815
    24.000    0.0064509685
    24.010    0.0040504911
    24.020   -0.0004074401
    24.030   -0.0050452339
    24.040   -0.0100241844
    24.050   -0.0135385473
    24.060   -0.0134141195
    24.070   -0.0078556467
    24.080   -0.0019951377
    24.090    0.0032733453
    24.100    0.0054461036
    24.110    0.0055048035
    24.120    0.0052085716
    24.130    0.0054130719
    24.140    0.0053918290
    24.150    0.0051744956
    24.160    0.0042723817
    24.170    0.0051546306
    24.180    0.0091335126
    24.190    0.0157071671
    24.200    0.0122609653
    24.210    0.0073139069
    24.220    0.0053820902
    24.230   -0.0001599501
    24.240   -0.0099979809
    24.250   -0.0129870017
    24.260   -0.0096621729
    24.270   -0.0091667146
    24.280   -0.0087190119
    24.290   -0.0089180629
    24.300   -0.0132059491
    24.310   -0.0135685568
    24.320   -0.0084269570
    24.330   -0.0028955718
    24.340    0.0028143434
    24.350    0.0038144160
    24.360    0.0001758483
    24.370   -0.0005715441
    24.380   -0.0013139695
    24.390   -0.0019039911
    24.400    0.0023347283
    24.410    0.0036098964
    24.420   -0.0010137945
    24.430   -0.0022927901
    24.440    0.0052809410
    24.450    0.0181583017
    24.460    0.0230891104
    24.470    0.0200204296
    24.480    0.0145945560
    24.490    0.0149177864
    24.500    0.0112627856
    24.510    0.0057446319
    24.520    0.0034930055
    24.530   -0.0001589505
    24.540   -0.0036047086
    24.550   -0.0106565538
    24.560   -0.0166902002
    24.570   -0.0200605369
    24.580   -0.0210897094
    24.590   -0.0176631151
    24.600   -0.0132234378
    24.610   -0.0133770639
    24.620   -0.0160922717
    24.630   -0.0166016520
    24.640   -0.0159722642
    24.650   -0.0196525196
    24.660   -0.0230880357
    24.670   -0.0239734062
    24.680   -0.0223741957
    24.690   -0.0178076573
    24.700   -0.0092469007
    24.710   -0.0035122896
    24.720   -0.0025588209
    24.730   -0.0052419419
    24.740   -0.0073575403
    24.750   -0.0115007525
    24.760   -0.0157097220
    24.770   -0.0192878134
    24.780   -0.0213983811
    24.790   -0.0208014462
    24.800   -0.0171273245
    24.810   -0.0109421304
    24.820   -0.0019763017
    24.830    0.0069459665
    24.840    0.0204415455
    24.850    0.0337580329
    24.860    0.0389252371
    24.870    0.0363558084
    24.880    0.0293099002
    24.890    0.0243234828
    24.900    0.0210834541
    24.910    0.0152510841
    24.920    0.0141062838
    24.930    0.0084729901
    24.940    0.0015606564
    24.950    0.0024529646
    24.960    0.0044004795
    24.970    0.0038928005
    24.980    0.0014569271
    24.990   -0.0040145314
    25.000   -0.0100771197
    25.010   -0.0141621460
    25.020   -0.0167241737
    25.030   -0.0192323162
    25.040   -0.0183629237
    25.050   -0.0132998098
    25.060   -0.0095131111
    25.070   -0.0058185018
    25.080   -0.0034187726
    25.090    0.0002919455
    25.100    0.0013300104
    25.110   -0.0029673917
    25.120   -0.0077751372
    25.130   -0.0062417508
    25.140    0.0010715407
    25.150    0.0049831001
    25.160    0.0046570848
    25.170    0.0041179901
    25.180    0.0046158745
    25.190    0.0052584289
    25.200    0.0054816689
    25.210    0.0049764129
    25.220    0.0041767123
    25.230    0.0049198096
    25.240    0.0092309602
    25.250    0.0153274764
    25.260    0.0115052134
    25.270    0.0051088712
    25.280    0.0048496989
    25.290    0.0078026516
    25.300    0.0128365793
    25.310    0.0095703541
    25.320    0.0096963979
    25.330    0.0187729584
    25.340    0.0225204513
    25.350    0.0168526771
    25.360    0.0154069407
    25.370    0.0096675625
    25.380    0.0052234131
    25.390    0.0080980340
    25.400    0.0134492184
    25.410    0.0110850910
    25.420    0.0060119260
    25.430    0.0040685576
    25.440    0.0015983984
    25.450    0.0005538828
    25.460    0.0000341955
    25.470   -0.0040194455
    25.480   -0.0096255736
    25.490   -0.0094683473
    25.500   -0.0091191547
    25.510   -0.0063382414
    25.520   -0.0002268836
    25.530    0.0042951929
    25.540    0.0055332821
    25.550    0.0052429588
    25.560    0.0047940060
    25.570    0.0049036369
    25.580    0.0055799235
    25.590    0.0060097270
    25.600    0.0037034519
    25.610   -0.0026296717
    25.620   -0.0083914394
    25.630   -0.0093219791
    25.640   -0.0083276368
    25.650   -0.0083127081
    25.660   -0.0058840461
    25.670   -0.0017279846
    25.680    0.0029002658
    25.690    0.0046154517
    25.700    0.0010246043
    25.710   -0.0031311298
    25.720   -0.0034464056
    25.730    0.0001133784
    25.740   -0.0003332344
    25.750   -0.0019065571
    25.760    0.0003333979
    25.770    0.0015716373
    25.780   -0.0020109221
    25.790   -0.0080103049
    25.800   -0.0146613068
    25.810   -0.0181484878
    25.820   -0.0182454001
    25.830   -0.0162395817
    25.840   -0.0149277828
    25.850   -0.0132372563
    25.860   -0.0136844683
    25.870   -0.0156416532
    25.880   -0.0161756696
    25.890   -0.0141670225
    25.900   -0.0127007864
    25.910   -0.0094643305
    25.920   -0.0057065087
    25.930   -0.0027684736
    25.940    0.0002612286
    25.950    0.0004584108
    25.960    0.0014239390
    25.970    0.0009483178
    25.980    0.0026193731
    25.990    0.0049754751
    26.000    0.0060963367
    26.010    0.0061520783
    26.020    0.0025184116
    26.030   -0.0056400083
    26.040   -0.0101372471
    26.050   -0.0096285968
    26.060   -0.0102973932
    26.070   -0.0080088085
    26.080   -0.0000360904
    26.090    0.0051443706
    26.100    0.0054438103
    26.110    0.0053386109
    26.120    0.0052995824
    26.130    0.0053988326
    26.140    0.0041540795
    26.150    0.0019520813
    26.160    0.0020410593
    26.170    0.0033411150
    26.180    0.0067881918
    26.190    0.0182489080
    26.200    0.0297006518
    26.210    0.0328228325
    26.220    0.0271709147
    26.230    0.0199248251
    26.240    0.0096312632
    26.250    0.0024977588
    26.260   -0.0004145512
    26.270    0.0002040500
    26.280    0.0015209689
    26.290    0.0002435903
    26.300   -0.0018832927
    26.310   -0.0020847079
    26.320    0.0008917377
    26.330    0.0029118478
    26.340    0.0033046961
    26.350    0.0033517998
    26.360    0.0034112276
    26.370    0.0037279877
    26.380    0.0038566786
    26.390    0.0025214784
    26.400   -0.0016004717
    26.410   -0.0057877370
    26.420   -0.0098704265
    26.430   -0.0137786838
    26.440   -0.0143093039
    26.450   -0.0113292626
    26.460   -0.0081329970
    26.470   -0.0043393099
    26.480    0.0001063230
    26.490    0.0027705266
    26.500    0.0037271229
    26.510    0.0037123077
    26.520    0.0034990976
    26.530    0.0033876459
    26.540    0.0034860871
    26.550    0.0036904110
    26.560    0.0035488170
    26.570    0.0026124750
    26.580    0.0017086994
    26.590    0.0042750085
    26.600    0.0134710665
    26.610    0.0234051222
    26.620    0.0261217493
    26.630    0.0214945736
    26.640    0.0114105923
    26.650    0.0072288787
    26.660    0.0033620659
    26.670   -0.0019900077
    26.680   -0.0040026960
    26.690   -0.0058595306
    26.700   -0.0079178434
    26.710   -0.0100072372
    26.720   -0.0113354774
    26.730   -0.0136424855
    26.740   -0.0168446171
    26.750   -0.0222158450
    26.760   -0.0248165505
    26.770   -0.0247099763
    26.780   -0.0235575318
    26.790   -0.0216981412
    26.800   -0.0171504501
    26.810   -0.0124849920
    26.820   -0.0089351277
    26.830   -0.0065866255
    26.840   -0.0061538758
    26.850   -0.0069268750
    26.860   -0.0068935473
    26.870   -0.0061762420
    26.880   -0.0051895186
    26.890   -0.0026599650
    26.900    0.0001798927
    26.910    0.0019487569
    26.920    0.0026191876
    26.930    0.0038365662
    26.940    0.0050177337
    26.950    0.0046704491
    26.960    0.0048451063
    26.970    0.0059194086
    26.980    0.0090250213
    26.990    0.0093350505
    27.000    0.0101156565
    27.010    0.0074969586
    27.020    0.0043576552
    27.030    0.0033247406
    27.040    0.0028903911
    27.050    0.0045925624
    27.060    0.0095970270
    27.070    0.0141569552
    27.080    0.0141999519
    27.090    0.0077305792
    27.100    0.0026426072
    27.110    0.0021685894
    27.120    0.0024071718
    27.130    0.0021132311
    27.140    0.0001374971
    27.150   -0.0009391565
    27.160   -0.0008251097
    27.170   -0.0009866211
    27.180   -0.0015926855
    27.190   -0.0006356691
    27.200    0.0013316852
    27.210    0.0024614220
    27.220    0.0022998829
    27.230    0.0017712448
    27.240    0.0016121521
    27.250    0.0031317696
    27.260    0.0060662512
    27.270    0.0064673906
    27.280    0.0034584337
    27.290    0.0014027195
    27.300    0.0005725655
    27.310   -0.0000880834
    27.320   -0.0006821035
    27.330   -0.0009878708
    27.340   -0.0007319315
    27.350    0.0004333164
    27.360    0.0010409300
    27.370    0.0009941141
    27.380    0.0007065414
    27.390    0.0007320638
    27.400    0.0006803008
    27.410    0.0003809047
    27.420    0.0000622994
    27.430    0.0001074288
    27.440    0.0000451708
    27.450   -0.0001898139
    27.460   -0.0005703089
    27.470   -0.0004402035
    27.480   -0.0003099172
    27.490   -0.0003328710
    27.500   -0.0013266201
    27.510   -0.0023042281
    27.520   -0.0027024325
    27.530   -0.0030639918
    27.540   -0.0030942283
    27.550   -0.0029594656
    27.560   -0.0026763932
    27.570   -0.0021225563
    27.580   -0.0014900551
    27.590   -0.0011438473
    27.600   -0.0011074790
    27.610   -0.0010853106
    27.620   -0.0006753805
    27.630    0.0000755815
    27.640    0.0007542447
    27.650    0.0006312111
    27.660    0.0004022302
    27.670    0.0005087034
    27.680    0.0006777928
    27.690    0.0006040148
    27.700    0.0005575046
    27.710    0.0006041980
    27.720    0.0005445210
    27.730    0.0005311768
    27.740    0.0007392503
    27.750    0.0011281765
    27.760    0.0014536271
    27.770    0.0011981340
    27.780    0.0008432054
    27.790    0.0007394159
    27.800    0.0006976693
    27.810    0.0006934610
    27.820    0.0006469767
    27.830    0.0006034476
    27.840    0.0005389770
    27.850    0.0004903625
    27.860    0.0004595907
    27.870    0.0004193591
    27.880    0.0003273949
    27.890    0.0002195910
    27.900    0.0001362239
    27.910    0.0001386123
    27.920    0.0001723615
    27.930    0.0002192766
    27.940    0.0001789723
    27.950    0.0001147917
    27.960    0.0000740834
    27.970    0.0000624129
    27.980    0.0000565743
    27.990    0.0000525107
    28.000    0.0000577390
    28.010    0.0000631468
    28.020    0.0000534693
    28.030    0.0000485088
    28.040    0.0000356822
    28.050    0.0000154657
    28.060    0.0000141988
    28.070    0.0000160921
    28.080    0.0000009439
    28.090    0.0000111311
    28.100    0.0000399461
    28.110    0.0000504065
    28.120    0.0000224965
    28.130   -0.0000173856
    28.140   -0.0000637636
    28.150   -0.0001112425
    28.160   -0.0001641196
    28.170   -0.0002109000
    28.180   -0.0002388890
    28.190   -0.0002536345
    28.200   -0.0002672660
    28.210   -0.0002803840
    28.220   -0.0002945875
    28.230   -0.0003076726
    28.240   -0.0003210217
    28.250   -0.0003328613
    28.260   -0.0003447831
    28.270   -0.0003555750
    28.280   -0.0003658127
    28.290   -0.0003752155
    28.300   -0.0003844079
    28.310   -0.0003929690
    28.320   -0.0004014863
    28.330   -0.0004098951
    28.340   -0.0004183787
    28.350   -0.0004263771
    28.360   -0.0004340814
    28.370   -0.0004413133
    28.380   -0.0004482163
    28.390   -0.0004547125
    28.400   -0.0004608781
    28.410   -0.0004666731
    28.420   -0.0004721178
    28.430   -0.0004772024
