   0.0014301380
   0.0014107628
   0.0013928341
   0.0013582893
   0.0013252553
   0.0012758015
   0.0012282714
   0.0011646368
   0.0011033967
   0.0010264573
   0.0009525140
   0.0008633753
   0.0007778950
   0.0006778072
   0.0005821477
   0.0004725567
   0.0003682001
   0.0002506358
   0.0001392196
   0.0000153804
  -0.0001013851
  -0.0002297457
  -0.0003500609
  -0.0004810962
  -0.0006031156
  -0.0007349748
  -0.0008568176
  -0.0009876085
  -0.0011074150
  -0.0012352882
  -0.0013512290
  -0.0014743450
  -0.0015846224
  -0.0017012466
  -0.0018041861
  -0.0019126482
  -0.0020066631
  -0.0021054376
  -0.0021890873
  -0.0022767671
  -0.0023487490
  -0.0024240998
  -0.0024833131
  -0.0025452639
  -0.0025907771
  -0.0026384657
  -0.0026695677
  -0.0027022995
  -0.0027185926
  -0.0027358573
  -0.0027365166
  -0.0027406757
  -0.0027363410
  -0.0027399628
  -0.0027360647
  -0.0027392086
  -0.0027358808
  -0.0027386242
  -0.0027360193
  -0.0027381781
  -0.0027364771
  -0.0027378305
  -0.0027373155
  -0.0027375695
  -0.0027385364
  -0.0027372513
  -0.0027402604
  -0.0027368707
  -0.0027425936
  -0.0027362008
  -0.0027458124
  -0.0027351532
  -0.0027497753
  -0.0027329991
  -0.0027573165
  -0.0027284787
  -0.0027594123
  -0.0027302664
  -0.0027993299
  -0.0026519082
  -0.0027480855
  -0.0030434202
  -0.0026859268
   0.0009823982
  -0.0013258805
  -0.0034479847
  -0.0024457199
  -0.0028712133
  -0.0026199589
  -0.0029188695
  -0.0026322714
  -0.0028927002
  -0.0025983784
  -0.0029732849
  -0.0030066301
  -0.0029181300
  -0.0029948502
  -0.0034364553
   0.0043778111
   0.0084177826
   0.0060222301
  -0.0011270589
  -0.0031691340
  -0.0029265409
  -0.0036692819
   0.0057480771
   0.0121465683
   0.0003121625
  -0.0072357851
  -0.0040551976
   0.0033302269
   0.0147922122
   0.0169356171
   0.0077480345
  -0.0045190626
  -0.0150123133
  -0.0106464447
  -0.0033716534
   0.0045958264
   0.0138773632
   0.0165693888
   0.0134830832
   0.0043759368
  -0.0021325336
  -0.0033950387
  -0.0024559967
  -0.0034941148
  -0.0032391414
   0.0050418216
   0.0088900372
   0.0030120966
  -0.0040106389
  -0.0141440228
  -0.0132218855
  -0.0046362625
   0.0100168504
   0.0119619959
  -0.0011620809
  -0.0048606659
   0.0044793212
   0.0124899357
   0.0131970390
  -0.0000341308
  -0.0050380207
  -0.0023016425
   0.0017202601
  -0.0009574044
  -0.0042271765
  -0.0032966396
   0.0025606337
   0.0115764713
   0.0073463718
  -0.0013630719
  -0.0063325905
  -0.0098045209
  -0.0058047132
   0.0039133687
   0.0060334955
   0.0051208950
  -0.0016943453
  -0.0036099578
  -0.0029130382
  -0.0075410549
  -0.0080316159
   0.0076886256
   0.0155235375
   0.0086234307
  -0.0012280222
  -0.0077867625
  -0.0089369846
  -0.0048115279
   0.0036415636
   0.0099781342
   0.0125941708
   0.0064883393
  -0.0021388858
  -0.0031210065
  -0.0028898420
  -0.0063902613
  -0.0013043665
   0.0089603286
   0.0142980276
   0.0141795338
   0.0002708771
  -0.0085501461
  -0.0045850641
   0.0032191788
   0.0118126517
   0.0086636376
  -0.0079046553
  -0.0124089562
  -0.0053677557
  -0.0030433801
   0.0057481395
   0.0000678956
  -0.0078997002
  -0.0048310493
   0.0050686125
   0.0128418818
  -0.0008738790
  -0.0195808368
  -0.0111361926
   0.0097824966
   0.0239652298
   0.0177735344
  -0.0020767259
  -0.0052185806
  -0.0036107715
   0.0036818130
   0.0112608081
   0.0054117365
  -0.0028444207
   0.0043013519
   0.0001012864
  -0.0108942204
  -0.0102694576
   0.0014570379
   0.0135533923
   0.0155053960
   0.0005080420
  -0.0111196125
  -0.0093258145
  -0.0047005258
   0.0041428734
   0.0062755089
  -0.0023189773
  -0.0048647049
   0.0041102276
   0.0059221841
  -0.0021263306
  -0.0042687121
  -0.0028889317
  -0.0045164625
  -0.0033940182
   0.0052278417
  -0.0000749244
  -0.0137731104
  -0.0076510053
   0.0033985338
   0.0171543925
   0.0166730701
  -0.0006343597
  -0.0077100842
  -0.0042416349
  -0.0045367928
   0.0021328872
   0.0160444599
   0.0220790454
   0.0106259936
  -0.0086714091
  -0.0221407581
  -0.0123522870
   0.0000111501
   0.0077343062
   0.0077779422
   0.0051896457
  -0.0017286096
  -0.0043615180
  -0.0033614821
  -0.0068539548
  -0.0053054050
  -0.0041116983
   0.0008416964
   0.0081761404
  -0.0011425678
  -0.0054180097
   0.0016799223
   0.0049565633
   0.0127393376
   0.0092883592
  -0.0050532314
  -0.0061010472
  -0.0041910846
   0.0039014421
   0.0093616614
  -0.0013185473
  -0.0061557189
   0.0012238760
   0.0025330103
   0.0055796175
  -0.0016345152
  -0.0054629885
  -0.0032898927
   0.0018998048
  -0.0042691257
  -0.0060474655
  -0.0065914845
  -0.0090146056
  -0.0049592896
   0.0035182856
   0.0128071838
   0.0134669274
   0.0107516873
  -0.0008767560
  -0.0158535418
  -0.0206237716
  -0.0098546028
   0.0072539265
   0.0106284387
   0.0102131832
   0.0186532435
   0.0095835301
  -0.0113706583
  -0.0080617063
  -0.0018514676
  -0.0052208349
  -0.0082372698
   0.0014806064
   0.0168926763
   0.0047246058
  -0.0047741663
   0.0032367693
  -0.0010179051
  -0.0057823054
  -0.0037834827
  -0.0043762556
  -0.0039630499
  -0.0058365588
  -0.0009330434
   0.0115509590
   0.0121004340
  -0.0054512246
  -0.0060302196
  -0.0068767568
  -0.0072260280
   0.0075962805
   0.0197041796
   0.0076489195
  -0.0050752769
  -0.0041959207
  -0.0031805969
  -0.0108633052
  -0.0168211240
  -0.0085500990
  -0.0103432253
  -0.0256911167
  -0.0132964074
   0.0158736924
   0.0183994579
   0.0136683626
   0.0122664231
  -0.0031967963
   0.0066266478
   0.0285470810
   0.0086891558
  -0.0210614992
  -0.0267771927
  -0.0224524678
  -0.0106297468
  -0.0060827938
   0.0066104213
   0.0236054356
   0.0139066877
  -0.0032412679
  -0.0013730111
  -0.0031580553
  -0.0054280974
   0.0029359468
   0.0021981015
  -0.0043248456
  -0.0045526564
  -0.0069303032
  -0.0129990800
  -0.0178645538
  -0.0223981673
  -0.0195353506
   0.0005194409
   0.0137790613
   0.0105269080
   0.0058359042
   0.0012989399
  -0.0051470053
   0.0094723601
   0.0174139405
  -0.0003813164
  -0.0214078066
  -0.0217537370
  -0.0072699527
   0.0140407422
   0.0160254641
   0.0026546068
  -0.0046612610
  -0.0072010577
   0.0022128161
   0.0239666144
   0.0300028615
   0.0244767250
   0.0141835109
  -0.0008668375
  -0.0180751747
  -0.0381771990
  -0.0363136222
  -0.0166098020
  -0.0080967164
  -0.0071471107
  -0.0053445666
  -0.0048726279
  -0.0044487712
  -0.0062015468
  -0.0073288785
   0.0063549683
   0.0212217966
   0.0156695704
   0.0135126787
   0.0191954890
   0.0059142182
  -0.0093835914
  -0.0151205491
  -0.0114292954
   0.0063152799
   0.0186465796
   0.0086353030
  -0.0147050932
  -0.0152606193
  -0.0005462875
  -0.0028519436
  -0.0071617169
  -0.0010380416
   0.0087278485
   0.0106867046
  -0.0041786778
  -0.0070675924
   0.0164696846
   0.0205491908
   0.0058315636
   0.0019553822
  -0.0024851927
  -0.0067843528
  -0.0260791512
  -0.0361752194
  -0.0354471701
  -0.0283684006
  -0.0149161266
  -0.0096451662
  -0.0072508627
   0.0123431250
   0.0273549905
   0.0247782593
   0.0229191191
   0.0150325404
   0.0049677422
   0.0081233600
   0.0102866622
   0.0082488358
   0.0129218478
   0.0187428194
   0.0158319653
   0.0095052256
   0.0040468475
  -0.0040696572
  -0.0052440523
  -0.0036979016
  -0.0139212350
  -0.0306482168
  -0.0367245412
  -0.0259677809
  -0.0117164473
  -0.0060697077
  -0.0060794059
  -0.0067415357
   0.0056406455
   0.0203185372
   0.0188601465
   0.0128078143
   0.0133446156
   0.0144914792
   0.0148733330
   0.0089979667
  -0.0030182072
  -0.0076969569
  -0.0110835477
  -0.0220380077
  -0.0168098880
   0.0059469540
   0.0100694718
  -0.0072277366
  -0.0078791077
   0.0076048180
   0.0102346242
   0.0069103353
   0.0150054727
   0.0168545316
   0.0103238465
   0.0052870267
   0.0053665821
  -0.0055334567
  -0.0216209493
  -0.0120998330
  -0.0000555519
  -0.0042986917
  -0.0058808937
  -0.0041898737
  -0.0115422978
  -0.0185790692
  -0.0085474123
   0.0108288076
   0.0100095031
  -0.0070190483
  -0.0081169790
   0.0087386367
   0.0221853958
   0.0258185250
   0.0224798538
   0.0138739577
   0.0120949309
   0.0148661095
   0.0134607997
  -0.0015229563
  -0.0160009063
  -0.0212554163
  -0.0321235411
  -0.0352922403
  -0.0121426442
   0.0086709613
   0.0092662642
   0.0004860395
  -0.0054184327
  -0.0060093561
  -0.0067868687
  -0.0085160080
  -0.0061762231
  -0.0047892115
  -0.0056788727
  -0.0057084705
  -0.0000130600
   0.0102979395
   0.0252345584
   0.0296801809
   0.0158503424
   0.0121474698
   0.0210268837
   0.0299348090
   0.0352463240
   0.0353184537
   0.0315818494
   0.0284300307
   0.0196937390
  -0.0005502329
  -0.0185231012
  -0.0205952603
  -0.0147961893
  -0.0067559888
   0.0017232638
   0.0080798477
   0.0122734876
   0.0237758849
   0.0326853539
   0.0427123739
   0.0533772486
   0.0586223138
   0.0580504787
   0.0648797991
   0.0746074708
   0.0727178514
   0.0712119183
   0.0732927916
   0.0678692169
   0.0691940303
   0.0735134465
   0.0761343794
   0.0771545181
   0.0824233692
   0.0875122200
   0.0841726414
   0.0655323957
   0.0350069384
   0.0182609314
   0.0217842634
   0.0302941849
   0.0305619817
   0.0348014730
   0.0445658753
   0.0502051498
   0.0469058134
   0.0340083172
   0.0224065398
   0.0179564158
   0.0130676392
  -0.0045120641
  -0.0384245387
  -0.0646015795
  -0.0752430984
  -0.0845493162
  -0.0865427524
  -0.0785409617
  -0.0760401665
  -0.0724358020
  -0.0703899860
  -0.0835841497
  -0.1016482769
  -0.1057873982
  -0.0999504417
  -0.0889258846
  -0.0843043863
  -0.0913220382
  -0.1066612389
  -0.1199852620
  -0.1226328856
  -0.1181457835
  -0.1093240049
  -0.1046621464
  -0.1146155990
  -0.1192762202
  -0.1123712231
  -0.0861012657
  -0.0409605033
  -0.0008492829
   0.0232309703
   0.0378294421
   0.0426352477
   0.0306089938
   0.0087460253
  -0.0040258461
  -0.0066654407
  -0.0106731884
  -0.0230392686
  -0.0380653455
  -0.0498141398
  -0.0544798870
  -0.0534915002
  -0.0535670414
  -0.0581772978
  -0.0552731548
  -0.0494937748
  -0.0452914795
  -0.0440048992
  -0.0454913829
  -0.0495740943
  -0.0523044768
  -0.0409409713
  -0.0175314738
   0.0008852499
   0.0106421730
   0.0228720422
   0.0434933215
   0.0678332758
   0.0838929488
   0.0928798797
   0.0937472392
   0.0866935873
   0.0812394332
   0.0789192863
   0.0757442120
   0.0623418843
   0.0297470373
   0.0119919390
   0.0164214882
   0.0349971990
   0.0565912101
   0.0640987572
   0.0658478527
   0.0565982157
   0.0457616189
   0.0389890206
   0.0316658456
   0.0283499527
   0.0302207413
   0.0298292777
   0.0195030449
   0.0147015934
   0.0110505348
   0.0043962630
  -0.0027006197
  -0.0082556528
  -0.0270899040
  -0.0398242688
  -0.0427247117
  -0.0479623057
  -0.0527052910
  -0.0629283728
  -0.0698542276
  -0.0476981562
  -0.0095068282
  -0.0015234588
  -0.0191391793
  -0.0374017604
  -0.0297078732
   0.0020197445
   0.0306288263
   0.0497733731
   0.0606100524
   0.0657650703
   0.0664003444
   0.0679371515
   0.0703664770
   0.0641702860
   0.0279267430
  -0.0048617990
  -0.0141456844
  -0.0154324827
  -0.0093961059
   0.0070574287
   0.0294705793
   0.0453017787
   0.0412236748
   0.0235004639
  -0.0029706182
  -0.0247095764
  -0.0214346152
  -0.0120392163
  -0.0194129328
  -0.0261760980
  -0.0282422943
  -0.0290149284
  -0.0240038341
  -0.0111325042
   0.0069628800
   0.0352076195
   0.0572333896
   0.0474119823
   0.0163031181
  -0.0168535005
  -0.0267271874
  -0.0233178005
  -0.0185442535
  -0.0099967116
  -0.0125690061
  -0.0151050885
  -0.0038046839
   0.0169379857
   0.0324390511
   0.0434390386
   0.0459194535
   0.0365500264
   0.0277405503
   0.0240379781
   0.0199061039
   0.0118249954
  -0.0019811944
  -0.0119364011
  -0.0144239865
  -0.0184906482
  -0.0196441108
  -0.0159488388
  -0.0133071838
  -0.0135397229
  -0.0075229311
   0.0016023449
   0.0087339349
   0.0111313493
  -0.0015099073
  -0.0206450476
  -0.0235992490
  -0.0210318801
  -0.0222159458
  -0.0202354071
  -0.0094170402
   0.0043099053
   0.0050766515
  -0.0033549296
  -0.0118400965
  -0.0106148577
  -0.0071575395
   0.0199553256
   0.0471493057
   0.0538429926
   0.0550585273
   0.0508160959
   0.0421437440
   0.0328819106
   0.0163387234
  -0.0055332022
  -0.0088938670
  -0.0078993349
  -0.0195971988
  -0.0363774560
  -0.0528354686
  -0.0626750762
  -0.0644716022
  -0.0645301686
  -0.0582394936
  -0.0466316946
  -0.0390579333
  -0.0323851512
  -0.0292558930
  -0.0343815275
  -0.0400228759
  -0.0314109876
  -0.0170308847
  -0.0095625664
  -0.0120147292
  -0.0135268135
  -0.0101141919
  -0.0097885182
  -0.0063645015
   0.0055773826
   0.0110180346
  -0.0018446529
  -0.0096089304
  -0.0196201599
  -0.0236565014
  -0.0114107356
   0.0143156623
   0.0458341080
   0.0634737352
   0.0573077995
   0.0461544377
   0.0368412615
   0.0276963369
   0.0234023034
   0.0272781472
   0.0280472342
   0.0198805386
   0.0056780425
  -0.0052302385
  -0.0015880068
   0.0108274229
   0.0197569011
   0.0125741204
  -0.0049154738
  -0.0222649435
  -0.0219994093
  -0.0137369807
  -0.0067494899
  -0.0041510302
  -0.0071453843
  -0.0189430055
  -0.0315301472
  -0.0261658341
  -0.0030878411
   0.0237925828
   0.0364854738
   0.0349898576
   0.0282411749
   0.0273758952
   0.0283602696
   0.0237563706
   0.0131604969
  -0.0039955477
  -0.0237978914
  -0.0284174219
  -0.0133537953
   0.0021592774
   0.0140599618
   0.0167263101
   0.0126341774
   0.0170827695
   0.0225406945
   0.0275924258
   0.0256267821
   0.0079614659
  -0.0135293765
  -0.0318655839
  -0.0470897672
  -0.0530932607
  -0.0517466469
  -0.0520716726
  -0.0499542631
  -0.0311654096
  -0.0103832790
  -0.0050734686
  -0.0110516308
  -0.0214928575
  -0.0320865158
  -0.0235173150
   0.0129818813
   0.0440213732
   0.0504079108
   0.0378107291
   0.0195136799
   0.0100042357
   0.0052832440
   0.0034272620
   0.0112336873
   0.0221859673
   0.0222822542
   0.0158912446
  -0.0018910075
  -0.0240137444
  -0.0290555949
  -0.0126721866
   0.0063368563
   0.0247807280
   0.0301875223
   0.0276958361
   0.0279317925
   0.0283110185
   0.0234849385
   0.0119437837
  -0.0033705999
  -0.0063334743
   0.0035140027
   0.0049215655
   0.0039597209
   0.0103582793
   0.0126525133
   0.0129307506
   0.0180341723
   0.0157780006
   0.0026178720
  -0.0050848478
  -0.0053427384
  -0.0052766992
  -0.0133046326
  -0.0241937270
  -0.0334304841
  -0.0399705197
  -0.0396295563
  -0.0292737752
  -0.0150418910
  -0.0061067978
  -0.0051095983
  -0.0082673838
  -0.0104912085
  -0.0089707516
  -0.0071539277
  -0.0069191732
  -0.0058744243
   0.0009789532
   0.0035677959
   0.0053736477
   0.0147105139
   0.0196125239
   0.0108221791
  -0.0032618038
  -0.0072207900
  -0.0054002577
  -0.0009345830
   0.0040932298
   0.0007274820
  -0.0051810675
  -0.0056075962
   0.0024283868
  -0.0024564197
  -0.0070597502
  -0.0087317313
  -0.0112042980
  -0.0032131566
   0.0179991739
   0.0293077012
   0.0160908357
   0.0038145111
  -0.0036843730
  -0.0086769005
  -0.0089895941
  -0.0058521820
  -0.0050485043
  -0.0056435685
  -0.0053323867
  -0.0047268601
  -0.0072186748
  -0.0158928001
  -0.0184964223
  -0.0164496106
  -0.0118023878
   0.0068876629
   0.0282437614
   0.0332548734
   0.0250012710
   0.0140613759
   0.0016076866
  -0.0048805897
  -0.0056808789
  -0.0015788335
   0.0071135617
   0.0197737287
   0.0283185308
   0.0328602045
   0.0377660620
   0.0338568342
   0.0030019554
  -0.0293183716
  -0.0385148158
  -0.0390500734
  -0.0441627927
  -0.0501869376
  -0.0409440646
  -0.0236368870
  -0.0075645521
   0.0034324959
   0.0015389884
   0.0019346112
   0.0205972282
   0.0385192701
   0.0454051949
   0.0462789472
   0.0288324476
  -0.0011609543
  -0.0095241153
  -0.0050310027
  -0.0042079946
  -0.0091205436
  -0.0191839053
  -0.0313760305
  -0.0375757508
  -0.0385888309
  -0.0338540591
  -0.0199709865
   0.0004385833
   0.0153686901
   0.0117332453
  -0.0031968812
  -0.0065981542
  -0.0071128075
  -0.0061058374
  -0.0047559211
  -0.0052879700
  -0.0081189646
  -0.0090487320
  -0.0055056583
  -0.0055592984
  -0.0063845402
   0.0042866974
   0.0143814110
   0.0095120956
  -0.0029886071
  -0.0125372483
  -0.0138604002
  -0.0068934370
   0.0010951113
   0.0010063356
  -0.0044144150
  -0.0057224345
  -0.0049749240
  -0.0052000910
  -0.0049658473
  -0.0064859943
  -0.0070815859
   0.0002541231
   0.0109415802
   0.0170639741
   0.0253336380
   0.0321474095
   0.0316157224
   0.0217653266
   0.0102524710
   0.0048093921
  -0.0024917263
  -0.0080234378
  -0.0162899731
  -0.0204911135
  -0.0173733211
  -0.0121663654
  -0.0062933204
  -0.0059706457
   0.0042909514
   0.0138569416
   0.0184324943
   0.0145904057
   0.0093721020
   0.0097423015
   0.0118038785
   0.0160169030
   0.0155646694
   0.0069990391
  -0.0074761428
  -0.0236716968
  -0.0328227904
  -0.0328819518
  -0.0279970227
  -0.0197434556
  -0.0111099320
  -0.0002461925
   0.0153612721
   0.0259010011
   0.0288561098
   0.0314275206
   0.0320657112
   0.0307590746
   0.0292503192
   0.0108969720
  -0.0130566035
  -0.0180768657
  -0.0085849265
   0.0027123017
   0.0091604205
   0.0069231209
  -0.0032766027
  -0.0106351261
  -0.0099511371
   0.0009027379
   0.0117642077
   0.0144090916
   0.0128535950
   0.0102461135
   0.0084354115
   0.0025694080
  -0.0046424114
  -0.0048724564
  -0.0050098841
  -0.0057742722
  -0.0015752500
   0.0120844019
   0.0195306311
   0.0212128525
   0.0227634764
   0.0264490031
   0.0274562207
   0.0270889024
   0.0280258404
   0.0279657657
   0.0278667980
   0.0278283999
   0.0232533657
   0.0190666253
   0.0185424918
   0.0203687193
   0.0217646902
   0.0271458779
   0.0286381652
   0.0259881259
   0.0238148014
   0.0263878560
   0.0250965798
   0.0196708133
   0.0122330862
  -0.0021794480
  -0.0102902269
  -0.0101944172
  -0.0085056734
  -0.0065169449
  -0.0051036609
  -0.0050398766
  -0.0049787520
  -0.0048247119
  -0.0051794449
  -0.0055721464
   0.0004965318
   0.0106159006
   0.0199067049
   0.0262074610
   0.0267143370
   0.0229891513
   0.0166712083
  -0.0020016950
  -0.0342876092
  -0.0484348432
  -0.0490892014
  -0.0573230539
  -0.0660199576
  -0.0727751215
  -0.0760477082
  -0.0720895888
  -0.0710084090
  -0.0713393620
  -0.0739544029
  -0.0834911741
  -0.0897061016
  -0.0864652727
  -0.0799117916
  -0.0718987473
  -0.0366127466
   0.0084916799
   0.0260572212
   0.0293697439
   0.0349812906
   0.0442749231
   0.0457150840
   0.0485314541
   0.0576256251
   0.0671795008
   0.0680135706
   0.0701816453
   0.0695669342
   0.0683583108
   0.0682519015
   0.0649255209
   0.0604179736
   0.0610781119
   0.0677331709
   0.0734264218
   0.0670423943
   0.0546585439
   0.0441191684
   0.0378943070
   0.0268273806
   0.0128958700
  -0.0010270772
  -0.0183956222
  -0.0277749713
  -0.0219633857
  -0.0080453796
   0.0131182631
   0.0293212116
   0.0293393412
   0.0301098954
   0.0292544318
   0.0214077183
   0.0077581687
  -0.0166168370
  -0.0386287491
  -0.0394101151
  -0.0284096268
  -0.0109947907
  -0.0045346552
  -0.0055407539
  -0.0043921958
  -0.0072977629
  -0.0155347263
  -0.0228569174
  -0.0231676844
  -0.0247608838
  -0.0330108214
  -0.0429232186
  -0.0492213999
  -0.0507974124
  -0.0489295875
  -0.0484789859
  -0.0508646282
  -0.0542816982
  -0.0520288319
  -0.0521711175
  -0.0608856796
  -0.0685609952
  -0.0740017744
  -0.0827291044
  -0.0882097725
  -0.0938772754
  -0.0966141626
  -0.0820674342
  -0.0577335310
  -0.0382058341
  -0.0326291738
  -0.0350415892
  -0.0365610268
  -0.0428494922
  -0.0468558199
  -0.0450197234
  -0.0423613351
  -0.0373584720
  -0.0269599327
  -0.0094716236
   0.0054930930
   0.0190200551
   0.0365983466
   0.0513456265
   0.0646471245
   0.0721129210
   0.0795778927
   0.0787746969
   0.0768475456
   0.0778560182
   0.0813165004
   0.0821058500
   0.0884157563
   0.0989589969
   0.1058750121
   0.1160976696
   0.1253102048
   0.1338531745
   0.1457928162
   0.1494807880
   0.1497968932
   0.1463654585
   0.1340638720
   0.1171426136
   0.0998195807
   0.0810441138
   0.0595150854
   0.0429905758
   0.0325238015
   0.0317823302
   0.0364388446
   0.0377795841
   0.0333173933
   0.0217600532
   0.0012840497
  -0.0254166208
  -0.0568888026
  -0.0817727759
  -0.0930965281
  -0.0948494534
  -0.0941701072
  -0.0954853756
  -0.0987312716
  -0.1062630584
  -0.1124288467
  -0.1240364160
  -0.1343317217
  -0.1386727026
  -0.1406104006
  -0.1411316647
  -0.1345732932
  -0.1269386324
  -0.1201289087
  -0.1171269999
  -0.1153747227
  -0.1083827599
  -0.0924780462
  -0.0718837816
  -0.0506612073
  -0.0308065875
  -0.0175777495
  -0.0106573448
  -0.0066808188
  -0.0078300628
  -0.0125769780
  -0.0185356453
  -0.0218880625
  -0.0226225047
  -0.0221434861
  -0.0229799775
  -0.0164314692
  -0.0068174952
   0.0058972728
   0.0183948209
   0.0155800593
   0.0103822774
   0.0049287685
  -0.0038324399
  -0.0138286836
  -0.0141002748
  -0.0102261515
  -0.0098579494
  -0.0097849712
  -0.0156894499
  -0.0246331101
  -0.0353960099
  -0.0445583690
  -0.0484639731
  -0.0505817185
  -0.0539344068
  -0.0586789063
  -0.0607793292
  -0.0570730863
  -0.0484601669
  -0.0261760744
   0.0029987248
   0.0240617818
   0.0280380073
   0.0261304528
   0.0244351040
   0.0193896771
   0.0159221422
   0.0244130444
   0.0380303117
   0.0441018519
   0.0529348546
   0.0625532299
   0.0657598264
   0.0676601103
   0.0660925469
   0.0445681025
   0.0207203884
   0.0158422704
   0.0164864179
   0.0175612048
   0.0214824994
   0.0253470835
   0.0308349162
   0.0346943331
   0.0384940112
   0.0412058221
   0.0414682748
   0.0360093482
   0.0308903657
   0.0283174997
   0.0268681944
   0.0334858923
   0.0426107901
   0.0455256330
   0.0457103939
   0.0460642078
   0.0409370119
   0.0422544014
   0.0487958394
   0.0514485242
   0.0555380232
   0.0630215251
   0.0659421834
   0.0628778785
   0.0650548501
   0.0665596637
   0.0624005096
   0.0626773152
   0.0619795860
   0.0489395273
   0.0123657856
  -0.0199077949
  -0.0263441728
  -0.0243803262
  -0.0239104107
  -0.0225681806
  -0.0219307088
  -0.0300257931
  -0.0390867039
  -0.0449044584
  -0.0493899697
  -0.0499817020
  -0.0465682791
  -0.0384692413
  -0.0261427376
  -0.0132852538
  -0.0068192628
   0.0046994087
   0.0169468885
   0.0258918037
   0.0285496793
   0.0259778385
   0.0190848316
   0.0138158862
   0.0179809795
   0.0198429536
   0.0139682118
   0.0019647793
  -0.0050718648
  -0.0061231362
  -0.0076694766
  -0.0142417238
  -0.0170605508
  -0.0192873274
  -0.0199252293
  -0.0121689402
   0.0002618927
   0.0097237417
   0.0165945830
   0.0217701698
   0.0286338994
   0.0306929665
   0.0329494622
   0.0382049797
   0.0405303941
   0.0442725427
   0.0483515481
   0.0493129202
   0.0494705721
   0.0495964132
   0.0466424534
   0.0422649952
   0.0350607617
   0.0207098182
  -0.0004515563
  -0.0190558960
  -0.0326250729
  -0.0450491185
  -0.0536119442
  -0.0561655375
  -0.0577592613
  -0.0599700647
  -0.0575025179
  -0.0529287564
  -0.0457245406
  -0.0424814433
  -0.0446327317
  -0.0472325477
  -0.0465347832
  -0.0444873351
  -0.0447787529
  -0.0461194275
  -0.0456651788
  -0.0417551556
  -0.0345522537
  -0.0207376166
  -0.0116123241
  -0.0069745874
  -0.0050886588
  -0.0056551221
  -0.0067312129
  -0.0103867199
  -0.0144089914
  -0.0191461200
  -0.0227223032
  -0.0271695284
  -0.0282826073
  -0.0281619748
  -0.0269975589
  -0.0238002247
  -0.0260383433
  -0.0249538405
  -0.0231965670
  -0.0176670249
  -0.0087201182
  -0.0060883382
   0.0009526166
   0.0033134506
   0.0099343037
   0.0204527095
   0.0296401507
   0.0423300781
   0.0523508526
   0.0561638701
   0.0570174129
   0.0547412850
   0.0528214633
   0.0527127797
   0.0506903785
   0.0465346948
   0.0412526398
   0.0295091012
   0.0154712284
   0.0095550836
   0.0095787222
   0.0115289819
   0.0184471359
   0.0188243939
   0.0139173050
   0.0115390926
   0.0125352627
   0.0120968222
   0.0139568815
   0.0102463787
   0.0090375314
   0.0091111694
   0.0129242105
   0.0174097277
   0.0263408380
   0.0283304974
   0.0241703063
   0.0185067804
   0.0094314107
  -0.0029786301
  -0.0064004662
  -0.0110703555
  -0.0149105763
  -0.0179895759
  -0.0182406453
  -0.0173854704
  -0.0176214857
  -0.0204406486
  -0.0228107950
  -0.0270960376
  -0.0246494486
  -0.0181532023
  -0.0120710860
  -0.0059974896
  -0.0006150410
  -0.0034697756
  -0.0058157990
  -0.0092444874
  -0.0117024892
  -0.0107870805
  -0.0074300498
  -0.0047551805
  -0.0059775452
  -0.0056005387
   0.0022721738
   0.0088723318
   0.0123461594
   0.0176479938
   0.0208058046
   0.0268048438
   0.0312888880
   0.0353514017
   0.0367413805
   0.0369816499
   0.0335600607
   0.0284568629
   0.0228592153
   0.0224703972
   0.0256962545
   0.0261353078
   0.0233002424
   0.0125085661
  -0.0042466130
  -0.0161790623
  -0.0181127479
  -0.0157562297
  -0.0097508154
  -0.0055232712
  -0.0086920841
  -0.0124057686
  -0.0147109852
  -0.0180169736
  -0.0189570815
  -0.0160498628
  -0.0134982727
  -0.0099409027
  -0.0056638476
  -0.0049384537
  -0.0051790601
  -0.0049826195
  -0.0057326271
  -0.0074403490
  -0.0093981976
  -0.0123045914
  -0.0150069398
  -0.0154409907
  -0.0112216323
  -0.0099442317
  -0.0091187878
  -0.0132207542
  -0.0198530820
  -0.0225860097
  -0.0216779189
  -0.0213385463
  -0.0233097520
  -0.0228986681
  -0.0212455295
  -0.0245890970
  -0.0305595247
  -0.0277052514
  -0.0231348837
  -0.0148696447
  -0.0081916835
  -0.0098077673
  -0.0102191989
  -0.0136582402
  -0.0173946796
  -0.0173940727
  -0.0156970152
  -0.0132858843
  -0.0102819133
  -0.0065102929
  -0.0049791185
  -0.0049444105
  -0.0049585542
  -0.0046661078
  -0.0048441990
  -0.0073582913
  -0.0068019463
  -0.0052134499
   0.0026573236
   0.0124324770
   0.0140854329
   0.0160083243
   0.0174957920
   0.0188431010
   0.0189334487
   0.0162137308
   0.0065352395
  -0.0038866921
  -0.0055518786
   0.0023725343
   0.0049646354
   0.0036702287
   0.0039668538
   0.0088492058
   0.0137588518
   0.0178007495
   0.0233117848
   0.0210946475
   0.0115339489
  -0.0017502267
  -0.0080207393
  -0.0131473990
  -0.0138523400
  -0.0089552085
  -0.0058313085
   0.0024341751
   0.0074988152
   0.0089382749
   0.0095402240
   0.0125198669
   0.0169151366
   0.0191181036
   0.0218380160
   0.0203624679
   0.0152133891
   0.0132475805
   0.0103811461
   0.0103000488
   0.0110931869
   0.0054150236
  -0.0036217854
  -0.0052739034
  -0.0047818930
   0.0017702218
   0.0048110772
   0.0030972948
   0.0037533464
   0.0083655796
   0.0112055707
   0.0141012941
   0.0119531697
   0.0056417880
  -0.0030566212
  -0.0058779058
  -0.0000248298
   0.0084114134
   0.0091945352
   0.0025982988
  -0.0043222756
  -0.0129415153
  -0.0163610835
  -0.0164407491
  -0.0176279316
  -0.0112042922
  -0.0051314181
   0.0032986022
   0.0084412386
   0.0057766314
   0.0034501836
   0.0046095730
   0.0094660379
   0.0129230498
   0.0140794820
   0.0117412172
   0.0051095877
  -0.0034208061
  -0.0048372854
  -0.0042196466
  -0.0045159487
  -0.0045969200
  -0.0046182649
  -0.0043819384
  -0.0049186072
  -0.0085296420
  -0.0154212761
  -0.0188624915
  -0.0223932416
  -0.0261201771
  -0.0260465803
  -0.0220057197
  -0.0208844096
  -0.0215802887
  -0.0214421569
  -0.0269380616
  -0.0304131147
  -0.0306410639
  -0.0303269444
  -0.0283183717
  -0.0281782543
  -0.0268570527
  -0.0201815367
  -0.0123159276
  -0.0056777562
   0.0025314354
   0.0079085087
   0.0088440679
   0.0172093412
   0.0263138350
   0.0278029995
   0.0307087982
   0.0388116777
   0.0433099510
   0.0488962506
   0.0508745974
   0.0546371500
   0.0554829743
   0.0568074755
   0.0563261413
   0.0540159578
   0.0493170092
   0.0361614498
   0.0218004192
   0.0122792323
   0.0049953314
  -0.0029466467
  -0.0050104037
  -0.0041319231
  -0.0046205162
  -0.0041691440
  -0.0064387229
  -0.0107578621
  -0.0167143965
  -0.0175258705
  -0.0157163292
  -0.0107043570
  -0.0056176927
   0.0017333603
   0.0056350935
   0.0038225979
  -0.0029623194
  -0.0052115391
  -0.0049852414
  -0.0049481567
  -0.0043365012
  -0.0047562552
  -0.0044248026
  -0.0044675083
  -0.0053297937
  -0.0075662549
  -0.0074352407
  -0.0086615813
  -0.0123262503
  -0.0165899460
  -0.0190185231
  -0.0208224789
  -0.0226591588
  -0.0226777126
  -0.0225129020
  -0.0220084830
  -0.0252437322
  -0.0259127556
  -0.0253062049
  -0.0258743457
  -0.0262123337
  -0.0260463800
  -0.0258564459
  -0.0256023068
  -0.0293707396
  -0.0287243650
  -0.0303048966
  -0.0317999649
  -0.0315084941
  -0.0312417933
  -0.0277072312
  -0.0259865645
  -0.0276559355
  -0.0310692524
  -0.0339744972
  -0.0366087578
  -0.0373492039
  -0.0351462545
  -0.0355961667
  -0.0358360825
  -0.0351724444
  -0.0330502211
  -0.0289746802
  -0.0239878197
  -0.0215673911
  -0.0218656082
  -0.0195571333
  -0.0193777871
  -0.0158118619
  -0.0103428541
  -0.0059695734
   0.0016328130
   0.0086797109
   0.0151758277
   0.0211393441
   0.0235737956
   0.0217587688
   0.0192727153
   0.0190370181
   0.0189704563
   0.0179223778
   0.0208324364
   0.0199663554
   0.0116593421
  -0.0015949917
  -0.0059375917
  -0.0104914441
  -0.0126760341
  -0.0078028830
  -0.0079769854
  -0.0081008998
  -0.0084097519
  -0.0081567322
  -0.0064801259
  -0.0019388051
   0.0038200343
   0.0110046480
   0.0149540651
   0.0189679935
   0.0255516710
   0.0315864216
   0.0357302801
   0.0423302961
   0.0456563644
   0.0495511274
   0.0508726295
   0.0503565385
   0.0475474038
   0.0425151867
   0.0393874015
   0.0392434308
   0.0400686743
   0.0414917661
   0.0417373795
   0.0399670729
   0.0353690600
   0.0316830737
   0.0249057854
   0.0178849813
   0.0114926519
   0.0054189848
   0.0002685564
  -0.0041673263
  -0.0068909919
  -0.0072438630
  -0.0053328269
  -0.0048428910
  -0.0048697502
  -0.0047213811
  -0.0076560370
  -0.0102689214
  -0.0086198778
  -0.0098145078
  -0.0071233601
  -0.0044008517
  -0.0051986757
  -0.0055279601
  -0.0079699327
  -0.0099879502
  -0.0124946669
  -0.0142763274
  -0.0176909817
  -0.0221203247
  -0.0261196822
  -0.0258126861
  -0.0267084155
  -0.0286428965
  -0.0274273323
  -0.0229434177
  -0.0196218038
  -0.0136676026
  -0.0085019497
  -0.0083362081
  -0.0106731354
  -0.0122673246
  -0.0142872983
  -0.0162759796
  -0.0196045933
  -0.0181653103
  -0.0156509694
  -0.0133399550
  -0.0127378882
  -0.0098033425
  -0.0062549282
   0.0026844874
   0.0107244781
   0.0157166945
   0.0205182402
   0.0261741831
   0.0334392867
   0.0429571447
   0.0517031994
   0.0614107735
   0.0664788846
   0.0696437658
   0.0723568493
   0.0758086703
   0.0748641847
   0.0729647846
   0.0687096500
   0.0667988195
   0.0609800692
   0.0543051189
   0.0481791721
   0.0386124048
   0.0314239323
   0.0287832377
   0.0206514404
   0.0175954903
   0.0207558111
   0.0219187775
   0.0211562659
   0.0205501336
   0.0198429124
   0.0212325789
   0.0230789982
   0.0234739735
   0.0203400017
   0.0118032952
  -0.0019298781
  -0.0116442056
  -0.0216078160
  -0.0313677994
  -0.0419905406
  -0.0495479634
  -0.0542083665
  -0.0615548326
  -0.0680698391
  -0.0713134372
  -0.0753726632
  -0.0754545029
  -0.0703301823
  -0.0685512734
  -0.0674016877
  -0.0707426215
  -0.0755853050
  -0.0800206166
  -0.0846072344
  -0.0862268829
  -0.0855715760
  -0.0790079607
  -0.0759139601
  -0.0746784103
  -0.0649846176
  -0.0575003143
  -0.0495807523
  -0.0399506578
  -0.0332136000
  -0.0283678231
  -0.0226226343
  -0.0136452130
  -0.0068607188
   0.0044755008
   0.0182271467
   0.0281649856
   0.0388084960
   0.0485862614
   0.0537330128
   0.0576598045
   0.0636784817
   0.0643807478
   0.0602306673
   0.0576878151
   0.0536693145
   0.0413578412
   0.0399479180
   0.0401662869
   0.0355876409
   0.0425623639
   0.0459506280
   0.0449667014
   0.0455584160
   0.0445194465
   0.0455583512
   0.0454340833
   0.0483522552
   0.0519712731
   0.0534940043
   0.0542786756
   0.0563289106
   0.0571223315
   0.0548575870
   0.0535731160
   0.0528048833
   0.0505785427
   0.0463085721
   0.0455934203
   0.0454408178
   0.0449538038
   0.0441816765
   0.0415258395
   0.0401289494
   0.0382424645
   0.0336224804
   0.0283910140
   0.0171721510
   0.0048336753
  -0.0033998395
  -0.0097378530
  -0.0162290205
  -0.0227638594
  -0.0262680248
  -0.0341102663
  -0.0432484740
  -0.0503085954
  -0.0571115080
  -0.0614868391
  -0.0629577738
  -0.0630935252
  -0.0614486590
  -0.0608658825
  -0.0578460090
  -0.0529837581
  -0.0468159606
  -0.0375703832
  -0.0322418227
  -0.0251657046
  -0.0204050728
  -0.0170753751
  -0.0138036721
  -0.0100774259
  -0.0066768594
  -0.0058624223
  -0.0058560589
  -0.0058103501
  -0.0053079161
  -0.0056875104
  -0.0054151951
  -0.0058109263
  -0.0089275810
  -0.0197349594
  -0.0299800359
  -0.0348064459
  -0.0379352681
  -0.0354775963
  -0.0283465000
  -0.0199680228
  -0.0145836358
  -0.0103388181
  -0.0067421190
  -0.0058314157
  -0.0054344389
  -0.0065701378
  -0.0056228564
  -0.0056854058
  -0.0057649735
  -0.0022593793
   0.0020922861
   0.0033025445
   0.0045187521
   0.0030164909
   0.0027130199
   0.0005768062
   0.0018613249
   0.0060505646
   0.0097012579
   0.0131794868
   0.0139145888
   0.0111118056
   0.0100117480
   0.0053195351
  -0.0002636563
  -0.0045023394
  -0.0061584764
  -0.0056699646
   0.0005307095
   0.0049651774
   0.0039220711
   0.0045227057
   0.0038976217
   0.0035593875
   0.0011504848
  -0.0000210694
  -0.0040710760
  -0.0059660559
  -0.0055435809
  -0.0060065397
   0.0004656672
   0.0048375723
   0.0068688851
   0.0056330148
   0.0027783420
   0.0000549475
  -0.0047297030
  -0.0073140425
  -0.0086053069
  -0.0098417347
  -0.0110547594
  -0.0090085487
  -0.0094101701
  -0.0091028499
  -0.0085290941
  -0.0075010895
  -0.0059698739
  -0.0019902598
   0.0056175418
   0.0088189916
   0.0115563679
   0.0137124406
   0.0154697790
   0.0134944076
   0.0131886488
   0.0125413374
   0.0081011413
   0.0039611869
  -0.0036488343
  -0.0082206839
  -0.0121102088
  -0.0174671098
  -0.0183708876
  -0.0139107001
  -0.0113304867
  -0.0096439937
  -0.0061148109
  -0.0053325417
  -0.0057045317
  -0.0055370107
  -0.0052973577
  -0.0059354470
  -0.0084608059
  -0.0074192734
  -0.0053272012
  -0.0054508163
  -0.0058838827
  -0.0058498423
  -0.0007427675
   0.0007947207
  -0.0045193189
  -0.0059396362
  -0.0054375740
  -0.0057628059
  -0.0014637925
   0.0028981427
   0.0079562986
   0.0123195453
   0.0114263553
   0.0095030632
   0.0073681663
   0.0053533763
   0.0040825217
   0.0002310830
  -0.0047310239
  -0.0059520270
  -0.0080494804
  -0.0092007335
  -0.0088503311
  -0.0070103400
  -0.0056734886
  -0.0059041900
  -0.0020556403
   0.0025613949
   0.0027828612
   0.0021732149
   0.0022234959
   0.0040130069
   0.0083345937
   0.0109369373
   0.0116074514
   0.0091780140
   0.0045958134
   0.0002012823
  -0.0045703483
  -0.0079073597
  -0.0104295900
  -0.0145934518
  -0.0185096204
  -0.0176497908
  -0.0192464606
  -0.0185992493
  -0.0161881301
  -0.0089903483
  -0.0006099285
   0.0038626333
   0.0050421916
   0.0044212191
   0.0044673369
   0.0046668048
   0.0048340736
   0.0035004688
   0.0068995765
   0.0085287052
   0.0039124919
  -0.0039700761
  -0.0076933274
  -0.0084007194
  -0.0068452229
  -0.0056861570
  -0.0060156605
   0.0005766732
   0.0079698737
   0.0094992747
   0.0108913510
   0.0100857926
   0.0092443283
   0.0091680566
   0.0051718413
   0.0037431927
  -0.0030515111
  -0.0076399519
  -0.0083974258
  -0.0122156047
  -0.0121680917
  -0.0068606540
   0.0023621014
   0.0071562492
   0.0053333412
   0.0084374030
   0.0104312103
   0.0092226989
   0.0128823656
   0.0130489498
   0.0153693500
   0.0185197664
   0.0158365611
   0.0130179343
   0.0139909195
   0.0104282054
   0.0044631701
  -0.0032035367
  -0.0063066363
  -0.0086588062
  -0.0163063469
  -0.0190471464
  -0.0224236737
  -0.0244613646
  -0.0230797878
  -0.0186561364
  -0.0139610354
  -0.0082338466
  -0.0056999731
   0.0061371533
   0.0133684605
   0.0170023380
   0.0182097123
   0.0103478917
  -0.0020613926
  -0.0123544317
  -0.0149605404
  -0.0136745433
  -0.0086827630
  -0.0083026473
  -0.0068726560
  -0.0061533091
  -0.0058055487
  -0.0050867951
  -0.0051617836
  -0.0057614065
  -0.0011567881
   0.0081184107
   0.0152002559
   0.0207352245
   0.0270674615
   0.0282606773
   0.0275369468
   0.0218217129
   0.0064363013
  -0.0051980730
  -0.0088929832
  -0.0085781743
  -0.0064906902
  -0.0056453067
  -0.0009792324
   0.0059474018
   0.0120172215
   0.0168290075
   0.0188580077
   0.0174880911
   0.0158603529
   0.0152249315
   0.0195135385
   0.0235845485
   0.0245040285
   0.0171480822
  -0.0011288972
  -0.0101922431
  -0.0119499468
  -0.0094941722
  -0.0049854506
  -0.0047659652
  -0.0055057096
  -0.0094371613
  -0.0122033612
  -0.0163741166
  -0.0178740635
  -0.0156066439
  -0.0094811450
  -0.0050800317
  -0.0002409089
   0.0006066991
  -0.0042007433
  -0.0050193437
  -0.0047047333
  -0.0046133822
  -0.0044274546
  -0.0069225258
  -0.0134367133
  -0.0182619094
  -0.0215124542
  -0.0217206240
  -0.0199933584
  -0.0141491783
  -0.0083562408
  -0.0079336380
  -0.0100307378
  -0.0092583336
  -0.0057855878
   0.0030989911
   0.0126835581
   0.0146849839
   0.0112978039
   0.0082515991
   0.0052358760
   0.0072197235
   0.0138026764
   0.0181482235
   0.0230411010
   0.0233249416
   0.0237606717
   0.0210561375
   0.0147296923
  -0.0003652890
  -0.0145576639
  -0.0238574594
  -0.0273928877
  -0.0296263281
  -0.0312584323
  -0.0283349105
  -0.0265326340
  -0.0228701921
  -0.0143538306
  -0.0069745167
  -0.0009160933
   0.0097075741
   0.0211244315
   0.0278551731
   0.0268896413
   0.0224729130
   0.0201442051
   0.0175463511
   0.0184617657
   0.0220402879
   0.0184560445
   0.0136181629
   0.0076239198
  -0.0022657397
  -0.0044793495
  -0.0079701094
  -0.0124698558
  -0.0126924020
  -0.0087689981
  -0.0048393735
  -0.0046847347
   0.0037291674
   0.0068433846
   0.0058097868
   0.0047733025
   0.0011441321
  -0.0034979305
   0.0016753066
   0.0083176188
   0.0116908171
   0.0148801736
   0.0139632390
   0.0168604589
   0.0183469249
   0.0226392556
   0.0279985782
   0.0315458493
   0.0331203770
   0.0325204136
   0.0314441713
   0.0284962744
   0.0248250004
   0.0241971679
   0.0235987599
   0.0232383058
   0.0224475716
   0.0201823675
   0.0195945533
   0.0197984279
   0.0213447800
   0.0234105404
   0.0268883391
   0.0290060668
   0.0286975270
   0.0288084790
   0.0305969683
   0.0322508198
   0.0331645728
   0.0337881690
   0.0326009394
   0.0294492209
   0.0274943713
   0.0245597431
   0.0204333013
   0.0184235915
   0.0160269194
   0.0122464080
   0.0088807102
   0.0059111720
   0.0060517136
   0.0106090129
   0.0128307400
   0.0118393718
   0.0107636186
   0.0069710110
  -0.0022446782
  -0.0037260152
  -0.0059658320
  -0.0123514209
  -0.0191850778
  -0.0239378085
  -0.0302643008
  -0.0356367094
  -0.0383514722
  -0.0387885988
  -0.0372153968
  -0.0330789033
  -0.0273026991
  -0.0218864717
  -0.0210313027
  -0.0184745866
  -0.0104289714
  -0.0048717122
  -0.0039230627
  -0.0035419160
  -0.0037026877
  -0.0034261154
  -0.0035306882
  -0.0035879966
  -0.0063043090
  -0.0088245655
  -0.0095908597
  -0.0071709202
  -0.0049190190
  -0.0038710624
  -0.0039931980
   0.0030000340
   0.0069966470
   0.0094767319
   0.0106770889
   0.0142976269
   0.0181762517
   0.0188419874
   0.0153263680
   0.0074781520
  -0.0014440902
  -0.0095121486
  -0.0144584134
  -0.0204319226
  -0.0220532680
  -0.0220081766
  -0.0227354188
  -0.0208021928
  -0.0237283188
  -0.0267881753
  -0.0296214260
  -0.0283422342
  -0.0233179124
  -0.0111927085
   0.0037361000
   0.0211327156
   0.0318558445
   0.0366646374
   0.0379265303
   0.0367488692
   0.0314555664
   0.0240482715
   0.0175332886
   0.0122499845
   0.0074066645
   0.0047728836
  -0.0011808675
  -0.0044582732
  -0.0068743470
  -0.0127986581
  -0.0136742370
  -0.0119107827
  -0.0093153680
  -0.0047937500
  -0.0032309050
  -0.0063715425
  -0.0069375798
  -0.0057428609
  -0.0035553833
  -0.0031743396
  -0.0033093751
  -0.0032534130
  -0.0033255156
  -0.0031809928
  -0.0028163784
  -0.0055160895
  -0.0120385623
  -0.0156358800
  -0.0170993908
  -0.0177416941
  -0.0207551276
  -0.0244329299
  -0.0247700930
  -0.0248700918
  -0.0223529522
  -0.0183506663
  -0.0153412688
  -0.0170372539
  -0.0200996675
  -0.0203275343
  -0.0201104852
  -0.0179118606
  -0.0190950954
  -0.0199244928
  -0.0234234674
  -0.0247454645
  -0.0236235770
  -0.0248432243
  -0.0262201818
  -0.0249871538
  -0.0274909186
  -0.0297076199
  -0.0300985061
  -0.0342765087
  -0.0334891447
  -0.0352930887
  -0.0357554448
  -0.0352797728
  -0.0354024322
  -0.0366934787
  -0.0347778285
  -0.0301985698
  -0.0255805477
  -0.0226198592
  -0.0193301327
  -0.0162930487
  -0.0140264423
  -0.0119556090
  -0.0075765894
  -0.0037575303
  -0.0031205045
  -0.0035056979
  -0.0031935221
  -0.0033474203
  -0.0031823721
  -0.0034390307
  -0.0031323291
  -0.0032712463
  -0.0040056401
  -0.0062730461
  -0.0061749563
  -0.0082913111
  -0.0088080502
  -0.0086439348
  -0.0068865375
  -0.0081401581
  -0.0069896002
  -0.0073302749
  -0.0107098837
  -0.0129771264
  -0.0159266849
  -0.0168161630
  -0.0154197854
  -0.0170591662
  -0.0184218239
  -0.0198774453
  -0.0184257715
  -0.0154632860
  -0.0143018751
  -0.0113365850
  -0.0061112168
  -0.0037915106
   0.0028541342
   0.0124987147
   0.0176029554
   0.0197725856
   0.0198332083
   0.0200343490
   0.0203864895
   0.0211294574
   0.0208023283
   0.0211687746
   0.0181454189
   0.0163241407
   0.0127597946
   0.0064155144
  -0.0020446364
  -0.0039009548
  -0.0039786507
  -0.0043093179
  -0.0044619675
  -0.0039082468
  -0.0033751462
  -0.0035278359
  -0.0037761142
  -0.0039104674
   0.0004923845
   0.0057747619
   0.0100551130
   0.0148757900
   0.0158035129
   0.0154744101
   0.0146786029
   0.0150993143
   0.0159206869
   0.0191296225
   0.0222809933
   0.0223992632
   0.0203816050
   0.0186070149
   0.0140824574
   0.0108798734
   0.0115900170
   0.0108717660
   0.0112282195
   0.0093565295
   0.0101137913
   0.0111802234
   0.0124071591
   0.0150441241
   0.0171915768
   0.0195863693
   0.0198141418
   0.0213779696
   0.0239860167
   0.0276844881
   0.0290775425
   0.0288013085
   0.0290173735
   0.0289099037
   0.0283809976
   0.0289090081
   0.0297915748
   0.0257540549
   0.0205487843
   0.0179828295
   0.0157536549
   0.0152765866
   0.0155624658
   0.0135627841
   0.0111135791
   0.0104166748
   0.0093277000
   0.0069883864
   0.0086993372
   0.0109164627
   0.0107919060
   0.0089308039
   0.0065907597
   0.0051373796
   0.0014075128
  -0.0033240526
  -0.0043709546
  -0.0038426613
  -0.0041794997
  -0.0040848149
  -0.0042125449
  -0.0040804042
  -0.0042260252
  -0.0041111568
  -0.0042445426
  -0.0041313645
  -0.0042663011
  -0.0041433642
  -0.0043020572
  -0.0041762144
  -0.0042576723
  -0.0041767658
  -0.0051506713
  -0.0050095123
  -0.0052420290
  -0.0045598264
  -0.0042245858
  -0.0043379918
  -0.0043583852
  -0.0043042461
  -0.0043861912
  -0.0043130917
  -0.0044183550
  -0.0043246447
  -0.0044835027
  -0.0042578325
  -0.0044582797
  -0.0046636355
  -0.0044129250
  -0.0006427086
  -0.0031232584
  -0.0050654891
  -0.0040676515
  -0.0052831816
  -0.0074037067
  -0.0081003754
  -0.0076635905
  -0.0079751471
  -0.0082797157
  -0.0080477128
  -0.0079437310
  -0.0085440479
  -0.0062029314
  -0.0048610053
  -0.0049378339
  -0.0002678900
   0.0038910940
   0.0041988855
   0.0092631297
   0.0113370563
   0.0081239374
   0.0064863891
   0.0051020760
   0.0010487497
  -0.0041454270
  -0.0047960933
  -0.0043936381
  -0.0055212202
  -0.0076771244
  -0.0076333587
  -0.0091854203
  -0.0107655099
  -0.0091538392
  -0.0054531754
  -0.0045026128
  -0.0050271523
  -0.0048104957
  -0.0047631312
  -0.0047439050
  -0.0057663452
  -0.0060547892
  -0.0050361688
  -0.0047703895
  -0.0049583610
  -0.0048423884
  -0.0047977607
  -0.0052143313
  -0.0050477772
  -0.0006354945
   0.0012484780
   0.0007509992
   0.0007470551
  -0.0041356032
  -0.0010837975
   0.0031770782
   0.0036865890
   0.0040524213
   0.0050299981
   0.0051870667
   0.0039804707
   0.0073654972
   0.0113052101
   0.0127760859
   0.0179229670
   0.0183306807
   0.0178656261
   0.0205491437
   0.0219257831
   0.0230535979
   0.0228180892
   0.0215366762
   0.0195878541
   0.0152312065
   0.0141793924
   0.0143613370
   0.0146949708
   0.0179947726
   0.0189089381
   0.0182684790
   0.0157493950
   0.0131702304
   0.0137807936
   0.0135361052
   0.0120135213
   0.0092452534
   0.0072588817
   0.0055997863
   0.0047618267
   0.0051132124
   0.0049998683
   0.0050499767
   0.0038372106
   0.0044660778
   0.0072558296
   0.0088708294
   0.0090678987
   0.0094869368
   0.0116746495
   0.0103803271
   0.0089363836
   0.0091884664
   0.0091255871
   0.0095856453
   0.0092389372
   0.0094919273
   0.0092067551
   0.0095656125
   0.0094193911
   0.0078034369
   0.0051005470
   0.0040204131
   0.0026936229
   0.0025645147
   0.0024412591
   0.0034298580
   0.0036883383
   0.0046964486
   0.0038657543
   0.0027546922
   0.0027525558
   0.0006120467
  -0.0047017184
  -0.0056512122
  -0.0051964692
  -0.0055988271
  -0.0058374939
  -0.0015882071
   0.0020930279
   0.0041183633
   0.0063853709
   0.0088141779
   0.0094823882
   0.0090994090
   0.0050012765
  -0.0001955289
  -0.0046790213
  -0.0056066246
  -0.0057559435
  -0.0065893280
  -0.0064810097
  -0.0061506224
  -0.0083832085
  -0.0074272158
  -0.0054780708
  -0.0054670245
  -0.0055645746
  -0.0059568997
  -0.0054339310
  -0.0009518512
  -0.0037799664
  -0.0064757187
  -0.0051380607
  -0.0055392102
  -0.0062563718
  -0.0087125706
  -0.0080049370
  -0.0085668558
  -0.0091438523
  -0.0090332125
  -0.0071960024
  -0.0065270674
  -0.0059502535
  -0.0055000450
  -0.0056748508
  -0.0055491977
  -0.0057059576
  -0.0056097338
  -0.0053782947
  -0.0058845785
  -0.0100974587
  -0.0115533924
  -0.0128720016
  -0.0139649358
  -0.0112133128
  -0.0086910471
  -0.0087469857
  -0.0094165865
  -0.0088541020
  -0.0067737590
  -0.0080792172
  -0.0094090094
  -0.0087130184
  -0.0107814183
  -0.0113273993
  -0.0131003043
  -0.0134807028
  -0.0133664042
  -0.0154456277
  -0.0161477877
  -0.0133208945
  -0.0133194038
  -0.0143572892
  -0.0120974468
  -0.0094108477
  -0.0103101300
  -0.0130471174
  -0.0154486798
  -0.0152424838
  -0.0178217308
  -0.0190339778
  -0.0182229398
  -0.0164571877
  -0.0145239617
  -0.0116077990
  -0.0092308652
  -0.0073828255
  -0.0065852331
  -0.0059291897
  -0.0064020453
  -0.0084732027
  -0.0086143924
  -0.0122241717
  -0.0139377620
  -0.0144534111
  -0.0174310213
  -0.0194768019
  -0.0237494475
  -0.0236477518
  -0.0258112720
  -0.0284197728
  -0.0290843890
  -0.0295549231
  -0.0285976873
  -0.0275187759
  -0.0245915775
  -0.0219349392
  -0.0198087330
  -0.0167634650
  -0.0141607678
  -0.0096429272
  -0.0064339032
  -0.0057612409
  -0.0056588694
  -0.0060206392
  -0.0057613052
  -0.0012405769
  -0.0004958010
  -0.0007926167
   0.0019972725
   0.0027829301
   0.0023554594
   0.0027705599
   0.0044133745
   0.0074806797
   0.0090728774
   0.0116138030
   0.0157054820
   0.0181000212
   0.0170552245
   0.0137765160
   0.0103656973
   0.0055444075
   0.0030936412
  -0.0041192930
  -0.0060720704
  -0.0054815836
  -0.0054430659
  -0.0056422629
  -0.0059706280
  -0.0060899761
   0.0010226864
   0.0040354029
   0.0039626056
   0.0035764359
   0.0056886222
   0.0080509593
   0.0109059690
   0.0112276775
   0.0121979759
   0.0139275689
   0.0134784285
   0.0120710212
   0.0116696531
   0.0099067351
   0.0083711063
   0.0096248506
   0.0087872162
   0.0087614976
   0.0107394261
   0.0129145830
   0.0156081641
   0.0157770343
   0.0175824101
   0.0183796903
   0.0184169983
   0.0169343503
   0.0128102771
   0.0126449892
   0.0118178838
   0.0097340645
   0.0083245773
   0.0090145703
   0.0109126859
   0.0133768801
   0.0133798615
   0.0154610294
   0.0183724254
   0.0176697352
   0.0166027552
   0.0182557936
   0.0184290946
   0.0165829051
   0.0130645223
   0.0134152959
   0.0117575851
   0.0111892322
   0.0099175527
   0.0089531110
   0.0084290599
   0.0088588745
   0.0092576325
   0.0091395570
   0.0110798534
   0.0106927380
   0.0102410347
   0.0115179639
   0.0097633830
   0.0080242332
   0.0094725781
   0.0101231360
   0.0082229641
   0.0056449596
   0.0011750945
  -0.0044372630
  -0.0056220828
  -0.0059133579
  -0.0084601814
  -0.0091093134
  -0.0101366934
  -0.0128083092
  -0.0136293164
  -0.0113455290
  -0.0111704309
  -0.0103356777
  -0.0076316854
  -0.0058631446
  -0.0058183968
   0.0005414724
   0.0049183562
   0.0068117387
   0.0080757763
   0.0089000713
   0.0112316251
   0.0117094064
   0.0122649737
   0.0134725660
   0.0156187284
   0.0185361049
   0.0187003499
   0.0182536607
   0.0175318332
   0.0172355723
   0.0180691236
   0.0184247640
   0.0202100598
   0.0208964587
   0.0190267189
   0.0188978906
   0.0146654519
   0.0106618876
   0.0046018480
  -0.0042030465
  -0.0055395914
  -0.0048461445
  -0.0060451558
  -0.0081709967
  -0.0087290858
  -0.0102836278
  -0.0111241081
  -0.0108073018
  -0.0110676098
  -0.0099906252
  -0.0088356306
  -0.0084586730
  -0.0087664174
  -0.0086274078
  -0.0084325833
  -0.0079375090
  -0.0118857889
  -0.0135435762
  -0.0145072521
  -0.0150143990
  -0.0167800922
  -0.0188523161
  -0.0185652643
  -0.0187873157
  -0.0186494549
  -0.0181072860
  -0.0164297369
  -0.0137225689
  -0.0089788236
  -0.0082602250
  -0.0066337595
  -0.0049344643
  -0.0051521679
  -0.0053857905
  -0.0054375988
  -0.0008302529
   0.0025836731
   0.0043758302
   0.0077133484
   0.0094081315
   0.0113091695
   0.0128590510
   0.0134925340
   0.0138954516
   0.0140477124
   0.0162593230
   0.0174772263
   0.0168938429
   0.0146572739
   0.0139516907
   0.0167100600
   0.0140712273
   0.0134569817
   0.0140100685
   0.0144702857
   0.0145068220
   0.0141090539
   0.0135361347
   0.0122467851
   0.0101818025
   0.0089781048
   0.0095709742
   0.0101084944
   0.0057744567
   0.0037832241
   0.0011533595
  -0.0045407858
  -0.0049134552
  -0.0055147149
  -0.0074911203
  -0.0119525451
  -0.0148057048
  -0.0168951863
  -0.0166607323
  -0.0187923415
  -0.0217804277
  -0.0220323102
  -0.0194735613
  -0.0194309682
  -0.0190733068
  -0.0158017925
  -0.0130287344
  -0.0126183280
  -0.0127663818
  -0.0146061255
  -0.0152099011
  -0.0144766432
  -0.0148087745
  -0.0152730455
  -0.0149919270
  -0.0132419890
  -0.0126885840
  -0.0128952985
  -0.0095734901
  -0.0100032988
  -0.0090608754
  -0.0062022539
  -0.0058260121
  -0.0051967555
  -0.0046846976
  -0.0048080570
  -0.0048761507
  -0.0052013218
  -0.0015585539
   0.0034923284
   0.0083553747
   0.0099075658
   0.0121976106
   0.0143688434
   0.0166814780
   0.0174074769
   0.0148709055
   0.0110429106
   0.0084412681
   0.0044845462
  -0.0033580901
  -0.0050171454
  -0.0050058510
  -0.0082582512
  -0.0094014205
  -0.0076391977
  -0.0071122537
  -0.0115498337
  -0.0130231429
  -0.0134956862
  -0.0142521644
  -0.0172501550
  -0.0198520155
  -0.0194078834
  -0.0207504847
  -0.0198299205
  -0.0171415833
  -0.0170209567
  -0.0134728547
  -0.0098976496
  -0.0084414449
  -0.0057588800
  -0.0064535589
  -0.0053939892
  -0.0043111232
  -0.0046960403
  -0.0047796664
  -0.0048582626
  -0.0014395587
   0.0001006896
  -0.0002554033
   0.0006583407
   0.0027297443
   0.0042954552
   0.0073921526
   0.0089214356
   0.0115545944
   0.0144588023
   0.0136261053
   0.0142800688
   0.0164136754
   0.0160976410
   0.0186764108
   0.0202523643
   0.0195129022
   0.0198259847
   0.0198806034
   0.0199765544
   0.0174727425
   0.0168760079
   0.0172813590
   0.0152367391
   0.0134163211
   0.0144208048
   0.0167204240
   0.0169786051
   0.0167625577
   0.0193597753
   0.0201348604
   0.0176138026
   0.0173165106
   0.0155692534
   0.0143596755
   0.0148883223
   0.0163181957
   0.0172190983
   0.0190615641
   0.0202703054
   0.0192012337
   0.0192472383
   0.0188086388
   0.0199177229
   0.0182723029
   0.0152715843
   0.0138101415
   0.0130379023
   0.0108329320
   0.0086908409
   0.0056333512
   0.0011397402
  -0.0037512412
  -0.0044985397
  -0.0046744750
  -0.0075118483
  -0.0132559412
  -0.0166227820
  -0.0180473468
  -0.0205457617
  -0.0208673758
  -0.0245746027
  -0.0263680648
  -0.0254358287
  -0.0260843126
  -0.0260473934
  -0.0234267964
  -0.0190142632
  -0.0189203155
  -0.0175370830
  -0.0166074334
  -0.0161321032
  -0.0181564311
  -0.0215668549
  -0.0234173987
  -0.0219913609
  -0.0214945190
  -0.0250226412
  -0.0261974623
  -0.0254803662
  -0.0262841099
  -0.0265236074
  -0.0260435459
  -0.0226921068
  -0.0221806587
  -0.0197815002
  -0.0170078057
  -0.0134501057
  -0.0101673377
  -0.0082656456
  -0.0075016139
  -0.0078933191
  -0.0076188527
  -0.0075784160
  -0.0076783500
  -0.0095565683
  -0.0085953318
  -0.0086689286
  -0.0118013449
  -0.0129113483
  -0.0121008465
  -0.0115412785
  -0.0139433888
  -0.0145578348
  -0.0137556701
  -0.0162061537
  -0.0171137673
  -0.0143400139
  -0.0140409719
  -0.0146512464
  -0.0146659174
  -0.0128295852
  -0.0097335636
  -0.0075612290
  -0.0076212684
  -0.0055781999
  -0.0039882370
  -0.0045606336
  -0.0046078030
  -0.0008334788
   0.0033547882
   0.0042684900
   0.0056267799
   0.0098955462
   0.0101481710
   0.0097261692
   0.0107634360
   0.0103026177
   0.0106864218
   0.0101607563
   0.0105696072
   0.0121456374
   0.0136408412
   0.0135252404
   0.0187772109
   0.0199316104
   0.0208453339
   0.0234867238
   0.0263558331
   0.0288435245
   0.0291824140
   0.0276738177
   0.0286951761
   0.0280279851
   0.0279888387
   0.0282417169
   0.0305243849
   0.0313529044
   0.0314833766
   0.0316135188
   0.0316378704
   0.0330361216
   0.0331720792
   0.0322166698
   0.0318396415
   0.0313536704
   0.0310553708
   0.0294697132
   0.0305904694
   0.0291992769
   0.0271447584
   0.0284927156
   0.0250374773
   0.0216161237
   0.0199588431
   0.0202197639
   0.0162890009
   0.0146963672
   0.0137178907
   0.0109652189
   0.0087344063
   0.0059282470
   0.0040549537
  -0.0023739372
  -0.0047662651
  -0.0045545996
  -0.0071570033
  -0.0074604525
  -0.0096846071
  -0.0114230793
  -0.0124908312
  -0.0121980053
  -0.0120068044
  -0.0120699724
  -0.0121081997
  -0.0120355279
  -0.0121058193
  -0.0120279154
  -0.0121120589
  -0.0120396523
  -0.0121078520
  -0.0119488273
  -0.0122421186
  -0.0122288204
  -0.0103000370
  -0.0081100088
  -0.0100871242
  -0.0102918648
  -0.0075312094
  -0.0066402878
  -0.0079101113
  -0.0089452687
  -0.0114846918
  -0.0120851384
  -0.0137039326
  -0.0145822394
  -0.0152663817
  -0.0134964816
  -0.0120695718
  -0.0100577114
  -0.0080523498
  -0.0073162402
  -0.0082606728
  -0.0080591373
  -0.0077658813
  -0.0078316241
  -0.0074476610
  -0.0076258818
  -0.0074688957
  -0.0077345949
  -0.0075967990
  -0.0058230131
  -0.0050271499
  -0.0054264122
  -0.0052487723
  -0.0053791455
  -0.0048189654
  -0.0043183309
  -0.0041350889
  -0.0042656960
  -0.0041632060
  -0.0042266274
  -0.0041775377
  -0.0042533546
  -0.0041053172
  -0.0041994848
  -0.0050401972
  -0.0053864858
  -0.0048443145
  -0.0051728647
  -0.0043716657
  -0.0043085673
  -0.0046267028
  -0.0007160173
   0.0038704962
   0.0034592249
   0.0035422182
   0.0056205350
   0.0083383528
   0.0098567474
   0.0094163626
   0.0102283315
   0.0104888163
   0.0103676829
   0.0124002007
   0.0130362407
   0.0109725073
   0.0104811390
   0.0089509191
   0.0063837860
   0.0050595606
   0.0039481349
   0.0036756240
   0.0037651746
   0.0036916702
   0.0036835181
   0.0037707248
   0.0038152706
   0.0026807919
   0.0023167626
   0.0044180475
   0.0059884454
   0.0050337183
   0.0048110913
   0.0043685471
   0.0015836903
  -0.0033237227
  -0.0045678436
  -0.0039665262
  -0.0042934001
  -0.0041845486
  -0.0042236861
  -0.0046607968
  -0.0053229766
  -0.0044833136
  -0.0041337243
  -0.0042908553
  -0.0042456903
  -0.0042947906
  -0.0041797643
  -0.0041777457
  -0.0045411676
  -0.0044724075
   0.0001544279
   0.0019997235
   0.0010043824
   0.0009248170
   0.0014637842
   0.0017444202
  -0.0031507687
  -0.0046679526
  -0.0039528756
  -0.0051580169
  -0.0054496756
  -0.0048670617
  -0.0047659369
  -0.0053599595
  -0.0044911405
  -0.0040692394
  -0.0046282200
  -0.0044860333
   0.0001402630
   0.0019710897
   0.0006119607
   0.0006987780
   0.0011496482
   0.0032930042
   0.0036145135
   0.0037086775
   0.0044033900
   0.0013878394
  -0.0037201845
  -0.0044624719
  -0.0041105405
  -0.0042972175
  -0.0043239642
  -0.0041193814
  -0.0050841785
  -0.0072362682
  -0.0078671764
  -0.0075199792
  -0.0076816613
  -0.0076364992
  -0.0081945647
  -0.0077561890
  -0.0076207381
  -0.0078130526
  -0.0077730401
  -0.0054852355
  -0.0050804766
  -0.0047419795
  -0.0041861164
  -0.0043969624
  -0.0042869737
  -0.0043628990
  -0.0042938084
  -0.0043573464
  -0.0043051770
  -0.0043566977
  -0.0043115180
  -0.0043527413
  -0.0043109070
  -0.0043926824
  -0.0042944106
  -0.0042443452
  -0.0045306622
  -0.0047758537
  -0.0007168882
   0.0036694056
   0.0026471328
   0.0036668455
   0.0088876687
   0.0105447725
   0.0123378517
   0.0125691181
   0.0131336530
   0.0125822101
   0.0123635289
   0.0133583321
   0.0109045844
   0.0102649620
   0.0104428058
   0.0087126177
   0.0084198802
   0.0068613905
   0.0040805709
   0.0011003888
  -0.0036567579
  -0.0045557756
  -0.0042084423
  -0.0042877950
  -0.0048064691
  -0.0053877337
  -0.0055990604
  -0.0052421120
  -0.0049524725
  -0.0071906996
  -0.0081406589
  -0.0053903598
  -0.0052010531
  -0.0047231134
  -0.0043303464
  -0.0048495755
  -0.0045751697
  -0.0042999814
  -0.0044722331
  -0.0043320775
  -0.0043769974
  -0.0045568527
  -0.0045741999
  -0.0013788300
   0.0003184345
   0.0007087578
   0.0004696074
  -0.0034930136
  -0.0047810787
  -0.0041708285
  -0.0044459878
  -0.0043686555
  -0.0044745658
  -0.0043478592
  -0.0045030258
  -0.0043244674
  -0.0043643650
  -0.0046307812
  -0.0047529504
  -0.0001181034
   0.0034423343
   0.0043558658
   0.0053364923
   0.0057112651
   0.0087995363
   0.0101623589
   0.0097338465
   0.0090098979
   0.0058297441
   0.0054592842
   0.0050118632
   0.0054337920
   0.0060163204
   0.0056063029
   0.0055462105
   0.0075594025
   0.0104943842
   0.0087697641
   0.0083529177
   0.0093587272
   0.0105588190
   0.0109992333
   0.0083150676
   0.0101376774
   0.0112112211
   0.0094447148
   0.0089627149
   0.0091733417
   0.0091334470
   0.0101382725
   0.0094836196
   0.0088583266
   0.0091905875
   0.0107415237
   0.0093469373
   0.0053590326
   0.0038645954
   0.0011181526
  -0.0036895568
  -0.0046988007
  -0.0042331969
  -0.0044000616
  -0.0044466212
  -0.0051716957
  -0.0055343205
  -0.0072513753
  -0.0080292768
  -0.0075989319
  -0.0079771327
  -0.0078680661
  -0.0061414191
  -0.0043780373
  -0.0045872017
  -0.0042980612
  -0.0045082461
  -0.0047156300
  -0.0044294479
   0.0002574306
  -0.0027429283
  -0.0052131594
  -0.0041276367
  -0.0044897924
  -0.0043462059
  -0.0045371175
  -0.0043525380
  -0.0044943092
  -0.0043773362
  -0.0044789995
  -0.0043811778
  -0.0045020843
  -0.0043493433
  -0.0044017054
  -0.0045972022
  -0.0046474997
  -0.0009837375
   0.0013269086
   0.0028132432
   0.0036901489
   0.0041719138
   0.0047726561
   0.0054337024
   0.0061663186
   0.0047534382
   0.0032934078
   0.0032645883
   0.0042474715
   0.0020229880
   0.0008501378
  -0.0032293843
  -0.0049840601
  -0.0043666452
  -0.0010178108
   0.0013498173
   0.0029297673
   0.0037280975
   0.0024462761
   0.0031903581
   0.0036758656
   0.0039952873
   0.0036382829
   0.0029898084
   0.0042570966
   0.0048062794
   0.0054963973
   0.0059623086
   0.0057914056
   0.0051577912
   0.0041720705
   0.0018997253
   0.0008532971
   0.0006038987
  -0.0034324652
  -0.0047716810
  -0.0041128048
  -0.0042772879
  -0.0046062370
  -0.0046874839
  -0.0000490302
   0.0034565935
   0.0044191051
   0.0056940387
   0.0049296982
   0.0045505400
   0.0057193990
   0.0060331420
   0.0049487364
   0.0045678636
   0.0047660229
   0.0055975327
   0.0060702203
   0.0058439014
   0.0051111373
   0.0036539692
   0.0018630312
  -0.0031981391
  -0.0047147161
  -0.0040420573
  -0.0043216127
  -0.0042928521
  -0.0043388326
  -0.0042644934
  -0.0043096131
  -0.0043170134
  -0.0042579457
  -0.0041779708
  -0.0045546550
  -0.0045556207
  -0.0000220671
   0.0036029027
   0.0044643956
   0.0057155462
   0.0050657654
   0.0056374532
   0.0052588512
   0.0046982669
   0.0040103031
   0.0036046910
   0.0036883572
   0.0032493634
   0.0044584282
   0.0041202746
   0.0036127712
   0.0036961558
   0.0027169953
   0.0042790879
   0.0051166569
   0.0047305514
   0.0048843665
   0.0049202216
   0.0048636420
   0.0039948024
   0.0040418941
   0.0022021699
  -0.0031400594
  -0.0046072368
  -0.0038609435
  -0.0041960721
  -0.0041457722
  -0.0046049360
  -0.0042315330
  -0.0050564361
  -0.0051551280
  -0.0047454181
  -0.0067887659
  -0.0076934983
  -0.0073632111
  -0.0094194441
  -0.0076794930
  -0.0074043902
  -0.0081550707
  -0.0093429484
  -0.0098858185
  -0.0097274831
  -0.0097931906
  -0.0090858162
  -0.0091479001
  -0.0114013261
  -0.0100370835
  -0.0092636600
  -0.0091176801
  -0.0074833311
  -0.0074459052
  -0.0073645191
  -0.0078982213
  -0.0076727938
  -0.0074479025
  -0.0051697384
  -0.0047575273
  -0.0052973571
  -0.0050609918
  -0.0051204826
  -0.0050578060
  -0.0051226567
  -0.0050637392
  -0.0050929964
  -0.0050326018
  -0.0051525450
  -0.0050747566
  -0.0042433058
  -0.0038378846
  -0.0040639066
  -0.0039122610
  -0.0040049178
  -0.0038913014
  -0.0040425534
  -0.0038191310
  -0.0039269921
  -0.0041804454
  -0.0041017308
   0.0005157863
   0.0013370894
   0.0011408750
   0.0019317524
   0.0010546416
   0.0002636713
  -0.0030000835
  -0.0041282229
  -0.0039783101
  -0.0040396234
   0.0005659559
   0.0014437249
   0.0010561677
   0.0018780033
   0.0034108175
   0.0052671123
   0.0051620010
   0.0060373489
   0.0055528260
   0.0077025543
   0.0075224774
   0.0085713868
   0.0096631132
   0.0068480628
   0.0062820608
   0.0065880966
   0.0056767115
   0.0048812696
   0.0053155999
   0.0085125494
   0.0091274431
   0.0069195798
   0.0097071675
   0.0100759235
   0.0086691820
   0.0060608638
   0.0060669974
   0.0058701113
   0.0044132667
   0.0047066134
   0.0026736921
   0.0017451743
   0.0019338211
   0.0017925283
   0.0043772054
   0.0050840353
   0.0025412579
   0.0017527962
   0.0017317229
   0.0008943784
   0.0018167920
   0.0020324547
   0.0020987590
   0.0019356759
   0.0019444962
   0.0020726817
   0.0042494158
   0.0026920627
   0.0040957811
   0.0053741456
   0.0024427545
   0.0012440467
   0.0020630919
  -0.0021600045
  -0.0041553550
  -0.0032504865
  -0.0035950163
  -0.0034880408
  -0.0036431262
  -0.0034360440
  -0.0034763481
  -0.0037882429
  -0.0036742971
  -0.0001101393
   0.0006557865
  -0.0030370097
   0.0006186210
   0.0027776639
   0.0017453081
   0.0038979063
   0.0054528543
   0.0065522968
   0.0067811534
   0.0067666533
   0.0063296033
   0.0057072020
   0.0055675766
   0.0056066770
   0.0065593908
   0.0068767274
   0.0067623875
   0.0067471390
   0.0069059575
   0.0068359077
   0.0060110883
   0.0047757170
   0.0045391125
   0.0021457364
   0.0020186185
  -0.0017996634
  -0.0042006007
  -0.0033559377
   0.0008803425
   0.0046313297
   0.0051437718
   0.0065516134
   0.0089238808
   0.0110255587
   0.0115776144
   0.0099795424
   0.0093791135
   0.0079184897
   0.0051056949
   0.0050206069
   0.0045674765
   0.0030225001
   0.0018319763
   0.0017806700
  -0.0024458254
  -0.0035290979
  -0.0031617349
  -0.0031586934
  -0.0033525351
  -0.0032152082
  -0.0032471487
  -0.0031137782
  -0.0042143609
  -0.0043788752
  -0.0035208297
  -0.0029982540
  -0.0032668562
  -0.0034626734
  -0.0034401649
   0.0012918584
   0.0027056149
   0.0022956427
   0.0046823066
   0.0032764307
   0.0023442799
   0.0028575368
  -0.0020155671
  -0.0036119958
  -0.0029549968
  -0.0031262893
  -0.0031912137
  -0.0031791675
  -0.0031093922
  -0.0031066395
  -0.0039445108
  -0.0043392292
  -0.0047391030
  -0.0042641205
  -0.0036323639
  -0.0058211383
  -0.0067517701
  -0.0064853403
  -0.0065765659
  -0.0042042508
  -0.0039262244
  -0.0043482380
  -0.0033386182
  -0.0034317841
  -0.0033247850
  -0.0030017150
  -0.0031480743
  -0.0030456556
  -0.0031304908
  -0.0030351420
  -0.0031235259
  -0.0030314901
  -0.0031197986
  -0.0030169546
  -0.0031145813
  -0.0030426802
  -0.0030925305
  -0.0028829113
  -0.0033503610
  -0.0033319332
   0.0007249030
   0.0052839711
   0.0050789776
   0.0047007103
   0.0030625633
   0.0047602170
   0.0033913144
   0.0018270258
  -0.0017368171
  -0.0035351696
  -0.0027030424
  -0.0031439493
  -0.0028612352
  -0.0031142413
  -0.0037668190
  -0.0041797118
  -0.0040491419
  -0.0051340724
  -0.0035454270
  -0.0027811979
  -0.0031052278
  -0.0030607167
  -0.0029061263
  -0.0028508677
  -0.0046920585
  -0.0063361728
  -0.0063870325
  -0.0059539125
  -0.0055839351
  -0.0057749993
  -0.0080374372
  -0.0089621787
  -0.0076108572
  -0.0075110588
  -0.0065768841
  -0.0062869748
  -0.0064642823
  -0.0064541540
  -0.0045905236
  -0.0039144693
  -0.0033140339
  -0.0029236343
  -0.0030031184
  -0.0028608434
  -0.0032183239
  -0.0033140345
   0.0009086523
   0.0048788103
   0.0048446609
   0.0043882387
   0.0056651638
   0.0062680026
   0.0058931602
   0.0071535035
   0.0073028654
   0.0061679036
   0.0067334990
   0.0096689285
   0.0098752129
   0.0092982047
   0.0080209514
   0.0089252831
   0.0103694211
   0.0099132575
   0.0081646275
   0.0095293297
   0.0105191718
   0.0067642788
   0.0067546748
   0.0067416123
   0.0051801419
   0.0031570024
   0.0020858473
   0.0018078292
   0.0015343956
   0.0015944738
   0.0015518376
   0.0023224636
   0.0026827381
   0.0043745263
   0.0051540421
   0.0048620859
   0.0050558675
   0.0033958300
   0.0018058276
  -0.0020007234
  -0.0033486888
  -0.0027935510
  -0.0030158021
  -0.0028002261
  -0.0038222332
  -0.0059178417
  -0.0065625430
  -0.0062149452
  -0.0064339327
  -0.0063161990
  -0.0063832852
  -0.0064340388
  -0.0065596265
  -0.0045982533
  -0.0030757389
  -0.0030115734
  -0.0030919384
  -0.0030058069
  -0.0030322973
  -0.0030115328
  -0.0030475752
  -0.0030135944
  -0.0030496964
  -0.0030189490
  -0.0030538190
  -0.0030238182
  -0.0030573141
  -0.0030295363
  -0.0030606743
  -0.0030355809
  -0.0030629415
  -0.0030447070
  -0.0030646549
  -0.0030462837
  -0.0030681342
  -0.0030946593
  -0.0030105918
  -0.0029847973
  -0.0034008512
  -0.0032064851
   0.0013578787
   0.0023129139
   0.0009543264
   0.0015958826
   0.0022603927
   0.0028462242
   0.0014619064
   0.0018919497
   0.0018015206
   0.0016817477
  -0.0022256771
  -0.0033848963
  -0.0029047222
  -0.0032696372
  -0.0033119134
   0.0003465734
   0.0018138779
   0.0030083935
   0.0029679503
   0.0023287239
   0.0025549591
   0.0023894473
   0.0028426920
   0.0026720806
  -0.0018860223
  -0.0037014286
  -0.0028221814
  -0.0032271984
  -0.0030900859
  -0.0032584990
  -0.0030880827
  -0.0032350465
  -0.0031201834
  -0.0032294356
  -0.0031350271
  -0.0032278182
  -0.0031512395
  -0.0032269556
  -0.0031565994
  -0.0032407971
  -0.0031926937
  -0.0031567320
  -0.0031738435
  -0.0041099407
  -0.0042595106
  -0.0041757324
  -0.0061020429
  -0.0067847358
  -0.0064209409
  -0.0067814952
  -0.0066774250
  -0.0044265649
  -0.0034458553
  -0.0043942650
  -0.0043755368
  -0.0044143797
  -0.0034208115
  -0.0032300259
  -0.0032678666
  -0.0033165657
  -0.0032260123
  -0.0033212504
  -0.0032344879
  -0.0033299635
  -0.0032351496
  -0.0033746130
  -0.0031952438
  -0.0032857612
  -0.0034877285
  -0.0035227540
   0.0003040084
   0.0016408903
   0.0010730948
   0.0011641324
   0.0012080354
   0.0021521392
   0.0024321724
   0.0013916186
   0.0018500912
   0.0023856517
   0.0044444300
   0.0049256121
   0.0051873401
   0.0059468185
   0.0064607648
   0.0061019192
   0.0063940970
   0.0071267656
   0.0058929599
   0.0057403633
   0.0043062199
   0.0043512512
   0.0046739424
   0.0046348862
   0.0030012047
   0.0013850955
  -0.0023937219
  -0.0037678106
  -0.0031572894
  -0.0034533505
  -0.0033679326
  -0.0034733468
  -0.0033649442
  -0.0034613719
  -0.0033866161
  -0.0034616199
  -0.0033952190
  -0.0034656648
  -0.0034026429
  -0.0034715362
  -0.0034068539
  -0.0034815331
  -0.0034092237
  -0.0034856958
  -0.0034109447
  -0.0035344797
  -0.0033576794
  -0.0034352568
  -0.0037062600
  -0.0036698010
   0.0008830416
   0.0025532009
   0.0035725378
   0.0055354741
   0.0064167104
   0.0069555975
   0.0065510124
   0.0058861593
   0.0063522580
   0.0069428001
   0.0057223132
   0.0064461056
   0.0058316060
   0.0063454881
   0.0070035112
   0.0066548705
   0.0045132791
   0.0044221400
   0.0030433560
  -0.0025391215
  -0.0039027224
  -0.0032514510
  -0.0035289200
  -0.0035037488
  -0.0036100450
  -0.0034355514
  -0.0034963149
  -0.0037149295
  -0.0037921192
   0.0000298247
   0.0022495939
   0.0020474687
   0.0020559867
   0.0016372962
   0.0013540065
   0.0011562230
  -0.0025192118
  -0.0039775324
  -0.0032926713
  -0.0035985002
  -0.0035000504
  -0.0036231724
  -0.0034944760
  -0.0036030624
  -0.0035156501
  -0.0035961281
  -0.0035254372
  -0.0035920409
  -0.0035283279
  -0.0035897831
  -0.0035658386
  -0.0035479004
  -0.0034676528
  -0.0038380325
  -0.0036962713
  -0.0000570411
   0.0017596604
   0.0016577378
   0.0038882016
   0.0044304436
   0.0053057361
   0.0054388161
   0.0049590780
   0.0062583043
   0.0069290895
   0.0050968486
   0.0052830490
   0.0055900003
   0.0055812401
   0.0047030900
   0.0042224058
   0.0025388086
   0.0040997540
   0.0047987959
   0.0042826030
   0.0044868729
   0.0025503834
   0.0018710466
   0.0022196013
   0.0020924216
   0.0019502591
   0.0019517486
   0.0043585107
   0.0047120647
   0.0041533246
   0.0043315619
   0.0052068185
   0.0056429434
   0.0062912523
   0.0058733101
   0.0063175542
   0.0059420401
   0.0050941636
   0.0060585601
   0.0086481711
   0.0084205813
   0.0091095491
   0.0111509697
   0.0109627148
   0.0134928168
   0.0136785204
   0.0132946280
   0.0135496509
   0.0140240914
   0.0117487295
   0.0110086958
   0.0114587612
   0.0094943725
   0.0073335273
   0.0068154330
   0.0067980634
   0.0058334549
   0.0041833107
   0.0042708020
   0.0026946198
   0.0019950718
   0.0022339094
   0.0007910158
   0.0007490566
   0.0011448709
   0.0009770807
   0.0018215074
   0.0020835223
   0.0038201138
   0.0047175802
   0.0048501093
   0.0028491873
   0.0016924741
   0.0022590387
   0.0038782035
   0.0046413120
   0.0041840637
   0.0054106011
   0.0055946314
   0.0056105139
   0.0054878940
   0.0056478284
   0.0055613906
   0.0056589820
   0.0047289311
   0.0045008617
   0.0025058176
   0.0006518377
  -0.0025916332
  -0.0037842145
  -0.0032567585
  -0.0035109877
  -0.0034318389
  -0.0035113666
  -0.0034218054
  -0.0034878558
  -0.0034320917
  -0.0034744126
  -0.0034313640
  -0.0034640557
  -0.0034298403
  -0.0034548742
  -0.0034267547
  -0.0034466584
  -0.0034228807
  -0.0034389493
  -0.0034183580
  -0.0034315920
  -0.0034134282
  -0.0034246082
  -0.0034076929
  -0.0034177565
  -0.0034032492
  -0.0034108275
  -0.0033897801
  -0.0034139278
  -0.0034081867
  -0.0033370739
  -0.0033499903
  -0.0042301920
  -0.0045682878
  -0.0043924250
  -0.0044825500
  -0.0044397453
  -0.0044400210
  -0.0044271506
  -0.0049372983
  -0.0046694291
  -0.0043982922
  -0.0036255592
  -0.0032503132
  -0.0033575280
  -0.0033683916
  -0.0038160489
  -0.0033382282
  -0.0032696089
  -0.0051628860
  -0.0047445690
  -0.0040947341
  -0.0062621989
  -0.0068635823
  -0.0065892337
  -0.0066692646
  -0.0066550119
  -0.0066381254
  -0.0067884300
  -0.0067263815
  -0.0048621266
  -0.0042046084
  -0.0045391791
  -0.0034857553
  -0.0032082085
  -0.0032890607
  -0.0032989445
  -0.0032416897
  -0.0032795776
  -0.0032383973
  -0.0032781464
  -0.0032255527
  -0.0032763158
  -0.0032142991
  -0.0032696036
  -0.0032012701
  -0.0033014851
  -0.0031455472
  -0.0032019159
  -0.0034180181
  -0.0034273309
   0.0006258481
   0.0027001406
   0.0044515045
   0.0051130475
   0.0044835587
   0.0048535360
   0.0046657973
   0.0048078077
   0.0046157784
   0.0049815790
   0.0047407381
   0.0029479865
   0.0020523154
   0.0026990801
  -0.0019274972
  -0.0036544323
  -0.0029154975
  -0.0031518640
  -0.0031455125
  -0.0031861613
  -0.0031236255
  -0.0031550805
  -0.0031358897
  -0.0031421004
  -0.0031328205
  -0.0031315685
  -0.0031301243
  -0.0031223010
  -0.0031259599
  -0.0031140498
  -0.0031213235
  -0.0031062877
  -0.0031163878
  -0.0030989174
  -0.0031112812
  -0.0030917781
  -0.0031061157
  -0.0030848509
  -0.0031009225
  -0.0030780645
  -0.0030957676
  -0.0030714290
  -0.0030906321
  -0.0030648582
  -0.0030855821
  -0.0030584118
  -0.0030806051
  -0.0030520514
  -0.0030757207
  -0.0030458071
  -0.0030709199
  -0.0030396281
  -0.0030661609
  -0.0030336436
  -0.0030615817
  -0.0030275937
  -0.0030565116
  -0.0030233845
  -0.0030522058
  -0.0030119935
  -0.0030483123
  -0.0030385534
  -0.0030077042
  -0.0029162835
  -0.0032980554
  -0.0031873073
   0.0005408651
   0.0027442946
   0.0019396300
   0.0042149701
   0.0051042990
   0.0057520765
   0.0061296351
   0.0060438242
   0.0060643048
   0.0061134852
   0.0060291944
   0.0060828409
   0.0061909118
   0.0061629013
   0.0042135672
   0.0044226532
   0.0053353062
   0.0054304836
   0.0031549284
   0.0024116135
   0.0051535095
   0.0035306687
   0.0022775673
   0.0028405715
   0.0026186757
   0.0027853282
   0.0026165787
   0.0026572929
   0.0020379207
   0.0026117249
  -0.0016171709
  -0.0035056643
  -0.0026692260
  -0.0029883295
  -0.0029127206
  -0.0030133510
  -0.0029066701
  -0.0029776032
  -0.0029307248
  -0.0029612659
  -0.0029394042
  -0.0029481044
  -0.0029474527
  -0.0029333991
  -0.0029643238
  -0.0029202853
  -0.0029346659
  -0.0029444219
  -0.0033540046
  -0.0030161598
  -0.0037487453
  -0.0042012235
  -0.0038539774
  -0.0034469530
  -0.0056531754
  -0.0070022326
  -0.0063618089
  -0.0062653865
  -0.0061439703
  -0.0059717534
  -0.0079815575
  -0.0065338490
  -0.0060831002
  -0.0085245337
  -0.0087401863
  -0.0077200888
  -0.0062889250
  -0.0063318835
  -0.0072376293
  -0.0066888554
  -0.0061000338
  -0.0063707470
  -0.0062021773
  -0.0065220533
  -0.0062865093
  -0.0041195924
  -0.0036203972
  -0.0043172821
  -0.0030437195
  -0.0029616029
  -0.0028226239
  -0.0029531774
  -0.0031330574
  -0.0031609895
   0.0014499151
   0.0030745682
   0.0041244597
   0.0060601273
   0.0070524088
   0.0074377330
   0.0062909577
   0.0060797359
   0.0060440952
   0.0065239976
   0.0071854204
   0.0073266572
   0.0063840511
   0.0060813915
   0.0052799722
   0.0049103955
   0.0050754631
   0.0049347194
   0.0049799510
   0.0058908417
   0.0062720975
   0.0060771787
   0.0061831874
   0.0061578165
   0.0061096848
   0.0060979480
   0.0070532042
   0.0073874213
   0.0071686459
   0.0073364438
   0.0074005015
   0.0063707294
   0.0046100827
   0.0056484123
   0.0063762325
   0.0060529450
   0.0052231569
   0.0047633397
   0.0049493845
   0.0054701874
   0.0055987134
   0.0032021362
   0.0024043693
   0.0028088449
   0.0021521787
   0.0020527055
   0.0018574562
   0.0011994131
  -0.0021739808
  -0.0032725272
  -0.0028148158
  -0.0029018081
  -0.0028737905
  -0.0032816292
  -0.0030674530
   0.0014010982
   0.0025692708
   0.0019607227
   0.0044283608
   0.0056744832
   0.0059120853
   0.0066383729
   0.0070558615
   0.0060115832
   0.0065903296
   0.0056306044
   0.0054871445
   0.0058545506
   0.0043983812
   0.0043806646
   0.0031934249
   0.0014311072
  -0.0021307283
  -0.0035149430
  -0.0028279255
  -0.0032032516
  -0.0030443358
  -0.0031342210
  -0.0029761249
  -0.0039574472
  -0.0041426165
  -0.0040913285
  -0.0040401513
  -0.0041064379
  -0.0040346594
  -0.0040585873
  -0.0039947441
  -0.0041016059
  -0.0039753276
  -0.0032324823
  -0.0032517037
  -0.0031940554
  -0.0028242412
  -0.0030002938
  -0.0028619399
  -0.0029581131
  -0.0028394502
  -0.0029274082
  -0.0028209511
  -0.0028967781
  -0.0027977190
  -0.0028666146
  -0.0027727706
  -0.0028357341
  -0.0027462331
  -0.0028039634
  -0.0027184205
  -0.0027710230
  -0.0026896099
  -0.0027368153
  -0.0026597310
  -0.0027006002
  -0.0026312456
  -0.0026624472
  -0.0025948479
  -0.0026260088
  -0.0025971622
  -0.0025300378
  -0.0024684960
  -0.0028416668
  -0.0025674696
   0.0013845069
   0.0020677141
   0.0017950194
   0.0046386706
   0.0046109399
   0.0043467314
   0.0043011822
   0.0044541023
   0.0041789677
   0.0043173363
   0.0049765784
   0.0053767658
   0.0043720593
   0.0042014556
   0.0025461229
   0.0021238919
   0.0021518759
   0.0013954607
   0.0012485505
   0.0014081951
  -0.0018951172
  -0.0029548695
  -0.0024962720
  -0.0025870215
  -0.0026297491
  -0.0025647799
  -0.0025851302
  -0.0025004983
  -0.0025591230
  -0.0024460923
  -0.0025527425
  -0.0023564445
  -0.0024405285
  -0.0025353959
  -0.0025796430
   0.0005664666
   0.0015608559
   0.0014772380
   0.0017509538
   0.0020583688
   0.0014576742
   0.0017452804
   0.0017354213
   0.0019226905
  -0.0012741306
  -0.0028306052
  -0.0020561057
  -0.0023749654
  -0.0022097971
  -0.0023394879
  -0.0021570602
  -0.0022867158
  -0.0021115305
  -0.0021421093
  -0.0022145855
  -0.0023631001
   0.0002306389
   0.0023496010
   0.0016095732
  -0.0014633836
  -0.0023301344
  -0.0018193774
  -0.0020365237
  -0.0019328271
  -0.0020015400
  -0.0018594159
  -0.0019385735
  -0.0018097541
  -0.0019078562
  -0.0017197781
  -0.0017941650
  -0.0018470568
  -0.0018856493
   0.0007977038
   0.0017904172
   0.0025444761
   0.0024964399
   0.0033200991
   0.0040138430
   0.0036096461
   0.0034964793
   0.0035206753
   0.0030935386
   0.0029807395
   0.0035942574
   0.0035431427
   0.0034906374
   0.0027850247
   0.0031904889
   0.0034623564
   0.0033327363
   0.0032367163
   0.0029299983
   0.0036812815
   0.0040138382
   0.0037913609
   0.0038216392
   0.0036897565
   0.0036889240
   0.0041870686
   0.0043849133
   0.0041850323
   0.0041983777
   0.0040994023
   0.0040678701
   0.0039578879
   0.0039907817
   0.0038612758
   0.0032607527
   0.0030266528
   0.0031133216
   0.0021310147
   0.0015924629
   0.0017563950
   0.0015761986
   0.0019271048
   0.0026644664
   0.0019494525
   0.0023498879
   0.0019437361
   0.0016992769
   0.0019520703
   0.0017453641
   0.0017545450
   0.0020060680
   0.0020957429
   0.0007413770
  -0.0000677460
  -0.0002115571
   0.0003338003
   0.0004758006
  -0.0021357083
  -0.0029987672
  -0.0025402227
  -0.0026860818
  -0.0026146479
  -0.0026460286
  -0.0025420056
  -0.0025741434
  -0.0024891539
  -0.0025103279
  -0.0024269704
  -0.0024489552
  -0.0023642920
  -0.0023849605
  -0.0022990012
  -0.0023396777
  -0.0022140181
  -0.0022265173
  -0.0022769745
  -0.0022935163
  -0.0004314623
   0.0003093720
  -0.0002392688
  -0.0017339324
  -0.0022387055
  -0.0019336260
  -0.0020360052
  -0.0019595920
  -0.0019692991
  -0.0018890844
  -0.0018920015
  -0.0018290203
  -0.0018189703
  -0.0017631973
  -0.0017474322
  -0.0016967469
  -0.0016763913
  -0.0016294097
  -0.0016058117
  -0.0015616431
  -0.0015355021
  -0.0014936041
  -0.0014654646
  -0.0014254775
  -0.0013956899
  -0.0013573743
  -0.0013262151
  -0.0012894132
  -0.0012570621
  -0.0012216748
  -0.0011882808
  -0.0011542640
  -0.0011199143
  -0.0010872579
  -0.0010520132
  -0.0010207586
  -0.0009846118
  -0.0009548290
  -0.0009177572
  -0.0008895876
  -0.0008514594
  -0.0008251393
  -0.0007857785
  -0.0007615147
  -0.0007205206
  -0.0006995203
  -0.0006558348
  -0.0006363087
  -0.0005926527
  -0.0005865313
  -0.0005131475
  -0.0004969357
  -0.0005561206
  -0.0004843962
   0.0007682027
   0.0010015330
   0.0009229233
   0.0011178957
   0.0007871548
   0.0009621592
   0.0008775526
   0.0007461472
  -0.0001325799
  -0.0004563883
  -0.0002658544
  -0.0003129009
  -0.0002608374
  -0.0002741460
  -0.0001909995
  -0.0001963037
  -0.0002265356
  -0.0001763328
   0.0008015165
   0.0009124898
   0.0008701859
   0.0014775832
   0.0014726899
   0.0011531981
   0.0011690092
   0.0014737305
   0.0016736032
   0.0014715186
   0.0013286532
   0.0014852063
   0.0018870964
   0.0019513438
   0.0017135403
   0.0014720029
   0.0016382147
   0.0013743450
   0.0009796673
   0.0009952681
   0.0009326798
   0.0008077220
   0.0006909127
   0.0004786612
   0.0003250619
   0.0003135953
   0.0002303922
   0.0003380934
  -0.0002096082
  -0.0004007669
  -0.0002974791
  -0.0003029052
  -0.0002897164
  -0.0002717211
  -0.0002533134
  -0.0002345794
  -0.0002221573
  -0.0002009415
  -0.0001909185
  -0.0001690311
  -0.0001607004
  -0.0001386475
  -0.0001349309
  -0.0001065823
  -0.0000996785
  -0.0001012309
  -0.0000935875
   0.0002109160
   0.0003379167
   0.0003201585
   0.0003401129
   0.0004401633
   0.0004156876
   0.0004689776
   0.0005169700
   0.0004618818
   0.0004552938
   0.0004217101
   0.0004171265
   0.0003815669
   0.0003189782
   0.0002848579
   0.0003064476
   0.0001717121
   0.0001232690
   0.0001459248
   0.0001308354
  -0.0000736667
  -0.0001396944
  -0.0000973465
  -0.0001038823
  -0.0000936301
  -0.0000906627
  -0.0000793704
  -0.0000764252
  -0.0000676602
  -0.0000639930
  -0.0000563901
  -0.0000528082
  -0.0000461780
  -0.0000427565
  -0.0000369395
  -0.0000337941
  -0.0000286904
  -0.0000258671
  -0.0000214104
  -0.0000189381
  -0.0000150784
  -0.0000129704
  -0.0000096679
  -0.0000079289
  -0.0000051509
  -0.0000037798
  -0.0000014963
  -0.0000004885
   0.0000013253
   0.0000019773
   0.0000033462
   0.0000036524
   0.0000045977
   0.0000045693
   0.0000051137
   0.0000047621
   0.0000049253
   0.0000042642
   0.0000040667
   0.0000031088
   0.0000025700
   0.0000013301
   0.0000004694
  -0.0000010390
  -0.0000022032
  -0.0000039653
  -0.0000054144
  -0.0000074158
  -0.0000091318
  -0.0000113579
  -0.0000133227
  -0.0000157591
  -0.0000179555
  -0.0000205878
  -0.0000229984
  -0.0000258122
  -0.0000284205
  -0.0000314020
  -0.0000341906
  -0.0000373264
  -0.0000402794
  -0.0000435559
  -0.0000466562
  -0.0000500638
  -0.0000532938
  -0.0000568110
  -0.0000601661
  -0.0000638209
  -0.0000671921
  -0.0000708857
  -0.0000747596
  -0.0000783837
  -0.0000787853
  -0.0000822826
  -0.0000874746
  -0.0000918757
  -0.0000961689
  -0.0001000563
  -0.0001059965
  -0.0001105288
  -0.0001140517
  -0.0001180044
  -0.0001218276
  -0.0001257127
  -0.0001295312
  -0.0001334169
  -0.0001372517
  -0.0001411247
  -0.0001449576
  -0.0001488158
  -0.0001526382
  -0.0001564750
  -0.0001602791
  -0.0001640890
  -0.0001678681
  -0.0001716457
  -0.0001753939
  -0.0001791346
  -0.0001828467
  -0.0001865462
  -0.0001902179
  -0.0001938728
  -0.0001975004
  -0.0002011078
  -0.0002046884
  -0.0002082462
  -0.0002117775
  -0.0002152843
  -0.0002187648
  -0.0002222200
  -0.0002256490
  -0.0002290523
