  -0.0000250059
  -0.0000260636
  -0.0000271145
  -0.0000281703
  -0.0000292255
  -0.0000302802
  -0.0000313298
  -0.0000323808
  -0.0000334172
  -0.0000344695
  -0.0000355221
  -0.0000365594
  -0.0000375695
  -0.0000385302
  -0.0000394833
  -0.0000404127
  -0.0000413570
  -0.0000422945
  -0.0000432310
  -0.0000442452
  -0.0000454052
  -0.0000465927
  -0.0000478639
  -0.0000492482
  -0.0000506779
  -0.0000518196
  -0.0000524597
  -0.0000524866
  -0.0000518824
  -0.0000507445
  -0.0000495005
  -0.0000492274
  -0.0000506505
  -0.0000537066
  -0.0000582144
  -0.0000639264
  -0.0000698359
  -0.0000742146
  -0.0000767499
  -0.0000785487
  -0.0000810512
  -0.0000855568
  -0.0000907410
  -0.0000949877
  -0.0000970469
  -0.0000940673
  -0.0000861330
  -0.0000776996
  -0.0000715817
  -0.0000693025
  -0.0000721471
  -0.0000818966
  -0.0000983946
  -0.0001194297
  -0.0001380814
  -0.0001514985
  -0.0001704368
  -0.0002010295
  -0.0002390310
  -0.0002750083
  -0.0002873198
  -0.0002622623
  -0.0002032809
  -0.0001262374
  -0.0000541848
   0.0000003143
   0.0000408020
   0.0000755323
   0.0001006101
   0.0001047894
   0.0000851239
   0.0000620536
   0.0000504078
   0.0000284961
  -0.0000144099
  -0.0000681262
  -0.0001087408
  -0.0001230505
  -0.0001219216
  -0.0001422415
  -0.0002075511
  -0.0003076685
  -0.0003926703
  -0.0004027556
  -0.0003217827
  -0.0002084021
  -0.0001336450
  -0.0001171827
  -0.0000980209
  -0.0000175145
   0.0001093159
   0.0002290003
   0.0002947311
   0.0003275466
   0.0003974102
   0.0005079567
   0.0005423927
   0.0004043194
   0.0001175305
  -0.0001848156
  -0.0003356268
  -0.0002584601
  -0.0000367754
   0.0001764936
   0.0003852987
   0.0006696577
   0.0010223472
   0.0012895976
   0.0013055793
   0.0010214278
   0.0006767068
   0.0005488551
   0.0006224708
   0.0007157291
   0.0005697381
   0.0000598161
  -0.0006213937
  -0.0011383478
  -0.0012374402
  -0.0008794555
  -0.0002442880
   0.0004107680
   0.0008627718
   0.0009692405
   0.0007225749
   0.0002649115
  -0.0003010046
  -0.0008453187
  -0.0013273912
  -0.0016419403
  -0.0018256568
  -0.0020697966
  -0.0023964750
  -0.0025825799
  -0.0024225148
  -0.0018737749
  -0.0010942838
  -0.0004564233
  -0.0003038608
  -0.0007051490
  -0.0013465065
  -0.0019272883
  -0.0022543083
  -0.0024178078
  -0.0024395568
  -0.0021077953
  -0.0013221411
  -0.0005295291
  -0.0003230363
  -0.0008302256
  -0.0015514210
  -0.0020490115
  -0.0019155132
  -0.0009192849
   0.0006803899
   0.0020109400
   0.0025247462
   0.0024265369
   0.0021914088
   0.0022350367
   0.0026515022
   0.0035511382
   0.0043172152
   0.0038383997
   0.0016165195
  -0.0018771730
  -0.0051618711
  -0.0071210435
  -0.0077779266
  -0.0075970174
  -0.0070799155
  -0.0060276605
  -0.0039707226
  -0.0010312875
   0.0022938309
   0.0056237017
   0.0080522462
   0.0083899629
   0.0062598743
   0.0026902083
  -0.0007326238
  -0.0026899933
  -0.0030132009
  -0.0020391400
  -0.0000176159
   0.0023391249
   0.0042025134
   0.0049216962
   0.0046989951
   0.0042559540
   0.0043539553
   0.0053475981
   0.0065726937
   0.0069213985
   0.0060028204
   0.0044251331
   0.0033724204
   0.0033201241
   0.0041915514
   0.0057543811
   0.0074920381
   0.0086202507
   0.0084350160
   0.0069017646
   0.0047544120
   0.0031110201
   0.0030378833
   0.0047228383
   0.0074339443
   0.0100195600
   0.0119900411
   0.0127574478
   0.0116016837
   0.0086200998
   0.0049036954
   0.0015557667
  -0.0003756345
  -0.0006856278
   0.0001065697
   0.0008164425
   0.0000794954
  -0.0023497108
  -0.0063856924
  -0.0120849252
  -0.0185323782
  -0.0235341217
  -0.0254552433
  -0.0246224024
  -0.0217627897
  -0.0171532055
  -0.0107427319
  -0.0027030427
   0.0057995000
   0.0129911942
   0.0172613020
   0.0178771178
   0.0156346418
   0.0115327111
   0.0063147330
   0.0007628064
  -0.0046074171
  -0.0090614939
  -0.0118334797
  -0.0130573964
  -0.0138001017
  -0.0142193186
  -0.0152173355
  -0.0174776787
  -0.0218975310
  -0.0278876262
  -0.0330494227
  -0.0361290737
  -0.0365124763
  -0.0343208838
  -0.0300756300
  -0.0229507395
  -0.0125702957
   0.0002299204
   0.0124092025
   0.0202867721
   0.0238098976
   0.0237635564
   0.0193120125
   0.0096398362
  -0.0027152582
  -0.0129146888
  -0.0168993225
  -0.0136721824
  -0.0059669073
   0.0025028273
   0.0096398709
   0.0143179630
   0.0166449678
   0.0162470059
   0.0124164995
   0.0071291415
   0.0046495922
   0.0072871228
   0.0130345622
   0.0194132245
   0.0249129146
   0.0291405716
   0.0315238047
   0.0320813724
   0.0307938402
   0.0281239783
   0.0249608855
   0.0228655120
   0.0223315569
   0.0218416720
   0.0201239106
   0.0178737024
   0.0149108041
   0.0113079555
   0.0076996181
   0.0049520737
   0.0039141302
   0.0052218424
   0.0087401119
   0.0123356305
   0.0137821876
   0.0116226144
   0.0061886150
  -0.0016595364
  -0.0103187648
  -0.0175771050
  -0.0223561751
  -0.0249276856
  -0.0277817852
  -0.0322683668
  -0.0368066812
  -0.0385896288
  -0.0368963296
  -0.0341642461
  -0.0314971928
  -0.0296569818
  -0.0289764271
  -0.0290527609
  -0.0292277582
  -0.0292133686
  -0.0291047191
  -0.0285813395
  -0.0269010255
  -0.0248494794
  -0.0221774504
  -0.0175597856
  -0.0099879984
  -0.0000848897
   0.0100634220
   0.0180514216
   0.0222004737
   0.0214052709
   0.0164347769
   0.0093901244
   0.0033826977
   0.0000061571
  -0.0005558094
   0.0008594407
   0.0018637196
   0.0001896382
  -0.0047769203
  -0.0112347042
  -0.0169496129
  -0.0207640013
  -0.0221086061
  -0.0204744079
  -0.0167264524
  -0.0126072161
  -0.0089548104
  -0.0042230714
   0.0032388961
   0.0144605943
   0.0287494541
   0.0438241878
   0.0567830386
   0.0656499619
   0.0692586270
   0.0663008881
   0.0577933386
   0.0460121743
   0.0344135141
   0.0259401180
   0.0205958173
   0.0162275973
   0.0108598036
   0.0042932194
  -0.0028203970
  -0.0092306678
  -0.0135281520
  -0.0151592226
  -0.0154206975
  -0.0166368664
  -0.0191740118
  -0.0231529209
  -0.0264575858
  -0.0256099046
  -0.0193980895
  -0.0097776445
   0.0010863765
   0.0107607015
   0.0176533521
   0.0219058700
   0.0251023881
   0.0286888101
   0.0316641111
   0.0315562765
   0.0264886359
   0.0173219148
   0.0062642085
  -0.0041229117
  -0.0116693092
  -0.0149362874
  -0.0138725694
  -0.0100306243
  -0.0065409258
  -0.0059359993
  -0.0088744215
  -0.0141896190
  -0.0199813330
  -0.0241888446
  -0.0251501509
  -0.0221107906
  -0.0161794826
  -0.0100818978
  -0.0068056669
  -0.0069946723
  -0.0101146885
  -0.0142879184
  -0.0164681432
  -0.0146771669
  -0.0092707764
  -0.0022286880
   0.0036344760
   0.0057987216
   0.0032621326
  -0.0017976007
  -0.0064205255
  -0.0087368040
  -0.0084321658
  -0.0057718114
  -0.0015756235
   0.0017952619
   0.0018033495
  -0.0025001419
  -0.0091147091
  -0.0148590851
  -0.0180201808
  -0.0181561877
  -0.0165554911
  -0.0158599296
  -0.0176078258
  -0.0204261944
  -0.0216068801
  -0.0196356379
  -0.0156392257
  -0.0110074123
  -0.0063724107
  -0.0015104286
   0.0046326195
   0.0114283074
   0.0173912896
   0.0214988894
   0.0236894418
   0.0252891224
   0.0268892365
   0.0285668460
   0.0313150527
   0.0356335543
   0.0414350948
   0.0472987530
   0.0513819773
   0.0526615520
   0.0511604135
   0.0466064266
   0.0389743317
   0.0283244433
   0.0151803371
   0.0013564211
  -0.0106448139
  -0.0191882800
  -0.0239979495
  -0.0267309345
  -0.0287348219
  -0.0311378536
  -0.0332096318
  -0.0340318799
  -0.0338834945
  -0.0336043206
  -0.0331588697
  -0.0310602369
  -0.0259231973
  -0.0178144800
  -0.0093236709
  -0.0025915985
   0.0029416278
   0.0079983185
   0.0123131603
   0.0152515149
   0.0173106546
   0.0202485099
   0.0252040509
   0.0310574457
   0.0355020723
   0.0375008626
   0.0382441418
   0.0391931737
   0.0407479001
   0.0419730893
   0.0420071561
   0.0401818374
   0.0363892812
   0.0298185778
   0.0206974108
   0.0099592263
  -0.0006930150
  -0.0099289806
  -0.0173119513
  -0.0226611115
  -0.0265221999
  -0.0286307320
  -0.0291149998
  -0.0286037040
  -0.0268612377
  -0.0240280288
  -0.0201926335
  -0.0163765236
  -0.0142434704
  -0.0141530835
  -0.0164241928
  -0.0211744492
  -0.0261914664
  -0.0293529296
  -0.0305791937
  -0.0312175161
  -0.0327582864
  -0.0356080519
  -0.0392187627
  -0.0432541376
  -0.0461084973
  -0.0453764177
  -0.0392569209
  -0.0283365964
  -0.0148915551
  -0.0016763707
   0.0102399137
   0.0224047701
   0.0368529704
   0.0534871287
   0.0699491330
   0.0827424177
   0.0900797009
   0.0921645856
   0.0897781625
   0.0833204081
   0.0735021471
   0.0609627593
   0.0471193175
   0.0344226853
   0.0249747549
   0.0197145549
   0.0172263337
   0.0159802763
   0.0144858869
   0.0108370214
   0.0049894778
  -0.0026150465
  -0.0113641423
  -0.0191602811
  -0.0237151695
  -0.0242513957
  -0.0217728277
  -0.0170387915
  -0.0103952529
  -0.0020849107
   0.0063049066
   0.0120270724
   0.0136793269
   0.0117737147
   0.0070757252
   0.0007345905
  -0.0051302974
  -0.0083600206
  -0.0089327927
  -0.0085546119
  -0.0094093908
  -0.0120289500
  -0.0153025613
  -0.0188752300
  -0.0231383407
  -0.0289658170
  -0.0366783718
  -0.0455520045
  -0.0547040483
  -0.0638424308
  -0.0716763603
  -0.0758882928
  -0.0756383486
  -0.0715413936
  -0.0644326089
  -0.0555550928
  -0.0474104191
  -0.0427299085
  -0.0421229657
  -0.0442681130
  -0.0470328243
  -0.0487398023
  -0.0485811362
  -0.0448529168
  -0.0371432572
  -0.0265345783
  -0.0157307621
  -0.0071547496
  -0.0021118469
  -0.0009748520
  -0.0034329847
  -0.0080437893
  -0.0131263534
  -0.0174069273
  -0.0196583144
  -0.0204690162
  -0.0215781358
  -0.0238194848
  -0.0269813468
  -0.0305061366
  -0.0344812142
  -0.0389721472
  -0.0437565224
  -0.0484957353
  -0.0520993727
  -0.0541354197
  -0.0534365747
  -0.0474407584
  -0.0362406358
  -0.0217758269
  -0.0067089936
   0.0071239769
   0.0187008742
   0.0280911425
   0.0361485082
   0.0437055350
   0.0506345200
   0.0563041971
   0.0598514380
   0.0609247051
   0.0598609559
   0.0571847141
   0.0531038129
   0.0470999870
   0.0380730452
   0.0259908627
   0.0126852766
   0.0008108631
  -0.0077609834
  -0.0120041723
  -0.0113965447
  -0.0060485582
   0.0026347688
   0.0125438190
   0.0226136261
   0.0324595566
   0.0415595381
   0.0488706948
   0.0529877085
   0.0537896380
   0.0513529556
   0.0457783707
   0.0382850045
   0.0308638807
   0.0249828685
   0.0216501354
   0.0212293027
   0.0226465833
   0.0245096095
   0.0263522822
   0.0283257436
   0.0299329311
   0.0297107084
   0.0268292513
   0.0216460786
   0.0154711769
   0.0103035830
   0.0065610053
   0.0030818216
  -0.0003418500
  -0.0028271428
  -0.0036904894
  -0.0030257458
  -0.0009518647
   0.0025663232
   0.0070853696
   0.0113814929
   0.0142569185
   0.0147456680
   0.0128412017
   0.0097817810
   0.0074061362
   0.0056274499
   0.0030199709
  -0.0014801161
  -0.0085469612
  -0.0176888232
  -0.0273677313
  -0.0361236993
  -0.0431188762
  -0.0481274850
  -0.0506856808
  -0.0502705693
  -0.0466446195
  -0.0398670884
  -0.0302206347
  -0.0171376302
  -0.0004874074
   0.0180231627
   0.0356743130
   0.0511745429
   0.0631559815
   0.0708658838
   0.0752884580
   0.0778493930
   0.0791647508
   0.0795105152
   0.0793378584
   0.0785026944
   0.0762254409
   0.0714367489
   0.0629771528
   0.0506513193
   0.0357389792
   0.0202857839
   0.0060084878
  -0.0058860902
  -0.0148723165
  -0.0212912643
  -0.0258453899
  -0.0288177437
  -0.0294870988
  -0.0267004045
  -0.0215640757
  -0.0161195893
  -0.0122625439
  -0.0114391394
  -0.0131658916
  -0.0156125028
  -0.0190742734
  -0.0243778327
  -0.0304804435
  -0.0363001529
  -0.0419059960
  -0.0477375118
  -0.0532930263
  -0.0571675507
  -0.0579137077
  -0.0556569636
  -0.0514479784
  -0.0464567236
  -0.0414624002
  -0.0366986212
  -0.0324227160
  -0.0287563888
  -0.0249222245
  -0.0199554319
  -0.0132670308
  -0.0060466252
   0.0005634688
   0.0060388912
   0.0108745555
   0.0149969765
   0.0172950151
   0.0171010132
   0.0142208113
   0.0097795914
   0.0055804621
   0.0019274478
  -0.0008505034
  -0.0033347979
  -0.0062511089
  -0.0100966201
  -0.0147237404
  -0.0196788931
  -0.0253105854
  -0.0326961688
  -0.0410775240
  -0.0485574195
  -0.0531869426
  -0.0544023193
  -0.0523674164
  -0.0469774160
  -0.0384458550
  -0.0266166506
  -0.0111157758
   0.0066174885
   0.0249003281
   0.0423860684
   0.0569497142
   0.0673380428
   0.0746999962
   0.0800855237
   0.0840907499
   0.0878598841
   0.0921587432
   0.0966956533
   0.1000655218
   0.1003672682
   0.0976993827
   0.0927003437
   0.0861817199
   0.0790385044
   0.0718215037
   0.0641705464
   0.0548328258
   0.0426272575
   0.0260684621
   0.0062231724
  -0.0143245857
  -0.0336307591
  -0.0509942406
  -0.0653965851
  -0.0769719100
  -0.0854076853
  -0.0908868314
  -0.0944162674
  -0.0962898516
  -0.0958016657
  -0.0924336176
  -0.0857252949
  -0.0756574191
  -0.0620552703
  -0.0453143868
  -0.0273080928
  -0.0102515762
   0.0038671441
   0.0146896355
   0.0237363377
   0.0317802848
   0.0392158502
   0.0462217758
   0.0521233147
   0.0563606629
   0.0587490971
   0.0594866378
   0.0590355525
   0.0582001284
   0.0575897703
   0.0568037213
   0.0561479408
   0.0571809520
   0.0600247710
   0.0634562023
   0.0659497319
   0.0666532926
   0.0648367463
   0.0588522682
   0.0473302539
   0.0307297115
   0.0100024468
  -0.0130265456
  -0.0370678596
  -0.0599931661
  -0.0788436218
  -0.0926522168
  -0.1018557162
  -0.1065138103
  -0.1074509839
  -0.1053735019
  -0.1012239644
  -0.0965363284
  -0.0923587574
  -0.0895028200
  -0.0873225484
  -0.0854255075
  -0.0840910273
  -0.0824252762
  -0.0803493546
  -0.0769642298
  -0.0715961951
  -0.0643001734
  -0.0550663867
  -0.0433068934
  -0.0282707167
  -0.0102257929
   0.0111420254
   0.0355334345
   0.0605564722
   0.0836940501
   0.1036616524
   0.1209167443
   0.1360014986
   0.1484014294
   0.1570736262
   0.1609978204
   0.1613097608
   0.1593616632
   0.1555488057
   0.1483964364
   0.1362739632
   0.1195053409
   0.0995677139
   0.0759359342
   0.0490678832
   0.0216659292
  -0.0042606488
  -0.0277694241
  -0.0489465085
  -0.0677758308
  -0.0840003907
  -0.0970789519
  -0.1066514989
  -0.1123016028
  -0.1142715448
  -0.1138860791
  -0.1110250274
  -0.1051495629
  -0.0970339630
  -0.0880643539
  -0.0792278566
  -0.0712382082
  -0.0652851097
  -0.0623367674
  -0.0618882999
  -0.0623743708
  -0.0625731888
  -0.0614012235
  -0.0578011921
  -0.0511068949
  -0.0422007731
  -0.0333410965
  -0.0267408858
  -0.0228998388
  -0.0220125951
  -0.0236139921
  -0.0264309912
  -0.0291715524
  -0.0309077081
  -0.0325107868
  -0.0349861648
  -0.0384030679
  -0.0422992286
  -0.0456400753
  -0.0485123092
  -0.0514208810
  -0.0540557746
  -0.0552905511
  -0.0547389126
  -0.0544105195
  -0.0560754732
  -0.0587601580
  -0.0608572651
  -0.0615168770
  -0.0607531578
  -0.0598595516
  -0.0591492470
  -0.0578387956
  -0.0554900106
  -0.0510357448
  -0.0429945716
  -0.0313706344
  -0.0161681166
   0.0019696143
   0.0208634623
   0.0375443259
   0.0508033108
   0.0610648035
   0.0686753489
   0.0742288523
   0.0788617041
   0.0832316959
   0.0868604369
   0.0895345463
   0.0912081336
   0.0918093900
   0.0908663740
   0.0867507299
   0.0783584005
   0.0661957926
   0.0514740182
   0.0346185214
   0.0174388963
   0.0019488848
  -0.0115396978
  -0.0240260004
  -0.0355010147
  -0.0458206377
  -0.0546773844
  -0.0611863516
  -0.0645722046
  -0.0648890340
  -0.0619214825
  -0.0551010776
  -0.0460067652
  -0.0363805088
  -0.0266543234
  -0.0162559326
  -0.0059294789
   0.0034179867
   0.0126149968
   0.0224312780
   0.0325617395
   0.0420383969
   0.0503016021
   0.0577121678
   0.0651513219
   0.0730147586
   0.0813020272
   0.0902823850
   0.0994264019
   0.1081720719
   0.1163175085
   0.1226690232
   0.1254861782
   0.1250713441
   0.1223137062
   0.1184917296
   0.1142602412
   0.1097607785
   0.1045780218
   0.0985600144
   0.0918848916
   0.0841994688
   0.0761623177
   0.0682936453
   0.0594883715
   0.0492388237
   0.0378298278
   0.0254700316
   0.0118073220
  -0.0030070672
  -0.0176416325
  -0.0294639022
  -0.0365618341
  -0.0400007722
  -0.0404945753
  -0.0386912223
  -0.0367505968
  -0.0354167927
  -0.0343215252
  -0.0334178810
  -0.0338534846
  -0.0354029233
  -0.0367679162
  -0.0382558268
  -0.0408429403
  -0.0446247129
  -0.0489963170
  -0.0530529468
  -0.0553931847
  -0.0553002250
  -0.0531135214
  -0.0510300410
  -0.0505021018
  -0.0523106905
  -0.0563958912
  -0.0618402077
  -0.0669869733
  -0.0694949271
  -0.0672897599
  -0.0600764345
  -0.0484436556
  -0.0334704808
  -0.0166066120
   0.0008210741
   0.0183787571
   0.0357459139
   0.0520941196
   0.0657685801
   0.0749592329
   0.0792584560
   0.0788065558
   0.0752280221
   0.0704291707
   0.0658852912
   0.0616221632
   0.0571101313
   0.0512573953
   0.0429718257
   0.0334089526
   0.0246696278
   0.0170556810
   0.0100060581
   0.0035215513
  -0.0023340245
  -0.0069375893
  -0.0087080284
  -0.0077055057
  -0.0054657187
  -0.0026800368
   0.0012397290
   0.0073430910
   0.0149537490
   0.0220639466
   0.0283112847
   0.0343390874
   0.0407479348
   0.0473114435
   0.0532913100
   0.0583093674
   0.0631426149
   0.0681131696
   0.0733557381
   0.0786626260
   0.0833784516
   0.0864914412
   0.0856392352
   0.0787943334
   0.0647378574
   0.0447669958
   0.0211380247
  -0.0031869257
  -0.0247556702
  -0.0420883095
  -0.0565207680
  -0.0688103156
  -0.0778904291
  -0.0824593777
  -0.0820749002
  -0.0760431968
  -0.0649303475
  -0.0503354261
  -0.0330539476
  -0.0133009381
   0.0072732291
   0.0258348491
   0.0403027093
   0.0497662428
   0.0537759072
   0.0533715445
   0.0485444169
   0.0388445833
   0.0257941251
   0.0110983020
  -0.0057043541
  -0.0242373529
  -0.0431383453
  -0.0613309922
  -0.0785862922
  -0.0953354627
  -0.1110962122
  -0.1254989728
  -0.1386116527
  -0.1511038844
  -0.1635903777
  -0.1751928693
  -0.1837527238
  -0.1890551735
  -0.1917435858
  -0.1922310956
  -0.1893285743
  -0.1807312723
  -0.1658311373
  -0.1449394507
  -0.1175164498
  -0.0840986555
  -0.0487321221
  -0.0152866964
   0.0140039197
   0.0383554958
   0.0578958682
   0.0727301409
   0.0821392543
   0.0848464075
   0.0818760995
   0.0766291968
   0.0714436316
   0.0658919658
   0.0593810569
   0.0515971439
   0.0426545976
   0.0319336285
   0.0202617378
   0.0084736805
  -0.0030050232
  -0.0138980683
  -0.0233150543
  -0.0295410335
  -0.0314861319
  -0.0288314050
  -0.0212109431
  -0.0091047699
   0.0063327720
   0.0220200326
   0.0346089341
   0.0434698416
   0.0500394529
   0.0552427883
   0.0584613588
   0.0602701209
   0.0622734708
   0.0651559508
   0.0677219308
   0.0691176444
   0.0690365257
   0.0674921840
   0.0642686725
   0.0603723905
   0.0564627592
   0.0521120805
   0.0470119162
   0.0410510855
   0.0336129890
   0.0237087029
   0.0116304298
  -0.0010660053
  -0.0132227684
  -0.0235895820
  -0.0317210798
  -0.0378849760
  -0.0424293410
  -0.0445435769
  -0.0434333304
  -0.0401140333
  -0.0354485710
  -0.0298168094
  -0.0242724425
  -0.0203255545
  -0.0191660023
  -0.0206767280
  -0.0243962790
  -0.0298705708
  -0.0365281141
  -0.0432317212
  -0.0489127365
  -0.0529725909
  -0.0548152810
  -0.0550108917
  -0.0546006345
  -0.0532658076
  -0.0494546664
  -0.0426528292
  -0.0327427700
  -0.0207041201
  -0.0082699943
   0.0034684280
   0.0148609245
   0.0264408384
   0.0380512183
   0.0496233705
   0.0605861008
   0.0704966107
   0.0786571303
   0.0838912558
   0.0853196319
   0.0824114068
   0.0758379295
   0.0669731905
   0.0543349833
   0.0383622398
   0.0220004594
   0.0069182172
  -0.0081248145
  -0.0240852054
  -0.0400482056
  -0.0535636359
  -0.0638884252
  -0.0717036657
  -0.0760996973
  -0.0775862729
  -0.0777823864
  -0.0757413464
  -0.0705214543
  -0.0627358250
  -0.0534344943
  -0.0425481498
  -0.0282535706
  -0.0104044431
   0.0091202482
   0.0285102414
   0.0464843584
   0.0625092682
   0.0769300937
   0.0900868436
   0.1017527705
   0.1109213189
   0.1171261299
   0.1212275752
   0.1241505192
   0.1248562469
   0.1217370334
   0.1145646748
   0.1040790350
   0.0902455964
   0.0736445686
   0.0573798047
   0.0430564465
   0.0301267561
   0.0178101632
   0.0062172762
  -0.0040372767
  -0.0123680381
  -0.0187194072
  -0.0240299185
  -0.0288559886
  -0.0329077467
  -0.0360769941
  -0.0385441545
  -0.0397070874
  -0.0419403055
  -0.0497708370
  -0.0541944341
  -0.0454878238
  -0.0416718804
  -0.0525224244
  -0.0522283235
  -0.0426311236
  -0.0393649810
  -0.0378388949
  -0.0341292778
  -0.0301311250
  -0.0271070037
  -0.0244511325
  -0.0207108641
  -0.0146615656
  -0.0076292257
  -0.0001477647
   0.0084675155
   0.0179662807
   0.0269165246
   0.0344171028
   0.0403030907
   0.0441075399
   0.0458191641
   0.0460433111
   0.0451023235
   0.0422744543
   0.0375043127
   0.0312383895
   0.0227297131
   0.0117913670
  -0.0011388646
  -0.0151976426
  -0.0295456624
  -0.0440812227
  -0.0579405624
  -0.0693987081
  -0.0777600740
  -0.0838747859
  -0.0872597200
  -0.0880945546
  -0.0874172938
  -0.0853856850
  -0.0827870425
  -0.0800531213
  -0.0771756516
  -0.0728367447
  -0.0660029558
  -0.0579520567
  -0.0504210177
  -0.0429070729
  -0.0340423513
  -0.0244940410
  -0.0149993118
  -0.0054411802
   0.0037328795
   0.0115212636
   0.0175161663
   0.0210916835
   0.0231038405
   0.0247468111
   0.0261744764
   0.0282723290
   0.0318784282
   0.0366521586
   0.0419238182
   0.0476602592
   0.0534012771
   0.0583961899
   0.0613058366
   0.0613338701
   0.0585886453
   0.0535550022
   0.0455178684
   0.0343952932
   0.0210016883
   0.0069113068
  -0.0059823040
  -0.0166382325
  -0.0255016192
  -0.0321398667
  -0.0354850649
  -0.0359643051
  -0.0343910457
  -0.0313604230
  -0.0268217619
  -0.0199723179
  -0.0118846925
  -0.0040375766
   0.0030243277
   0.0095008630
   0.0166953901
   0.0247515440
   0.0333842650
   0.0424822181
   0.0515668219
   0.0601059417
   0.0682778168
   0.0748934052
   0.0781459557
   0.0771138114
   0.0728692338
   0.0669997851
   0.0598640418
   0.0516169598
   0.0427798037
   0.0341873733
   0.0259061206
   0.0184384476
   0.0111115629
   0.0027212082
  -0.0067321243
  -0.0168595207
  -0.0277997461
  -0.0391325643
  -0.0493890815
  -0.0565966163
  -0.0596942456
  -0.0598347600
  -0.0580018652
  -0.0544651304
  -0.0496061204
  -0.0432429034
  -0.0350799914
  -0.0248497221
  -0.0130702811
  -0.0006223507
   0.0110674114
   0.0202981971
   0.0268232528
   0.0314450264
   0.0352391949
   0.0383583217
   0.0411210046
   0.0431516947
   0.0445806602
   0.0461778791
   0.0484410898
   0.0511051092
   0.0528101801
   0.0524149538
   0.0497104011
   0.0455927979
   0.0410371987
   0.0361080789
   0.0310663395
   0.0260184108
   0.0199827373
   0.0117195078
   0.0011877902
  -0.0104037496
  -0.0223239114
  -0.0345476660
  -0.0469548436
  -0.0591060264
  -0.0705968519
  -0.0819311091
  -0.0933339678
  -0.1038346906
  -0.1123365884
  -0.1194508168
  -0.1259331894
  -0.1319826283
  -0.1368111602
  -0.1392172432
  -0.1395513747
  -0.1388532925
  -0.1365318996
  -0.1309175962
  -0.1212175025
  -0.1082549070
  -0.0929289116
  -0.0765713093
  -0.0611777699
  -0.0482458085
  -0.0381536959
  -0.0302257317
  -0.0235414898
  -0.0178028644
  -0.0123026594
  -0.0066429440
  -0.0010075266
   0.0048320079
   0.0107773777
   0.0162338386
   0.0218652673
   0.0281487352
   0.0347482350
   0.0410209195
   0.0465865413
   0.0518175982
   0.0566611438
   0.0610235420
   0.0659265180
   0.0723439645
   0.0806430914
   0.0906557323
   0.1012142038
   0.1103868784
   0.1172542313
   0.1221630844
   0.1260879027
   0.1292142416
   0.1313628910
   0.1325925184
   0.1320950746
   0.1292538735
   0.1229389740
   0.1130881198
   0.1001693170
   0.0848555614
   0.0678775976
   0.0508500507
   0.0359040599
   0.0233798071
   0.0134187449
   0.0059212578
  -0.0001085073
  -0.0047944045
  -0.0072459254
  -0.0073529591
  -0.0050479165
  -0.0006301481
   0.0055386371
   0.0130174872
   0.0207591990
   0.0271459767
   0.0305246696
   0.0311667020
   0.0307207484
   0.0304188460
   0.0307737295
   0.0321577582
   0.0344233614
   0.0372985252
   0.0395627935
   0.0404092264
   0.0401223723
   0.0380275709
   0.0340878256
   0.0295113356
   0.0253382895
   0.0222501782
   0.0199224227
   0.0178465704
   0.0165604199
   0.0161876378
   0.0165515053
   0.0169533941
   0.0168419603
   0.0164811215
   0.0162536944
   0.0162980505
   0.0164475316
   0.0164983283
   0.0160632448
   0.0139452052
   0.0098805139
   0.0044729566
  -0.0016537600
  -0.0083739490
  -0.0165544578
  -0.0272701079
  -0.0395821760
  -0.0521955050
  -0.0637517941
  -0.0745403246
  -0.0855604916
  -0.0965293591
  -0.1071632976
  -0.1183344504
  -0.1295328220
  -0.1398841886
  -0.1493607420
  -0.1579050455
  -0.1646754858
  -0.1696392618
  -0.1724596588
  -0.1732514462
  -0.1720104286
  -0.1685684218
  -0.1631388763
  -0.1564173776
  -0.1486384577
  -0.1399298016
  -0.1299610401
  -0.1190806768
  -0.1079665446
  -0.0978582741
  -0.0895406315
  -0.0821362203
  -0.0740730814
  -0.0651570083
  -0.0557575515
  -0.0468045338
  -0.0380347830
  -0.0290018774
  -0.0202744804
  -0.0128172146
  -0.0070911271
  -0.0024489360
   0.0017097322
   0.0050334663
   0.0072415149
   0.0093261361
   0.0110877769
   0.0118625136
   0.0121727741
   0.0135559550
   0.0160854827
   0.0195480526
   0.0243143975
   0.0311377323
   0.0394699204
   0.0491989838
   0.0603172075
   0.0724569308
   0.0851695128
   0.0988246081
   0.1122281469
   0.1246019512
   0.1355163466
   0.1444846033
   0.1512806674
   0.1558872020
   0.1577807755
   0.1574652811
   0.1552979600
   0.1505827239
   0.1436956418
   0.1345518156
   0.1225214007
   0.1080162491
   0.0921952717
   0.0761069094
   0.0607284009
   0.0470168225
   0.0344535274
   0.0227826422
   0.0131171025
   0.0060964545
   0.0015124586
  -0.0006064057
  -0.0010191560
  -0.0007200995
   0.0006152334
   0.0024997258
   0.0036018500
   0.0030502565
   0.0008242424
  -0.0015581082
  -0.0040691417
  -0.0070425461
  -0.0103321522
  -0.0140943794
  -0.0185284254
  -0.0236911061
  -0.0287461775
  -0.0333496435
  -0.0378281981
  -0.0420648355
  -0.0447024337
  -0.0458429328
  -0.0471572676
  -0.0485099167
  -0.0479606880
  -0.0451420940
  -0.0402221454
  -0.0340769035
  -0.0276521062
  -0.0220041521
  -0.0177518423
  -0.0145344888
  -0.0124585672
  -0.0113999600
  -0.0098950126
  -0.0079865416
  -0.0056040071
  -0.0029809597
  -0.0004552803
   0.0009749835
   0.0005466827
  -0.0011524582
  -0.0025254553
  -0.0038179978
  -0.0055778668
  -0.0069626322
  -0.0078279466
  -0.0093378835
  -0.0110590897
  -0.0112912464
  -0.0092514390
  -0.0059870266
  -0.0026221736
   0.0005755309
   0.0040371606
   0.0080249096
   0.0126588502
   0.0166064490
   0.0196544309
   0.0224492736
   0.0254757701
   0.0287335043
   0.0319769704
   0.0346358755
   0.0361806159
   0.0364583856
   0.0357415970
   0.0336382660
   0.0299474246
   0.0249912941
   0.0200899825
   0.0154488940
   0.0104988158
   0.0053550200
   0.0006951871
  -0.0021882188
  -0.0041160845
  -0.0058359852
  -0.0069442050
  -0.0075414340
  -0.0090519621
  -0.0107328933
  -0.0105377559
  -0.0083840060
  -0.0049935536
  -0.0008095396
   0.0038108447
   0.0088038106
   0.0144812615
   0.0199729420
   0.0240269539
   0.0260556502
   0.0257099031
   0.0235058107
   0.0208512052
   0.0181300612
   0.0152439769
   0.0126680144
   0.0101701540
   0.0076411135
   0.0047995327
   0.0019067287
  -0.0012689630
  -0.0049191928
  -0.0086275096
  -0.0112001243
  -0.0125762214
  -0.0142007856
  -0.0160025540
  -0.0170274169
  -0.0168692397
  -0.0162780456
  -0.0155478696
  -0.0138506384
  -0.0109806756
  -0.0075796824
  -0.0042700124
  -0.0021314998
  -0.0015042954
  -0.0016955901
  -0.0019279541
  -0.0024740951
  -0.0044236976
  -0.0081055932
  -0.0129463042
  -0.0181469472
  -0.0229036355
  -0.0267422728
  -0.0299127338
  -0.0330558893
  -0.0354196880
  -0.0363915524
  -0.0364277342
  -0.0363254993
  -0.0355394503
  -0.0333988106
  -0.0302508354
  -0.0269077869
  -0.0232383738
  -0.0193666406
  -0.0149705362
  -0.0105230370
  -0.0069838299
  -0.0046570574
  -0.0022139674
   0.0009165759
   0.0031987962
   0.0038009957
   0.0033516805
   0.0028913911
   0.0036423452
   0.0053814534
   0.0067094166
   0.0063620520
   0.0046683315
   0.0028889483
   0.0006903881
  -0.0034928295
  -0.0101221503
  -0.0169575012
  -0.0224716033
  -0.0267749526
  -0.0295534466
  -0.0311984283
  -0.0327123267
  -0.0338912094
  -0.0343961427
  -0.0334867426
  -0.0313899649
  -0.0286483635
  -0.0245816090
  -0.0185315460
  -0.0108389354
  -0.0024761218
   0.0059289519
   0.0141595934
   0.0228520413
   0.0322487242
   0.0414202025
   0.0488037229
   0.0541304094
   0.0578699497
   0.0598211160
   0.0602507384
   0.0590417244
   0.0557806788
   0.0511353272
   0.0461293188
   0.0409521272
   0.0339876365
   0.0251257928
   0.0163232963
   0.0070609750
  -0.0039262365
  -0.0162770591
  -0.0284288280
  -0.0395506751
  -0.0491072030
  -0.0571159045
  -0.0624912726
  -0.0656137974
  -0.0666096559
  -0.0655318119
  -0.0637630457
  -0.0622282565
  -0.0608695916
  -0.0587955770
  -0.0563187253
  -0.0545197238
  -0.0536240545
  -0.0525763591
  -0.0505823710
  -0.0476881194
  -0.0446779541
  -0.0418115453
  -0.0388462130
  -0.0350903761
  -0.0302643060
  -0.0244372631
  -0.0183798840
  -0.0122794593
  -0.0060796309
   0.0001980112
   0.0065518255
   0.0127175178
   0.0182335963
   0.0230816494
   0.0272795738
   0.0305323844
   0.0328970326
   0.0346581532
   0.0359131963
   0.0362522688
   0.0347841742
   0.0326089475
   0.0305980734
   0.0289674640
   0.0277380099
   0.0270697123
   0.0269628311
   0.0270854714
   0.0271383659
   0.0268160060
   0.0252493172
   0.0232926205
   0.0221928281
   0.0212638376
   0.0195833849
   0.0180573334
   0.0174309041
   0.0175751807
   0.0179399115
   0.0189498475
   0.0211778819
   0.0246790243
   0.0293497570
   0.0342239886
   0.0379529708
   0.0407967204
   0.0439280350
   0.0478798120
   0.0515821650
   0.0542679420
   0.0556151300
   0.0558993143
   0.0557310783
   0.0549324775
   0.0528268060
   0.0494558107
   0.0450703025
   0.0402767388
   0.0358334472
   0.0315449556
   0.0270552707
   0.0226370307
   0.0184481388
   0.0145878757
   0.0110569521
   0.0073949349
   0.0039136292
   0.0018476415
   0.0012456742
   0.0009653865
  -0.0001733373
  -0.0021784201
  -0.0037053331
  -0.0043793172
  -0.0057883143
  -0.0078104608
  -0.0092195116
  -0.0095949999
  -0.0094401548
  -0.0093776541
  -0.0095330868
  -0.0091851016
  -0.0075041530
  -0.0053647927
  -0.0038034644
  -0.0022865477
  -0.0009030364
   0.0004892260
   0.0016040716
   0.0024284127
   0.0031721947
   0.0037723172
   0.0041792770
   0.0049065508
   0.0050767372
   0.0039384849
   0.0014748336
  -0.0015051619
  -0.0048018818
  -0.0082608509
  -0.0117476350
  -0.0153531257
  -0.0188008553
  -0.0224415934
  -0.0267040799
  -0.0314422179
  -0.0360770114
  -0.0401053996
  -0.0438253320
  -0.0478764140
  -0.0513331743
  -0.0536560235
  -0.0552634884
  -0.0555910146
  -0.0542059804
  -0.0518009376
  -0.0486751708
  -0.0443900425
  -0.0392300143
  -0.0334217124
  -0.0272090132
  -0.0203066921
  -0.0132831055
  -0.0066074695
  -0.0000571561
   0.0063939153
   0.0121777619
   0.0175188362
   0.0225590326
   0.0267859614
   0.0296276307
   0.0313501423
   0.0326941057
   0.0342304379
   0.0359938296
   0.0373403415
   0.0380745189
   0.0386080925
   0.0393829939
   0.0406795066
   0.0419169876
   0.0422292574
   0.0419605722
   0.0418720160
   0.0410983975
   0.0392089328
   0.0366273150
   0.0334713649
   0.0295384330
   0.0248479191
   0.0194520936
   0.0134047472
   0.0076132256
   0.0026504482
  -0.0015126546
  -0.0056858419
  -0.0099039688
  -0.0138851784
  -0.0179564508
  -0.0223748468
  -0.0268752804
  -0.0311989137
  -0.0352525615
  -0.0391093504
  -0.0423903853
  -0.0452363887
  -0.0472094166
  -0.0486181328
  -0.0503171012
  -0.0528423398
  -0.0556519186
  -0.0584556203
  -0.0608338952
  -0.0628064550
  -0.0647850134
  -0.0661360675
  -0.0665927352
  -0.0662303101
  -0.0648604283
  -0.0629248478
  -0.0604457077
  -0.0562162130
  -0.0502009275
  -0.0434739331
  -0.0363548158
  -0.0287537883
  -0.0204802504
  -0.0123686639
  -0.0053227840
   0.0008528695
   0.0063287984
   0.0113527069
   0.0167009188
   0.0221812819
   0.0264514659
   0.0294554072
   0.0326177893
   0.0359426688
   0.0380323038
   0.0388064078
   0.0384498252
   0.0366295341
   0.0336456341
   0.0306039333
   0.0278189726
   0.0252970973
   0.0237598117
   0.0228125828
   0.0220190271
   0.0217715621
   0.0225345878
   0.0238133476
   0.0255127667
   0.0273731057
   0.0285583856
   0.0288197200
   0.0283224323
   0.0269038688
   0.0246171147
   0.0216817056
   0.0190789370
   0.0173182342
   0.0166119344
   0.0165683359
   0.0166744594
   0.0164412348
   0.0157921047
   0.0149287338
   0.0143270683
   0.0142095840
   0.0144384518
   0.0152696093
   0.0165729995
   0.0174596831
   0.0174314242
   0.0169701830
   0.0163174399
   0.0156089955
   0.0148789825
   0.0140915605
   0.0129173258
   0.0110946769
   0.0090377113
   0.0068459038
   0.0042612937
   0.0015740063
  -0.0009870993
  -0.0033344807
  -0.0051437351
  -0.0072451799
  -0.0092608598
  -0.0114063954
  -0.0136384450
  -0.0150530540
  -0.0157822991
  -0.0160204767
  -0.0159211475
  -0.0157402349
  -0.0149741405
  -0.0133953836
  -0.0116336215
  -0.0098272276
  -0.0081533646
  -0.0062459512
  -0.0041874790
  -0.0022708649
  -0.0004434003
   0.0008907559
   0.0019967880
   0.0024183332
   0.0017062883
   0.0002876502
  -0.0017300431
  -0.0036351088
  -0.0045747581
  -0.0046563275
  -0.0045115083
  -0.0049788538
  -0.0065991774
  -0.0087120696
  -0.0112640623
  -0.0147131841
  -0.0184322583
  -0.0218623894
  -0.0251570683
  -0.0289155924
  -0.0326622407
  -0.0358686929
  -0.0377017264
  -0.0386268335
  -0.0398838011
  -0.0414960162
  -0.0425646024
  -0.0427403972
  -0.0426691431
  -0.0433491257
  -0.0441882079
  -0.0439053065
  -0.0427128144
  -0.0411484834
  -0.0395794715
  -0.0380751257
  -0.0363391607
  -0.0342043114
  -0.0317905308
  -0.0292942447
  -0.0262974114
  -0.0223096259
  -0.0175659922
  -0.0120844519
  -0.0062485049
  -0.0013542054
   0.0024337351
   0.0060516130
   0.0099827401
   0.0141081188
   0.0183583517
   0.0228011752
   0.0269558444
   0.0307049199
   0.0346461388
   0.0386149752
   0.0423948061
   0.0459346443
   0.0492371767
   0.0522119750
   0.0547549317
   0.0565019229
   0.0571544961
   0.0566795554
   0.0544979315
   0.0510576064
   0.0473756935
   0.0432089580
   0.0387779928
   0.0342908392
   0.0297318073
   0.0255894646
   0.0218843031
   0.0178956854
   0.0135034263
   0.0095079555
   0.0064006315
   0.0042796152
   0.0024150062
   0.0002931933
  -0.0015695066
  -0.0026571506
  -0.0032658409
  -0.0038965386
  -0.0041941467
  -0.0035173905
  -0.0022782035
  -0.0001896450
   0.0024451323
   0.0047235456
   0.0064026252
   0.0078332794
   0.0090304368
   0.0094107846
   0.0085362471
   0.0068199593
   0.0049984426
   0.0033575212
   0.0017564328
  -0.0002405887
  -0.0026605416
  -0.0055346861
  -0.0092137003
  -0.0130373707
  -0.0164964992
  -0.0195978264
  -0.0222537842
  -0.0243049143
  -0.0255567848
  -0.0256479068
  -0.0242417044
  -0.0211613946
  -0.0168247536
  -0.0126709703
  -0.0095094170
  -0.0059031721
  -0.0016323385
   0.0024342726
   0.0055441052
   0.0078817010
   0.0099699733
   0.0115482726
   0.0128205034
   0.0137202070
   0.0140925729
   0.0140981138
   0.0144219299
   0.0153176096
   0.0154518412
   0.0151091142
   0.0154749754
   0.0170192478
   0.0193035348
   0.0211170645
   0.0224045274
   0.0235256267
   0.0244953760
   0.0253403526
   0.0258030188
   0.0258691933
   0.0253169653
   0.0236410722
   0.0208440798
   0.0173403022
   0.0133386352
   0.0095834276
   0.0064515167
   0.0041216079
   0.0019561454
   0.0002575487
  -0.0016458608
  -0.0036259654
  -0.0047871560
  -0.0057125266
  -0.0074249310
  -0.0093032742
  -0.0114448085
  -0.0135913913
  -0.0160350483
  -0.0189621219
  -0.0220115376
  -0.0245950970
  -0.0269195585
  -0.0291453565
  -0.0318076249
  -0.0347971594
  -0.0370963612
  -0.0385130350
  -0.0399705022
  -0.0418234557
  -0.0428670250
  -0.0416915749
  -0.0392183640
  -0.0364350503
  -0.0342169672
  -0.0323642391
  -0.0301186772
  -0.0268873642
  -0.0231645018
  -0.0202378478
  -0.0178009053
  -0.0148065876
  -0.0110859427
  -0.0074137227
  -0.0044962086
  -0.0025000708
  -0.0016226717
  -0.0012172823
   0.0002465947
   0.0025225098
   0.0052405852
   0.0081855625
   0.0117696423
   0.0158017925
   0.0201115494
   0.0244231337
   0.0283266971
   0.0316764896
   0.0344124046
   0.0358565918
   0.0360784330
   0.0358153996
   0.0356625934
   0.0357159560
   0.0360381251
   0.0369460688
   0.0378394497
   0.0381643580
   0.0374317410
   0.0360917650
   0.0343902655
   0.0320029409
   0.0286448094
   0.0242616937
   0.0187554850
   0.0128366786
   0.0079985335
   0.0045075660
   0.0015973747
  -0.0013956377
  -0.0046728269
  -0.0080200831
  -0.0110396275
  -0.0135683057
  -0.0158932110
  -0.0182028756
  -0.0202850385
  -0.0217743013
  -0.0226980908
  -0.0231167217
  -0.0229693765
  -0.0226890410
  -0.0219762746
  -0.0203830085
  -0.0178847633
  -0.0151117754
  -0.0126567022
  -0.0101837305
  -0.0072786364
  -0.0040464011
  -0.0010953256
   0.0013640898
   0.0034824447
   0.0046982600
   0.0049657091
   0.0047926552
   0.0045832895
   0.0038862232
   0.0028133167
   0.0014770106
   0.0003092338
  -0.0002988184
  -0.0013382778
  -0.0032081979
  -0.0047032530
  -0.0055559982
  -0.0070057921
  -0.0087026558
  -0.0096874361
  -0.0098084311
  -0.0095361815
  -0.0093622192
  -0.0093178509
  -0.0090162883
  -0.0085580654
  -0.0071226506
  -0.0050123623
  -0.0023204186
   0.0002157633
   0.0024193578
   0.0041075617
   0.0051454289
   0.0058890860
   0.0072640683
   0.0089462079
   0.0109943837
   0.0132342401
   0.0152186565
   0.0164275076
   0.0168057230
   0.0167638044
   0.0165572299
   0.0157683672
   0.0147637190
   0.0136817280
   0.0117112260
   0.0086276032
   0.0051438721
   0.0017051134
  -0.0017534422
  -0.0047902003
  -0.0075167898
  -0.0098221202
  -0.0121590468
  -0.0144322262
  -0.0168825370
  -0.0192878104
  -0.0217200372
  -0.0233598525
  -0.0247610446
  -0.0263958495
  -0.0278243123
  -0.0284732275
  -0.0284573817
  -0.0282889203
  -0.0282398746
  -0.0282842220
  -0.0283178034
  -0.0283256916
  -0.0285936660
  -0.0289491737
  -0.0290852326
  -0.0294421793
  -0.0301654865
  -0.0316474505
  -0.0326627088
  -0.0318789483
  -0.0297858980
  -0.0277974750
  -0.0257830122
  -0.0237490802
  -0.0212588792
  -0.0182805616
  -0.0150765488
  -0.0118100751
  -0.0085910018
  -0.0054378620
  -0.0023373930
   0.0002034901
   0.0026568489
   0.0052497407
   0.0081802505
   0.0115519896
   0.0144850322
   0.0170251787
   0.0194832824
   0.0220932284
   0.0243094738
   0.0265526259
   0.0282597252
   0.0294301476
   0.0311210716
   0.0328048530
   0.0336322848
   0.0336195596
   0.0333098903
   0.0331534433
   0.0332530084
   0.0338034333
   0.0351389017
   0.0366031649
   0.0377026453
   0.0381639592
   0.0381647567
   0.0374406174
   0.0355378727
   0.0328166420
   0.0297731035
   0.0266093518
   0.0234050668
   0.0203940174
   0.0175965916
   0.0147570825
   0.0115324233
   0.0077587920
   0.0041560648
   0.0014767597
  -0.0005030705
  -0.0028267145
  -0.0058351894
  -0.0084815548
  -0.0106755849
  -0.0127205604
  -0.0150450375
  -0.0176675683
  -0.0204526330
  -0.0226999979
  -0.0244331717
  -0.0266186270
  -0.0295809774
  -0.0321600987
  -0.0332877859
  -0.0332590069
  -0.0329102258
  -0.0322172580
  -0.0310504243
  -0.0292531045
  -0.0265768800
  -0.0233333099
  -0.0194107107
  -0.0143217407
  -0.0085552274
  -0.0031058642
   0.0014531002
   0.0050314466
   0.0085676405
   0.0121933702
   0.0156085240
   0.0183917943
   0.0212843123
   0.0246033493
   0.0281196788
   0.0314476270
   0.0345294797
   0.0369322514
   0.0383558426
   0.0392847985
   0.0393721931
   0.0386782024
   0.0379499369
   0.0371406393
   0.0365303158
   0.0362872370
   0.0356093522
   0.0332402832
   0.0296690829
   0.0267264790
   0.0243596638
   0.0221174132
   0.0192911910
   0.0157331823
   0.0121301464
   0.0085731224
   0.0051267156
   0.0018390355
  -0.0012046517
  -0.0038276544
  -0.0060657008
  -0.0087749709
  -0.0121679857
  -0.0150775734
  -0.0169544014
  -0.0187417196
  -0.0201742392
  -0.0209643623
  -0.0222907462
  -0.0242152138
  -0.0255639969
  -0.0265600287
  -0.0282541774
  -0.0299122310
  -0.0306948646
  -0.0306621155
  -0.0304437762
  -0.0304488386
  -0.0306732977
  -0.0312182962
  -0.0320066510
  -0.0328812561
  -0.0332143821
  -0.0327110264
  -0.0320560087
  -0.0315574034
  -0.0313498303
  -0.0305592911
  -0.0286475313
  -0.0258097802
  -0.0226694678
  -0.0193648550
  -0.0163540951
  -0.0138219010
  -0.0115678787
  -0.0092270097
  -0.0064418341
  -0.0041415608
  -0.0018696887
   0.0011101411
   0.0041268194
   0.0057344420
   0.0058642025
   0.0054714034
   0.0053974483
   0.0062232088
   0.0077439587
   0.0094281422
   0.0104103428
   0.0106985578
   0.0118199744
   0.0131038919
   0.0133516984
   0.0126717193
   0.0127284261
   0.0138138134
   0.0150315114
   0.0155497125
   0.0154492979
   0.0152399062
   0.0150936845
   0.0143898673
   0.0132934278
   0.0122282361
   0.0113566892
   0.0107440148
   0.0105041728
   0.0105098628
   0.0101813466
   0.0091006160
   0.0074437518
   0.0059865238
   0.0043630397
   0.0024594161
   0.0006731193
  -0.0014639368
  -0.0040058070
  -0.0068295899
  -0.0096459891
  -0.0119824823
  -0.0132163347
  -0.0137889628
  -0.0140511363
  -0.0140573117
  -0.0136008867
  -0.0130754232
  -0.0129565727
  -0.0141800213
  -0.0158073177
  -0.0154802649
  -0.0138238288
  -0.0126215276
  -0.0123595760
  -0.0117786505
  -0.0101417009
  -0.0084992886
  -0.0074063356
  -0.0061134983
  -0.0043748010
  -0.0020797999
   0.0002222480
   0.0016290389
   0.0030390847
   0.0054070736
   0.0090126909
   0.0131156722
   0.0167906001
   0.0195131016
   0.0217595477
   0.0243507353
   0.0273906505
   0.0296929729
   0.0308657184
   0.0318507934
   0.0333290821
   0.0345229784
   0.0349115127
   0.0347554991
   0.0345653842
   0.0345609980
   0.0345400725
   0.0334396560
   0.0312854242
   0.0285987283
   0.0256841753
   0.0224502964
   0.0186424839
   0.0146242655
   0.0110018923
   0.0078271561
   0.0047694673
   0.0016430082
  -0.0015633690
  -0.0048050839
  -0.0075244752
  -0.0096518385
  -0.0115849659
  -0.0129491751
  -0.0134554988
  -0.0134364839
  -0.0133496804
  -0.0134175400
  -0.0135499044
  -0.0136112593
  -0.0135910533
  -0.0136212660
  -0.0137470408
  -0.0133787767
  -0.0122052389
  -0.0103819538
  -0.0078929820
  -0.0055816358
  -0.0045053416
  -0.0039043609
  -0.0023483256
  -0.0000295074
   0.0025960402
   0.0044465700
   0.0058611998
   0.0074721390
   0.0087896361
   0.0093185340
   0.0092452324
   0.0088720533
   0.0077585423
   0.0059255296
   0.0044352248
   0.0031151099
   0.0015177435
  -0.0005965597
  -0.0035133891
  -0.0070902846
  -0.0098764033
  -0.0120707576
  -0.0143855521
  -0.0169235887
  -0.0189738589
  -0.0198779192
  -0.0201134218
  -0.0206788257
  -0.0210179676
  -0.0213434653
  -0.0215844290
  -0.0217388129
  -0.0215768182
  -0.0209996426
  -0.0205417439
  -0.0205111966
  -0.0207442720
  -0.0203296980
  -0.0185103258
  -0.0166902827
  -0.0160424095
  -0.0163346345
  -0.0162648489
  -0.0149837434
  -0.0134274410
  -0.0123734315
  -0.0120600262
  -0.0115465233
  -0.0098209673
  -0.0080387686
  -0.0072872753
  -0.0074280603
  -0.0077119064
  -0.0077451601
  -0.0069954906
  -0.0049985223
  -0.0029613276
  -0.0009159388
   0.0009663950
   0.0020489508
   0.0022820835
   0.0021303348
   0.0020222366
   0.0020569136
   0.0021285318
   0.0021513435
   0.0021335040
   0.0021183031
   0.0022654315
   0.0031119823
   0.0041751161
   0.0051242278
   0.0060947416
   0.0067506868
   0.0069530207
   0.0068899010
   0.0066763953
   0.0058615725
   0.0044719441
   0.0032571535
   0.0026504898
   0.0024840967
   0.0032124992
   0.0049357771
   0.0065400694
   0.0072972717
   0.0083574721
   0.0102615483
   0.0128633911
   0.0153586457
   0.0167298694
   0.0175648133
   0.0186742276
   0.0201522388
   0.0211635790
   0.0213875527
   0.0213194192
   0.0223556550
   0.0242944775
   0.0249041596
   0.0234304825
   0.0215310491
   0.0207079515
   0.0207627877
   0.0202196442
   0.0186064582
   0.0173565987
   0.0171567231
   0.0175295676
   0.0180751036
   0.0185621627
   0.0190974007
   0.0196412897
   0.0195478445
   0.0183254985
   0.0169100296
   0.0161257647
   0.0149620169
   0.0131068495
   0.0116975213
   0.0108173390
   0.0092690098
   0.0075257200
   0.0060892892
   0.0043169031
   0.0023534555
   0.0002199890
  -0.0018148022
  -0.0040321156
  -0.0062927223
  -0.0086666057
  -0.0110053544
  -0.0133912228
  -0.0157185102
  -0.0180936020
  -0.0206219785
  -0.0225336343
  -0.0240490930
  -0.0253532685
  -0.0264029229
  -0.0282804079
  -0.0302551522
  -0.0312025544
  -0.0311410609
  -0.0308223418
  -0.0307549538
  -0.0306942058
  -0.0293949539
  -0.0268073377
  -0.0242281817
  -0.0223118970
  -0.0211976805
  -0.0197017950
  -0.0177565579
  -0.0165169306
  -0.0160035405
  -0.0159243236
  -0.0157791975
  -0.0150338380
  -0.0135258011
  -0.0122855047
  -0.0116834387
  -0.0104851821
  -0.0085759379
  -0.0069069899
  -0.0054100053
  -0.0040152920
  -0.0027439020
  -0.0011533965
   0.0003741147
   0.0011033421
   0.0010464961
   0.0007183284
   0.0005060741
   0.0004654682
   0.0004885253
   0.0004498861
   0.0003560750
   0.0002874073
   0.0002335736
   0.0001561564
  -0.0002537499
  -0.0016544976
  -0.0033077647
  -0.0044223176
  -0.0047420960
  -0.0043606230
  -0.0027373973
  -0.0007972038
   0.0003445854
   0.0014578490
   0.0032130990
   0.0046575810
   0.0051399904
   0.0049105365
   0.0045978160
   0.0045090274
   0.0049372351
   0.0059509592
   0.0058099419
   0.0047708421
   0.0039183708
   0.0037242736
   0.0038791394
   0.0039678291
   0.0044698446
   0.0049788694
   0.0045329799
   0.0035842150
   0.0028695953
   0.0019702731
   0.0003335264
  -0.0010919099
  -0.0016985426
  -0.0018272379
  -0.0014926579
  -0.0011965846
  -0.0015226883
  -0.0021471671
  -0.0025395726
  -0.0025710354
  -0.0024573287
  -0.0024018112
  -0.0023589894
  -0.0016110950
   0.0001839062
   0.0018828317
   0.0026590333
   0.0033167382
   0.0045106155
   0.0060843812
   0.0070749138
   0.0076475974
   0.0086139436
   0.0100599095
   0.0110507317
   0.0115447238
   0.0122305125
   0.0137960830
   0.0155179671
   0.0165650939
   0.0167853904
   0.0166332118
   0.0165339761
   0.0164324156
   0.0155499899
   0.0137192812
   0.0120755946
   0.0113436814
   0.0103397579
   0.0085701960
   0.0070139283
   0.0062161475
   0.0061192593
   0.0064575100
   0.0069045766
   0.0071380924
   0.0071455004
   0.0070830656
   0.0070613287
   0.0070818086
   0.0071021585
   0.0071029283
   0.0070942183
   0.0070899673
   0.0070922783
   0.0070958393
   0.0070970078
   0.0070667395
   0.0062970045
   0.0043742046
   0.0024079675
   0.0003108558
  -0.0019872597
  -0.0047503483
  -0.0075514217
  -0.0101904866
  -0.0123441584
  -0.0143449876
  -0.0160176491
  -0.0175275739
  -0.0190668706
  -0.0197900045
  -0.0191158990
  -0.0183100688
  -0.0184619215
  -0.0182980371
  -0.0165400388
  -0.0136736699
  -0.0113775644
  -0.0094143699
  -0.0078367104
  -0.0065163544
  -0.0045346130
  -0.0027522080
  -0.0020461284
  -0.0015930731
   0.0001641215
   0.0024177888
   0.0037404800
   0.0050154378
   0.0063543112
   0.0071769857
   0.0073060372
   0.0071643160
   0.0075088808
   0.0080300274
   0.0079227336
   0.0073991044
   0.0070273157
   0.0068773787
   0.0058206300
   0.0038623505
   0.0024124491
   0.0020761331
   0.0022467980
   0.0016773324
   0.0001701219
  -0.0015844734
  -0.0025482341
  -0.0026232693
  -0.0023808476
  -0.0022743288
  -0.0023408014
  -0.0024210932
  -0.0024395256
  -0.0028964881
  -0.0040584588
  -0.0056904864
  -0.0069149839
  -0.0072996295
  -0.0071770950
  -0.0070091034
  -0.0069916523
  -0.0070839133
  -0.0076890497
  -0.0085348099
  -0.0083782606
  -0.0075302501
  -0.0069203201
  -0.0066327552
  -0.0053713720
  -0.0034451170
  -0.0021931424
  -0.0020072836
  -0.0023124523
  -0.0024974911
  -0.0024392916
  -0.0023244372
  -0.0023376929
  -0.0029499685
  -0.0036279522
  -0.0036012189
  -0.0028994873
  -0.0022467182
  -0.0012093999
   0.0007366005
   0.0032247008
   0.0057609968
   0.0080805121
   0.0103414083
   0.0121022308
   0.0140821397
   0.0158956226
   0.0168487303
   0.0175524522
   0.0183872868
   0.0189975756
   0.0191756242
   0.0190858197
   0.0189463108
   0.0185487094
   0.0178372085
   0.0170373994
   0.0166415629
   0.0166623705
   0.0165128686
   0.0154868130
   0.0137957519
   0.0123159446
   0.0117268673
   0.0114968673
   0.0101305326
   0.0081771784
   0.0066066876
   0.0048173029
   0.0031426493
   0.0022993024
   0.0022559379
   0.0024579841
   0.0024814997
   0.0019468303
   0.0001728490
  -0.0017829684
  -0.0027460015
  -0.0027678181
  -0.0025436953
  -0.0025661950
  -0.0028016594
  -0.0030972825
  -0.0035748514
  -0.0036837974
  -0.0034615765
  -0.0032847623
  -0.0033320864
  -0.0035151540
  -0.0036867291
  -0.0037977693
  -0.0039054757
  -0.0040328610
  -0.0045352077
  -0.0060048782
  -0.0079232538
  -0.0092483998
  -0.0103641074
  -0.0119916413
  -0.0135233116
  -0.0143347433
  -0.0154918441
  -0.0173451565
  -0.0187230132
  -0.0194894370
  -0.0203054265
  -0.0210181583
  -0.0212314525
  -0.0204221896
  -0.0192736289
  -0.0182818619
  -0.0168477213
  -0.0151895238
  -0.0141878177
  -0.0140200307
  -0.0137777130
  -0.0127641450
  -0.0110847828
  -0.0096271440
  -0.0079711639
  -0.0061382916
  -0.0044004507
  -0.0023277295
  -0.0005908651
   0.0012160127
   0.0030569416
   0.0047482471
   0.0068069845
   0.0085763852
   0.0101671392
   0.0120374606
   0.0139100966
   0.0143791358
   0.0141826496
   0.0144571096
   0.0152372866
   0.0162400243
   0.0162733196
   0.0153784755
   0.0142576970
   0.0136120828
   0.0131356130
   0.0126855367
   0.0123917773
   0.0123203689
   0.0120801992
   0.0108672636
   0.0089119539
   0.0075068801
   0.0071740836
   0.0072111790
   0.0069990308
   0.0059967144
   0.0050346834
   0.0046873933
   0.0041703347
   0.0033007156
   0.0026678976
   0.0025552867
   0.0027300621
   0.0028681026
   0.0028843731
   0.0028416727
   0.0022970157
   0.0004825356
  -0.0014529615
  -0.0023341250
  -0.0023553955
  -0.0032094306
  -0.0047668442
  -0.0048852942
  -0.0033909222
  -0.0019512720
  -0.0015424562
  -0.0018310138
  -0.0022358758
  -0.0025341601
  -0.0023176915
  -0.0019822303
  -0.0021632452
  -0.0024029277
  -0.0022329910
  -0.0019158235
  -0.0017844421
  -0.0017987362
  -0.0018200847
  -0.0018088730
  -0.0018356670
  -0.0018966179
  -0.0019383596
  -0.0019054475
  -0.0018554881
  -0.0018658763
  -0.0019087501
  -0.0019325050
  -0.0019035526
  -0.0018785356
  -0.0018881367
  -0.0018950264
  -0.0018685635
  -0.0021927316
  -0.0029365325
  -0.0043468923
  -0.0058957728
  -0.0067275752
  -0.0067858649
  -0.0065709982
  -0.0064754813
  -0.0065313923
  -0.0065530425
  -0.0061332709
  -0.0053360848
  -0.0044467659
  -0.0036171913
  -0.0030940249
  -0.0029853182
  -0.0034241949
  -0.0042491199
  -0.0054730053
  -0.0064222938
  -0.0067308466
  -0.0066989556
  -0.0075777199
  -0.0095808860
  -0.0116106867
  -0.0138553280
  -0.0163345877
  -0.0187952729
  -0.0208939577
  -0.0231081400
  -0.0248982651
  -0.0256624003
  -0.0260354182
  -0.0272777535
  -0.0285655457
  -0.0287503557
  -0.0282108528
  -0.0277867262
  -0.0276230151
  -0.0269520476
  -0.0259506587
  -0.0253157344
  -0.0252363667
  -0.0254024182
  -0.0254967475
  -0.0254626288
  -0.0254015340
  -0.0252330033
  -0.0239580749
  -0.0219216291
  -0.0200758184
  -0.0183275269
  -0.0166492708
  -0.0148217226
  -0.0127892071
  -0.0108920396
  -0.0089347257
  -0.0064660501
  -0.0034636968
  -0.0005630966
   0.0019531860
   0.0045576120
   0.0070579376
   0.0096355662
   0.0124560690
   0.0153696875
   0.0183167088
   0.0214536578
   0.0245727153
   0.0280100931
   0.0316511779
   0.0354128053
   0.0387025605
   0.0413131480
   0.0435148652
   0.0451283113
   0.0464769383
   0.0482117591
   0.0498431313
   0.0506254182
   0.0506227484
   0.0499972899
   0.0482058646
   0.0459314716
   0.0436950289
   0.0418591348
   0.0405383506
   0.0386290353
   0.0357644816
   0.0327673015
   0.0304235442
   0.0284931647
   0.0266262898
   0.0241767956
   0.0210967285
   0.0178181208
   0.0146856516
   0.0122025396
   0.0098958084
   0.0080926981
   0.0062616565
   0.0042947381
   0.0025933755
   0.0008195453
  -0.0008240539
  -0.0021814072
  -0.0033584695
  -0.0045046551
  -0.0057024228
  -0.0064432037
  -0.0065983816
  -0.0065038772
  -0.0064839451
  -0.0065624199
  -0.0066307563
  -0.0066512258
  -0.0064768457
  -0.0056633786
  -0.0051129745
  -0.0047091232
  -0.0037372085
  -0.0026946344
  -0.0022346571
  -0.0023607005
  -0.0024359646
  -0.0022172111
  -0.0017307097
  -0.0010519471
  -0.0009149407
  -0.0016809652
  -0.0023171991
  -0.0023214570
  -0.0026471889
  -0.0033862864
  -0.0043089334
  -0.0048800620
  -0.0053792395
  -0.0058420409
  -0.0064340620
  -0.0069017213
  -0.0073458164
  -0.0079803559
  -0.0082935688
  -0.0080244745
  -0.0076462868
  -0.0075219943
  -0.0070891178
  -0.0062632394
  -0.0056663848
  -0.0055903094
  -0.0058215593
  -0.0058175909
  -0.0053120751
  -0.0044790712
  -0.0038521825
  -0.0036958430
  -0.0036279765
  -0.0034680084
  -0.0035900194
  -0.0038125298
  -0.0035855031
  -0.0028812907
  -0.0022665290
  -0.0021723730
  -0.0024406248
  -0.0024297928
  -0.0027140533
  -0.0040548545
  -0.0057499810
  -0.0067171592
  -0.0067590605
  -0.0064353103
  -0.0065240103
  -0.0075671098
  -0.0090026512
  -0.0098121637
  -0.0101619156
  -0.0100656671
  -0.0097906990
  -0.0101039536
  -0.0101150144
  -0.0091534221
  -0.0087690868
  -0.0092767229
  -0.0095441269
  -0.0092373286
  -0.0087899568
  -0.0085799514
  -0.0080757791
  -0.0074927940
  -0.0069037861
  -0.0065086274
  -0.0063680765
  -0.0063729915
  -0.0063978264
  -0.0064099448
  -0.0061427870
  -0.0051177993
  -0.0035140341
  -0.0020892241
  -0.0014672883
  -0.0012432623
  -0.0004372731
   0.0011360101
   0.0026920391
   0.0033962255
   0.0033477780
   0.0033327400
   0.0038611543
   0.0045025574
   0.0042350701
   0.0034800869
   0.0026661397
   0.0015794345
   0.0000857292
  -0.0015799289
  -0.0034588165
  -0.0057185945
  -0.0084724027
  -0.0106091313
  -0.0113817738
  -0.0112223293
  -0.0109390014
  -0.0109071902
  -0.0110242463
  -0.0110943354
  -0.0109978147
  -0.0102539131
  -0.0091622188
  -0.0081197088
  -0.0072880849
  -0.0066528624
  -0.0063384237
  -0.0062900732
  -0.0059998228
  -0.0046802540
  -0.0027255268
  -0.0014718304
  -0.0013033421
  -0.0016200963
  -0.0018065551
  -0.0017467953
  -0.0016325200
  -0.0016039044
  -0.0016416611
  -0.0016538986
  -0.0016308350
  -0.0016239799
  -0.0016385327
  -0.0016297815
  -0.0015851665
  -0.0015087181
  -0.0008217651
   0.0003135269
   0.0017237760
   0.0028536489
   0.0033236764
   0.0036894908
   0.0045379850
   0.0056543548
   0.0066320669
   0.0074159765
   0.0078506387
   0.0079571281
   0.0078938021
   0.0078402297
   0.0078614412
   0.0078990620
   0.0075075944
   0.0068801040
   0.0070090740
   0.0071962590
   0.0064705056
   0.0048687393
   0.0034546487
   0.0029524789
   0.0031041097
   0.0033078063
   0.0028885877
   0.0020669013
   0.0018055548
   0.0024209995
   0.0031404406
   0.0034058405
   0.0033132951
   0.0031878862
   0.0031773836
   0.0031853013
   0.0031422298
   0.0031097130
   0.0031573995
   0.0033034253
   0.0040155954
   0.0050130852
   0.0056875929
   0.0062108633
   0.0067555411
   0.0067314603
   0.0060905427
   0.0054384514
   0.0046754292
   0.0041487469
   0.0037084434
   0.0033823059
   0.0034978225
   0.0044220645
   0.0056039967
   0.0065664559
   0.0073293482
   0.0078228548
   0.0080074151
   0.0079993639
   0.0079539572
   0.0079461261
   0.0079652347
   0.0079792082
   0.0079782252
   0.0077001278
   0.0067336691
   0.0060134634
   0.0065050907
   0.0069217192
   0.0063938858
   0.0050355069
   0.0036841233
   0.0028858710
   0.0020347850
   0.0010495572
   0.0003023906
   0.0003305360
   0.0009507002
   0.0019125868
   0.0019705522
   0.0009627239
   0.0002156496
  -0.0002187062
  -0.0007937482
  -0.0012935892
  -0.0015461500
  -0.0015711849
  -0.0014788320
  -0.0013817251
  -0.0011693142
  -0.0003066976
   0.0012127223
   0.0027767032
   0.0039067465
   0.0045881663
   0.0051529652
   0.0057464928
   0.0067906966
   0.0077353804
   0.0080805277
   0.0079733587
   0.0078103983
   0.0077863956
   0.0078102978
   0.0077631297
   0.0076602602
   0.0077306926
   0.0080414263
   0.0082763742
   0.0080294588
   0.0074174345
   0.0069567083
   0.0067728987
   0.0065103143
   0.0050392828
   0.0028368652
   0.0013759197
   0.0010390265
   0.0011715226
   0.0010288850
  -0.0000214954
  -0.0012904028
  -0.0016606860
  -0.0014389430
  -0.0012361956
  -0.0012236182
  -0.0011958915
  -0.0009332604
  -0.0005665589
  -0.0003991719
  -0.0004840588
  -0.0006690506
  -0.0007951142
  -0.0008638362
  -0.0009165303
  -0.0010024679
  -0.0011205176
  -0.0012574935
  -0.0018646853
  -0.0029122455
  -0.0038968697
  -0.0050009755
  -0.0058761372
  -0.0062290825
  -0.0064672619
  -0.0073637062
  -0.0089220768
  -0.0104205628
  -0.0117146223
  -0.0130578576
  -0.0145424152
  -0.0158092543
  -0.0172616244
  -0.0190481816
  -0.0203442608
  -0.0206910655
  -0.0206876675
  -0.0207494557
  -0.0206713709
  -0.0204951427
  -0.0202607670
  -0.0194716321
  -0.0180889384
  -0.0165128634
  -0.0155638281
  -0.0152997649
  -0.0144118676
  -0.0123855811
  -0.0100852282
  -0.0082575101
  -0.0068918774
  -0.0061561970
  -0.0059686652
  -0.0056918508
  -0.0047451195
  -0.0038696770
  -0.0042105629
  -0.0050388962
  -0.0049378853
  -0.0048232026
  -0.0053147259
  -0.0060161281
  -0.0066773384
  -0.0070106187
  -0.0074732139
  -0.0076301445
  -0.0071520312
  -0.0063817847
  -0.0059256544
  -0.0057841916
  -0.0051244861
  -0.0041154343
  -0.0030924611
  -0.0020315464
  -0.0013555064
  -0.0011964553
  -0.0013000733
  -0.0012720937
  -0.0004662409
   0.0006429248
   0.0012602894
   0.0012787645
   0.0010901540
   0.0010196570
   0.0014898329
   0.0025966522
   0.0038048982
   0.0047195148
   0.0053880517
   0.0058613558
   0.0067476303
   0.0077810247
   0.0083511997
   0.0083933662
   0.0085375578
   0.0088241085
   0.0095936251
   0.0111340539
   0.0126874177
   0.0140766405
   0.0150583296
   0.0158574158
   0.0168826532
   0.0176803801
   0.0179489266
   0.0178612026
   0.0177476988
   0.0181198325
   0.0187478221
   0.0185283387
   0.0171655632
   0.0155897569
   0.0141731265
   0.0132196356
   0.0128763191
   0.0129172564
   0.0126170564
   0.0116453723
   0.0107585812
   0.0100436945
   0.0090874124
   0.0082186029
   0.0071817932
   0.0062197085
   0.0056411598
   0.0048872116
   0.0040199226
   0.0030960984
   0.0019893418
   0.0008069215
  -0.0004445968
  -0.0013394241
  -0.0022654836
  -0.0035686709
  -0.0050809015
  -0.0060020610
  -0.0062679359
  -0.0070060470
  -0.0087839028
  -0.0104187424
  -0.0110003164
  -0.0109108517
  -0.0114276486
  -0.0126218015
  -0.0141487025
  -0.0152770398
  -0.0156394857
  -0.0155231474
  -0.0149293007
  -0.0142184569
  -0.0136194110
  -0.0127126444
  -0.0114967339
  -0.0103237630
  -0.0094357843
  -0.0082638553
  -0.0066872637
  -0.0048999004
  -0.0036498486
  -0.0032758616
  -0.0032694782
  -0.0026213779
  -0.0016414131
  -0.0010384010
  -0.0004444890
   0.0004468952
   0.0013604290
   0.0024942491
   0.0034117558
   0.0037978872
   0.0042789668
   0.0051544787
   0.0058335182
   0.0055114323
   0.0043848130
   0.0035160711
   0.0033143215
   0.0028873135
   0.0017044497
   0.0000081145
  -0.0011839752
  -0.0017261727
  -0.0024253459
  -0.0031724651
  -0.0038481725
  -0.0048294126
  -0.0056859008
  -0.0060372078
  -0.0059887429
  -0.0057856635
  -0.0050334715
  -0.0040013151
  -0.0033016500
  -0.0025510530
  -0.0017744422
  -0.0015954819
  -0.0015092844
  -0.0009217046
   0.0002726373
   0.0016235747
   0.0029137278
   0.0036371598
   0.0037245995
   0.0039493342
   0.0048614874
   0.0058331472
   0.0068667374
   0.0077033560
   0.0080700268
   0.0080689259
   0.0079437978
   0.0077347251
   0.0073175002
   0.0071140186
   0.0069751806
   0.0066711925
   0.0058478349
   0.0050539133
   0.0045716184
   0.0037297450
   0.0027314958
   0.0021129426
   0.0016338471
   0.0010295683
   0.0001952564
  -0.0004484699
  -0.0008578192
  -0.0017167498
  -0.0028877313
  -0.0040308725
  -0.0050125131
  -0.0058362158
  -0.0069568019
  -0.0080351348
  -0.0084406348
  -0.0080086235
  -0.0071356254
  -0.0064487289
  -0.0057932137
  -0.0049347993
  -0.0038153592
  -0.0025264955
  -0.0014189038
  -0.0005670747
   0.0002387793
   0.0005091425
   0.0007640011
   0.0019408804
   0.0037347450
   0.0055366538
   0.0066105693
   0.0073401299
   0.0081570574
   0.0087162773
   0.0088820202
   0.0093338753
   0.0102355847
   0.0109412292
   0.0111217934
   0.0108969650
   0.0100502703
   0.0089236042
   0.0082477651
   0.0081635552
   0.0083247698
   0.0083923624
   0.0082426160
   0.0075103787
   0.0064654017
   0.0058189657
   0.0057341005
   0.0058903342
   0.0059337628
   0.0055053679
   0.0049900724
   0.0048823365
   0.0048817592
   0.0050118075
   0.0050679630
   0.0049335875
   0.0046079788
   0.0046557658
   0.0052822385
   0.0058003217
   0.0052843276
   0.0041748613
   0.0034668763
   0.0034152630
   0.0036312947
   0.0037381412
   0.0036901895
   0.0038810517
   0.0042201224
   0.0047111551
   0.0047405114
   0.0042502936
   0.0044310189
   0.0053244414
   0.0060193007
   0.0061279329
   0.0059325180
   0.0058439636
   0.0058944985
   0.0058670007
   0.0051748459
   0.0041335478
   0.0035006917
   0.0033267173
   0.0025918516
   0.0008455848
  -0.0012002719
  -0.0029776415
  -0.0045067026
  -0.0057022945
  -0.0069079243
  -0.0083522728
  -0.0098399649
  -0.0106959937
  -0.0113081688
  -0.0122096511
  -0.0134472240
  -0.0147820249
  -0.0155433742
  -0.0156576252
  -0.0159755000
  -0.0173993685
  -0.0192866835
  -0.0204065345
  -0.0210500232
  -0.0218031497
  -0.0224518047
  -0.0225110965
  -0.0215418326
  -0.0203719303
  -0.0196551591
  -0.0186651084
  -0.0170122923
  -0.0150858222
  -0.0132938820
  -0.0116613863
  -0.0101001863
  -0.0085733460
  -0.0070399733
  -0.0058237524
  -0.0052462058
  -0.0054741166
  -0.0056431258
  -0.0049121922
  -0.0039304025
  -0.0037480804
  -0.0047571686
  -0.0058807314
  -0.0063808347
  -0.0069400858
  -0.0078537749
  -0.0088415579
  -0.0091382507
  -0.0090493720
  -0.0083730423
  -0.0079876217
  -0.0081228502
  -0.0083320269
  -0.0077428110
  -0.0066292913
  -0.0058843634
  -0.0057831514
  -0.0059706728
  -0.0056689905
  -0.0045964151
  -0.0035376606
  -0.0027807028
  -0.0021713501
  -0.0016161012
  -0.0012687974
  -0.0011860270
  -0.0012666574
  -0.0013233006
  -0.0012975799
  -0.0012506505
  -0.0012593641
  -0.0011602103
  -0.0003625197
   0.0006297648
   0.0012558427
   0.0020106938
   0.0027953523
   0.0032306646
   0.0033995542
   0.0040644816
   0.0049153180
   0.0055728478
   0.0064219609
   0.0071790506
   0.0076352103
   0.0083991098
   0.0092188562
   0.0101080277
   0.0112296870
   0.0126081713
   0.0138028114
   0.0149355992
   0.0156885852
   0.0160522360
   0.0164498842
   0.0171250645
   0.0176930707
   0.0178385261
   0.0179355600
   0.0186286665
   0.0188453935
   0.0181496691
   0.0173038429
   0.0169499077
   0.0170422103
   0.0171094024
   0.0163412745
   0.0151300345
   0.0143940298
   0.0143335228
   0.0145366629
   0.0145869013
   0.0144561388
   0.0140624000
   0.0133922508
   0.0125319485
   0.0118817591
   0.0115439037
   0.0108023010
   0.0098113142
   0.0091506915
   0.0085894450
   0.0076644072
   0.0067332547
   0.0055753304
   0.0043972122
   0.0031003598
   0.0023377016
   0.0020905001
   0.0017138306
   0.0006004483
  -0.0005991642
  -0.0011511836
  -0.0011298348
  -0.0011572835
  -0.0021582435
  -0.0036355319
  -0.0042029434
  -0.0039237018
  -0.0040823419
  -0.0050832003
  -0.0059962792
  -0.0062944941
  -0.0061905394
  -0.0060721865
  -0.0061156168
  -0.0067205954
  -0.0077413321
  -0.0079394324
  -0.0077535615
  -0.0085720406
  -0.0100730161
  -0.0110702529
  -0.0111790810
  -0.0108895258
  -0.0107291000
  -0.0108333044
  -0.0110080330
  -0.0110510091
  -0.0109682035
  -0.0108960115
  -0.0109362553
  -0.0109479697
  -0.0105199354
  -0.0096866785
  -0.0088701931
  -0.0083894862
  -0.0076217449
  -0.0066779331
  -0.0061027686
  -0.0056158551
  -0.0047226840
  -0.0039143261
  -0.0034497857
  -0.0026989738
  -0.0018543716
  -0.0013770232
  -0.0012170680
  -0.0008606679
  -0.0001213350
   0.0006512660
   0.0010459695
   0.0015980909
   0.0025380054
   0.0032595824
   0.0032629110
   0.0024604095
   0.0022518378
   0.0030210579
   0.0044676220
   0.0055438520
   0.0058105366
   0.0056264617
   0.0054720033
   0.0054926496
   0.0055734130
   0.0053327110
   0.0044327335
   0.0040625572
   0.0041029241
   0.0035948078
   0.0021522381
   0.0002011410
  -0.0012949853
  -0.0021119266
  -0.0029129268
  -0.0036738964
  -0.0047168276
  -0.0057861021
  -0.0064181087
  -0.0071523849
  -0.0080753735
  -0.0086449920
  -0.0087196475
  -0.0085770769
  -0.0085216114
  -0.0084895089
  -0.0077878137
  -0.0067469282
  -0.0060083109
  -0.0051650229
  -0.0042811807
  -0.0037712666
  -0.0037012122
  -0.0037116108
  -0.0030430219
  -0.0020261235
  -0.0013725656
  -0.0012899989
  -0.0015001605
  -0.0016465208
  -0.0016261846
  -0.0015132176
  -0.0014777701
  -0.0013926010
  -0.0010721179
  -0.0010325283
  -0.0007896321
   0.0000127335
   0.0007604306
   0.0010123726
   0.0004203044
  -0.0007805679
  -0.0016471683
  -0.0022770836
  -0.0030890025
  -0.0037440461
  -0.0039710988
  -0.0034600838
  -0.0028235280
  -0.0030178905
  -0.0036305302
  -0.0040033868
  -0.0039884234
  -0.0038284779
  -0.0034280229
  -0.0028319901
  -0.0020931076
  -0.0016043269
  -0.0013112059
  -0.0009929352
  -0.0010998035
  -0.0014355027
  -0.0016698786
  -0.0021438471
  -0.0030867383
  -0.0038466087
  -0.0040578780
  -0.0039242687
  -0.0038225123
  -0.0041832488
  -0.0044035090
  -0.0042011265
  -0.0038891497
  -0.0037299479
  -0.0032454356
  -0.0021092238
  -0.0004812497
   0.0007079303
   0.0010577906
   0.0014717751
   0.0024023747
   0.0032372474
   0.0040240921
   0.0048938499
   0.0054752262
   0.0056583822
   0.0061318458
   0.0070609317
   0.0078075620
   0.0084023345
   0.0090165709
   0.0093699756
   0.0090920361
   0.0083588885
   0.0078476603
   0.0077757404
   0.0078747750
   0.0079214785
   0.0078875903
   0.0073113977
   0.0062735946
   0.0055159329
   0.0053301261
   0.0054774366
   0.0056508996
   0.0056969478
   0.0061668626
   0.0071600079
   0.0079350948
   0.0083470666
   0.0091178956
   0.0100042481
   0.0105143738
   0.0109184019
   0.0114635357
   0.0121659157
   0.0126314390
   0.0127271033
   0.0126362760
   0.0125696664
   0.0123850905
   0.0117426784
   0.0111279670
   0.0105787833
   0.0102430291
   0.0099200157
   0.0093570528
   0.0085220691
   0.0078517517
   0.0075795402
   0.0073151147
   0.0064151823
   0.0054045303
   0.0048271762
   0.0041071075
   0.0025186558
   0.0007630892
  -0.0002374859
  -0.0010072477
  -0.0019286701
  -0.0029020653
  -0.0041900674
  -0.0057987077
  -0.0072554363
  -0.0082463538
  -0.0093041653
  -0.0102387573
  -0.0107119609
  -0.0108117288
  -0.0113708707
  -0.0124148231
  -0.0132173281
  -0.0134359967
  -0.0133480872
  -0.0133019298
  -0.0133164337
  -0.0127375920
  -0.0116867812
  -0.0107083600
  -0.0096662332
  -0.0089041471
  -0.0083601454
  -0.0074690478
  -0.0065916081
  -0.0061817965
  -0.0060195191
  -0.0055993782
  -0.0047528708
  -0.0040074332
  -0.0037810913
  -0.0038933365
  -0.0039886662
  -0.0039587914
  -0.0038894513
  -0.0038210300
  -0.0032866017
  -0.0026282779
  -0.0020149378
  -0.0015988575
  -0.0008745595
   0.0001472632
   0.0011365508
   0.0022318450
   0.0030206297
   0.0033023938
   0.0032577256
   0.0034820339
   0.0044069156
   0.0053167456
   0.0057348737
   0.0063534374
   0.0072679691
   0.0079081378
   0.0080433178
   0.0079077356
   0.0078026887
   0.0078907699
   0.0086671570
   0.0097595293
   0.0100646997
   0.0091333981
   0.0080336005
   0.0075872950
   0.0077308035
   0.0079530210
   0.0079623256
   0.0075670318
   0.0068634642
   0.0060203998
   0.0054544221
   0.0052922886
   0.0053007559
   0.0052783984
   0.0048653274
   0.0040675588
   0.0030932240
   0.0024474242
   0.0022385474
   0.0022443518
   0.0022114449
   0.0018669720
   0.0009760448
   0.0001740003
  -0.0004388705
  -0.0007985585
  -0.0009788450
  -0.0013285158
  -0.0023609346
  -0.0034841906
  -0.0046181312
  -0.0056307595
  -0.0062055478
  -0.0063724090
  -0.0063922579
  -0.0067076292
  -0.0076329583
  -0.0078880272
  -0.0072168412
  -0.0064862717
  -0.0062616687
  -0.0064127551
  -0.0064948239
  -0.0057787392
  -0.0046373941
  -0.0039436721
  -0.0038898293
  -0.0039865025
  -0.0033529200
  -0.0023239154
  -0.0018110852
  -0.0021051081
  -0.0024272443
  -0.0026214022
  -0.0028602802
  -0.0034860179
  -0.0040687083
  -0.0042854629
  -0.0039684688
  -0.0029585520
  -0.0020180706
  -0.0016928920
  -0.0018191607
  -0.0019822459
  -0.0019571891
  -0.0018709439
  -0.0018672650
  -0.0019273213
  -0.0019752020
  -0.0019821956
  -0.0019713116
  -0.0019691410
  -0.0019792640
  -0.0019915471
  -0.0020100159
  -0.0023309836
  -0.0026675249
  -0.0032841312
  -0.0039775204
  -0.0043583727
  -0.0043913195
  -0.0042985192
  -0.0042600576
  -0.0042927825
  -0.0043332326
  -0.0043452834
  -0.0045649350
  -0.0048794292
  -0.0047855610
  -0.0041647852
  -0.0031086346
  -0.0026739586
  -0.0028836814
  -0.0028354904
  -0.0024457842
  -0.0023495045
  -0.0024985885
  -0.0024643709
  -0.0021677961
  -0.0012472262
  -0.0005949631
  -0.0010881064
  -0.0019854098
  -0.0024413512
  -0.0020832742
  -0.0015374817
  -0.0008671463
  -0.0001897717
   0.0001878919
   0.0002298935
   0.0000953106
   0.0000214784
   0.0000610689
   0.0001204306
   0.0001208234
   0.0000323996
  -0.0000580320
  -0.0000446737
   0.0000280195
   0.0000375817
  -0.0000358768
  -0.0000636158
  -0.0000240117
   0.0000081011
  -0.0001788840
  -0.0005843771
  -0.0005509362
  -0.0002167869
   0.0000057847
   0.0000365950
   0.0003456330
   0.0010402574
   0.0018966439
   0.0023965166
   0.0026192056
   0.0028075817
   0.0026780760
   0.0026028640
   0.0032796323
   0.0042041431
   0.0046992794
   0.0047200922
   0.0045428376
   0.0044305404
   0.0044322568
   0.0044661866
   0.0044912867
   0.0045044973
   0.0050342950
   0.0058629456
   0.0057311533
   0.0049089381
   0.0042661948
   0.0041553020
   0.0043563131
   0.0045166851
   0.0044667951
   0.0043442380
   0.0043327958
   0.0043779216
   0.0038867190
   0.0031378072
   0.0024664756
   0.0020528828
   0.0018953523
   0.0013659851
   0.0008505277
   0.0005497468
   0.0000542412
  -0.0002044364
   0.0004934451
   0.0014870380
   0.0016614199
   0.0014613177
   0.0014563630
   0.0016604405
   0.0018331809
   0.0018777693
   0.0021266577
   0.0021730318
   0.0019444777
   0.0017128131
   0.0016362859
   0.0016300953
   0.0013876139
   0.0004382883
  -0.0009106474
  -0.0015218199
  -0.0012789308
  -0.0012183719
  -0.0018120578
  -0.0027772943
  -0.0033894261
  -0.0034696537
  -0.0033269825
  -0.0032559087
  -0.0032800952
  -0.0032954729
  -0.0029618737
  -0.0028618908
  -0.0033335583
  -0.0039268589
  -0.0041520600
  -0.0043642169
  -0.0049366544
  -0.0055664037
  -0.0058728553
  -0.0058626908
  -0.0057710486
  -0.0057548197
  -0.0058263754
  -0.0058707558
  -0.0054765663
  -0.0046891287
  -0.0038995049
  -0.0034636621
  -0.0027680226
  -0.0018204939
  -0.0012059024
  -0.0010343664
  -0.0004664289
   0.0005000688
   0.0011740766
   0.0013284023
   0.0009383373
   0.0005014542
  -0.0000020970
  -0.0006336343
  -0.0010949622
  -0.0012876505
  -0.0013016702
  -0.0012815001
  -0.0013107288
  -0.0017063070
  -0.0020896593
  -0.0024644507
  -0.0031578745
  -0.0032090561
  -0.0026455245
  -0.0022226479
  -0.0023106528
  -0.0025375564
  -0.0011256361
   0.0015670636
   0.0033570670
   0.0034871222
   0.0027630314
   0.0021940734
   0.0023086746
   0.0037544187
   0.0049553174
   0.0047441435
   0.0038935081
   0.0036787489
   0.0042888852
   0.0051409161
   0.0055054598
   0.0053276799
   0.0050250008
   0.0049043508
   0.0049444195
   0.0049743029
   0.0049143021
   0.0048633823
   0.0048423926
   0.0048585245
   0.0048015628
   0.0040975532
   0.0030705267
   0.0023756951
   0.0016780621
   0.0012493483
   0.0011443517
   0.0010979143
   0.0012783899
   0.0018498138
   0.0027467522
   0.0039474307
   0.0047937873
   0.0050121889
   0.0048736855
   0.0047395457
   0.0048071037
   0.0055000438
   0.0061258247
   0.0059621813
   0.0051982297
   0.0046091733
   0.0044574610
   0.0045681545
   0.0046729032
   0.0046455614
   0.0045819736
   0.0042900728
   0.0036511956
   0.0027785981
   0.0019098597
   0.0012266398
   0.0011658358
   0.0015833099
   0.0013448288
   0.0004354333
  -0.0002975358
  -0.0004636909
  -0.0003087961
  -0.0001985497
  -0.0005744612
  -0.0016658102
  -0.0027216555
  -0.0037700929
  -0.0047179944
  -0.0052471680
  -0.0053490978
  -0.0054936604
  -0.0059907245
  -0.0068191636
  -0.0077589948
  -0.0089489315
  -0.0098662301
  -0.0101952039
  -0.0101319507
  -0.0099775027
  -0.0096075673
  -0.0095900503
  -0.0099266592
  -0.0099367804
  -0.0087661881
  -0.0068141030
  -0.0054533194
  -0.0051793483
  -0.0054173093
  -0.0049793288
  -0.0038253521
  -0.0026269360
  -0.0021896023
  -0.0029518756
  -0.0044722440
  -0.0047323215
  -0.0036384150
  -0.0034335984
  -0.0045269710
  -0.0056332179
  -0.0059739824
  -0.0058450038
  -0.0063870412
  -0.0081712059
  -0.0100830004
  -0.0106627262
  -0.0093804886
  -0.0087374541
  -0.0096708032
  -0.0109304822
  -0.0114625787
  -0.0114061284
  -0.0113348206
  -0.0114850835
  -0.0114122882
  -0.0102788885
  -0.0084839213
  -0.0073895310
  -0.0072822529
  -0.0067040006
  -0.0050290281
  -0.0035412198
  -0.0021934961
  -0.0005598307
   0.0005438432
   0.0008079345
   0.0015294108
   0.0032349069
   0.0045949571
   0.0052149199
   0.0058689684
   0.0071160227
   0.0083849977
   0.0089003036
   0.0091456309
   0.0102502586
   0.0117937577
   0.0129054587
   0.0131506578
   0.0129198292
   0.0127305914
   0.0127381659
   0.0128003182
   0.0122422824
   0.0103556384
   0.0083954830
   0.0075300559
   0.0071392401
   0.0056946507
   0.0038661004
   0.0028732585
   0.0028375205
   0.0031315781
   0.0032549881
   0.0028754066
   0.0025297184
   0.0026580105
   0.0029805090
   0.0031612656
   0.0031457041
   0.0033697298
   0.0040992869
   0.0057134160
   0.0073192651
   0.0080412356
   0.0079409286
   0.0076511411
   0.0075827267
   0.0076819988
   0.0077466996
   0.0077038882
   0.0076305363
   0.0075970001
   0.0074883142
   0.0063415079
   0.0043098245
   0.0028462479
   0.0025190459
   0.0027929356
   0.0025816143
   0.0010905077
  -0.0009091927
  -0.0020609097
  -0.0021816343
  -0.0023350300
  -0.0033577795
  -0.0050972882
  -0.0065263369
  -0.0070134619
  -0.0068697349
  -0.0066759029
  -0.0066771564
  -0.0067774652
  -0.0068337074
  -0.0068156685
  -0.0062606441
  -0.0044311334
  -0.0024970386
  -0.0016284696
  -0.0017315055
  -0.0020583508
  -0.0021477028
  -0.0020455580
  -0.0018560412
  -0.0011114245
  -0.0000456157
   0.0012730952
   0.0023718255
   0.0028139200
   0.0028041507
   0.0027133234
   0.0024162215
   0.0022458323
   0.0024566595
   0.0027464522
   0.0028522915
   0.0024687311
   0.0017020474
   0.0007937381
   0.0001955369
   0.0004119028
   0.0013871143
   0.0021914157
   0.0023322370
   0.0020288020
   0.0016798865
   0.0014603267
   0.0014225515
   0.0017354744
   0.0027177876
   0.0042378458
   0.0051956171
   0.0051774638
   0.0046788740
   0.0042786617
   0.0040976156
   0.0039599807
   0.0037268671
   0.0035619269
   0.0038205463
   0.0040608842
   0.0039574721
   0.0038113405
   0.0034004072
   0.0027924241
   0.0023583896
   0.0022060843
   0.0022227779
   0.0022324744
   0.0020621042
   0.0014737367
   0.0004829640
  -0.0007330120
  -0.0018335641
  -0.0025054383
  -0.0020179423
  -0.0000257244
   0.0018879564
   0.0021800827
   0.0014471993
   0.0013715207
   0.0019380458
   0.0024357462
   0.0025208177
   0.0023717718
   0.0022681604
   0.0022847430
   0.0023375213
   0.0023527412
   0.0022985309
   0.0016578568
  -0.0000013604
  -0.0017761065
  -0.0026317713
  -0.0026035071
  -0.0023821583
  -0.0031605686
  -0.0046736903
  -0.0059923438
  -0.0065244108
  -0.0067451235
  -0.0069752603
  -0.0071567052
  -0.0072507537
  -0.0070012846
  -0.0063642538
  -0.0051515748
  -0.0035314627
  -0.0024324297
  -0.0021781583
  -0.0021676089
  -0.0008066145
   0.0012762994
   0.0025329760
   0.0026343770
   0.0027898756
   0.0043809573
   0.0063408804
   0.0073050108
   0.0072261008
   0.0068662797
   0.0067530966
   0.0068636740
   0.0069672542
   0.0069649432
   0.0069139142
   0.0068876663
   0.0068970629
   0.0066533894
   0.0054875752
   0.0040186414
   0.0027562215
   0.0021805039
   0.0022009475
   0.0023891519
   0.0024693795
   0.0024818169
   0.0024687225
   0.0024271974
   0.0023765151
   0.0022966585
   0.0022215886
   0.0021872705
   0.0021771423
   0.0021239081
   0.0020142704
   0.0018593022
   0.0016942472
   0.0012170193
   0.0003298384
  -0.0009156907
  -0.0020303727
  -0.0026812989
  -0.0030450468
  -0.0035140202
  -0.0043095506
  -0.0050279012
  -0.0054116852
  -0.0055812509
  -0.0057284210
  -0.0056229302
  -0.0055475846
  -0.0053044018
  -0.0053121791
  -0.0059394996
  -0.0065759842
  -0.0061436729
  -0.0048841482
  -0.0044030565
  -0.0052204208
  -0.0062829790
  -0.0065202049
  -0.0062158476
  -0.0061066849
  -0.0062541515
  -0.0058720405
  -0.0044890069
  -0.0033323292
  -0.0036720413
  -0.0047478067
  -0.0055708679
  -0.0060655309
  -0.0066072251
  -0.0071612249
  -0.0074660936
  -0.0074912181
  -0.0073943454
  -0.0072892950
  -0.0072523192
  -0.0072980258
  -0.0073299064
  -0.0073577111
  -0.0073498974
  -0.0073114653
  -0.0071157783
  -0.0061189004
  -0.0046258131
  -0.0033174594
  -0.0026115323
  -0.0025060121
  -0.0026164022
  -0.0026545275
  -0.0026030651
  -0.0025551341
  -0.0025440958
  -0.0022508357
  -0.0019433717
  -0.0016584095
  -0.0014734184
  -0.0010983236
  -0.0004564406
   0.0002425637
   0.0006288834
   0.0004357613
  -0.0002424455
   0.0000617464
   0.0012504626
   0.0021740356
   0.0023060603
   0.0020624423
   0.0019218117
   0.0019278587
   0.0019812594
   0.0020034037
   0.0019882219
   0.0020070808
   0.0024679787
   0.0030271830
   0.0028284049
   0.0022114847
   0.0018475444
   0.0018884106
   0.0020592801
   0.0021249621
   0.0020801657
   0.0020381119
   0.0020822686
   0.0021493064
   0.0021993819
   0.0022155641
   0.0022454267
   0.0023148500
   0.0023735072
   0.0023900950
   0.0023782610
   0.0023652688
   0.0025040964
   0.0033073139
   0.0044220836
   0.0057162939
   0.0066377066
   0.0068799307
   0.0066530982
   0.0060035728
   0.0055791774
   0.0053143202
   0.0051017420
   0.0046831146
   0.0038544779
   0.0027985492
   0.0018426329
   0.0014190907
   0.0008383222
   0.0002056645
  -0.0006018812
  -0.0012673831
  -0.0016546629
  -0.0018489764
  -0.0021479264
  -0.0031717404
  -0.0048579541
  -0.0065864418
  -0.0075494766
  -0.0077256285
  -0.0076212473
  -0.0076250527
  -0.0077357826
  -0.0078161923
  -0.0079579221
  -0.0082962144
  -0.0082649441
  -0.0079701341
  -0.0077452832
  -0.0077185915
  -0.0077561949
  -0.0077140891
  -0.0071523381
  -0.0059051242
  -0.0042340715
  -0.0029800964
  -0.0025795061
  -0.0027107420
  -0.0027250587
  -0.0019022558
  -0.0008570024
  -0.0003234193
  -0.0002172531
   0.0001173178
   0.0008917626
   0.0016675675
   0.0019978524
   0.0019444899
   0.0018139354
   0.0017830014
   0.0018255441
   0.0018567190
   0.0018385414
   0.0017899656
   0.0017794941
   0.0017780344
   0.0017823634
   0.0017959727
   0.0018065811
   0.0018074965
   0.0018017806
   0.0017954734
   0.0017904388
   0.0017745462
   0.0020971436
   0.0023119530
   0.0022645387
   0.0024706867
   0.0028329610
   0.0035334495
   0.0044550095
   0.0050410373
   0.0054053226
   0.0059004901
   0.0063232610
   0.0060498966
   0.0053285918
   0.0045882495
   0.0036341120
   0.0024646830
   0.0016752532
   0.0015033514
   0.0016309172
   0.0017338811
   0.0017296383
   0.0016858871
   0.0016684007
   0.0016783965
   0.0016879923
   0.0016839800
   0.0016732534
   0.0016653563
   0.0016620266
   0.0016596206
   0.0016555814
   0.0016502690
   0.0016450893
   0.0016405232
   0.0016362259
   0.0016246527
   0.0012028458
   0.0001611321
  -0.0007335848
  -0.0011019311
  -0.0014189427
  -0.0020493981
  -0.0027876531
  -0.0031876833
  -0.0032057586
  -0.0031218660
  -0.0031217932
  -0.0031562223
  -0.0031049228
  -0.0026478164
  -0.0017419288
  -0.0005263380
   0.0006120821
   0.0013698357
   0.0016202466
   0.0015746511
   0.0015042808
   0.0020296186
   0.0038900754
   0.0057496446
   0.0059922276
   0.0053830934
   0.0053152529
   0.0059754144
   0.0064856146
   0.0058800518
   0.0044135123
   0.0030374412
   0.0021414633
   0.0017214325
   0.0015527320
   0.0014822954
   0.0013067126
   0.0004199018
  -0.0009073938
  -0.0024794695
  -0.0037405961
  -0.0043565489
  -0.0045554172
  -0.0046965922
  -0.0049332685
  -0.0052552504
  -0.0055718093
  -0.0058426026
  -0.0060912795
  -0.0061942339
  -0.0056005901
  -0.0046619949
  -0.0035286628
  -0.0027627349
  -0.0026486261
  -0.0029398976
  -0.0031969949
  -0.0031363700
  -0.0023470374
  -0.0015588661
  -0.0018564677
  -0.0016923200
  -0.0003952058
   0.0008812836
   0.0013161668
   0.0012890771
   0.0019260730
   0.0034367624
   0.0051423932
   0.0060497770
   0.0061320434
   0.0059290160
   0.0058454944
   0.0059073849
   0.0059734085
   0.0059723441
   0.0059361085
   0.0059243940
   0.0059865030
   0.0060670409
   0.0061029766
   0.0060830861
   0.0058852060
   0.0048316698
   0.0032493762
   0.0018746106
   0.0011816200
   0.0010941423
   0.0012078199
   0.0012191465
   0.0006286171
  -0.0001324904
  -0.0007363366
  -0.0011148287
  -0.0012670488
  -0.0012872183
  -0.0012756106
  -0.0013051521
  -0.0016522915
  -0.0018111546
  -0.0016001687
  -0.0013522138
  -0.0015731749
  -0.0019200398
  -0.0022926451
  -0.0028435225
  -0.0033879074
  -0.0036597478
  -0.0036820949
  -0.0036641843
  -0.0039973918
  -0.0042032710
  -0.0040472904
  -0.0037175937
  -0.0030144058
  -0.0020240812
  -0.0013634998
  -0.0010184426
  -0.0002377467
   0.0006772073
   0.0011620733
   0.0011636376
   0.0012281377
   0.0014745103
   0.0014099806
   0.0011373799
   0.0009386005
   0.0009147928
   0.0009725892
   0.0010033530
   0.0012117335
   0.0015001793
   0.0015978250
   0.0015763145
   0.0012852396
   0.0009680059
   0.0007855500
   0.0010114002
   0.0014389115
   0.0019653581
   0.0023375924
   0.0027092701
   0.0030992242
   0.0033220086
   0.0035517450
   0.0038446531
   0.0041390002
   0.0046300554
   0.0050349625
   0.0051950970
   0.0054183252
   0.0056417736
   0.0057553536
   0.0057932102
   0.0057930646
   0.0057877821
   0.0058076275
   0.0057946613
   0.0057803255
   0.0054616307
   0.0045547081
   0.0042984464
   0.0049366041
   0.0052705119
   0.0044202996
   0.0032205157
   0.0025637071
   0.0025016190
   0.0022299761
   0.0011221573
  -0.0001033287
  -0.0006361537
  -0.0001118505
   0.0000711986
  -0.0007252590
  -0.0023872709
  -0.0036507813
  -0.0041343123
  -0.0044137064
  -0.0047844584
  -0.0051888298
  -0.0054814917
  -0.0055143605
  -0.0051322807
  -0.0044555279
  -0.0038958417
  -0.0037533889
  -0.0039063027
  -0.0040941586
  -0.0042305661
  -0.0041712379
  -0.0033606782
  -0.0023322388
  -0.0017996707
  -0.0018141486
  -0.0019969059
  -0.0020666447
  -0.0020200539
  -0.0019556027
  -0.0018930742
  -0.0018500773
  -0.0018623240
  -0.0022002384
  -0.0023795369
  -0.0024702221
  -0.0025186090
  -0.0025629877
  -0.0028922544
  -0.0035892323
  -0.0041814718
  -0.0047048341
  -0.0047277949
  -0.0043892633
  -0.0041137128
  -0.0040720560
  -0.0041541803
  -0.0042103705
  -0.0042042055
  -0.0041807385
  -0.0041774774
  -0.0041972985
  -0.0041684484
  -0.0035063799
  -0.0025581299
  -0.0025991331
  -0.0035334478
  -0.0043228306
  -0.0044191328
  -0.0038000543
  -0.0029892606
  -0.0026299960
  -0.0024197357
  -0.0025107312
  -0.0032770353
  -0.0040004014
  -0.0038971367
  -0.0030546774
  -0.0021823728
  -0.0018514885
  -0.0019438883
  -0.0016817923
  -0.0006690835
   0.0002551942
   0.0005560669
   0.0004193238
   0.0002031463
  -0.0002666417
  -0.0012076546
  -0.0020068849
  -0.0022803880
  -0.0021941896
  -0.0023592061
  -0.0028505717
  -0.0033455901
  -0.0039083207
  -0.0043173730
  -0.0044604793
  -0.0044348261
  -0.0043904838
  -0.0043921724
  -0.0044192247
  -0.0044262357
  -0.0039689959
  -0.0029403553
  -0.0016660951
  -0.0007529397
  -0.0002817939
   0.0000084365
   0.0001768194
   0.0002354723
   0.0002235241
   0.0002077647
   0.0006889346
   0.0017452003
   0.0020941044
   0.0012472551
   0.0002500815
  -0.0001193407
   0.0000302027
   0.0002284237
   0.0002438537
   0.0001545896
   0.0000983698
   0.0001063724
   0.0001308298
   0.0001338383
   0.0001186308
   0.0001337455
   0.0006998974
   0.0017724155
   0.0025519961
   0.0027188625
   0.0025522077
   0.0023982606
   0.0024000498
   0.0024764078
   0.0025151919
   0.0024985902
   0.0024692651
   0.0024575905
   0.0024579199
   0.0024332705
   0.0022033053
   0.0012835765
   0.0002590179
  -0.0002054242
  -0.0001588731
  -0.0000056576
   0.0000386258
  -0.0002438934
  -0.0011810597
  -0.0016082506
  -0.0009702713
  -0.0001309070
   0.0002004661
   0.0000740236
  -0.0001124580
  -0.0001448630
  -0.0000326114
   0.0006591976
   0.0017256113
   0.0024218820
   0.0028117494
   0.0033245796
   0.0032222182
   0.0026755119
   0.0022363526
   0.0021836280
   0.0029022404
   0.0039980904
   0.0046384915
   0.0046333060
   0.0047216733
   0.0055516154
   0.0064808366
   0.0074885517
   0.0083587464
   0.0087091241
   0.0086090268
   0.0083703152
   0.0081816825
   0.0082867190
   0.0087511571
   0.0090536126
   0.0084503296
   0.0075294422
   0.0069542308
   0.0067726456
   0.0066183380
   0.0057092604
   0.0044387997
   0.0035303116
   0.0025123782
   0.0014773159
   0.0008170219
   0.0005904493
   0.0005463574
   0.0004700143
   0.0003328801
   0.0000457140
  -0.0009151779
  -0.0018550512
  -0.0015832987
  -0.0006757119
  -0.0005885856
  -0.0016402853
  -0.0027094868
  -0.0030586267
  -0.0028807099
  -0.0026806922
  -0.0026542640
  -0.0027099740
  -0.0022096089
  -0.0011481654
  -0.0005482189
  -0.0012192869
  -0.0023367619
  -0.0024144480
  -0.0013474658
  -0.0003602901
  -0.0001144863
  -0.0003410135
  -0.0005370594
  -0.0005294298
  -0.0004417370
  -0.0004084818
  -0.0004385824
  -0.0004748556
  -0.0004849194
  -0.0004790459
  -0.0004774613
  -0.0007385516
  -0.0016798019
  -0.0026560514
  -0.0030566312
  -0.0032973973
  -0.0040719468
  -0.0049114190
  -0.0052879440
  -0.0052335638
  -0.0051012878
  -0.0050598910
  -0.0050853206
  -0.0051026383
  -0.0050881274
  -0.0050638872
  -0.0050480101
  -0.0047349238
  -0.0038186428
  -0.0029405148
  -0.0028766964
  -0.0034963263
  -0.0031871615
  -0.0020248666
  -0.0009869429
  -0.0004665414
  -0.0004040158
  -0.0004823152
  -0.0005026044
  -0.0004643441
  -0.0004345146
  -0.0004310289
  -0.0001548465
   0.0000721026
  -0.0000911653
  -0.0003884937
  -0.0005443658
  -0.0005438800
  -0.0004767182
  -0.0004303046
  -0.0000356389
   0.0009372874
   0.0017779789
   0.0020489127
   0.0019261285
   0.0017780777
   0.0017631126
   0.0018164856
   0.0019620711
   0.0026818745
   0.0035751496
   0.0040420981
   0.0040310077
   0.0038635831
   0.0037880763
   0.0038355877
   0.0038790129
   0.0039828739
   0.0044110296
   0.0051566180
   0.0058192778
   0.0060224751
   0.0059182724
   0.0058137075
   0.0057646479
   0.0057398736
   0.0057313110
   0.0061380679
   0.0066540222
   0.0062806611
   0.0050541664
   0.0045415425
   0.0049716001
   0.0054282730
   0.0048405809
   0.0037489195
   0.0029731894
   0.0022257217
   0.0015316360
   0.0006881680
  -0.0003374676
  -0.0010065293
  -0.0011508346
  -0.0012088594
  -0.0018796729
  -0.0027355630
  -0.0031682956
  -0.0031625069
  -0.0033141273
  -0.0033897208
  -0.0032184908
  -0.0030312606
  -0.0032981740
  -0.0039443014
  -0.0043525389
  -0.0043177786
  -0.0041703485
  -0.0039379284
  -0.0035733726
  -0.0033523133
  -0.0033557667
  -0.0035191068
  -0.0036855155
  -0.0037998653
  -0.0039006838
  -0.0040389462
  -0.0041966692
  -0.0043576914
  -0.0044879979
  -0.0046180254
  -0.0047976707
  -0.0053310588
  -0.0063507831
  -0.0072048546
  -0.0075504509
  -0.0075501510
  -0.0075124418
  -0.0075839160
  -0.0077122046
  -0.0077892232
  -0.0080877901
  -0.0083005711
  -0.0080849330
  -0.0073102327
  -0.0066492875
  -0.0062190306
  -0.0060405209
  -0.0059525264
  -0.0055296827
  -0.0046479799
  -0.0039443829
  -0.0036957684
  -0.0032947916
  -0.0025075499
  -0.0018477681
  -0.0016312192
  -0.0016935080
  -0.0014809398
  -0.0009029258
  -0.0002025990
   0.0002228828
   0.0003283329
   0.0005826545
   0.0011105691
   0.0015312119
   0.0018453166
   0.0020771283
   0.0021914573
   0.0022069616
   0.0021826190
   0.0021646027
   0.0021619380
   0.0021628031
   0.0021583389
   0.0021496462
   0.0021412639
   0.0021348822
   0.0021292322
   0.0021229476
   0.0021159071
   0.0021087072
   0.0021034663
   0.0022810606
   0.0027006468
   0.0032966172
   0.0037173198
   0.0038018192
   0.0037148441
   0.0036397932
   0.0036128900
   0.0034227404
   0.0032236745
   0.0032921044
   0.0034715746
   0.0035598222
   0.0035245072
   0.0034522181
   0.0034106220
   0.0033988850
   0.0033924617
   0.0035796589
   0.0037949486
   0.0041927234
   0.0046672150
   0.0046283027
   0.0039131940
   0.0032108765
   0.0029603134
   0.0030380549
   0.0030662896
   0.0027379763
   0.0021437656
   0.0015985758
   0.0013819942
   0.0013973853
   0.0014400566
   0.0014488071
   0.0014344024
   0.0014214499
   0.0014154257
   0.0014090581
   0.0013979175
   0.0013840930
   0.0013664417
   0.0011607675
   0.0009965291
   0.0010983451
   0.0012822553
   0.0013326926
   0.0012544473
   0.0011654965
   0.0011056862
   0.0010703998
   0.0010316189
   0.0009674395
   0.0009443371
   0.0010760530
   0.0012456894
   0.0014253417
   0.0013093266
   0.0008084186
   0.0005323842
   0.0008548709
   0.0012975907
   0.0014176249
   0.0012250141
   0.0009657917
   0.0007926607
   0.0007044275
   0.0006188301
   0.0004819376
   0.0003350325
   0.0003718124
   0.0003421574
  -0.0002603717
  -0.0010965052
  -0.0015840431
  -0.0016383862
  -0.0015325092
  -0.0016550047
  -0.0018292663
  -0.0017764724
  -0.0016015192
  -0.0015074820
  -0.0015266466
  -0.0015655604
  -0.0015545742
  -0.0012651184
  -0.0006686028
  -0.0002050931
  -0.0000791376
  -0.0001525835
  -0.0002184167
  -0.0001223678
   0.0003576795
   0.0009272241
   0.0011984866
   0.0011669070
   0.0010652085
   0.0010256704
   0.0010506305
   0.0010731723
   0.0010617326
   0.0010320824
   0.0010072215
   0.0009921047
   0.0009059889
   0.0004794032
  -0.0000286318
  -0.0003556835
  -0.0007489926
  -0.0011373466
  -0.0013257563
  -0.0013237447
  -0.0012519066
  -0.0012002134
  -0.0012539698
  -0.0014118606
  -0.0014519512
  -0.0015902309
  -0.0016718080
  -0.0015060271
  -0.0012017657
  -0.0008571378
  -0.0007444638
  -0.0008765864
  -0.0009625440
  -0.0008241271
  -0.0007502593
  -0.0006299380
  -0.0003142277
  -0.0000247083
   0.0000797688
   0.0000395358
  -0.0001439763
  -0.0002827604
  -0.0004359127
  -0.0005454519
  -0.0005786655
  -0.0006274682
  -0.0007449197
  -0.0008343131
  -0.0008407754
  -0.0008073980
  -0.0007805192
  -0.0008181780
  -0.0010349038
  -0.0012239228
  -0.0013623638
  -0.0014160687
  -0.0014002131
  -0.0013575811
  -0.0013181784
  -0.0012870797
  -0.0012574214
  -0.0012247780
  -0.0011903087
  -0.0011978351
  -0.0012778786
  -0.0012841803
  -0.0014013209
  -0.0015489514
  -0.0014064264
  -0.0010882671
  -0.0008660796
  -0.0008177452
  -0.0008501282
  -0.0008269443
  -0.0005991772
  -0.0003087673
  -0.0001516827
  -0.0001395882
  -0.0000517810
   0.0003283178
   0.0005943236
   0.0005483359
   0.0004763795
   0.0006102007
   0.0008085517
   0.0008978368
   0.0009390293
   0.0010663733
   0.0011955121
   0.0012292935
   0.0012569405
   0.0013813245
   0.0014933217
   0.0015050993
   0.0014390107
   0.0013622873
   0.0013091019
   0.0012711225
   0.0012305355
   0.0011826034
   0.0011329545
   0.0010864479
   0.0010429387
   0.0010029624
   0.0009654451
   0.0009237493
   0.0008768707
   0.0008283226
   0.0007808101
   0.0007341330
   0.0006478909
   0.0004852316
   0.0003407392
   0.0002724584
   0.0002491929
   0.0001645453
   0.0000248864
  -0.0000708472
  -0.0000438281
   0.0000235088
   0.0000517967
  -0.0000213238
  -0.0001237359
  -0.0001811678
  -0.0001685023
  -0.0001369863
  -0.0001543967
  -0.0001956624
  -0.0001724933
  -0.0000965164
  -0.0000699061
  -0.0001246906
  -0.0001523216
  -0.0001340394
  -0.0001105415
  -0.0001108093
  -0.0001093479
  -0.0000660342
  -0.0000201279
  -0.0000098082
  -0.0000305592
  -0.0000439463
  -0.0000297224
   0.0000022624
   0.0000174690
   0.0000061829
  -0.0000187636
  -0.0000415771
  -0.0000587163
  -0.0000740045
  -0.0000904794
  -0.0001086832
  -0.0001268770
  -0.0001428734
  -0.0001656144
  -0.0001895087
  -0.0002203033
  -0.0002552284
  -0.0002773524
  -0.0002841423
  -0.0002844363
  -0.0002858158
  -0.0002913898
  -0.0003126606
  -0.0003398831
  -0.0003564397
  -0.0003706945
  -0.0003694787
  -0.0003506848
  -0.0003318021
  -0.0003230963
  -0.0003207017
  -0.0003175173
  -0.0003112771
  -0.0003051432
  -0.0003103113
  -0.0003208146
  -0.0003231561
  -0.0003088666
  -0.0002836954
  -0.0002735306
  -0.0002780867
  -0.0002812576
  -0.0002754701
  -0.0002645679
  -0.0002544397
  -0.0002467474
  -0.0002397146
  -0.0002322251
  -0.0002255368
  -0.0002247460
  -0.0002256687
  -0.0002220058
  -0.0002134523
  -0.0002034650
  -0.0001945331
  -0.0001867386
  -0.0001791678
  -0.0001713847
  -0.0001635675
  -0.0001559932
  -0.0001488594
  -0.0001419793
  -0.0001348905
  -0.0001258649
  -0.0001149997
  -0.0001075926
  -0.0001049264
  -0.0001025610
  -0.0000978849
  -0.0000915247
  -0.0000850406
  -0.0000793322
  -0.0000741102
  -0.0000689410
  -0.0000638555
  -0.0000598406
  -0.0000560086
  -0.0000496886
  -0.0000419582
  -0.0000356487
  -0.0000314419
  -0.0000281797
  -0.0000241255
  -0.0000191298
  -0.0000146751
  -0.0000113593
  -0.0000085289
  -0.0000050528
  -0.0000015478
   0.0000007398
   0.0000023098
   0.0000042035
   0.0000066336
   0.0000091942
   0.0000115785
   0.0000137573
   0.0000158364
   0.0000178746
   0.0000198589
   0.0000217585
   0.0000235675
   0.0000253493
   0.0000271097
   0.0000286557
   0.0000300553
   0.0000314873
   0.0000329570
   0.0000343663
   0.0000355191
   0.0000364509
   0.0000373599
   0.0000383141
   0.0000392561
   0.0000401191
   0.0000408865
   0.0000415768
   0.0000422077
   0.0000427662
   0.0000432295
   0.0000436345
   0.0000440176
   0.0000443822
   0.0000446798
   0.0000448850
   0.0000450113
   0.0000450783
   0.0000450938
   0.0000450551
   0.0000449599
   0.0000448086
   0.0000446079
   0.0000443572
   0.0000440524
   0.0000436951
   0.0000432862
   0.0000428271
   0.0000423215
   0.0000417726
   0.0000411799
   0.0000405427
   0.0000398635
   0.0000391453
   0.0000383898
   0.0000375969
   0.0000367668
   0.0000359010
   0.0000350010
   0.0000340681
   0.0000331032
   0.0000321076
   0.0000310824
   0.0000300286
   0.0000289475
   0.0000278402
   0.0000267077
   0.0000255513
   0.0000243719
   0.0000231706
   0.0000219486
   0.0000207070
   0.0000194467
   0.0000181689
   0.0000168745
   0.0000155647
   0.0000142404
