     0.000    0.0010089086
     0.020   -0.0005478350
     0.040   -0.0009978634
     0.060   -0.0021561448
     0.080   -0.0028521481
     0.100   -0.0026762822
     0.120   -0.0012180280
     0.140    0.0003909171
     0.160   -0.0003661773
     0.180   -0.0001034670
     0.200   -0.0009696961
     0.220   -0.0001818528
     0.240    0.0010691936
     0.260   -0.0023295342
     0.280   -0.0012079635
     0.300    0.0020225780
     0.320    0.0030590556
     0.340    0.0013846216
     0.360   -0.0011043905
     0.380    0.0000337420
     0.400   -0.0018839060
     0.420   -0.0031340180
     0.440    0.0010293239
     0.460    0.0031594787
     0.480   -0.0010207008
     0.500   -0.0025029463
     0.520    0.0006007546
     0.540    0.0032985459
     0.560   -0.0011304096
     0.580   -0.0010316671
     0.600    0.0020488580
     0.620    0.0026098641
     0.640    0.0017821232
     0.660   -0.0018240216
     0.680   -0.0003347726
     0.700   -0.0012772071
     0.720   -0.0010833344
     0.740    0.0049493005
     0.760    0.0028973170
     0.780   -0.0042020106
     0.800    0.0009180116
     0.820    0.0041703525
     0.840    0.0007887540
     0.860   -0.0019012665
     0.880    0.0037207531
     0.900    0.0057951125
     0.920   -0.0017832500
     0.940    0.0039348851
     0.960   -0.0000255881
     0.980   -0.0010190691
     1.000   -0.0001670849
     1.020   -0.0032196522
     1.040   -0.0010039258
     1.060    0.0022676683
     1.080    0.0135739250
     1.100    0.0121384101
     1.120   -0.0016394501
     1.140   -0.0006877018
     1.160   -0.0062469201
     1.180   -0.0038676312
     1.200    0.0049042512
     1.220   -0.0013392008
     1.240   -0.0089371872
     1.260   -0.0047143189
     1.280   -0.0049368856
     1.300   -0.0104906387
     1.320   -0.0063713652
     1.340    0.0003487683
     1.360   -0.0006745408
     1.380   -0.0021093044
     1.400    0.0021846738
     1.420    0.0102953420
     1.440    0.0121104731
     1.460   -0.0045245770
     1.480   -0.0016517399
     1.500    0.0089016449
     1.520    0.0138048546
     1.540    0.0057878527
     1.560   -0.0062770109
     1.580   -0.0099577130
     1.600    0.0030642633
     1.620    0.0067543589
     1.640   -0.0007024008
     1.660   -0.0009714174
     1.680    0.0080988271
     1.700    0.0053934965
     1.720   -0.0016093321
     1.740   -0.0051126037
     1.760    0.0000354916
     1.780    0.0081931125
     1.800    0.0053767796
     1.820    0.0038456133
     1.840    0.0069937812
     1.860    0.0064352625
     1.880   -0.0071507220
     1.900   -0.0169218702
     1.920   -0.0208662568
     1.940   -0.0090621445
     1.960   -0.0005782322
     1.980    0.0005801498
     2.000   -0.0020883516
     2.020    0.0158799674
     2.040    0.0108417196
     2.060   -0.0232951970
     2.080   -0.0237290014
     2.100   -0.0033447772
     2.120    0.0027036881
     2.140   -0.0130958853
     2.160   -0.0096418390
     2.180    0.0029517598
     2.200    0.0044780230
     2.220   -0.0051638314
     2.240   -0.0062569456
     2.260   -0.0009251028
     2.280   -0.0015254302
     2.300    0.0070304366
     2.320    0.0110447213
     2.340    0.0133799335
     2.360    0.0039571405
     2.380   -0.0162962952
     2.400   -0.0236942477
     2.420   -0.0042033204
     2.440    0.0133302414
     2.460    0.0062244308
     2.480   -0.0114938176
     2.500   -0.0097966351
     2.520    0.0015079355
     2.540    0.0028158480
     2.560    0.0047108662
     2.580   -0.0042201344
     2.600    0.0039824135
     2.620    0.0119972653
     2.640    0.0104869857
     2.660   -0.0010939182
     2.680   -0.0060344324
     2.700   -0.0065822340
     2.720   -0.0171701495
     2.740   -0.0158650924
     2.760    0.0038753362
     2.780    0.0135728735
     2.800    0.0023793179
     2.820   -0.0157985945
     2.840   -0.0168290850
     2.860   -0.0040129322
     2.880    0.0099247360
     2.900    0.0166903604
     2.920    0.0094484458
     2.940    0.0036488935
     2.960    0.0044545938
     2.980    0.0084741594
     3.000   -0.0005975368
     3.020   -0.0084487822
     3.040   -0.0276170062
     3.060   -0.0172742020
     3.080    0.0043236113
     3.100   -0.0050569308
     3.120   -0.0136885649
     3.140   -0.0150769801
     3.160   -0.0095587076
     3.180   -0.0060921186
     3.200   -0.0026523444
     3.220    0.0111649994
     3.240    0.0252125767
     3.260    0.0117563918
     3.280   -0.0126053184
     3.300   -0.0100337650
     3.320    0.0050863001
     3.340    0.0212271093
     3.360    0.0143243829
     3.380   -0.0038426193
     3.400    0.0018604848
     3.420    0.0204625197
     3.440    0.0200873632
     3.460    0.0134444191
     3.480    0.0108862993
     3.500    0.0011404232
     3.520   -0.0038928317
     3.540    0.0079448786
     3.560    0.0156413509
     3.580    0.0032215385
     3.600   -0.0054324290
     3.620   -0.0159864310
     3.640   -0.0085414704
     3.660    0.0049160887
     3.680    0.0031586067
     3.700    0.0011357631
     3.720    0.0033891384
     3.740    0.0072892009
     3.760    0.0040708477
     3.780    0.0009061170
     3.800   -0.0066984947
     3.820   -0.0118085676
     3.840   -0.0094063680
     3.860    0.0032929748
     3.880    0.0082109743
     3.900   -0.0076040108
     3.920   -0.0093920640
     3.940   -0.0046506746
     3.960   -0.0105485343
     3.980   -0.0028373764
     4.000    0.0125108744
     4.020    0.0144794056
     4.040    0.0058780327
     4.060   -0.0021769154
     4.080    0.0062997794
     4.100    0.0078180150
     4.120    0.0004361530
     4.140   -0.0076733640
     4.160   -0.0135259642
     4.180   -0.0154333547
     4.200   -0.0094817310
     4.220    0.0166767726
     4.240    0.0448499462
     4.260    0.0546506151
     4.280    0.0436961137
     4.300    0.0378055673
     4.320    0.0496477192
     4.340    0.0442684705
     4.360    0.0235114602
     4.380    0.0036956740
     4.400    0.0203410450
     4.420    0.0384805444
     4.440    0.0240708273
     4.460    0.0037622163
     4.480    0.0011807480
     4.500    0.0394966131
     4.520    0.0525591770
     4.540    0.0197621437
     4.560    0.0014589477
     4.580   -0.0195976756
     4.600   -0.0339935601
     4.620   -0.0392286183
     4.640   -0.0758174267
     4.660   -0.0787659858
     4.680   -0.0578361137
     4.700   -0.0585878588
     4.720   -0.0626745958
     4.740   -0.0235035377
     4.760    0.0102263332
     4.780    0.0137165836
     4.800   -0.0129948513
     4.820   -0.0640729095
     4.840   -0.0394142068
     4.860    0.0650910631
     4.880    0.1034493442
     4.900    0.0431587191
     4.920    0.0337148872
     4.940    0.0340004945
     4.960   -0.0167197750
     4.980   -0.0628300355
     5.000   -0.0419566177
     5.020    0.0369892823
     5.040    0.0480509634
     5.060    0.0415408246
     5.080    0.0292030024
     5.100    0.0293526680
     5.120    0.0149789012
     5.140    0.0028768382
     5.160   -0.0326478391
     5.180   -0.0564339294
     5.200    0.0122841598
     5.220    0.0041670657
     5.240   -0.0197558800
     5.260   -0.0020473597
     5.280    0.0877152987
     5.300    0.0949695049
     5.320   -0.0133554954
     5.340   -0.0398691408
     5.360    0.0618086730
     5.380    0.1340160698
     5.400    0.0906453751
     5.420   -0.0183120258
     5.440   -0.1171525666
     5.460   -0.1276607000
     5.480   -0.1287074796
     5.500   -0.1378305427
     5.520   -0.1512502244
     5.540   -0.1284463286
     5.560   -0.0684073639
     5.580   -0.0883823533
     5.600   -0.1295562884
     5.620   -0.0845243885
     5.640    0.0328593977
     5.660    0.0794104242
     5.680    0.0248437836
     5.700    0.0071109185
     5.720    0.0852496016
     5.740    0.1918905267
     5.760    0.2073763020
     5.780    0.0378906748
     5.800   -0.0570093046
     5.820   -0.0202219544
     5.840   -0.0504441800
     5.860   -0.0761784424
     5.880   -0.1103052611
     5.900   -0.0894790426
     5.920   -0.0525983179
     5.940   -0.0497655771
     5.960   -0.0594517692
     5.980    0.0066173013
     6.000    0.0436191462
     6.020   -0.0566684305
     6.040   -0.0636613043
     6.060    0.0022607511
     6.080    0.0392080417
     6.100    0.0068647893
     6.120   -0.0453709883
     6.140   -0.0274794872
     6.160    0.0354099123
     6.180    0.0656603923
     6.200    0.0149150501
     6.220    0.0431443789
     6.240    0.0477319802
     6.260   -0.0086644580
     6.280   -0.0162860613
     6.300   -0.0180651877
     6.320   -0.0274129984
     6.340   -0.0690983127
     6.360   -0.0350847562
     6.380    0.0328704475
     6.400    0.0270184981
     6.420   -0.0083269005
     6.440   -0.0231760157
     6.460    0.0127052012
     6.480    0.0794408722
     6.500    0.1207900985
     6.520    0.1098103341
     6.540    0.0825865682
     6.560    0.0856948002
     6.580    0.0579929584
     6.600    0.0021716017
     6.620   -0.0211624697
     6.640   -0.0677508877
     6.660   -0.1057720564
     6.680   -0.0989636380
     6.700   -0.0614810332
     6.720   -0.0156244364
     6.740   -0.0012759752
     6.760    0.0195547729
     6.780    0.0001649866
     6.800   -0.0349529751
     6.820   -0.0161498567
     6.840    0.0435727989
     6.860    0.1034673827
     6.880    0.1230064829
     6.900    0.0960045912
     6.920    0.0676009774
     6.940    0.0391280285
     6.960    0.0184290135
     6.980    0.0055289143
     7.000   -0.0146153383
     7.020   -0.0210803082
     7.040   -0.0221872767
     7.060   -0.0126318958
     7.080    0.0121301976
     7.100    0.0626300796
     7.120    0.0661848789
     7.140    0.0230636600
     7.160    0.0188574607
     7.180    0.0078157806
     7.200   -0.0136931697
     7.220   -0.0154519824
     7.240   -0.0148641796
     7.260    0.0274715739
     7.280    0.0720235668
     7.300    0.0436800513
     7.320   -0.0196462075
     7.340   -0.0584745604
     7.360   -0.0664706403
     7.380   -0.0497127215
     7.400   -0.0274969366
     7.420   -0.0063610796
     7.440    0.0007145557
     7.460   -0.0191606442
     7.480   -0.0398901707
     7.500   -0.0024048102
     7.520    0.0595248298
     7.540    0.0801114983
     7.560    0.0910564999
     7.580    0.0823559014
     7.600    0.0524775684
     7.620    0.0087119193
     7.640   -0.0514661045
     7.660   -0.0642478653
     7.680   -0.0674037227
     7.700   -0.0621023750
     7.720   -0.0479101811
     7.740   -0.0413458361
     7.760    0.0212347145
     7.780    0.0491811010
     7.800    0.0444404893
     7.820   -0.0118024853
     7.840   -0.0624840580
     7.860   -0.0560278989
     7.880   -0.0533875089
     7.900   -0.0743315399
     7.920   -0.0141290137
     7.940    0.1001157482
     7.960    0.0769924431
     7.980    0.0313785328
     8.000    0.0206096109
     8.020    0.0309962153
     8.040    0.0478669521
     8.060    0.0032377406
     8.080   -0.0404715014
     8.100   -0.0351562758
     8.120   -0.0292816650
     8.140   -0.0272117463
     8.160   -0.0272914875
     8.180    0.0041100856
     8.200    0.0498390910
     8.220    0.0676861936
     8.240    0.0145905376
     8.260   -0.0580019323
     8.280   -0.0317752720
     8.300    0.0184195047
     8.320    0.0394693830
     8.340    0.0228838910
     8.360    0.0213562436
     8.380    0.0244672584
     8.400    0.0069580957
     8.420   -0.0075646450
     8.440   -0.0927601908
     8.460   -0.1285522030
     8.480   -0.1104859185
     8.500   -0.1010543872
     8.520   -0.1022279805
     8.540   -0.1277662119
     8.560   -0.1396880598
     8.580   -0.1186465027
     8.600   -0.0468505570
     8.620    0.0378082867
     8.640    0.0862269464
     8.660    0.1406877035
     8.680    0.1821646680
     8.700    0.1302616953
     8.720    0.0343714449
     8.740   -0.0239185421
     8.760    0.0055367969
     8.780    0.0024928411
     8.800   -0.0233597913
     8.820    0.0257153174
     8.840    0.0691217810
     8.860    0.0681341207
     8.880    0.0118412455
     8.900   -0.0337790917
     8.920   -0.0108125044
     8.940    0.0185152450
     8.960    0.0537418802
     8.980    0.0770995595
     9.000    0.0031230145
     9.020   -0.0952183281
     9.040   -0.1038282443
     9.060   -0.0390841377
     9.080   -0.0201746372
     9.100   -0.0324330354
     9.120    0.0090142417
     9.140    0.0143137864
     9.160   -0.0017122977
     9.180    0.0153535681
     9.200    0.0318637606
     9.220    0.0690302013
     9.240    0.0769296980
     9.260   -0.0366257104
     9.280   -0.1151928008
     9.300   -0.0383153149
     9.320    0.0426387285
     9.340   -0.0273796407
     9.360   -0.1331943642
     9.380   -0.1145641711
     9.400   -0.0720128615
     9.420   -0.0260970366
     9.440    0.0278312842
     9.460    0.0258931647
     9.480   -0.0532351693
     9.500   -0.0032409758
     9.520    0.1519048696
     9.540    0.1876501992
     9.560    0.1010207575
     9.580   -0.0140399359
     9.600   -0.0019705227
     9.620    0.0591131884
     9.640   -0.0420878458
     9.660   -0.1200603985
     9.680   -0.0688688878
     9.700    0.0026478964
     9.720    0.1297158253
     9.740    0.1458423769
     9.760    0.0871178421
     9.780   -0.0046791882
     9.800   -0.0236278677
     9.820    0.0524730361
     9.840    0.0954293519
     9.860    0.0690681639
     9.880   -0.1158644874
     9.900   -0.3352880913
     9.920   -0.3139292734
     9.940   -0.0370474951
     9.960    0.0950243457
     9.980    0.0187197060
    10.000   -0.1204144616
    10.020   -0.2242782391
    10.040   -0.1916884769
    10.060   -0.0574059623
    10.080    0.0365931413
    10.100    0.0538033019
    10.120    0.0039280640
    10.140    0.0345308912
    10.160    0.1501922048
    10.180    0.2155383366
    10.200    0.2350303008
    10.220    0.2047749441
    10.240    0.1511051909
    10.260    0.0579665623
    10.280    0.0468122047
    10.300   -0.0577737130
    10.320   -0.1983806871
    10.340   -0.1843501422
    10.360   -0.0800539109
    10.380    0.0841510994
    10.400    0.2057066940
    10.420    0.2366062716
    10.440    0.1567300449
    10.460    0.0652418527
    10.480   -0.0297967607
    10.500   -0.0687229840
    10.520   -0.0258924486
    10.540    0.0481725559
    10.560    0.0676646199
    10.580    0.0155158606
    10.600   -0.0180311139
    10.620   -0.0755600556
    10.640   -0.1221529605
    10.660   -0.0652242946
    10.680    0.1078641652
    10.700    0.1324516111
    10.720    0.0000957494
    10.740   -0.0529359832
    10.760   -0.0394657572
    10.780   -0.0694650663
    10.800   -0.1354188161
    10.820   -0.0792714458
    10.840   -0.0419948884
    10.860   -0.0681608431
    10.880   -0.0218778748
    10.900    0.0350970478
    10.920   -0.0210301991
    10.940   -0.0273230414
    10.960    0.0998670157
    10.980    0.1513766756
    11.000    0.1079338720
    11.020    0.0526960796
    11.040    0.0709936111
    11.060    0.1079317871
    11.080    0.0822345990
    11.100   -0.0057364002
    11.120   -0.0829627489
    11.140   -0.1227820435
    11.160   -0.1211900285
    11.180   -0.0921774279
    11.200   -0.0822104418
    11.220   -0.0860540301
    11.240   -0.0636864405
    11.260   -0.0451420256
    11.280   -0.0717092247
    11.300   -0.0848402988
    11.320   -0.0799187759
    11.340   -0.0578294965
    11.360   -0.0207313575
    11.380   -0.0021231388
    11.400   -0.0260654193
    11.420   -0.0531735028
    11.440   -0.0287265038
    11.460    0.0108513825
    11.480    0.0086730041
    11.500   -0.0001855343
    11.520   -0.0143669231
    11.540   -0.0182576473
    11.560   -0.0184139572
    11.580   -0.0216038340
    11.600    0.0214597703
    11.620    0.0421899313
    11.640    0.0400171022
    11.660    0.0443339712
    11.680    0.0348088117
    11.700   -0.0027822365
    11.720   -0.0323302882
    11.740   -0.0204733972
    11.760   -0.0188868390
    11.780   -0.0038040558
    11.800    0.0289624099
    11.820    0.0199541046
    11.840    0.0102671602
    11.860   -0.0159893317
    11.880   -0.0330905631
    11.900   -0.0323989978
    11.920   -0.0440081625
    11.940   -0.0467468218
    11.960   -0.0365245857
    11.980    0.0095041931
    12.000    0.0413137202
    12.020    0.0457091884
    12.040    0.0257417497
    12.060   -0.0167514377
    12.080   -0.0136143259
    12.100    0.0556974581
    12.120    0.1059442837
    12.140    0.0834619181
    12.160    0.0584554703
    12.180    0.0609518421
    12.200    0.0512094404
    12.220    0.0614353930
    12.240    0.0873904508
    12.260    0.1129655388
    12.280    0.1317743951
    12.300    0.1448915007
    12.320    0.1552145351
    12.340    0.1436368699
    12.360    0.1197519302
    12.380    0.0958568382
    12.400    0.0711564837
    12.420    0.0383409768
    12.440   -0.0016280623
    12.460   -0.0451780393
    12.480   -0.0399550279
    12.500   -0.0090423211
    12.520   -0.0189834858
    12.540   -0.0548122187
    12.560   -0.0678563180
    12.580   -0.0537544709
    12.600   -0.0455098941
    12.620   -0.0414056352
    12.640   -0.0385810073
    12.660   -0.0372893385
    12.680   -0.0355557073
    12.700   -0.0467968402
    12.720   -0.0565105615
    12.740   -0.0701731835
    12.760   -0.0850174391
    12.780   -0.0876303091
    12.800   -0.0764880618
    12.820   -0.0445194419
    12.840   -0.0231151923
    12.860   -0.0265102553
    12.880   -0.0395312036
    12.900   -0.0474179282
    12.920   -0.0442890834
    12.940   -0.0366676704
    12.960   -0.0264721930
    12.980   -0.0234200890
    13.000   -0.0344430099
    13.020   -0.0473844436
    13.040   -0.0558943139
    13.060   -0.0507757539
    13.080   -0.0188921962
    13.100    0.0095528156
    13.120    0.0137782319
    13.140    0.0122619425
    13.160    0.0116378903
    13.180    0.0165622958
    13.200    0.0266181693
    13.220    0.0332012871
    13.240    0.0325328547
    13.260    0.0371031427
    13.280    0.0526612443
    13.300    0.0655380474
    13.320    0.0696682311
    13.340    0.0515176820
    13.360    0.0185191609
    13.380    0.0223007836
    13.400    0.0544783696
    13.420    0.0671869157
    13.440    0.0658047007
    13.460    0.0623098093
    13.480    0.0578662988
    13.500    0.0575991470
    13.520    0.0540136640
    13.540    0.0403880527
    13.560    0.0199972249
    13.580   -0.0164721846
    13.600   -0.0408831156
    13.620   -0.0352504479
    13.640   -0.0428338712
    13.660   -0.0716291934
    13.680   -0.0802435241
    13.700   -0.0580098638
    13.720   -0.0454575824
    13.740   -0.0482469853
    13.760   -0.0610201166
    13.780   -0.0786195926
    13.800   -0.0647312621
    13.820   -0.0259317527
    13.840   -0.0036084055
    13.860    0.0048266946
    13.880    0.0130953687
    13.900    0.0228637222
    13.920    0.0252926987
    13.940    0.0206217575
    13.960    0.0057544451
    13.980   -0.0312345779
    14.000   -0.0694468193
    14.020   -0.0882870844
    14.040   -0.1049748251
    14.060   -0.1258493217
    14.080   -0.1408580272
    14.100   -0.1293394632
    14.120   -0.0914385726
    14.140   -0.0673178266
    14.160   -0.0502563072
    14.180   -0.0261179758
    14.200   -0.0055716766
    14.220    0.0030474303
    14.240    0.0049558714
    14.260    0.0139179989
    14.280    0.0341619621
    14.300    0.0492892688
    14.320    0.0493235602
    14.340    0.0371884224
    14.360    0.0188169419
    14.380    0.0145583764
    14.400    0.0333581409
    14.420    0.0611781850
    14.440    0.0860099671
    14.460    0.0968572977
    14.480    0.0869800693
    14.500    0.0740830703
    14.520    0.0747646010
    14.540    0.0842602190
    14.560    0.0905068500
    14.580    0.0885163190
    14.600    0.0796579330
    14.620    0.0528856384
    14.640    0.0076335885
    14.660   -0.0385430447
    14.680   -0.0619322598
    14.700   -0.0671819573
    14.720   -0.0486299826
    14.740   -0.0210133390
    14.760   -0.0084591648
    14.780   -0.0015551521
    14.800    0.0012473855
    14.820    0.0069263198
    14.840    0.0278526495
    14.860    0.0623454694
    14.880    0.0863340446
    14.900    0.0902793739
    14.920    0.0839682393
    14.940    0.0803929630
    14.960    0.0810107062
    14.980    0.0891888214
    15.000    0.1046868429
    15.020    0.1086738150
    15.040    0.0976759214
    15.060    0.0824259073
    15.080    0.0705441159
    15.100    0.0598948195
    15.120    0.0377686200
    15.140   -0.0025155996
    15.160   -0.0464630365
    15.180   -0.0695720920
    15.200   -0.0769954888
    15.220   -0.0851021569
    15.240   -0.1036178551
    15.260   -0.1199385703
    15.280   -0.1053734861
    15.300   -0.0753038267
    15.320   -0.0549803035
    15.340   -0.0432970811
    15.360   -0.0257121991
    15.380    0.0038146686
    15.400    0.0219515247
    15.420    0.0234818461
    15.440    0.0061043240
    15.460   -0.0222147787
    15.480   -0.0301365380
    15.500   -0.0219297515
    15.520   -0.0244972169
    15.540   -0.0333925501
    15.560   -0.0411007203
    15.580   -0.0374114840
    15.600   -0.0282385112
    15.620   -0.0149834788
    15.640    0.0110308796
    15.660    0.0215158530
    15.680    0.0221345298
    15.700    0.0268029058
    15.720    0.0291736785
    15.740    0.0325587251
    15.760    0.0091528947
    15.780   -0.0338847305
    15.800   -0.0493483428
    15.820   -0.0439033123
    15.840   -0.0360423220
    15.860   -0.0330058454
    15.880   -0.0361715016
    15.900   -0.0389469813
    15.920   -0.0388100152
    15.940   -0.0438932687
    15.960   -0.0555605192
    15.980   -0.0605559368
    16.000   -0.0562361217
    16.020   -0.0524812396
    16.040   -0.0463113223
    16.060   -0.0339891909
    16.080   -0.0252720314
    16.100   -0.0263675332
    16.120   -0.0373552200
    16.140   -0.0437957608
    16.160   -0.0387556911
    16.180   -0.0340836078
    16.200   -0.0263271051
    16.220   -0.0069022741
    16.240    0.0138742985
    16.260    0.0184946049
    16.280    0.0047867886
    16.300   -0.0085946479
    16.320   -0.0096651803
    16.340   -0.0098952670
    16.360   -0.0153733199
    16.380   -0.0283525620
    16.400   -0.0430912967
    16.420   -0.0459943606
    16.440   -0.0230866116
    16.460   -0.0022332972
    16.480   -0.0039501200
    16.500   -0.0141112108
    16.520   -0.0154304631
    16.540   -0.0023742045
    16.560    0.0030236838
    16.580   -0.0034279575
    16.600   -0.0087460529
    16.620   -0.0071842828
    16.640    0.0005250770
    16.660    0.0104497574
    16.680    0.0169719430
    16.700    0.0191531931
    16.720    0.0184090351
    16.740    0.0235323178
    16.760    0.0337537924
    16.780    0.0352194017
    16.800    0.0300778991
    16.820    0.0237483090
    16.840    0.0227276989
    16.860    0.0333282549
    16.880    0.0434480157
    16.900    0.0469773073
    16.920    0.0516771283
    16.940    0.0621833672
    16.960    0.0742309048
    16.980    0.0765471448
    17.000    0.0569459975
    17.020    0.0383766913
    17.040    0.0406411544
    17.060    0.0477449064
    17.080    0.0549790344
    17.100    0.0584001491
    17.120    0.0610779034
    17.140    0.0588590171
    17.160    0.0466157568
    17.180    0.0288221806
    17.200    0.0071666023
    17.220   -0.0137677985
    17.240   -0.0023184763
    17.260    0.0291056577
    17.280    0.0357905800
    17.300    0.0274222625
    17.320    0.0127445597
    17.340   -0.0011870125
    17.360   -0.0065920202
    17.380    0.0020308322
    17.400    0.0118815376
    17.420    0.0220197992
    17.440    0.0252005117
    17.460    0.0128268844
    17.480   -0.0023371621
    17.500   -0.0128893576
    17.520   -0.0176212673
    17.540   -0.0221802789
    17.560   -0.0287807826
    17.580   -0.0368948382
    17.600   -0.0399171832
    17.620   -0.0365006915
    17.640   -0.0305129182
    17.660   -0.0236652773
    17.680   -0.0162037094
    17.700   -0.0164032846
    17.720   -0.0258071417
    17.740   -0.0264024410
    17.760   -0.0156095886
    17.780   -0.0093740255
    17.800   -0.0121550618
    17.820   -0.0142602056
    17.840   -0.0064140151
    17.860    0.0053847963
    17.880    0.0154684981
    17.900    0.0191281477
    17.920    0.0175509351
    17.940    0.0202258975
    17.960    0.0154237190
    17.980    0.0035419593
    18.000    0.0035383915
    18.020    0.0075022353
    18.040   -0.0021263023
    18.060   -0.0187354784
    18.080   -0.0197302181
    18.100    0.0087426292
    18.120    0.0309310408
    18.140    0.0329948500
    18.160    0.0095640466
    18.180   -0.0222657127
    18.200   -0.0296826374
    18.220   -0.0233000828
    18.240   -0.0134900593
    18.260   -0.0162905120
    18.280   -0.0236806237
    18.300   -0.0170132867
    18.320   -0.0005970888
    18.340    0.0044827276
    18.360    0.0003388456
    18.380    0.0066964434
    18.400    0.0157492196
    18.420    0.0180719046
    18.440    0.0146353348
    18.460    0.0064741124
    18.480   -0.0019238047
    18.500   -0.0098030257
    18.520   -0.0083540762
    18.540   -0.0078001269
    18.560   -0.0204326609
    18.580   -0.0334267146
    18.600   -0.0379385812
    18.620   -0.0282765100
    18.640   -0.0171230770
    18.660   -0.0206095837
    18.680   -0.0237040647
    18.700   -0.0170043762
    18.720   -0.0091045713
    18.740   -0.0146935930
    18.760   -0.0201688902
    18.780   -0.0094592599
    18.800   -0.0022011242
    18.820   -0.0058762497
    18.840   -0.0033288933
    18.860    0.0118816283
    18.880    0.0242998988
    18.900    0.0199932727
    18.920   -0.0051017996
    18.940   -0.0229092718
    18.960   -0.0201843907
    18.980   -0.0187021660
    19.000   -0.0242431091
    19.020   -0.0283953287
    19.040   -0.0307048429
    19.060   -0.0323560498
    19.080   -0.0277376288
    19.100   -0.0159527107
    19.120   -0.0036731331
    19.140   -0.0064107337
    19.160   -0.0186780723
    19.180   -0.0173252901
    19.200   -0.0066785454
    19.220    0.0038933076
    19.240    0.0127925749
    19.260    0.0161535641
    19.280    0.0124774986
    19.300    0.0050624031
    19.320    0.0060296254
    19.340    0.0100387505
    19.360    0.0085974108
    19.380    0.0132121388
    19.400    0.0222010912
    19.420    0.0263895783
    19.440    0.0253245517
    19.460    0.0129943256
    19.480    0.0048765362
    19.500    0.0078149756
    19.520    0.0077383336
    19.540    0.0085807292
    19.560    0.0134441562
    19.580    0.0151926534
    19.600    0.0090867594
    19.620    0.0062280268
    19.640    0.0126272004
    19.660    0.0123489898
    19.680    0.0056485870
    19.700    0.0032660122
    19.720    0.0090762172
    19.740    0.0181039933
    19.760    0.0154939696
    19.780   -0.0002692579
    19.800   -0.0097147637
    19.820   -0.0037741988
    19.840    0.0003939338
    19.860    0.0008258028
    19.880    0.0030180882
    19.900    0.0097482483
    19.920    0.0188065358
    19.940    0.0198282880
    19.960    0.0137565947
    19.980    0.0055833137
    20.000    0.0011860499
    20.020    0.0039894848
    20.040    0.0101473262
    20.060    0.0170217258
    20.080    0.0187526286
    20.100    0.0170745815
    20.120    0.0157145838
    20.140    0.0105758006
    20.160   -0.0000864830
    20.180   -0.0023877099
    20.200    0.0122033036
    20.220    0.0286665959
    20.240    0.0340292927
    20.260    0.0259290424
    20.280    0.0143578856
    20.300    0.0015440788
    20.320   -0.0072782781
    20.340   -0.0093936685
    20.360   -0.0130401834
    20.380   -0.0109200287
    20.400   -0.0040678319
    20.420    0.0018533021
    20.440    0.0040677567
    20.460    0.0044653961
    20.480    0.0048750533
    20.500    0.0079752640
    20.520    0.0109071932
    20.540    0.0056269325
    20.560   -0.0052267533
    20.580   -0.0076333982
    20.600   -0.0056232813
    20.620   -0.0036187138
    20.640   -0.0055621406
    20.660   -0.0128127073
    20.680   -0.0169002602
    20.700   -0.0182889382
    20.720   -0.0167919655
    20.740   -0.0200880703
    20.760   -0.0225945853
    20.780   -0.0204448619
    20.800   -0.0163091125
    20.820   -0.0168388566
    20.840   -0.0142693699
    20.860   -0.0067736810
    20.880   -0.0014230365
    20.900   -0.0018529214
    20.920   -0.0093106096
    20.940   -0.0128055010
    20.960   -0.0090692012
    20.980   -0.0047115624
    21.000   -0.0096303270
    21.020   -0.0158120917
    21.040   -0.0142041864
    21.060   -0.0096662500
    21.080   -0.0080759236
    21.100   -0.0066261266
    21.120   -0.0051495184
    21.140   -0.0044541868
    21.160   -0.0021251094
    21.180   -0.0039899670
    21.200   -0.0025198336
    21.220    0.0067584516
    21.240    0.0122902965
    21.260    0.0054798159
    21.280   -0.0103028747
    21.300   -0.0174212569
    21.320   -0.0111340166
    21.340   -0.0055448490
    21.360   -0.0027044813
    21.380    0.0025962164
    21.400    0.0046627024
    21.420    0.0047514910
    21.440    0.0094382572
    21.460    0.0120520971
    21.480    0.0078230558
    21.500    0.0031687010
    21.520    0.0041682069
    21.540    0.0100652554
    21.560    0.0094023524
    21.580    0.0046083801
    21.600    0.0032094989
    21.620    0.0045150392
    21.640    0.0091592671
    21.660    0.0170857944
    21.680    0.0227230216
    21.700    0.0249244857
    21.720    0.0258167321
    21.740    0.0225677450
    21.760    0.0191060935
    21.780    0.0138488995
    21.800    0.0057208526
    21.820    0.0045494113
    21.840    0.0077041202
    21.860    0.0062423570
    21.880    0.0053815748
    21.900    0.0057144349
    21.920    0.0052345833
    21.940    0.0065197699
    21.960    0.0030091124
    21.980   -0.0049968950
    22.000   -0.0048276898
    22.020    0.0017359708
    22.040    0.0008345005
    22.060   -0.0013049955
    22.080    0.0014049771
    22.100    0.0018608012
    22.120    0.0020383232
    22.140    0.0001077811
    22.160    0.0003768355
    22.180    0.0073223456
    22.200    0.0093342500
    22.220    0.0063783341
    22.240    0.0035675804
    22.260    0.0006079662
    22.280   -0.0032817846
    22.300   -0.0071179100
    22.320   -0.0141910246
    22.340   -0.0111666945
    22.360   -0.0017923028
    22.380   -0.0057634209
    22.400   -0.0180789569
    22.420   -0.0236385186
    22.440   -0.0221388446
    22.460   -0.0226205644
    22.480   -0.0147754463
    22.500   -0.0000615568
    22.520    0.0077456550
    22.540    0.0058150981
    22.560    0.0050707878
    22.580    0.0041221415
    22.600    0.0044068968
    22.620    0.0070678435
    22.640    0.0061996356
    22.660    0.0035682349
    22.680    0.0002008611
    22.700   -0.0016169028
    22.720   -0.0052477858
    22.740   -0.0114767671
    22.760   -0.0153730026
    22.780   -0.0169494538
    22.800   -0.0159009972
    22.820   -0.0084895230
    22.840   -0.0041384342
    22.860   -0.0075169100
    22.880   -0.0144846450
    22.900   -0.0191852818
    22.920   -0.0133437658
    22.940   -0.0062623644
    22.960   -0.0067579775
    22.980   -0.0088632998
    23.000   -0.0121141895
    23.020   -0.0142712825
    23.040   -0.0111036865
    23.060   -0.0034878790
    23.080   -0.0017395187
    23.100   -0.0077549327
    23.120   -0.0112961460
    23.140   -0.0110816776
    23.160   -0.0066889978
    23.180   -0.0037950755
    23.200   -0.0074666595
    23.220   -0.0113056004
    23.240   -0.0110375058
    23.260   -0.0080964341
    23.280   -0.0061243278
    23.300   -0.0047134524
    23.320    0.0002053147
    23.340    0.0086412163
    23.360    0.0121102283
    23.380    0.0087039941
    23.400    0.0112761495
    23.420    0.0165185138
    23.440    0.0170288415
    23.460    0.0141052372
    23.480    0.0086353225
    23.500    0.0021289383
    23.520   -0.0023285570
    23.540   -0.0062525664
    23.560   -0.0097651266
    23.580   -0.0045033531
    23.600    0.0023348488
    23.620    0.0086506589
    23.640    0.0106366150
    23.660    0.0058490387
    23.680    0.0065220814
    23.700    0.0094871789
    23.720    0.0143735674
    23.740    0.0144012507
    23.760    0.0106445737
    23.780    0.0073326421
    23.800    0.0042749634
    23.820    0.0030988220
    23.840   -0.0009241284
    23.860   -0.0003047183
    23.880    0.0051872733
    23.900    0.0102160449
    23.920    0.0102594371
    23.940    0.0060395439
    23.960    0.0035236697
    23.980    0.0046710146
    24.000    0.0031352028
    24.020    0.0001542588
    24.040    0.0008208165
    24.060    0.0018683040
    24.080    0.0035704004
    24.100    0.0041102869
    24.120    0.0003184745
    24.140   -0.0022158977
    24.160   -0.0003492274
    24.180    0.0007296923
    24.200   -0.0040616036
    24.220   -0.0081437404
    24.240   -0.0041283272
    24.260    0.0019646352
    24.280    0.0028983911
    24.300   -0.0014454061
    24.320   -0.0034731092
    24.340   -0.0027594064
    24.360   -0.0022491149
    24.380   -0.0058800569
    24.400   -0.0077293161
    24.420   -0.0023714063
    24.440    0.0046230239
    24.460    0.0055151688
    24.480    0.0018694298
    24.500    0.0024943675
    24.520    0.0077958738
    24.540    0.0095617533
    24.560    0.0052558552
    24.580    0.0032410891
    24.600    0.0002268415
    24.620   -0.0044248528
    24.640   -0.0078237320
    24.660   -0.0089148357
    24.680   -0.0064490470
    24.700   -0.0079321791
    24.720   -0.0130369292
    24.740   -0.0118211855
    24.760   -0.0035193912
    24.780    0.0026382780
    24.800    0.0027565320
    24.820   -0.0005674590
    24.840   -0.0057091919
    24.860   -0.0066320259
    24.880   -0.0062400963
    24.900   -0.0063548414
    24.920   -0.0064751340
    24.940   -0.0069023911
    24.960   -0.0064318723
    24.980   -0.0037931946
    25.000    0.0022396488
    25.020    0.0085027147
    25.040    0.0131126186
    25.060    0.0126234114
    25.080    0.0087918128
    25.100    0.0046153435
    25.120    0.0036240828
    25.140    0.0071485130
    25.160    0.0107367335
    25.180    0.0132376466
    25.200    0.0132588124
    25.220    0.0082779508
    25.240    0.0013508270
    25.260   -0.0012593924
    25.280   -0.0017957582
    25.300   -0.0039751192
    25.320   -0.0037283601
    25.340    0.0002343217
    25.360    0.0044226021
    25.380    0.0061320599
    25.400    0.0041995623
    25.420    0.0008247056
    25.440    0.0029890597
    25.460    0.0057784364
    25.480    0.0034964415
    25.500   -0.0004978912
    25.520   -0.0003805781
    25.540    0.0048866940
    25.560    0.0039009726
    25.580   -0.0025583165
    25.600   -0.0039980119
    25.620    0.0007320731
    25.640    0.0023814272
    25.660    0.0008326294
    25.680    0.0015999257
    25.700    0.0029219745
    25.720    0.0025501765
    25.740   -0.0002052113
    25.760   -0.0002728201
    25.780    0.0010196402
    25.800    0.0007717367
    25.820   -0.0022434622
    25.840   -0.0065262728
    25.860   -0.0077061642
    25.880   -0.0046042829
    25.900    0.0013739916
    25.920    0.0044213204
    25.940    0.0064922833
    25.960    0.0096376240
    25.980    0.0083976271
    26.000    0.0023211123
    26.020   -0.0007264506
    26.040    0.0026870138
    26.060    0.0052202685
    26.080    0.0039100073
    26.100    0.0001061312
    26.120   -0.0044753245
    26.140   -0.0054555083
    26.160   -0.0047344478
    26.180   -0.0084514155
    26.200   -0.0124568585
    26.220   -0.0139779250
    26.240   -0.0105561395
    26.260   -0.0065629600
    26.280   -0.0044568672
    26.300   -0.0022657122
    26.320   -0.0011285885
    26.340    0.0004680555
    26.360    0.0006778160
    26.380   -0.0006407690
    26.400   -0.0011253751
    26.420    0.0001310196
    26.440    0.0005747004
    26.460   -0.0034057765
    26.480   -0.0092622500
    26.500   -0.0099955667
    26.520   -0.0068188001
    26.540   -0.0029541411
    26.560   -0.0012687389
    26.580   -0.0032400847
    26.600   -0.0058984009
    26.620   -0.0081831823
    26.640   -0.0086640908
    26.660   -0.0058950715
    26.680   -0.0015255879
    26.700    0.0008236697
    26.720   -0.0020630206
    26.740   -0.0040824450
    26.760   -0.0020762105
    26.780   -0.0016168140
    26.800    0.0010560491
    26.820    0.0049586143
    26.840    0.0042031020
    26.860    0.0028068496
    26.880    0.0039726328
    26.900    0.0108403599
    26.920    0.0143444247
    26.940    0.0125829561
    26.960    0.0098737930
    26.980    0.0069760019
    27.000    0.0041004074
    27.020    0.0015798549
    27.040    0.0016842102
    27.060    0.0081950406
    27.080    0.0173021210
    27.100    0.0204169338
    27.120    0.0163671169
    27.140    0.0097108659
    27.160    0.0040457923
    27.180    0.0038727709
    27.200    0.0070624782
    27.220    0.0082939081
    27.240    0.0093191575
    27.260    0.0079617342
    27.280    0.0054633728
    27.300    0.0006877478
    27.320   -0.0044882225
    27.340   -0.0089689033
    27.360   -0.0073038412
    27.380   -0.0005692591
    27.400    0.0031335965
    27.420    0.0004771308
    27.440   -0.0046054559
    27.460   -0.0073136998
    27.480   -0.0064456315
    27.500   -0.0039660057
    27.520   -0.0042860358
    27.540   -0.0075388599
    27.560   -0.0087585140
    27.580   -0.0039276588
    27.600    0.0010113742
    27.620    0.0018646491
    27.640   -0.0002574029
    27.660   -0.0025800905
    27.680   -0.0050349935
    27.700   -0.0054789158
    27.720   -0.0023881350
    27.740    0.0020211086
    27.760    0.0053790965
    27.780    0.0058791803
    27.800    0.0057283536
    27.820    0.0048452525
    27.840   -0.0004841949
    27.860   -0.0074843753
    27.880   -0.0107908219
    27.900   -0.0077277769
    27.920   -0.0013426834
    27.940   -0.0012845512
    27.960   -0.0050588389
    27.980   -0.0074462442
    28.000   -0.0091170895
    28.020   -0.0097708917
    28.040   -0.0069500862
    28.060   -0.0050631155
    28.080   -0.0078064857
    28.100   -0.0068773882
    28.120   -0.0004599307
    28.140    0.0017774604
    28.160   -0.0014457696
    28.180   -0.0013709903
    28.200    0.0024909049
    28.220    0.0053394507
    28.240    0.0056065444
    28.260    0.0048029662
    28.280    0.0032097881
    28.300    0.0027991601
    28.320    0.0008657349
    28.340   -0.0011592250
    28.360   -0.0002541612
    28.380    0.0029910367
    28.400    0.0033866520
    28.420    0.0005730202
    28.440   -0.0026280141
    28.460   -0.0033539233
    28.480   -0.0014558494
    28.500    0.0005504022
    28.520    0.0034368626
    28.540    0.0056372789
    28.560    0.0056066632
    28.580    0.0050101982
    28.600    0.0051524807
    28.620    0.0046142666
    28.640    0.0017747519
    28.660   -0.0048370844
    28.680   -0.0090375948
    28.700   -0.0141941246
    28.720   -0.0211526890
    28.740   -0.0237915562
    28.760   -0.0219443274
    28.780   -0.0167935518
    28.800   -0.0134031752
    28.820   -0.0101579681
    28.840   -0.0070764123
    28.860   -0.0058153692
    28.880   -0.0038784526
    28.900   -0.0038036569
    28.920   -0.0072090128
    28.940   -0.0102694988
    28.960   -0.0125080191
    28.980   -0.0113523737
    29.000   -0.0053860980
    29.020    0.0009195054
    29.040    0.0038207736
    29.060    0.0026187175
    29.080    0.0007805443
    29.100    0.0016615877
    29.120    0.0021136228
    29.140    0.0010308404
    29.160    0.0000044598
    29.180    0.0001014547
    29.200    0.0007606001
    29.220    0.0006292229
    29.240    0.0005070923
    29.260    0.0000798481
    29.280    0.0004810361
    29.300    0.0027193826
    29.320    0.0053331127
    29.340    0.0041652763
    29.360    0.0029928170
    29.380    0.0019248362
    29.400   -0.0000076329
    29.420    0.0027346192
    29.440    0.0037747037
    29.460    0.0042267506
    29.480    0.0055996889
    29.500    0.0052038887
    29.520    0.0057234342
    29.540    0.0054607767
    29.560    0.0061754113
    29.580    0.0092643892
    29.600    0.0102388333
    29.620    0.0106761004
    29.640    0.0134525681
    29.660    0.0139434523
    29.680    0.0091022417
    29.700    0.0009889031
    29.720    0.0013318593
    29.740    0.0055886002
    29.760    0.0033630505
    29.780    0.0005013835
    29.800   -0.0010991421
    29.820   -0.0018564429
    29.840    0.0007711764
    29.860    0.0079200370
    29.880    0.0072727641
    29.900    0.0007099744
    29.920   -0.0021257974
    29.940   -0.0011217511
    29.960    0.0000459486
    29.980    0.0026615550
    30.000    0.0050025595
    30.020    0.0054074759
    30.040    0.0067425296
    30.060    0.0032882141
    30.080    0.0008694397
    30.100   -0.0028243415
    30.120   -0.0028058987
    30.140    0.0022940844
    30.160    0.0005040342
    30.180   -0.0000184043
    30.200   -0.0001811768
    30.220    0.0029032080
    30.240    0.0050075287
    30.260    0.0031860461
    30.280    0.0020709521
    30.300   -0.0018271543
    30.320   -0.0018900653
    30.340    0.0006414208
    30.360   -0.0012151907
    30.380   -0.0010108920
    30.400    0.0044617140
    30.420    0.0084420363
    30.440    0.0084087176
    30.460    0.0088118075
    30.480    0.0084927926
    30.500    0.0058586091
    30.520    0.0048655726
    30.540    0.0080683211
    30.560    0.0092489975
    30.580    0.0026695944
    30.600   -0.0027161592
    30.620   -0.0057599292
    30.640   -0.0003159725
    30.660    0.0040767288
    30.680    0.0019390586
    30.700   -0.0003483929
    30.720   -0.0005989741
    30.740    0.0010615703
    30.760    0.0006593591
    30.780   -0.0017898907
    30.800   -0.0019757466
    30.820    0.0016088725
    30.840    0.0049364559
    30.860    0.0032028428
    30.880   -0.0012416648
    30.900   -0.0025185292
    30.920   -0.0023308440
    30.940   -0.0011751125
    30.960    0.0008210700
    30.980   -0.0001238626
    31.000   -0.0041939041
    31.020   -0.0030659067
    31.040    0.0011890521
    31.060    0.0048957305
    31.080    0.0028394477
    31.100    0.0006731407
    31.120    0.0016116046
    31.140    0.0040247869
    31.160    0.0072349675
    31.180    0.0073274372
    31.200    0.0054662490
    31.220    0.0022191048
    31.240   -0.0019036242
    31.260   -0.0022235174
    31.280   -0.0006147179
    31.300   -0.0003206820
    31.320   -0.0001607104
    31.340   -0.0035899908
    31.360   -0.0043481337
    31.380   -0.0039893715
    31.400   -0.0009095434
    31.420    0.0034896747
    31.440    0.0028933394
    31.460   -0.0010167196
    31.480   -0.0052531575
    31.500   -0.0091262357
    31.520   -0.0107802889
    31.540   -0.0118139429
    31.560   -0.0136510737
    31.580   -0.0135031033
    31.600   -0.0135455981
    31.620   -0.0110306802
    31.640   -0.0087099251
    31.660   -0.0088642915
    31.680   -0.0099672852
    31.700   -0.0115297950
    31.720   -0.0137922276
    31.740   -0.0135712056
    31.760   -0.0102074970
    31.780   -0.0079986099
    31.800   -0.0078265883
    31.820   -0.0079189955
    31.840   -0.0081473173
    31.860   -0.0100704041
    31.880   -0.0101637331
    31.900   -0.0078318693
    31.920   -0.0063552439
    31.940   -0.0057153695
    31.960   -0.0060158010
    31.980   -0.0053380157
    32.000   -0.0034231297
    32.020   -0.0028248564
    32.040   -0.0030596367
    32.060   -0.0060644842
    32.080   -0.0088058212
    32.100   -0.0099753527
    32.120   -0.0103571444
    32.140   -0.0090302833
    32.160   -0.0055149222
    32.180   -0.0026856051
    32.200    0.0002361715
    32.220    0.0013087727
    32.240    0.0024655131
    32.260    0.0065411814
    32.280    0.0074593806
    32.300    0.0069296746
    32.320    0.0045720583
    32.340    0.0022652961
    32.360    0.0018354502
    32.380    0.0024309743
    32.400    0.0034222251
    32.420    0.0037681138
    32.440    0.0046539632
    32.460    0.0058282862
    32.480    0.0047216486
    32.500    0.0050416551
    32.520    0.0079606827
    32.540    0.0085811824
    32.560    0.0064584289
    32.580    0.0040915848
    32.600    0.0055858264
    32.620    0.0099814260
    32.640    0.0125676188
    32.660    0.0116875099
    32.680    0.0115470812
    32.700    0.0112587273
    32.720    0.0097295662
    32.740    0.0108068391
    32.760    0.0139440778
    32.780    0.0167170375
    32.800    0.0173930298
    32.820    0.0174791435
    32.840    0.0154775355
    32.860    0.0128601424
    32.880    0.0121908670
    32.900    0.0124961082
    32.920    0.0139561699
    32.940    0.0131223177
    32.960    0.0099464910
    32.980    0.0094334711
    33.000    0.0095066496
    33.020    0.0078748863
    33.040    0.0055506077
    33.060    0.0029554265
    33.080   -0.0000974252
    33.100    0.0013506231
    33.120    0.0044037595
    33.140    0.0046461468
    33.160    0.0031290434
    33.180    0.0000891433
    33.200   -0.0020945853
    33.220   -0.0050189084
    33.240   -0.0076686286
    33.260   -0.0071229662
    33.280   -0.0029205541
    33.300   -0.0007374431
    33.320   -0.0009989439
    33.340   -0.0025631869
    33.360   -0.0034746701
    33.380   -0.0041180208
    33.400   -0.0053771467
    33.420   -0.0043127782
    33.440   -0.0028647053
    33.460   -0.0013066036
    33.480   -0.0003309916
    33.500   -0.0028789865
    33.520   -0.0049804029
    33.540   -0.0053361947
    33.560   -0.0051039461
    33.580   -0.0048282410
    33.600   -0.0048215894
    33.620   -0.0031922826
    33.640   -0.0026382716
    33.660   -0.0037744073
    33.680   -0.0066848271
    33.700   -0.0078228093
    33.720   -0.0069951137
    33.740   -0.0054591822
    33.760   -0.0057835216
    33.780   -0.0033008066
    33.800   -0.0003927810
    33.820    0.0008269475
    33.840    0.0023129596
    33.860    0.0025230398
    33.880    0.0015792340
    33.900   -0.0009160291
    33.920   -0.0022777454
    33.940   -0.0026704908
    33.960   -0.0027867824
    33.980   -0.0025748448
    34.000   -0.0041464365
    34.020   -0.0082976301
    34.040   -0.0103536999
    34.060   -0.0089028106
    34.080   -0.0075480731
    34.100   -0.0056043708
    34.120   -0.0025446887
    34.140   -0.0017262083
    34.160   -0.0012072928
    34.180   -0.0015935497
    34.200   -0.0041442664
    34.220   -0.0057740917
    34.240   -0.0044211916
    34.260   -0.0022204418
    34.280   -0.0021323774
    34.300   -0.0011372887
    34.320   -0.0005693594
    34.340   -0.0006643586
    34.360   -0.0026159301
    34.380   -0.0052285825
    34.400   -0.0056351641
    34.420   -0.0018875662
    34.440    0.0021734690
    34.460    0.0016291273
    34.480   -0.0001208758
    34.500   -0.0008168467
    34.520    0.0013256718
    34.540    0.0017928367
    34.560    0.0000261961
    34.580   -0.0027972483
    34.600   -0.0058462903
    34.620   -0.0050231534
    34.640   -0.0014308719
    34.660   -0.0002332734
    34.680    0.0007174608
    34.700    0.0027786269
    34.720    0.0057172304
    34.740    0.0066957065
    34.760    0.0052693279
    34.780    0.0031143751
    34.800    0.0026532708
    34.820    0.0012620302
    34.840   -0.0022798013
    34.860   -0.0061054816
    34.880   -0.0082900158
    34.900   -0.0055464879
    34.920   -0.0042952463
    34.940   -0.0014740520
    34.960    0.0001257621
    34.980    0.0001463798
    35.000   -0.0000142208
    35.020    0.0005103002
    35.040    0.0019252015
    35.060    0.0009250774
    35.080    0.0009688168
    35.100    0.0014082802
    35.120    0.0009749336
    35.140   -0.0007935184
    35.160   -0.0008727452
    35.180    0.0026650213
    35.200    0.0034613823
    35.220   -0.0026313671
    35.240   -0.0084106801
    35.260   -0.0093266539
    35.280   -0.0069816011
    35.300   -0.0058680988
    35.320   -0.0081154779
    35.340   -0.0079764904
    35.360   -0.0086012134
    35.380   -0.0099008780
    35.400   -0.0113050383
    35.420   -0.0123689319
    35.440   -0.0094746697
    35.460   -0.0054477753
    35.480   -0.0033560490
    35.500   -0.0041360947
    35.520   -0.0040433258
    35.540   -0.0034050513
    35.560   -0.0040713698
    35.580   -0.0037409798
    35.600   -0.0033625093
    35.620   -0.0028324063
    35.640   -0.0012334776
    35.660   -0.0004583565
    35.680    0.0016148887
    35.700    0.0040894066
    35.720    0.0066083047
    35.740    0.0076719019
    35.760    0.0056751109
    35.780    0.0031429838
    35.800    0.0029657855
    35.820    0.0052128600
    35.840    0.0080618436
    35.860    0.0079336521
    35.880    0.0066543465
    35.900    0.0047833060
    35.920    0.0024046670
    35.940    0.0019362304
    35.960    0.0017211312
    35.980    0.0036094715
    36.000    0.0050601152
    36.020    0.0054557549
    36.040    0.0093622325
    36.060    0.0132083860
    36.080    0.0130901474
    36.100    0.0099975066
    36.120    0.0081267162
    36.140    0.0085491617
    36.160    0.0110370707
    36.180    0.0113521561
    36.200    0.0107559776
    36.220    0.0113805011
    36.240    0.0103357610
    36.260    0.0090921891
    36.280    0.0064421706
    36.300    0.0048788649
    36.320    0.0057729849
    36.340    0.0065211550
    36.360    0.0050607669
    36.380    0.0020182224
    36.400   -0.0000203963
    36.420    0.0005972171
    36.440    0.0027273032
    36.460    0.0031287678
    36.480    0.0039458433
    36.500    0.0029219618
    36.520    0.0035178566
    36.540    0.0043262101
    36.560    0.0028720902
    36.580    0.0027515519
    36.600    0.0035482873
    36.620    0.0034765900
    36.640    0.0003098492
    36.660   -0.0017712856
    36.680   -0.0007748083
    36.700   -0.0000865200
    36.720   -0.0014346655
    36.740   -0.0017828765
    36.760   -0.0015660731
    36.780   -0.0006301289
    36.800   -0.0003057788
    36.820   -0.0005928389
    36.840    0.0000042580
    36.860   -0.0020038423
    36.880   -0.0038481541
    36.900   -0.0043172461
    36.920   -0.0034575389
    36.940   -0.0028168659
    36.960   -0.0031667521
    36.980   -0.0038633355
    37.000   -0.0033880171
    37.020   -0.0014891799
    37.040   -0.0011790538
    37.060   -0.0023164585
    37.080   -0.0020484574
    37.100   -0.0005558313
    37.120    0.0006255844
    37.140    0.0000815238
    37.160   -0.0011357994
    37.180   -0.0021451694
    37.200   -0.0028063066
    37.220   -0.0027002807
    37.240   -0.0027898553
    37.260   -0.0018924430
    37.280   -0.0003718942
    37.300    0.0007594651
    37.320    0.0008590511
    37.340    0.0007277537
    37.360   -0.0003551138
    37.380   -0.0016918516
    37.400   -0.0020916583
    37.420   -0.0025667692
    37.440   -0.0026574414
    37.460   -0.0025831716
    37.480   -0.0015327707
    37.500   -0.0009961928
    37.520   -0.0012634552
    37.540   -0.0013010506
    37.560   -0.0020663436
    37.580   -0.0022018267
    37.600   -0.0024194967
    37.620   -0.0022308905
    37.640   -0.0019968798
    37.660   -0.0020071555
    37.680   -0.0013842853
    37.700   -0.0011231243
    37.720   -0.0017508032
    37.740   -0.0013826691
    37.760   -0.0007791958
    37.780   -0.0002598602
    37.800    0.0001229572
    37.820   -0.0005376216
    37.840   -0.0011198112
    37.860   -0.0011471093
    37.880   -0.0007937338
    37.900   -0.0006587986
    37.920   -0.0007686069
    37.940   -0.0012849709
    37.960   -0.0021544225
    37.980   -0.0021204076
    38.000   -0.0011371727
    38.020   -0.0006814735
    38.040   -0.0001771022
    38.060    0.0000671988
    38.080   -0.0003336678
    38.100   -0.0003593163
    38.120   -0.0007031039
    38.140   -0.0008318239
    38.160   -0.0008788819
    38.180   -0.0011811885
    38.200   -0.0015028494
    38.220   -0.0017372381
    38.240   -0.0013364877
    38.260   -0.0009116129
    38.280   -0.0004914906
    38.300   -0.0001690036
    38.320   -0.0001610087
    38.340   -0.0001315016
    38.360    0.0000558145
    38.380    0.0001736644
    38.400    0.0003531767
    38.420    0.0003984417
    38.440    0.0002345454
    38.460    0.0002257399
    38.480    0.0002023418
    38.500    0.0001829791
    38.520    0.0001401058
    38.540    0.0002391694
    38.560    0.0001819898
    38.580    0.0001070103
    38.600    0.0001107860
    38.620    0.0002126879
    38.640    0.0003808689
    38.660    0.0003411382
    38.680    0.0002363626
    38.700    0.0001927275
    38.720    0.0002718066
    38.740    0.0003657257
    38.760    0.0003580602
    38.780    0.0002639647
    38.800    0.0002180464
    38.820    0.0002123800
    38.840    0.0003096103
    38.860    0.0003641200
    38.880    0.0003350585
    38.900    0.0002458750
    38.920    0.0002276118
    38.940    0.0002674785
    38.960    0.0002591036
    38.980    0.0002542780
    39.000    0.0002327348
    39.020    0.0002544026
    39.040    0.0002450122
    39.060    0.0002175460
    39.080    0.0002233658
    39.100    0.0002171274
    39.120    0.0002222625
    39.140    0.0002208675
    39.160    0.0002248055
    39.180    0.0002192712
    39.200    0.0002103677
    39.220    0.0001976358
    39.240    0.0001917081
    39.260    0.0001923554
    39.280    0.0001776453
    39.300    0.0001596013
    39.320    0.0001319862
    39.340    0.0001179944
    39.360    0.0001074360
    39.380    0.0000934590
    39.400    0.0000812209
    39.420    0.0000724380
    39.440    0.0000641441
    39.460    0.0000567037
    39.480    0.0000462625
    39.500    0.0000385447
    39.520    0.0000351620
    39.540    0.0000321597
    39.560    0.0000279383
    39.580    0.0000235895
    39.600    0.0000218678
    39.620    0.0000206435
    39.640    0.0000196041
    39.660    0.0000184077
    39.680    0.0000173204
    39.700    0.0000174607
    39.720    0.0000181616
    39.740    0.0000188382
    39.760    0.0000196241
    39.780    0.0000206222
    39.800    0.0000217885
    39.820    0.0000230708
    39.840    0.0000244653
    39.860    0.0000259935
    39.880    0.0000275791
    39.900    0.0000291932
    39.920    0.0000308169
    39.940    0.0000324379
    39.960    0.0000340534
    39.980    0.0000356673
