  -0.0003731824
  -0.0059570180
  -0.0090250235
  -0.0036710697
  -0.0016033216
   0.0036083696
   0.0035038683
   0.0004879192
   0.0054809972
   0.0042695173
   0.0100537851
   0.0048309130
  -0.0053473232
  -0.0055594183
  -0.0056813076
   0.0008316880
   0.0038364205
   0.0038568431
   0.0085029387
   0.0032314916
  -0.0039658930
  -0.0060067222
  -0.0045462178
  -0.0000215695
  -0.0041999519
  -0.0036659734
   0.0047070029
   0.0071774045
  -0.0013732649
  -0.0072728666
  -0.0016656186
   0.0113296628
   0.0029386657
  -0.0062506233
  -0.0068235452
  -0.0044677457
   0.0010008228
  -0.0064602553
  -0.0054369677
   0.0005277958
   0.0062219099
   0.0126898641
   0.0054023890
  -0.0088254310
  -0.0157105230
  -0.0075388266
   0.0024131312
  -0.0000578954
   0.0045465920
   0.0067775867
   0.0000695668
  -0.0040150971
  -0.0057539520
  -0.0059486251
  -0.0036101421
   0.0030937942
   0.0081147662
   0.0092040608
   0.0096132888
   0.0018538356
  -0.0045835282
  -0.0069782406
  -0.0082937558
  -0.0061669426
   0.0004988245
   0.0081258671
   0.0074940350
   0.0035239473
   0.0016775435
   0.0034470129
  -0.0021227456
  -0.0119886128
  -0.0130334594
  -0.0081790891
  -0.0011732815
   0.0084074461
   0.0054090503
   0.0017963965
  -0.0009903444
  -0.0089788677
  -0.0008904036
   0.0045782788
   0.0044079543
   0.0085787981
   0.0083946645
   0.0052123393
  -0.0056528051
  -0.0109728403
  -0.0086239061
  -0.0032732812
   0.0085907393
   0.0096489935
  -0.0029234598
  -0.0019556126
   0.0004801506
   0.0002543574
   0.0039636272
   0.0109660701
   0.0083251331
   0.0001944089
   0.0024705605
   0.0008185716
  -0.0071212806
  -0.0050777161
   0.0006997949
   0.0005260618
   0.0010255167
   0.0017054064
   0.0090340526
   0.0102415181
   0.0001988394
  -0.0027753508
  -0.0012105879
   0.0038381929
   0.0053475409
  -0.0032377177
  -0.0087832011
  -0.0053237570
  -0.0004762297
  -0.0021490242
   0.0003006302
   0.0019452308
   0.0101587083
   0.0166165142
   0.0061470950
   0.0003413686
  -0.0061618021
  -0.0096461527
   0.0019021470
  -0.0001314841
   0.0007566649
  -0.0010792133
   0.0060828605
   0.0125857234
   0.0008358109
  -0.0079889135
  -0.0100399796
  -0.0090789361
  -0.0115325519
  -0.0014347692
   0.0088747644
   0.0060916345
   0.0005566178
   0.0045921933
  -0.0049160498
  -0.0059504010
   0.0003233794
  -0.0003361199
   0.0047995017
  -0.0033623120
  -0.0100216594
  -0.0083111403
  -0.0019506173
  -0.0038419556
  -0.0098351002
   0.0041838805
   0.0232624884
   0.0197472777
   0.0057488114
  -0.0082914934
  -0.0140729273
  -0.0182337417
  -0.0242928116
  -0.0133275239
   0.0061916519
   0.0164214940
   0.0141797556
   0.0041544832
   0.0032590296
   0.0008089839
  -0.0023698004
  -0.0032374921
   0.0018564470
   0.0066000123
  -0.0000765729
  -0.0017910069
   0.0072623678
   0.0045036103
  -0.0121078995
  -0.0206203130
  -0.0259021327
  -0.0042211535
   0.0209960544
   0.0203507365
   0.0104192557
  -0.0065254526
  -0.0128066469
  -0.0001513587
   0.0048802396
  -0.0000543409
   0.0002126784
   0.0054906489
   0.0097727301
  -0.0079700422
  -0.0140221106
  -0.0030844960
  -0.0014085379
   0.0008746677
  -0.0008674056
  -0.0049379625
  -0.0095256107
  -0.0039735918
  -0.0035642924
   0.0035492655
   0.0181583179
   0.0237278812
   0.0153060035
   0.0013178843
  -0.0100086567
  -0.0185661272
  -0.0191597133
  -0.0099675699
   0.0050752428
   0.0037461908
   0.0029652518
   0.0100615963
   0.0084687922
  -0.0010914590
  -0.0033541504
   0.0018543884
  -0.0001721858
  -0.0090071627
  -0.0135185943
   0.0046750711
   0.0125939394
   0.0024298884
  -0.0028100063
  -0.0172076712
  -0.0062250330
   0.0089324465
   0.0037168105
   0.0119513057
   0.0127390410
   0.0093937227
   0.0135682985
  -0.0047087822
  -0.0140227774
  -0.0083215064
  -0.0083112764
   0.0064331136
   0.0074221765
  -0.0054208759
   0.0071512086
   0.0073455892
   0.0007557589
   0.0095003809
   0.0091811615
   0.0021957622
   0.0056622288
   0.0191019019
   0.0233945669
   0.0005162377
  -0.0244688822
  -0.0079029670
   0.0169776471
   0.0232345915
   0.0042184795
  -0.0171472708
  -0.0063518655
   0.0125046419
   0.0013968831
  -0.0125704277
  -0.0209542940
  -0.0090034340
   0.0076877930
   0.0087947273
   0.0052761009
  -0.0193374747
  -0.0250494622
  -0.0143997742
  -0.0100726428
   0.0012086211
   0.0194197367
   0.0252634012
   0.0244965785
   0.0070488642
  -0.0075778041
   0.0127221837
   0.0255477359
   0.0276992889
   0.0147385351
  -0.0006307982
   0.0079056376
   0.0085094673
  -0.0099929936
  -0.0310393918
  -0.0409674331
  -0.0494245324
  -0.0427031343
  -0.0138490678
   0.0019399056
  -0.0062564272
  -0.0120724159
  -0.0127768754
  -0.0051705347
   0.0048025670
   0.0111805773
   0.0196650054
   0.0181728992
   0.0064161816
   0.0014676893
   0.0091192336
   0.0148657521
   0.0148415395
   0.0030987415
  -0.0058507986
  -0.0081758605
  -0.0014370527
   0.0222568269
   0.0368522574
   0.0258280289
  -0.0086371027
  -0.0314046923
  -0.0266473592
  -0.0170803556
  -0.0202416356
  -0.0212411836
  -0.0091929156
  -0.0219039473
  -0.0146308222
   0.0082268269
   0.0031848934
  -0.0138741887
  -0.0185763232
  -0.0012744964
   0.0081191378
   0.0205975430
   0.0391975071
   0.0564753187
   0.0375529133
   0.0166593939
   0.0053849568
  -0.0036720699
  -0.0076765968
  -0.0256345533
  -0.0039327772
   0.0340407202
   0.0377226765
   0.0214896877
   0.0110273516
  -0.0188292942
  -0.0456951852
  -0.0370757393
  -0.0144230103
   0.0060090424
   0.0138376607
   0.0199382800
   0.0107808173
  -0.0125832637
  -0.0314712333
  -0.0373253830
  -0.0396436884
  -0.0541314638
  -0.0508210133
  -0.0221372646
  -0.0064036313
  -0.0120945260
  -0.0268147341
  -0.0293169111
  -0.0166511404
  -0.0090447283
  -0.0007165069
   0.0284045818
   0.0365735940
   0.0239181724
   0.0200732468
   0.0317467226
   0.0307719144
   0.0150593604
   0.0072341714
  -0.0135794301
  -0.0424753318
  -0.0332627488
   0.0253057434
   0.0462584997
   0.0563915938
   0.0487577610
   0.0264969367
   0.0064641473
  -0.0124829843
   0.0053601728
   0.0249352377
   0.0017207797
  -0.0407330306
  -0.0449634684
  -0.0432976457
  -0.0317701118
  -0.0266239564
  -0.0023611350
   0.0219748941
   0.0393879209
   0.0455026282
   0.0317334409
   0.0173810270
   0.0171973051
  -0.0101018360
  -0.0782060974
  -0.1130776027
  -0.1312649232
  -0.1130372541
  -0.0607745123
   0.0420625929
   0.0748278097
   0.0415186702
   0.0179982982
   0.0058077591
   0.0135182133
   0.0197332884
   0.0253930234
   0.0268366264
   0.0204863259
   0.0179495874
   0.0463488926
   0.0542089970
   0.0500312232
   0.0403082484
   0.0240196902
   0.0086261412
  -0.0151405813
  -0.0239375608
  -0.0120178161
  -0.0021245426
   0.0041043503
   0.0005128761
  -0.0079021607
   0.0011756633
  -0.0090852469
  -0.0310719326
  -0.0472323757
  -0.0508692887
  -0.0276164349
   0.0034723890
   0.0132687022
   0.0060509117
   0.0151598779
   0.0309212686
   0.0343082929
   0.0235996640
   0.0109094903
   0.0092437629
   0.0082166309
   0.0099689069
   0.0229644230
   0.0416927540
   0.0460170209
   0.0191829222
  -0.0268027316
  -0.0566220840
  -0.0617442378
  -0.0621917799
  -0.0561020438
  -0.0326025571
  -0.0011843719
   0.0253101423
   0.0314176746
   0.0243319218
   0.0263098876
   0.0149210799
  -0.0014337292
   0.0179744633
   0.0365014361
   0.0530679093
   0.0551781782
   0.0215808291
   0.0071277445
   0.0018982278
  -0.0099833351
  -0.0224550280
  -0.0233573993
  -0.0129158873
  -0.0137660097
  -0.0235309592
  -0.0451915771
  -0.0392756186
   0.0451760636
   0.0787467541
   0.0781711241
   0.0624313195
   0.0045154222
  -0.0169686214
   0.0179543435
   0.0405450323
   0.0259258520
  -0.0126684515
  -0.0770633427
  -0.0972251896
  -0.0889287360
  -0.0405315261
   0.0033412113
   0.0043583658
  -0.0125653178
  -0.0253631805
  -0.0318250348
   0.0179844858
   0.0959718336
   0.1250039950
   0.1258203553
   0.0748272653
   0.0196495124
  -0.0341443812
  -0.0809008756
  -0.0857770600
  -0.0768141072
  -0.0735458083
  -0.0439985738
   0.0406477067
   0.1001675363
   0.1133062216
   0.1071128926
   0.0860602141
   0.0189597329
  -0.0573144389
  -0.1609912766
  -0.2201738251
  -0.2050724866
  -0.1688967985
  -0.0937592646
   0.0416030075
   0.1526811126
   0.1709315075
   0.1444480395
   0.0615123529
   0.0105884644
   0.0108867237
   0.0149016303
   0.0320266482
   0.0178619569
  -0.0134177400
   0.0054595778
   0.0249930049
  -0.0263572784
  -0.0936637685
  -0.1173162734
  -0.1146514674
  -0.0876682017
  -0.0647205032
  -0.0542131475
  -0.0452775473
  -0.0123327150
   0.0199047084
   0.0851320959
   0.1467340592
   0.1635091812
   0.1237219596
   0.0648587973
  -0.0028295876
  -0.0843249892
  -0.1003610459
  -0.0787701603
  -0.0735198845
  -0.0739954937
  -0.0685060185
  -0.0382712941
   0.0072637422
   0.0219736115
   0.0194614869
   0.0121603628
   0.0152591978
   0.0264260206
   0.0307292355
   0.0319161932
   0.0013551098
  -0.0557663617
  -0.0667253080
  -0.0655560511
  -0.0682384798
  -0.0709906850
  -0.0368417110
   0.0372310437
   0.0631116651
   0.0599643438
   0.0600687193
   0.0670922210
   0.0722837090
   0.0719021671
   0.0668258731
   0.0743873099
   0.0866225760
   0.0927996772
   0.0782809429
   0.0064814196
  -0.0870210262
  -0.1314458111
  -0.0972452958
   0.0056222273
   0.0884888826
   0.1168297777
   0.0860088769
   0.0083586196
  -0.0454354373
  -0.0387210815
  -0.0204718569
  -0.0517339583
  -0.0654722582
  -0.0620125930
  -0.0684326019
  -0.0386629061
   0.0088673615
   0.0187260550
   0.0228036005
   0.0394081632
   0.0304348171
  -0.0264262656
  -0.0635083463
  -0.0442154216
   0.0435642658
   0.1386490442
   0.1529266739
   0.1396404749
   0.0406207964
  -0.0967259021
  -0.1430148162
  -0.1322475425
  -0.0823823743
  -0.0431804445
  -0.0652433670
  -0.0946287652
  -0.0451835482
   0.0401252851
   0.1054577864
   0.0979526878
   0.0606421038
   0.0582444963
   0.0362165469
  -0.0128472778
  -0.0318466550
   0.0011676977
   0.0314653988
   0.0333430342
   0.0285892087
  -0.0158451156
  -0.0642918766
  -0.0671553634
  -0.0071678311
   0.0354315877
   0.0343216290
  -0.0067986591
  -0.0478364810
  -0.0587327951
  -0.0665759231
  -0.0787388613
  -0.0856197483
  -0.0719687115
  -0.0268468599
   0.0010701151
   0.0105297515
   0.0410076456
   0.0469731721
   0.0392244515
   0.0387317300
   0.0334711697
   0.0151663894
   0.0009840040
  -0.0068100492
   0.0355875045
   0.0712919721
   0.0837501758
   0.0416267539
  -0.0668241040
  -0.1525088319
  -0.1713798660
  -0.1608415515
  -0.1088047071
  -0.0207783765
   0.0127152979
   0.0293235043
   0.0395674140
   0.0202739450
  -0.0047977259
  -0.0149515182
   0.0280425337
   0.0839223885
   0.1255188300
   0.1830878796
   0.1953694479
   0.1285635790
   0.0179128485
  -0.0827348285
  -0.1263579501
  -0.1228332373
  -0.1076691647
  -0.1014021469
  -0.0934768589
  -0.0569093206
   0.0304643436
   0.0655547924
   0.0567931740
   0.0311772164
  -0.0352512781
  -0.0321532391
   0.0490918782
   0.1280442192
   0.1711089253
   0.1662757431
   0.1166853599
   0.0309668325
  -0.0252284892
  -0.0236640175
  -0.0182125298
  -0.0186221831
  -0.0217764480
  -0.0266450526
  -0.0548430064
  -0.0782393016
  -0.0802801343
  -0.0555380830
  -0.0220656102
  -0.0105307789
  -0.0096565392
   0.0035021468
   0.0111186699
   0.0645479163
   0.1449956704
   0.1697622506
   0.1687705818
   0.1089118722
   0.0250154381
  -0.0467851398
  -0.0676584272
  -0.0356090736
  -0.0143475899
  -0.0108531283
  -0.0132057843
  -0.0170368023
  -0.0317083371
  -0.0525430382
  -0.0605420150
  -0.0433307818
   0.0032065456
   0.0569795052
   0.0857332754
   0.0903629459
   0.0802343764
   0.0454224754
  -0.0149185590
  -0.0988128327
  -0.1431547093
  -0.1305375270
  -0.1081177614
  -0.0662787525
  -0.0414849557
  -0.0252516131
  -0.0085327273
   0.0011698838
   0.0055803784
   0.0017841351
   0.0037826780
   0.0339378689
   0.0685385082
   0.0840676908
   0.0773606494
   0.0386348391
  -0.0341816339
  -0.1020158459
  -0.1311512261
  -0.1558695649
  -0.1631645858
  -0.1280024758
  -0.0603292496
   0.0202713458
   0.0620555951
   0.0506257006
   0.0134333419
  -0.0127071500
  -0.0195192200
  -0.0156397464
  -0.0096782342
  -0.0030052091
   0.0082969129
   0.0136478627
   0.0128705139
   0.0208240288
   0.0328236915
   0.0208796697
   0.0049136547
   0.0067666286
   0.0143661515
   0.0182526708
   0.0167605680
   0.0190648024
  -0.0042610530
  -0.0414607670
  -0.0552823835
  -0.0673067214
  -0.0632228107
  -0.0495505790
   0.0094336425
   0.1040223177
   0.1283239033
   0.1194927806
   0.1043807256
   0.0896261259
   0.0688579965
   0.0137074941
  -0.0628811410
  -0.1120186749
  -0.1151596684
  -0.0929305548
  -0.0593992262
  -0.0385544142
  -0.0185077647
   0.0164121281
   0.0411020189
   0.0227939794
   0.0012686608
   0.0105197290
   0.0679427040
   0.1238572599
   0.1350834726
   0.1280635430
   0.1036449263
   0.0575272722
   0.0086509865
  -0.0251933765
  -0.0488214818
  -0.0580491835
  -0.0284807167
  -0.0026490605
  -0.0011430054
  -0.0106719886
   0.0079066583
   0.0520015310
   0.0502252772
   0.0261741621
   0.0018731236
  -0.0184132723
  -0.0431446887
  -0.0680534754
  -0.0760767089
  -0.0705040191
  -0.0588309108
  -0.0358659638
  -0.0239669785
  -0.0063386484
   0.0034540178
   0.0017815138
  -0.0004220232
  -0.0090452386
  -0.0114501538
  -0.0079593189
   0.0093563373
   0.0347436895
   0.0470662187
   0.0299344477
   0.0164009864
   0.0140585706
   0.0211722577
   0.0248854485
   0.0100404865
  -0.0226896788
  -0.0509643085
  -0.0549415303
  -0.0275246471
   0.0153416300
   0.0417110232
   0.0670501374
   0.0753198848
   0.0568798587
   0.0302090898
  -0.0173833097
  -0.0970222562
  -0.1363949699
  -0.1499080868
  -0.1528797934
  -0.1243563093
  -0.0680986208
   0.0067753447
   0.0768721124
   0.1244266300
   0.1475694371
   0.1397345421
   0.1026050161
   0.0579242256
  -0.0032575262
  -0.0323928570
  -0.0433587809
  -0.0530094277
  -0.0567540162
  -0.0413474101
   0.0049818458
   0.0557009740
   0.0869184539
   0.0930991953
   0.0551366389
   0.0163684354
   0.0228884855
   0.0318344041
   0.0367828892
   0.0371196600
   0.0222954029
  -0.0034770600
  -0.0196307908
  -0.0174657623
  -0.0006568026
   0.0288876619
   0.0371748075
   0.0420053701
   0.0312860758
   0.0139461832
  -0.0247872138
  -0.0722688080
  -0.0845914732
  -0.0982049512
  -0.1030115633
  -0.0975223602
  -0.0592540940
  -0.0116549175
   0.0195242347
   0.0307673590
   0.0435130647
   0.0752437465
   0.0932542616
   0.0894201647
   0.0613434062
   0.0339121969
   0.0238799162
   0.0155898176
   0.0158984465
   0.0246639228
   0.0356121015
   0.0512208244
   0.0541254082
   0.0301093072
  -0.0147558244
  -0.0489538222
  -0.0642851745
  -0.0683557151
  -0.0735406372
  -0.0883581071
  -0.1108998708
  -0.1141553779
  -0.0870541624
  -0.0508786784
  -0.0032755630
   0.0239926573
   0.0323490996
   0.0210818886
   0.0018054300
  -0.0068906816
  -0.0128697042
  -0.0282803961
  -0.0494933562
  -0.0585749051
  -0.0486856032
  -0.0284690000
  -0.0063607585
   0.0015614908
   0.0000000163
   0.0033588378
   0.0224825847
   0.0423177140
   0.0550082108
   0.0654500427
   0.0564800476
   0.0262106731
  -0.0130814966
  -0.0406726439
  -0.0475335268
  -0.0388551910
  -0.0214008563
   0.0201674501
   0.0510551777
   0.0627044376
   0.0639957266
   0.0448201393
   0.0143664305
  -0.0007321183
   0.0017419777
  -0.0072142217
  -0.0292043809
  -0.0523292863
  -0.0644784801
  -0.0694687017
  -0.0728904339
  -0.0677445676
  -0.0642886106
  -0.0716558914
  -0.0721209541
  -0.0537057971
   0.0073123850
   0.0790117752
   0.1131513595
   0.1232914959
   0.1102550768
   0.0865199356
   0.0485534668
   0.0022899610
  -0.0193675592
  -0.0145445934
   0.0173662688
   0.0508564629
   0.0582069034
   0.0461591933
   0.0001038636
  -0.0529609823
  -0.0804412902
  -0.1011858434
  -0.1104827092
  -0.0984870167
  -0.0717884019
  -0.0497706248
  -0.0381247670
  -0.0341098162
  -0.0347031709
  -0.0461961057
  -0.0657953526
  -0.0739470822
  -0.0683989214
  -0.0539775883
  -0.0344303931
  -0.0087103050
   0.0133841411
   0.0250089197
   0.0384210871
   0.0573087234
   0.0786192105
   0.0854937698
   0.0798723284
   0.0755244512
   0.0570706807
   0.0397651422
   0.0345598078
   0.0440330708
   0.0489230675
   0.0467612233
   0.0454455074
   0.0515771230
   0.0639132945
   0.0687263364
   0.0710130025
   0.0686603703
   0.0641874331
   0.0590344905
   0.0492241846
   0.0400771119
   0.0437032403
   0.0356667387
   0.0172645946
  -0.0070467039
  -0.0443923972
  -0.0736142579
  -0.0906282732
  -0.0969752737
  -0.0864749943
  -0.0644331305
  -0.0319043234
  -0.0063019095
   0.0080575026
   0.0214903409
   0.0200746349
   0.0008989618
  -0.0267717796
  -0.0457013770
  -0.0458993433
  -0.0302285871
  -0.0115038895
   0.0008219444
   0.0018804017
  -0.0009373470
  -0.0040847272
  -0.0097896145
  -0.0178819135
  -0.0226603530
  -0.0220601295
  -0.0243401242
  -0.0225148771
  -0.0133678929
   0.0024314428
   0.0377083198
   0.0707647877
   0.0909261582
   0.0949173966
   0.0949903710
   0.0925367994
   0.0884943599
   0.0787399840
   0.0541441876
   0.0215007546
  -0.0084947432
  -0.0271919929
  -0.0432967271
  -0.0589262367
  -0.0770125158
  -0.0850983134
  -0.0809517706
  -0.0702362083
  -0.0536042113
  -0.0347617205
  -0.0225711950
  -0.0156689327
  -0.0122474897
  -0.0031384222
   0.0068380482
   0.0192402742
   0.0326175432
   0.0405469715
   0.0353384391
   0.0272079010
   0.0171516527
  -0.0002857003
  -0.0129342346
  -0.0202146198
  -0.0238304603
  -0.0289941637
  -0.0393038898
  -0.0471429013
  -0.0416220931
  -0.0289215907
  -0.0142742991
  -0.0049395581
  -0.0149368757
  -0.0266589636
  -0.0366738189
  -0.0479516750
  -0.0523173790
  -0.0402866793
  -0.0186786268
   0.0088290338
   0.0320370245
   0.0502485813
   0.0707258000
   0.0810666244
   0.0832425872
   0.0670130889
   0.0457588039
   0.0267945224
   0.0293901168
   0.0330928223
   0.0223043470
   0.0129939341
   0.0046240673
  -0.0004146379
  -0.0076567253
  -0.0146421579
  -0.0224672992
  -0.0269926147
  -0.0183037495
   0.0151063974
   0.0497346309
   0.0623071440
   0.0671515531
   0.0673009039
   0.0643549850
   0.0526817745
   0.0378367479
   0.0215548373
   0.0142745304
   0.0155236270
   0.0208607576
   0.0210759316
   0.0124633238
   0.0023270572
  -0.0163593553
  -0.0356151293
  -0.0576154538
  -0.0692510374
  -0.0763647280
  -0.0817781670
  -0.0825694200
  -0.0842388148
  -0.0847004755
  -0.0793494645
  -0.0644108810
  -0.0425769856
  -0.0224608421
  -0.0128831764
  -0.0148680382
  -0.0233247293
  -0.0228772450
  -0.0085282842
   0.0089227608
   0.0247361895
   0.0394703530
   0.0476217764
   0.0440928791
   0.0296192427
   0.0176647356
   0.0106759009
   0.0001754036
  -0.0054705019
  -0.0160993624
  -0.0266936409
  -0.0440372894
  -0.0501034491
  -0.0387945321
  -0.0290468175
  -0.0149201341
   0.0005843858
   0.0188753310
   0.0250002513
   0.0275335231
   0.0218878386
   0.0165300676
   0.0109154644
   0.0007446872
  -0.0124798918
  -0.0259786214
  -0.0316627528
  -0.0309687955
  -0.0248406671
  -0.0240598346
  -0.0333942864
  -0.0459421754
  -0.0567031212
  -0.0603121713
  -0.0613740588
  -0.0586017474
  -0.0393463136
  -0.0157115913
   0.0103872899
   0.0271826440
   0.0348969867
   0.0408725834
   0.0408797958
   0.0315973684
   0.0217528547
   0.0149548624
   0.0178557720
   0.0264650730
   0.0316946267
   0.0360669920
   0.0377084219
   0.0345229293
   0.0258651421
   0.0221555677
   0.0187548161
   0.0207570047
   0.0252890494
   0.0249906608
   0.0221070542
   0.0222007098
   0.0313272272
   0.0375908804
   0.0376498383
   0.0405127467
   0.0425255463
   0.0422341932
   0.0409295000
   0.0339061718
   0.0245300038
   0.0161255379
   0.0016516711
  -0.0144218434
  -0.0238885132
  -0.0216330713
  -0.0170907489
  -0.0054486946
   0.0114855694
   0.0220694886
   0.0324555537
   0.0381847795
   0.0455311715
   0.0504068456
   0.0563026298
   0.0593358117
   0.0548457961
   0.0373637583
   0.0152001107
  -0.0096524976
  -0.0375177019
  -0.0551631410
  -0.0663163794
  -0.0658306321
  -0.0615211302
  -0.0535571947
  -0.0508363907
  -0.0588557118
  -0.0670834097
  -0.0785242928
  -0.0879526146
  -0.0959931306
  -0.0923186928
  -0.0784665257
  -0.0404028599
   0.0069257025
   0.0429459399
   0.0643638304
   0.0566018076
   0.0453692331
   0.0358373184
   0.0333180733
   0.0284389155
   0.0206347888
   0.0148119415
   0.0091003317
  -0.0010740231
  -0.0156448087
  -0.0310174859
  -0.0447902351
  -0.0576122219
  -0.0752056434
  -0.0917200989
  -0.0935038713
  -0.0846377414
  -0.0707262762
  -0.0535006864
  -0.0342243298
  -0.0159365190
  -0.0061369466
  -0.0031177308
  -0.0044815512
  -0.0024444428
   0.0000920896
   0.0126401224
   0.0271104249
   0.0391414410
   0.0508010092
   0.0561800192
   0.0587618828
   0.0585886155
   0.0502918216
   0.0397811319
   0.0310469240
   0.0296101728
   0.0289162393
   0.0244051343
   0.0238291539
   0.0254185151
   0.0280281328
   0.0279484495
   0.0276604917
   0.0302075453
   0.0327477370
   0.0374637451
   0.0390427811
   0.0406599542
   0.0399245291
   0.0318359419
   0.0190834729
   0.0113172997
   0.0018406482
  -0.0137124135
  -0.0245147965
  -0.0279086522
  -0.0270446017
  -0.0229742618
  -0.0139727602
  -0.0092151379
  -0.0045547127
   0.0013480508
   0.0001129137
  -0.0098461841
  -0.0200343544
  -0.0276965162
  -0.0246776161
  -0.0141352464
   0.0037357226
   0.0223322677
   0.0308931131
   0.0354322001
   0.0320698136
   0.0312441385
   0.0280343892
   0.0266498155
   0.0272397715
   0.0317995805
   0.0429421636
   0.0521554746
   0.0581173950
   0.0542208362
   0.0496023925
   0.0374569750
   0.0247705198
   0.0111677618
  -0.0043052323
  -0.0178213158
  -0.0340404480
  -0.0473762832
  -0.0567074418
  -0.0573702668
  -0.0543097322
  -0.0407625946
  -0.0260597165
  -0.0109090413
  -0.0046210803
   0.0014586997
   0.0109287699
   0.0168593130
   0.0255937251
   0.0276516735
   0.0378990398
   0.0425838918
   0.0424974112
   0.0314349775
   0.0217015243
   0.0132900467
   0.0006903228
  -0.0084325874
  -0.0178120792
  -0.0256128549
  -0.0341977256
  -0.0428210840
  -0.0526483322
  -0.0622673398
  -0.0729587474
  -0.0813808054
  -0.0855866802
  -0.0790732846
  -0.0686839807
  -0.0494145303
  -0.0302665372
  -0.0109273274
  -0.0007424738
   0.0060834967
   0.0128433348
   0.0248432084
   0.0342648144
   0.0328946519
   0.0306358385
   0.0190213545
   0.0119980433
   0.0036490481
  -0.0077084299
  -0.0181082939
  -0.0255585375
  -0.0298788817
  -0.0255933032
  -0.0160816070
  -0.0025273533
   0.0101005636
   0.0168292421
   0.0206951925
   0.0152299741
   0.0117392038
   0.0143176074
   0.0181591004
   0.0181765836
   0.0165458124
   0.0096266079
   0.0058061465
   0.0008926714
  -0.0089137929
  -0.0170059864
  -0.0241717694
  -0.0217565970
  -0.0170892520
  -0.0110581743
  -0.0006407527
   0.0039433815
   0.0062303640
   0.0203399213
   0.0310800703
   0.0381766825
   0.0381283732
   0.0318442667
   0.0288462417
   0.0200636938
   0.0074013899
  -0.0032239169
  -0.0123051378
  -0.0218859946
  -0.0251999663
  -0.0255711761
  -0.0241275289
  -0.0246895948
  -0.0184989227
  -0.0148516777
  -0.0153165091
  -0.0108503692
  -0.0049406263
  -0.0033059989
  -0.0080668106
  -0.0137264402
  -0.0143336822
  -0.0133654026
  -0.0144583782
  -0.0125740305
  -0.0090656476
  -0.0057654135
  -0.0087946219
  -0.0145930457
  -0.0175114146
  -0.0165189054
  -0.0105987114
   0.0036010075
   0.0141017938
   0.0239119399
   0.0264245782
   0.0228401863
   0.0165005819
   0.0058267052
  -0.0019844141
  -0.0138311865
  -0.0269204126
  -0.0347801937
  -0.0365013341
  -0.0352347781
  -0.0283709320
  -0.0167425540
  -0.0137544971
  -0.0089796399
  -0.0010259297
   0.0037454730
   0.0171090010
   0.0314787553
   0.0450958429
   0.0563426721
   0.0642998715
   0.0681416230
   0.0621283313
   0.0495564306
   0.0369462565
   0.0242423181
   0.0221048599
   0.0244647317
   0.0248290966
   0.0202592549
   0.0122781220
   0.0025516886
  -0.0062172252
  -0.0119565585
  -0.0203681007
  -0.0275407491
  -0.0289565674
  -0.0238034445
  -0.0157527393
  -0.0066331995
   0.0048981923
   0.0093783487
   0.0124357602
   0.0090735064
   0.0011895536
  -0.0087590022
  -0.0153903476
  -0.0238606333
  -0.0304816329
  -0.0225002721
  -0.0219207025
  -0.0170866970
  -0.0145567932
  -0.0161042852
  -0.0216806730
  -0.0302100254
  -0.0380178060
  -0.0406134479
  -0.0397115596
  -0.0336249534
  -0.0251469144
  -0.0106487218
  -0.0021674542
   0.0063587104
   0.0169462971
   0.0241156421
   0.0236162185
   0.0165963331
   0.0079524059
   0.0051313463
   0.0029141473
  -0.0047407650
  -0.0043450399
  -0.0082904115
  -0.0129506530
  -0.0217923901
  -0.0243601215
  -0.0269349190
  -0.0236798678
  -0.0097716448
   0.0036960919
   0.0101888064
   0.0130067837
   0.0186250068
   0.0161197884
   0.0195136202
   0.0243130335
   0.0266415961
   0.0276689594
   0.0232168633
   0.0265865676
   0.0378263716
   0.0480042370
   0.0520852899
   0.0555001499
   0.0520060558
   0.0437196042
   0.0316404216
   0.0230832811
   0.0139362866
   0.0095847726
   0.0068019217
   0.0086758250
   0.0122260091
   0.0066219352
  -0.0027054457
  -0.0135182949
  -0.0227694267
  -0.0371702827
  -0.0449224054
  -0.0506966337
  -0.0552389731
  -0.0526640838
  -0.0468793771
  -0.0346957544
  -0.0313331434
  -0.0242539464
  -0.0220746393
  -0.0202770375
  -0.0128162339
  -0.0112267434
  -0.0022217921
   0.0041565279
   0.0126132733
   0.0239572520
   0.0271950139
   0.0253942380
   0.0202690154
   0.0175139083
   0.0157755569
   0.0149256183
   0.0143705470
   0.0155261581
   0.0140584107
   0.0117404727
   0.0097764962
   0.0096829223
   0.0131392773
   0.0197187955
   0.0264718193
   0.0270792109
   0.0242582262
   0.0232486046
   0.0183421486
   0.0086502279
   0.0036742337
  -0.0019958373
  -0.0089116326
  -0.0158588090
  -0.0120832753
  -0.0108964060
  -0.0092930997
  -0.0022070305
   0.0076620700
   0.0108999033
   0.0092274874
   0.0092240683
   0.0015241704
  -0.0102740861
  -0.0197021662
  -0.0256255514
  -0.0332284390
  -0.0363828060
  -0.0391206544
  -0.0387561228
  -0.0416293055
  -0.0438155085
  -0.0438224487
  -0.0427328003
  -0.0387248238
  -0.0360667879
  -0.0251637751
  -0.0165020788
  -0.0076741269
   0.0012061182
   0.0076466892
   0.0126646922
   0.0168358183
   0.0221002535
   0.0240159513
   0.0186825868
   0.0122698686
   0.0115863284
   0.0118987063
   0.0114026065
   0.0121695722
   0.0109205471
   0.0158446461
   0.0243915838
   0.0303463667
   0.0393931260
   0.0409860424
   0.0416454653
   0.0402678998
   0.0357222604
   0.0351150593
   0.0398240320
   0.0445052779
   0.0474272462
   0.0560193736
   0.0593195498
   0.0652606155
   0.0660036612
   0.0567595275
   0.0496352565
   0.0282631851
   0.0107286806
  -0.0037587138
  -0.0171256235
  -0.0310509316
  -0.0423012480
  -0.0470725806
  -0.0530273566
  -0.0556680420
  -0.0601931669
  -0.0684242328
  -0.0700934916
  -0.0662347297
  -0.0627164128
  -0.0503628568
  -0.0370963558
  -0.0287125881
  -0.0258149275
  -0.0295105670
  -0.0329493231
  -0.0323524438
  -0.0337543375
  -0.0333137050
  -0.0297775409
  -0.0201515658
  -0.0133673213
  -0.0104490476
  -0.0050876365
   0.0015505538
   0.0100212410
   0.0195327602
   0.0305401179
   0.0351345532
   0.0434838069
   0.0504864540
   0.0582214302
   0.0627360428
   0.0680352403
   0.0698919530
   0.0645236935
   0.0607552906
   0.0562720111
   0.0539541140
   0.0496234513
   0.0493806797
   0.0426697940
   0.0342098370
   0.0247119056
   0.0191597643
   0.0249130937
   0.0245384681
   0.0218594653
   0.0200690317
   0.0169008454
   0.0104708515
   0.0019654228
   0.0001506140
  -0.0089793712
  -0.0135009001
  -0.0136501693
  -0.0174290301
  -0.0155310129
  -0.0195596944
  -0.0239008457
  -0.0305078459
  -0.0338080664
  -0.0347969319
  -0.0438921571
  -0.0508914021
  -0.0522832223
  -0.0512526337
  -0.0488479499
  -0.0432403549
  -0.0418073357
  -0.0365745125
  -0.0292838600
  -0.0271150789
  -0.0254113606
  -0.0231349449
  -0.0233603830
  -0.0264106399
  -0.0267021597
  -0.0305783231
  -0.0316402379
  -0.0283263955
  -0.0248182304
  -0.0212823044
  -0.0147654557
  -0.0084082898
  -0.0045911489
  -0.0052019222
  -0.0036786223
   0.0032545477
   0.0082827365
   0.0141611327
   0.0111595356
   0.0039001956
  -0.0083285079
  -0.0156053072
  -0.0183744819
  -0.0239821790
  -0.0310093277
  -0.0385916328
  -0.0483011014
  -0.0597318465
  -0.0665544901
  -0.0686021609
  -0.0623805267
  -0.0531607517
  -0.0397006050
  -0.0298039273
  -0.0249732933
  -0.0157915637
  -0.0133520188
  -0.0115512497
  -0.0076057317
  -0.0077030615
  -0.0105971839
  -0.0111286414
  -0.0056474774
   0.0005066816
   0.0068300942
   0.0100177198
   0.0158165859
   0.0244910739
   0.0308405647
   0.0369030503
   0.0494122509
   0.0618963443
   0.0772465101
   0.0870457593
   0.0908971046
   0.0907094125
   0.0833181131
   0.0709105663
   0.0582977386
   0.0480722783
   0.0340671543
   0.0258416065
   0.0191501330
   0.0146937673
   0.0065037236
  -0.0021175306
  -0.0120517994
  -0.0191107881
  -0.0248951546
  -0.0304497385
  -0.0291973046
  -0.0345177582
  -0.0342847505
  -0.0338066375
  -0.0314690696
  -0.0250195920
  -0.0220383358
  -0.0210018515
  -0.0164745391
  -0.0130133838
  -0.0125109697
  -0.0073011616
  -0.0039145455
   0.0009025775
   0.0047878394
   0.0073571528
   0.0103776824
   0.0099079419
   0.0059276105
   0.0051350409
   0.0046870940
   0.0039439360
   0.0062476771
   0.0059399498
   0.0068330574
   0.0063314088
   0.0073136778
   0.0083227074
   0.0082223702
   0.0062279383
   0.0029046076
   0.0022627023
   0.0053432611
   0.0092093170
   0.0165665548
   0.0234247467
   0.0268299788
   0.0275372620
   0.0255996072
   0.0260007485
   0.0254826543
   0.0243762439
   0.0250928760
   0.0242192181
   0.0223739022
   0.0202632591
   0.0188214048
   0.0198042317
   0.0193602958
   0.0175661845
   0.0147944005
   0.0121314520
   0.0093913004
   0.0048470933
   0.0012535628
  -0.0005064911
  -0.0025553411
  -0.0027191561
  -0.0028072217
  -0.0022005897
  -0.0016950791
  -0.0003880307
   0.0001864492
  -0.0024402212
  -0.0037508584
  -0.0038376588
  -0.0046453778
  -0.0045576521
  -0.0051515818
  -0.0069836465
  -0.0081882134
  -0.0098292350
  -0.0100575410
  -0.0123632417
  -0.0147435566
  -0.0156309180
  -0.0163676359
  -0.0162790324
  -0.0155380109
  -0.0142627321
  -0.0132146365
  -0.0122742470
  -0.0112573144
  -0.0106156333
  -0.0105194194
  -0.0104792410
  -0.0097542875
  -0.0079237775
  -0.0064126366
  -0.0041789679
  -0.0025852969
  -0.0016959116
  -0.0005535862
   0.0002261298
   0.0010780191
   0.0014097756
   0.0016915781
   0.0017765818
   0.0019548049
   0.0019334175
   0.0016198373
   0.0013880159
   0.0011690707
   0.0008889108
   0.0006441353
   0.0004659347
   0.0003209175
   0.0004648970
   0.0005860699
   0.0005717557
   0.0004006139
   0.0000984335
  -0.0001509335
  -0.0004801751
  -0.0008231216
  -0.0009993524
  -0.0011651396
  -0.0014024914
  -0.0014030095
  -0.0013821848
  -0.0014628577
  -0.0015313556
  -0.0015357082
  -0.0015382822
  -0.0015224242
  -0.0014408800
  -0.0012783962
  -0.0011138592
  -0.0009879589
  -0.0008402476
  -0.0007297705
  -0.0006140924
  -0.0005155300
  -0.0004300861
  -0.0003444186
  -0.0002744414
  -0.0001999788
  -0.0001592890
  -0.0001148680
  -0.0000742350
  -0.0000464200
  -0.0000147889
   0.0000279520
   0.0000643501
   0.0000854788
   0.0001069352
   0.0001225261
   0.0001339189
   0.0001381274
   0.0001414458
   0.0001433100
   0.0001439323
   0.0001438908
   0.0001408117
   0.0001391885
   0.0001384184
   0.0001378082
   0.0001363224
   0.0001349955
   0.0001336308
   0.0001324580
   0.0001316934
   0.0001310640
   0.0001307060
   0.0001305787
   0.0001306619
   0.0001310218
   0.0001317064
   0.0001327612
   0.0001342351
   0.0001361829
