   0.0008946251
  -0.0005068115
   0.0000575149
   0.0006711751
   0.0006885047
   0.0022863929
   0.0024325483
   0.0017178022
   0.0021586565
   0.0023102469
   0.0003904879
  -0.0003435135
  -0.0003468749
  -0.0004229062
   0.0011515341
   0.0020432818
   0.0023784554
   0.0002968279
  -0.0038725988
  -0.0021844565
   0.0002713399
   0.0017305227
   0.0000052369
  -0.0026960997
  -0.0056537968
  -0.0042837772
  -0.0021584428
   0.0014076275
   0.0052218031
   0.0011714755
  -0.0038425640
  -0.0036830820
  -0.0011630327
  -0.0018877671
   0.0022498413
  -0.0024119656
  -0.0032066558
  -0.0035188248
  -0.0067015407
   0.0001996044
  -0.0029420131
  -0.0070720174
  -0.0019173583
  -0.0044174647
  -0.0024075332
  -0.0014325956
   0.0009309856
   0.0020388669
  -0.0019527757
   0.0043615171
   0.0023191788
   0.0034448292
   0.0039165785
   0.0016164812
   0.0021690843
  -0.0033949980
  -0.0040720609
  -0.0065586417
  -0.0101117455
  -0.0115935259
   0.0004219377
   0.0144059075
   0.0073900246
  -0.0024031869
  -0.0114164084
  -0.0103416510
   0.0055874779
   0.0214192692
   0.0173245667
  -0.0147763426
  -0.0113396980
  -0.0041497094
  -0.0045336055
   0.0095777119
  -0.0102186251
  -0.0168165641
  -0.0130975851
  -0.0044518391
  -0.0082628941
  -0.0080807139
   0.0134549770
   0.0134602990
   0.0181552399
  -0.0035658539
  -0.0045352303
   0.0057787378
   0.0179488080
   0.0066076491
  -0.0036053233
   0.0142194200
   0.0201274573
   0.0440236268
   0.0245190669
   0.0142361388
   0.0104632966
   0.0110250292
   0.0099993222
  -0.0133586945
  -0.0402699265
  -0.0494480275
  -0.0269241730
  -0.0053146760
  -0.0067283889
  -0.0134883743
  -0.0263691589
  -0.0194112085
   0.0154460231
   0.0404304622
   0.0412346999
   0.0250583836
   0.0171427158
   0.0130242601
   0.0131142609
  -0.0073130602
   0.0018902453
   0.0047534219
  -0.0068813797
  -0.0256651133
  -0.0253791325
  -0.0343435577
  -0.0211539183
   0.0171302573
   0.0195547029
   0.0040060968
  -0.0273441463
   0.0232226855
   0.0270083450
   0.0258246948
   0.0274498889
  -0.0118251906
  -0.0081903620
   0.0031800898
   0.0088108404
   0.0072378335
  -0.0027438895
  -0.0183446707
   0.0005228354
   0.0072200556
   0.0010903515
  -0.0119661986
  -0.0017253888
  -0.0200048480
   0.0099348740
  -0.0060772294
  -0.0271888520
   0.0192187001
  -0.0273082492
  -0.0283604470
   0.0044689544
   0.0055812957
   0.0166500209
   0.0186876487
   0.0128909637
  -0.0032706362
  -0.0329144201
  -0.0119263624
   0.0127602101
   0.0127662283
  -0.0312357231
  -0.0713787800
  -0.0467278843
  -0.0288886760
   0.0027164661
   0.0246366498
   0.0224218481
   0.0125811049
   0.0212411680
   0.0419275503
   0.0406476592
   0.0542550410
   0.0380439700
  -0.0228961173
  -0.0353113549
  -0.0064534421
   0.0040777512
  -0.0106665473
  -0.0587934780
  -0.0614840138
  -0.0212577793
   0.0101073589
   0.0322001470
   0.0378223380
   0.0737701509
   0.1019124332
   0.0676926137
   0.0305570111
   0.0186913983
   0.0268866228
   0.0691087283
   0.0418321562
  -0.0367877326
  -0.0570675543
  -0.0374889559
  -0.0503511938
  -0.0514571499
  -0.0372111061
  -0.0815751842
  -0.1242435642
  -0.0544676819
  -0.0076725191
  -0.0130418068
   0.0623750442
   0.0979471537
   0.1040188581
   0.1555693996
   0.1652847341
   0.1395873256
   0.1482484598
   0.1109291248
   0.0010266431
  -0.0746693525
  -0.0697628996
  -0.0593648884
  -0.0627149982
  -0.0501661443
  -0.0923589112
  -0.1419692215
  -0.0826900104
  -0.0654570210
  -0.0809335788
  -0.1009297986
  -0.1158607635
  -0.0757910195
  -0.0193823000
   0.0427373385
   0.0987197143
   0.0638718365
   0.0195295574
   0.0552468547
   0.0679052950
   0.0432468327
  -0.0124610881
   0.0201416629
   0.0438257290
  -0.0127129269
  -0.0383625283
  -0.0519583654
  -0.0446462151
  -0.0234790051
  -0.0104038587
   0.0291517423
   0.0413015618
   0.0501024273
   0.0587154881
   0.0233617045
  -0.0286641948
  -0.0617396614
  -0.0512622760
  -0.0196315235
   0.0419945197
  -0.0280167970
  -0.1022351980
  -0.0681999845
  -0.0360236524
  -0.0529849742
  -0.0915849260
  -0.0519279382
  -0.0271322176
  -0.0484706075
  -0.0378438413
  -0.0349376272
  -0.0327291825
  -0.0036482251
  -0.0499852207
  -0.1172754670
  -0.0919451201
  -0.0180556258
  -0.0142158988
  -0.0642171530
  -0.1108913865
  -0.0785492369
   0.0037640285
   0.0006919844
   0.0601465341
   0.1478252476
   0.2100749408
   0.2405733688
   0.1832107083
   0.1336370343
   0.0993058007
   0.0682878525
   0.0336070286
  -0.0210509845
  -0.1198554353
  -0.1518302410
  -0.0122557959
   0.0459416692
  -0.0176980793
   0.0000062260
   0.0366733215
   0.0529629199
   0.0672099851
   0.0803069049
   0.0576195042
   0.0009408485
  -0.0119848259
   0.0503182668
   0.0252387427
  -0.0043055789
   0.0494147108
   0.0324861681
  -0.0366177623
  -0.0666816619
  -0.0476613703
  -0.1052365912
  -0.0521510083
   0.0582040048
   0.1382389330
   0.1554550288
   0.0570316841
   0.0706782825
   0.1668724856
   0.2014025173
   0.1380819588
   0.0904645627
   0.0258295330
  -0.0897800717
  -0.1228749047
  -0.0919722411
  -0.0966222132
  -0.1207394771
  -0.0576234958
  -0.0706575318
  -0.1018153726
  -0.0451752640
  -0.0656515454
  -0.0858495739
  -0.0160302415
   0.0247150294
  -0.0168940971
  -0.0484988575
  -0.0652985684
  -0.0851539146
  -0.0711536672
   0.0060229403
   0.0594744747
   0.0461086962
  -0.0475908663
  -0.1219629892
  -0.0745623332
  -0.0001219240
   0.0439064740
   0.0595722611
   0.0168349226
  -0.0018154487
   0.0495976368
   0.0732636267
   0.0426431002
   0.0000414758
  -0.0379048032
  -0.0903476787
  -0.0690669446
  -0.0154426901
  -0.0600128507
  -0.1491942027
  -0.1765055699
  -0.1574153253
  -0.1108331259
  -0.0776110336
  -0.0515036105
   0.0190819793
   0.0836701720
   0.1427790903
   0.1458605161
   0.1183299360
   0.1396189086
   0.1781158998
   0.0957586264
  -0.0382408060
  -0.0713384479
  -0.0292676317
   0.0600408319
   0.0533989803
   0.0159982822
   0.0456726089
   0.1124212402
   0.1096670546
  -0.0189970949
  -0.1274304503
  -0.1264052392
  -0.0135978800
   0.0378700081
  -0.0142521050
  -0.0726156510
  -0.1181577616
  -0.0726310662
   0.0262746249
   0.0729473263
   0.0942033316
   0.0622996885
   0.0025159611
  -0.0258536705
   0.0031695021
   0.0267216789
  -0.0373582560
  -0.0884536259
  -0.0256420778
   0.0829746202
   0.1302217022
   0.1178044890
   0.0717524137
   0.0327176648
   0.0016707838
  -0.0171619478
  -0.0270266632
  -0.0106179337
   0.0364235201
   0.1087240265
   0.1124936258
   0.0422668592
   0.0194422405
   0.0270789969
   0.0299767575
   0.0156362603
  -0.0226445284
   0.0059454557
   0.0410181346
   0.0176534062
  -0.0102295891
  -0.0164177313
  -0.0090455491
  -0.0450535014
  -0.0579080116
   0.0393554037
   0.0569444209
  -0.0522812781
  -0.1093329334
  -0.1284905640
  -0.1135486324
  -0.1263030850
  -0.1572854990
  -0.1228681177
  -0.0431774577
  -0.0155333401
  -0.0207166617
   0.0248881445
   0.0444141674
  -0.0178850641
  -0.0613380196
  -0.0664706203
  -0.0912034302
  -0.0416601968
   0.0219272449
   0.0755774915
   0.1852730112
   0.2875962922
   0.2979115693
   0.2353285746
   0.1783879168
   0.1079459826
   0.0831226840
   0.1188122555
   0.1472981475
   0.1479832970
   0.1111816276
   0.0892261193
   0.1010219941
   0.0853668512
  -0.0212282122
  -0.1136762278
  -0.1317495400
  -0.1503341475
  -0.1558505555
  -0.1553476466
  -0.1260146717
  -0.1550052062
  -0.2042130013
  -0.1862770818
  -0.0515638467
   0.1110542338
   0.0809847433
   0.0008646457
  -0.0845071216
  -0.0807402371
   0.0075675143
   0.0292635730
  -0.0414909657
  -0.1203882742
  -0.1591064270
  -0.2024099479
  -0.2179595364
  -0.1900193315
  -0.1382250902
  -0.1022229680
  -0.1012964437
  -0.1093338473
  -0.1237373894
  -0.2035887330
  -0.2078509599
  -0.1082460615
   0.0094346087
   0.0683324315
   0.0857377835
   0.1059821247
   0.0941516430
   0.1005779506
   0.0947860178
   0.1037744326
   0.1479303451
   0.1615082135
   0.1410784464
   0.1051171940
   0.0669186689
   0.0680837188
   0.0774587095
   0.0658215157
   0.0637705962
   0.0596661499
   0.0214511748
  -0.0014885606
   0.0468565683
   0.0946944943
   0.1296918067
   0.1492273985
   0.0939894273
   0.0477057075
   0.0434518535
   0.0075111098
  -0.0053625706
   0.0309781671
   0.0135094341
  -0.0418807402
  -0.1084829877
  -0.1115716440
  -0.0271954239
   0.0206068738
   0.0305562719
   0.0443563234
   0.0503069776
   0.0011829028
  -0.0566528359
  -0.0797090857
  -0.1087312167
  -0.1258188571
  -0.1402224799
  -0.1786264692
  -0.1932741279
  -0.1607976632
  -0.1047429287
  -0.0376598132
   0.0350341368
   0.0788898092
   0.1099569463
   0.1018853256
   0.0271937709
   0.0138567799
   0.0451624426
   0.0527663258
   0.0602331387
   0.0816399898
   0.0969041217
   0.1268663779
   0.1545104955
   0.1599607808
   0.1519194798
   0.1014190126
   0.0746670006
   0.0518026948
   0.0019808765
  -0.0392032946
  -0.0560647066
  -0.0447732459
  -0.0721435053
  -0.1241778715
  -0.1287867319
  -0.1117624188
  -0.0877221771
  -0.0663276635
  -0.0814960788
  -0.0954691245
  -0.0726832118
  -0.0471871415
  -0.0223038352
  -0.0041225480
   0.0010824034
   0.0026642332
   0.0128974133
   0.0121186639
  -0.0186471418
  -0.0329985384
  -0.0179249259
  -0.0094889140
  -0.0311249407
  -0.0559371920
  -0.0816692746
  -0.0541333859
  -0.0085847074
   0.0034442755
   0.0139571064
   0.0350802346
   0.0391391744
   0.0350484903
   0.0431157566
   0.0569816620
   0.0854360247
   0.1205567661
   0.1690280590
   0.1883622319
   0.1692855613
   0.1023708437
   0.0433904884
   0.0409009549
   0.0540334761
   0.0293638053
  -0.0171556312
  -0.0395442298
  -0.0428466694
  -0.0431606851
  -0.0611118854
  -0.0865177089
  -0.1042029400
  -0.1080866278
  -0.0606064095
   0.0429602204
   0.0950066822
   0.0948009492
   0.0686562850
   0.0117815577
  -0.0510343677
  -0.1206757064
  -0.1695132277
  -0.1858686531
  -0.1738684564
  -0.1447506760
  -0.0987303853
  -0.0502179404
   0.0019807044
   0.0717891037
   0.1125248190
   0.1008918184
   0.0699231665
   0.0602614290
   0.0610002428
   0.0531562347
   0.0365471104
   0.0218845742
   0.0219132811
   0.0355434430
   0.0248686706
  -0.0152653953
  -0.0434484936
  -0.0244446654
  -0.0055902357
  -0.0030789314
   0.0296881023
   0.0472018444
   0.0487494652
   0.0389218699
   0.0139067752
   0.0019242287
  -0.0268264001
  -0.0643531077
  -0.0708701324
  -0.0715336711
  -0.0793680699
  -0.0743960991
  -0.0381142321
  -0.0054417646
  -0.0053348972
   0.0032355159
   0.0176237585
   0.0173783250
   0.0274635166
   0.0487594105
   0.0727887528
   0.0876581644
   0.0721594178
   0.0380981987
   0.0071158680
   0.0008661732
   0.0144936008
   0.0045577363
  -0.0259722210
  -0.0321136096
   0.0058585151
   0.0271077979
   0.0084355940
   0.0133033906
   0.0371970214
   0.0553400044
   0.0758175223
   0.0955232591
   0.0703519024
   0.0483526752
   0.0667999840
   0.0636319401
   0.0250318942
  -0.0074199720
  -0.0243841202
  -0.0597846332
  -0.0998007803
  -0.1036679374
  -0.0848573569
  -0.0721099736
  -0.0658768195
  -0.0473842732
  -0.0191080520
  -0.0089022120
  -0.0039247376
  -0.0027472212
  -0.0197894923
  -0.0340050954
  -0.0392869694
  -0.0474146869
  -0.0392294480
  -0.0293142267
  -0.0276322236
  -0.0181680075
  -0.0212798336
  -0.0289688834
  -0.0220886810
  -0.0034247639
   0.0257767693
   0.0472687197
   0.0594773777
   0.0716572346
   0.0628482113
   0.0446818568
   0.0154459963
  -0.0295448767
  -0.0621187111
  -0.0711319891
  -0.0655280223
  -0.0521349749
  -0.0251637902
  -0.0006463886
   0.0047834768
  -0.0051427690
  -0.0128331816
  -0.0133787907
  -0.0140422998
  -0.0197888472
  -0.0196230028
  -0.0106440347
  -0.0182960598
  -0.0409285867
  -0.0589043814
  -0.0648538260
  -0.0496649556
  -0.0227253003
  -0.0048770149
   0.0041211449
   0.0099019524
   0.0208261405
   0.0346085189
   0.0461742545
   0.0527158871
   0.0487281232
   0.0424661144
   0.0446347780
   0.0573451622
   0.0691343575
   0.0776719283
   0.0834527197
   0.0756636257
   0.0447759339
  -0.0015898762
  -0.0338730919
  -0.0478542551
  -0.0563918259
  -0.0623179528
  -0.0510867014
  -0.0344502276
  -0.0269942469
  -0.0036667180
   0.0100416461
   0.0012504705
  -0.0142578034
  -0.0208378194
   0.0009776737
   0.0266136919
   0.0430143819
   0.0546390768
   0.0555547957
   0.0480220617
   0.0398436501
   0.0386852796
   0.0351361969
   0.0311744790
   0.0312347958
   0.0376379873
   0.0516109255
   0.0664063657
   0.0797980826
   0.0795732654
   0.0653110941
   0.0424222342
   0.0211893450
   0.0008269514
  -0.0236356299
  -0.0430631138
  -0.0488823154
  -0.0401569131
  -0.0326543240
  -0.0344281732
  -0.0427505227
  -0.0466779563
  -0.0450398065
  -0.0392836499
  -0.0361060236
  -0.0391821811
  -0.0369737497
  -0.0339990342
  -0.0149293118
   0.0044186877
   0.0157267356
   0.0282712619
   0.0418411876
   0.0414011759
   0.0150509534
   0.0034907039
   0.0116896901
   0.0295407373
   0.0404745441
   0.0350117734
   0.0245180321
   0.0163218131
   0.0157597835
   0.0216173954
   0.0197544284
  -0.0024681847
  -0.0313887058
  -0.0431066042
  -0.0428995944
  -0.0484267945
  -0.0560829038
  -0.0688069829
  -0.0826921741
  -0.0877807064
  -0.0819464121
  -0.0640144707
  -0.0283069171
  -0.0005639004
   0.0027905544
  -0.0018661603
  -0.0149960124
  -0.0258475421
  -0.0298421332
  -0.0356051306
  -0.0360437715
  -0.0377161788
  -0.0397052359
  -0.0407648658
  -0.0392514486
  -0.0339380723
  -0.0326412473
  -0.0392609907
  -0.0436997464
  -0.0307604057
  -0.0211165428
  -0.0114548671
   0.0106773111
   0.0295400385
   0.0336868463
   0.0146760968
  -0.0095246296
  -0.0134822055
  -0.0048541474
   0.0054106977
   0.0187338808
   0.0309535324
   0.0408276958
   0.0505167828
   0.0603649003
   0.0677496109
   0.0688051820
   0.0540577480
   0.0307905506
   0.0174345024
   0.0142144474
   0.0217389833
   0.0341738562
   0.0393186331
   0.0259529890
   0.0181227968
   0.0258324091
   0.0347565827
   0.0359135823
   0.0285439912
   0.0288867138
   0.0354420817
   0.0345894481
   0.0220778353
   0.0072673387
  -0.0075513842
  -0.0286115251
  -0.0441800903
  -0.0417550668
  -0.0320316954
  -0.0191238839
  -0.0064970817
  -0.0071975551
  -0.0129276336
  -0.0194473072
  -0.0183382869
  -0.0012329595
   0.0172966527
   0.0300975524
   0.0366433244
   0.0331230292
   0.0261989601
   0.0259220779
   0.0244539253
   0.0191652643
   0.0097339268
   0.0024630306
   0.0116312064
   0.0229803834
   0.0255041206
   0.0283266867
   0.0285693517
   0.0311479089
   0.0370493877
   0.0393784526
   0.0387602322
   0.0270217846
  -0.0018027819
  -0.0328193083
  -0.0499684616
  -0.0569021266
  -0.0591091467
  -0.0555888247
  -0.0478120414
  -0.0368220304
  -0.0194521320
  -0.0053516939
   0.0009788489
   0.0034340359
  -0.0022741065
  -0.0028772558
   0.0065280748
   0.0161705641
   0.0170725881
   0.0080250862
  -0.0122194110
  -0.0300663188
  -0.0357785683
  -0.0386134451
  -0.0489714601
  -0.0584466698
  -0.0562313843
  -0.0482393930
  -0.0373891939
  -0.0217712383
  -0.0084713580
   0.0017153467
   0.0162092163
   0.0278860165
   0.0349622888
   0.0407883716
   0.0439879312
   0.0441455909
   0.0375601050
   0.0212951413
   0.0010972525
  -0.0122752430
  -0.0140148159
  -0.0079392543
   0.0025106484
   0.0124684234
   0.0153663802
   0.0062188086
  -0.0020966705
   0.0065903363
   0.0087110340
  -0.0060583441
  -0.0112565420
  -0.0040555235
   0.0026478826
   0.0004751203
   0.0029316740
   0.0108743164
   0.0115940165
  -0.0001088020
  -0.0177213029
  -0.0225740378
  -0.0190989669
  -0.0196363214
  -0.0152934974
  -0.0039923065
  -0.0005473822
  -0.0008612920
   0.0001435429
   0.0034650921
   0.0099354506
   0.0150007028
   0.0184099871
   0.0107182306
  -0.0059154895
  -0.0128436900
  -0.0144996486
  -0.0165257317
  -0.0128477729
  -0.0011860555
   0.0101356935
   0.0140672571
   0.0112337525
   0.0080122944
   0.0066675117
   0.0074392995
   0.0001601649
  -0.0155825155
  -0.0264655744
  -0.0335678792
  -0.0365521772
  -0.0332909567
  -0.0257294216
  -0.0181048146
  -0.0083938023
   0.0012993895
   0.0030746294
   0.0040821984
   0.0070007150
   0.0056943117
   0.0053502358
   0.0067306723
   0.0091735086
   0.0105703939
   0.0094449410
   0.0035448627
  -0.0006101396
  -0.0030803842
  -0.0104445161
  -0.0157907886
  -0.0189971621
  -0.0275594080
  -0.0306684655
  -0.0230658053
  -0.0189478120
  -0.0189546662
  -0.0127324331
  -0.0045115229
   0.0002343124
   0.0023330632
  -0.0003990148
  -0.0006457662
  -0.0069927413
  -0.0119633965
  -0.0064526344
   0.0024468359
   0.0082989350
   0.0182621786
   0.0284255483
   0.0264679935
   0.0260279549
   0.0255906446
   0.0180990356
   0.0095641957
   0.0098040881
   0.0138973943
   0.0140632656
   0.0149035750
   0.0223293973
   0.0290780262
   0.0168172496
  -0.0054300561
  -0.0130149034
  -0.0172466709
  -0.0217663463
  -0.0198800750
  -0.0131574973
  -0.0082224920
  -0.0111451239
  -0.0150314660
  -0.0129902875
  -0.0032162301
   0.0040916908
   0.0068539173
   0.0111706725
   0.0141700564
   0.0152886457
   0.0194614591
   0.0262991790
   0.0320635337
   0.0326255633
   0.0332218773
   0.0315796015
   0.0290887779
   0.0291093270
   0.0285075297
   0.0245403149
   0.0174201623
   0.0135763229
   0.0156819280
   0.0199123031
   0.0249898821
   0.0315945463
   0.0315424411
   0.0257849136
   0.0182466693
   0.0097269033
   0.0049275880
  -0.0007627712
  -0.0074702898
  -0.0098116963
  -0.0083778186
  -0.0017470991
   0.0062640543
   0.0119708272
   0.0096595804
   0.0013783373
  -0.0021611805
  -0.0055526492
  -0.0100969916
  -0.0115829987
  -0.0166002811
  -0.0250885286
  -0.0353999755
  -0.0395029031
  -0.0362951722
  -0.0314095237
  -0.0253230358
  -0.0143714350
   0.0012313973
   0.0115044256
   0.0171303110
   0.0202297593
   0.0158828093
   0.0096646727
   0.0089435898
   0.0071093848
  -0.0021986177
  -0.0131132448
  -0.0218222011
  -0.0296483211
  -0.0345107057
  -0.0403230800
  -0.0414458087
  -0.0335114464
  -0.0206393169
  -0.0101209086
   0.0000616398
   0.0075546056
   0.0086868912
   0.0119192972
   0.0154560222
   0.0145073763
   0.0081082879
   0.0014130934
  -0.0046953830
  -0.0083336118
  -0.0124146221
  -0.0169068781
  -0.0138896935
  -0.0102707196
  -0.0099472317
  -0.0098348540
  -0.0100610716
  -0.0077759178
   0.0032400948
   0.0124178167
   0.0198833677
   0.0224070511
   0.0189703233
   0.0167824276
   0.0123299259
   0.0135458150
   0.0146356033
   0.0085463186
   0.0003788408
  -0.0035925060
  -0.0027165749
  -0.0007110744
   0.0033342309
   0.0025706413
  -0.0014349784
   0.0011024063
   0.0092835237
   0.0161513858
   0.0168367638
   0.0124692446
   0.0053079575
  -0.0017505154
  -0.0089200275
  -0.0164212928
  -0.0257114798
  -0.0285916480
  -0.0282078540
  -0.0286300986
  -0.0267671719
  -0.0253799255
  -0.0229946966
  -0.0243107401
  -0.0242778803
  -0.0216390600
  -0.0194128482
  -0.0172853634
  -0.0150975350
  -0.0143504693
  -0.0135609077
  -0.0152525605
  -0.0172759557
  -0.0172499501
  -0.0167674559
  -0.0127399741
  -0.0096501499
  -0.0114624349
  -0.0135159792
  -0.0156216381
  -0.0170130776
  -0.0197068120
  -0.0210296963
  -0.0215122845
  -0.0242786732
  -0.0199125988
  -0.0064249798
   0.0102758804
   0.0228039083
   0.0298458560
   0.0306628343
   0.0310041324
   0.0292658711
   0.0252122668
   0.0205719443
   0.0199838151
   0.0182866790
   0.0158588735
   0.0160493794
   0.0167882201
   0.0177724405
   0.0146551041
   0.0109675105
   0.0104163898
   0.0134321888
   0.0155171857
   0.0157543001
   0.0184835822
   0.0174046934
   0.0141968818
   0.0110082794
   0.0080499696
   0.0077593078
   0.0080964880
   0.0120732421
   0.0172426256
   0.0219130123
   0.0233386422
   0.0232111006
   0.0232905688
   0.0189203012
   0.0157700647
   0.0164211584
   0.0151517368
   0.0124209764
   0.0125251143
   0.0152982685
   0.0187773982
   0.0195272190
   0.0211516066
   0.0201426171
   0.0148415514
   0.0118229206
   0.0115925744
   0.0136528881
   0.0166632052
   0.0179476254
   0.0161408223
   0.0109055487
   0.0077004855
   0.0080527421
   0.0075016188
   0.0078593601
   0.0020359989
  -0.0057915256
  -0.0097615156
  -0.0104935894
  -0.0111255922
  -0.0171696621
  -0.0234824187
  -0.0250698879
  -0.0250548490
  -0.0256950835
  -0.0253880564
  -0.0175359577
  -0.0105049848
  -0.0071601904
  -0.0088477387
  -0.0134606619
  -0.0146560718
  -0.0188467598
  -0.0216666246
  -0.0237489793
  -0.0260575085
  -0.0263262328
  -0.0226318818
  -0.0214338243
  -0.0233900485
  -0.0274477654
  -0.0293025746
  -0.0289736141
  -0.0257467049
  -0.0228008307
  -0.0231929437
  -0.0225870742
  -0.0223129607
  -0.0176713480
  -0.0090433517
  -0.0043702179
  -0.0022536931
   0.0006400957
   0.0039012681
   0.0072172750
   0.0074379326
   0.0029812956
  -0.0014821956
  -0.0037098523
  -0.0033671901
  -0.0018195639
   0.0013758093
   0.0049865474
   0.0039432937
   0.0001528830
  -0.0062133293
  -0.0124465693
  -0.0147742997
  -0.0099736741
  -0.0073965468
  -0.0053814640
  -0.0001490271
   0.0035110608
   0.0040744276
   0.0077399992
   0.0103692169
   0.0086076474
   0.0055204762
   0.0009610283
   0.0001672681
  -0.0018808067
  -0.0044456892
  -0.0039330406
  -0.0001811061
   0.0065044184
   0.0098245405
   0.0040889155
   0.0069100517
   0.0105180494
   0.0128840692
   0.0139053102
   0.0109168312
   0.0085808785
   0.0124040976
   0.0167071122
   0.0144410655
   0.0159530580
   0.0192772966
   0.0217653248
   0.0246769416
   0.0239695496
   0.0199680236
   0.0208521729
   0.0222832861
   0.0226780467
   0.0212345019
   0.0182268460
   0.0135029025
   0.0118564887
   0.0142965363
   0.0163705718
   0.0164788276
   0.0131558765
   0.0091680696
   0.0106156328
   0.0116958105
   0.0094448564
   0.0060410286
   0.0018709031
  -0.0010325693
  -0.0032396566
  -0.0014603496
   0.0001667931
   0.0005437336
  -0.0013754774
  -0.0034125796
  -0.0054359722
  -0.0077911099
  -0.0103847719
  -0.0104190804
  -0.0080599095
  -0.0079228621
  -0.0042627672
  -0.0040325042
  -0.0023025460
   0.0000004227
  -0.0035034728
  -0.0011607498
  -0.0005041557
  -0.0009044764
   0.0008885418
  -0.0011759743
  -0.0021520456
   0.0022428205
   0.0041811486
   0.0026087640
  -0.0015284560
  -0.0031734936
  -0.0074423139
  -0.0150477548
  -0.0204913741
  -0.0217237966
  -0.0184667155
  -0.0178690576
  -0.0136907877
  -0.0097606340
  -0.0093357068
  -0.0133509210
  -0.0183983618
  -0.0223669743
  -0.0281080652
  -0.0294405587
  -0.0263726531
  -0.0251937739
  -0.0256955136
  -0.0240409540
  -0.0178681034
  -0.0120379713
  -0.0075060122
  -0.0015881412
   0.0058184598
   0.0134402875
   0.0152552484
   0.0126890058
   0.0134045570
   0.0152606376
   0.0151125604
   0.0121378180
   0.0052507076
  -0.0025068826
  -0.0082534568
  -0.0087264224
  -0.0045755544
  -0.0035776109
  -0.0031787243
  -0.0049265666
  -0.0068786622
  -0.0070500423
  -0.0038573879
   0.0061853374
   0.0116700307
   0.0119249821
   0.0114355706
   0.0089063541
   0.0070872296
   0.0046580855
   0.0029362918
   0.0025963015
   0.0035777990
   0.0042782751
   0.0016174596
   0.0001054058
   0.0009511913
   0.0027771256
   0.0061383970
   0.0056393922
  -0.0011421568
  -0.0032107683
   0.0029237057
   0.0078491030
   0.0066441188
   0.0000819059
  -0.0035631674
  -0.0028338984
  -0.0033589463
  -0.0057606696
  -0.0078429880
  -0.0072603985
  -0.0070643850
  -0.0116032427
  -0.0127081545
  -0.0105367627
  -0.0080912049
   0.0001913743
   0.0096789200
   0.0135282092
   0.0140765439
   0.0152458407
   0.0145110588
   0.0147125718
   0.0148400461
   0.0148290526
   0.0149099185
   0.0146590419
   0.0168948631
   0.0141504347
   0.0089453665
   0.0080735036
   0.0037964824
  -0.0026053356
  -0.0036005724
  -0.0034059243
  -0.0061722822
  -0.0091593460
  -0.0112635897
  -0.0097803525
  -0.0076994332
  -0.0056747141
  -0.0033114011
  -0.0038789356
  -0.0018240595
   0.0024364928
   0.0072385270
   0.0123860133
   0.0142476028
   0.0100651720
   0.0076072552
   0.0055030155
  -0.0001352416
   0.0016386148
   0.0033836845
   0.0037524356
   0.0050560959
   0.0035934091
   0.0037976597
   0.0030423234
  -0.0002134170
  -0.0031552360
  -0.0062588129
  -0.0075611117
  -0.0057036307
  -0.0030675145
  -0.0008344244
   0.0019634507
   0.0054535982
   0.0077675691
   0.0037208579
   0.0019264314
   0.0029394784
   0.0002019166
   0.0000730571
  -0.0001133772
  -0.0036076403
  -0.0078599756
  -0.0109196831
  -0.0131226163
  -0.0161549070
  -0.0167649293
  -0.0133625113
  -0.0105797116
  -0.0079093217
  -0.0066577465
  -0.0041011348
  -0.0011881055
   0.0000662118
   0.0021759304
   0.0053644992
   0.0079553832
   0.0107422968
   0.0112029020
   0.0112042728
   0.0107285979
   0.0112796755
   0.0094729155
   0.0069574342
   0.0080102408
   0.0055811209
   0.0039141876
   0.0037003411
   0.0067079594
   0.0106861315
   0.0113359148
   0.0094071503
   0.0025762752
  -0.0019132109
  -0.0008398401
  -0.0001804631
   0.0005172974
   0.0052206420
   0.0099212463
   0.0143408331
   0.0124586757
   0.0035605789
  -0.0013977319
  -0.0030619209
  -0.0055952217
  -0.0074321388
  -0.0047548895
   0.0007695884
   0.0045558453
   0.0074880690
   0.0099651762
   0.0135896684
   0.0142751002
   0.0119679861
   0.0106232007
   0.0065518211
   0.0020129876
  -0.0012400031
  -0.0071688670
  -0.0160162509
  -0.0197613632
  -0.0205824810
  -0.0199697170
  -0.0187633673
  -0.0190759180
  -0.0183342954
  -0.0149291371
  -0.0107850844
  -0.0100873245
  -0.0116336229
  -0.0136789072
  -0.0126877869
  -0.0073853853
   0.0005997424
   0.0053592913
   0.0067534363
   0.0038102553
   0.0007615182
  -0.0003378888
  -0.0000020299
  -0.0018389465
  -0.0068178226
  -0.0114690687
  -0.0150661401
  -0.0146041682
  -0.0122422112
  -0.0089275241
  -0.0095786702
  -0.0112373812
  -0.0111948826
  -0.0080296180
  -0.0077102117
  -0.0072934760
  -0.0089000953
  -0.0112264064
  -0.0116033838
  -0.0102983460
  -0.0080035667
  -0.0061995470
  -0.0040582988
  -0.0035949573
  -0.0005338807
  -0.0003817193
  -0.0015921703
  -0.0024640238
  -0.0050946607
  -0.0073044535
  -0.0081543749
  -0.0104601262
  -0.0112579558
  -0.0103833661
  -0.0076677440
  -0.0069617685
  -0.0068260610
  -0.0068425178
  -0.0074621414
  -0.0077034153
  -0.0082517567
  -0.0073141125
  -0.0038719497
  -0.0008986139
   0.0001048294
  -0.0015292167
  -0.0020391787
  -0.0008753490
   0.0019321137
   0.0038265978
   0.0032220468
   0.0045298115
   0.0049931422
   0.0070959922
   0.0109740757
   0.0141119034
   0.0174005271
   0.0183121066
   0.0178144929
   0.0183230465
   0.0182613454
   0.0182366434
   0.0161159457
   0.0161652689
   0.0182571522
   0.0182968796
   0.0176978105
   0.0141815876
   0.0112959509
   0.0081525982
   0.0045459014
   0.0059084861
   0.0079318155
   0.0104486434
   0.0113766730
   0.0118989308
   0.0117796385
   0.0117782367
   0.0099248333
   0.0080810244
   0.0060658609
   0.0035942101
   0.0039259163
   0.0037435587
   0.0071157793
   0.0067113449
   0.0039833396
   0.0055830670
   0.0090772880
   0.0139683956
   0.0149114775
   0.0152705964
   0.0133376737
   0.0112854868
   0.0104780156
   0.0078363650
   0.0075045728
   0.0034317660
  -0.0013415387
  -0.0062615236
  -0.0122343128
  -0.0143002187
  -0.0145511490
  -0.0108458259
  -0.0073708127
  -0.0070377599
  -0.0068842867
  -0.0072764091
  -0.0074039601
  -0.0070270459
  -0.0082457855
  -0.0107969824
  -0.0135400898
  -0.0146176481
  -0.0168151664
  -0.0183944509
  -0.0183835514
  -0.0209498249
  -0.0215626695
  -0.0205826019
  -0.0196011635
  -0.0170898848
  -0.0121755092
  -0.0066332999
   0.0003386879
   0.0051968459
   0.0094614287
   0.0133956385
   0.0147280004
   0.0119930845
   0.0075459962
   0.0070565094
   0.0078377869
   0.0097020240
   0.0102776719
   0.0107779224
   0.0131096121
   0.0128956528
   0.0105171409
   0.0080221066
   0.0072598086
   0.0071609927
   0.0071786953
   0.0057501666
   0.0052551723
   0.0042611947
   0.0036674975
   0.0031327448
  -0.0002410131
  -0.0035503433
  -0.0076232321
  -0.0094712530
  -0.0125968991
  -0.0140158508
  -0.0110919986
  -0.0091496655
  -0.0069701803
  -0.0048578689
  -0.0026537127
  -0.0002973960
  -0.0010679600
  -0.0040661354
  -0.0064049414
  -0.0049520158
  -0.0032208117
  -0.0056350204
  -0.0073459912
  -0.0070623973
  -0.0074710787
  -0.0049955237
  -0.0012190449
   0.0052305617
   0.0106616352
   0.0118513373
   0.0139074068
   0.0140113888
   0.0137356625
   0.0124153586
   0.0117036982
   0.0087137018
   0.0071274408
   0.0046802917
   0.0034984236
   0.0027661858
  -0.0016316719
  -0.0063845777
  -0.0104424733
  -0.0084385319
  -0.0072118575
  -0.0047157924
  -0.0039305328
  -0.0015729276
   0.0000951447
  -0.0001861161
   0.0006937188
  -0.0026052428
  -0.0040877342
  -0.0041207982
  -0.0050158161
  -0.0064351979
  -0.0083697696
  -0.0080609846
  -0.0098123709
  -0.0118224852
  -0.0114173237
  -0.0112533434
  -0.0089820619
  -0.0091374422
  -0.0110722021
  -0.0094108206
  -0.0051299920
  -0.0020058109
   0.0008227138
   0.0008809086
   0.0009341011
   0.0037904212
   0.0054415335
   0.0054474429
   0.0048797431
   0.0053207292
   0.0027892602
   0.0017346016
   0.0016313588
   0.0014585662
   0.0014454088
   0.0018141666
   0.0040918803
   0.0044221672
   0.0046629184
   0.0044029150
   0.0036652719
   0.0028668039
   0.0011155115
   0.0007161928
   0.0010827738
   0.0015414588
   0.0009092503
   0.0004137990
   0.0009122124
   0.0011371528
   0.0026400379
   0.0035273603
   0.0053829840
   0.0069951900
   0.0059698432
   0.0050103865
   0.0049765981
   0.0052845606
   0.0031343388
   0.0012428360
   0.0013227643
   0.0025326530
   0.0013619477
   0.0005977091
   0.0008169140
   0.0011311556
   0.0017810112
   0.0031351975
   0.0036484858
   0.0043388069
   0.0053961117
   0.0060017299
   0.0061840230
   0.0047772811
   0.0043030509
   0.0037519880
   0.0033135689
   0.0013449453
  -0.0009463709
  -0.0026276856
  -0.0041027905
  -0.0045188905
  -0.0042509309
  -0.0052861478
  -0.0054288102
  -0.0052601382
  -0.0047613539
  -0.0046200085
  -0.0046790620
  -0.0042743910
  -0.0036805338
  -0.0027950150
  -0.0022871684
  -0.0010774856
  -0.0010057916
  -0.0012503554
  -0.0015231111
  -0.0026297566
  -0.0032918694
  -0.0036825605
  -0.0039136110
  -0.0036695671
  -0.0034088542
  -0.0033448670
  -0.0028659921
  -0.0026088258
  -0.0022325769
  -0.0016639054
  -0.0010604446
  -0.0004240586
  -0.0001874134
  -0.0002067005
  -0.0006292811
  -0.0010926416
  -0.0011274228
  -0.0015408473
  -0.0018237396
  -0.0017976897
  -0.0017205546
  -0.0013026545
  -0.0008319731
  -0.0003592959
   0.0001450203
   0.0007896598
   0.0010239962
   0.0012480641
   0.0014278487
   0.0016759742
   0.0018883732
   0.0020281166
   0.0021496748
   0.0021948143
   0.0023526729
   0.0023258448
   0.0021954393
   0.0020364800
   0.0018464471
   0.0015133983
   0.0012933663
   0.0011270061
   0.0010806990
   0.0011649272
   0.0011112436
   0.0010904178
   0.0010233286
   0.0008946882
   0.0007689234
   0.0005644826
   0.0004518916
   0.0003766860
   0.0003162427
   0.0003186529
   0.0002633669
   0.0001870527
   0.0001352337
   0.0000204864
  -0.0000007680
  -0.0000045151
  -0.0000743080
  -0.0001390891
  -0.0002043251
  -0.0002294407
  -0.0002434809
  -0.0002274464
  -0.0001890774
  -0.0001668490
  -0.0001505009
  -0.0001404962
  -0.0001344327
  -0.0001334171
  -0.0001396275
  -0.0001525378
  -0.0001512576
  -0.0001430812
  -0.0001422361
  -0.0001395766
  -0.0001330176
  -0.0001260075
  -0.0001208911
  -0.0001126050
  -0.0001061767
  -0.0000939747
  -0.0000836235
  -0.0000766103
  -0.0000694015
  -0.0000642944
  -0.0000581087
  -0.0000524855
  -0.0000474013
  -0.0000428312
  -0.0000389551
  -0.0000357836
  -0.0000335386
  -0.0000320979
  -0.0000311840
  -0.0000308042
  -0.0000308897
  -0.0000312956
  -0.0000318924
  -0.0000325904
  -0.0000333623
  -0.0000341910
  -0.0000350663
  -0.0000359837
  -0.0000369407
