     0.000   -0.0003731824
     0.020   -0.0059570180
     0.040   -0.0090250235
     0.060   -0.0036710697
     0.080   -0.0016033216
     0.100    0.0036083696
     0.120    0.0035038683
     0.140    0.0004879192
     0.160    0.0054809972
     0.180    0.0042695173
     0.200    0.0100537851
     0.220    0.0048309130
     0.240   -0.0053473232
     0.260   -0.0055594183
     0.280   -0.0056813076
     0.300    0.0008316880
     0.320    0.0038364205
     0.340    0.0038568431
     0.360    0.0085029387
     0.380    0.0032314916
     0.400   -0.0039658930
     0.420   -0.0060067222
     0.440   -0.0045462178
     0.460   -0.0000215695
     0.480   -0.0041999519
     0.500   -0.0036659734
     0.520    0.0047070029
     0.540    0.0071774045
     0.560   -0.0013732649
     0.580   -0.0072728666
     0.600   -0.0016656186
     0.620    0.0113296628
     0.640    0.0029386657
     0.660   -0.0062506233
     0.680   -0.0068235452
     0.700   -0.0044677457
     0.720    0.0010008228
     0.740   -0.0064602553
     0.760   -0.0054369677
     0.780    0.0005277958
     0.800    0.0062219099
     0.820    0.0126898641
     0.840    0.0054023890
     0.860   -0.0088254310
     0.880   -0.0157105230
     0.900   -0.0075388266
     0.920    0.0024131312
     0.940   -0.0000578954
     0.960    0.0045465920
     0.980    0.0067775867
     1.000    0.0000695668
     1.020   -0.0040150971
     1.040   -0.0057539520
     1.060   -0.0059486251
     1.080   -0.0036101421
     1.100    0.0030937942
     1.120    0.0081147662
     1.140    0.0092040608
     1.160    0.0096132888
     1.180    0.0018538356
     1.200   -0.0045835282
     1.220   -0.0069782406
     1.240   -0.0082937558
     1.260   -0.0061669426
     1.280    0.0004988245
     1.300    0.0081258671
     1.320    0.0074940350
     1.340    0.0035239473
     1.360    0.0016775435
     1.380    0.0034470129
     1.400   -0.0021227456
     1.420   -0.0119886128
     1.440   -0.0130334594
     1.460   -0.0081790891
     1.480   -0.0011732815
     1.500    0.0084074461
     1.520    0.0054090503
     1.540    0.0017963965
     1.560   -0.0009903444
     1.580   -0.0089788677
     1.600   -0.0008904036
     1.620    0.0045782788
     1.640    0.0044079543
     1.660    0.0085787981
     1.680    0.0083946645
     1.700    0.0052123393
     1.720   -0.0056528051
     1.740   -0.0109728403
     1.760   -0.0086239061
     1.780   -0.0032732812
     1.800    0.0085907393
     1.820    0.0096489935
     1.840   -0.0029234598
     1.860   -0.0019556126
     1.880    0.0004801506
     1.900    0.0002543574
     1.920    0.0039636272
     1.940    0.0109660701
     1.960    0.0083251331
     1.980    0.0001944089
     2.000    0.0024705605
     2.020    0.0008185716
     2.040   -0.0071212806
     2.060   -0.0050777161
     2.080    0.0006997949
     2.100    0.0005260618
     2.120    0.0010255167
     2.140    0.0017054064
     2.160    0.0090340526
     2.180    0.0102415181
     2.200    0.0001988394
     2.220   -0.0027753508
     2.240   -0.0012105879
     2.260    0.0038381929
     2.280    0.0053475409
     2.300   -0.0032377177
     2.320   -0.0087832011
     2.340   -0.0053237570
     2.360   -0.0004762297
     2.380   -0.0021490242
     2.400    0.0003006302
     2.420    0.0019452308
     2.440    0.0101587083
     2.460    0.0166165142
     2.480    0.0061470950
     2.500    0.0003413686
     2.520   -0.0061618021
     2.540   -0.0096461527
     2.560    0.0019021470
     2.580   -0.0001314841
     2.600    0.0007566649
     2.620   -0.0010792133
     2.640    0.0060828605
     2.660    0.0125857234
     2.680    0.0008358109
     2.700   -0.0079889135
     2.720   -0.0100399796
     2.740   -0.0090789361
     2.760   -0.0115325519
     2.780   -0.0014347692
     2.800    0.0088747644
     2.820    0.0060916345
     2.840    0.0005566178
     2.860    0.0045921933
     2.880   -0.0049160498
     2.900   -0.0059504010
     2.920    0.0003233794
     2.940   -0.0003361199
     2.960    0.0047995017
     2.980   -0.0033623120
     3.000   -0.0100216594
     3.020   -0.0083111403
     3.040   -0.0019506173
     3.060   -0.0038419556
     3.080   -0.0098351002
     3.100    0.0041838805
     3.120    0.0232624884
     3.140    0.0197472777
     3.160    0.0057488114
     3.180   -0.0082914934
     3.200   -0.0140729273
     3.220   -0.0182337417
     3.240   -0.0242928116
     3.260   -0.0133275239
     3.280    0.0061916519
     3.300    0.0164214940
     3.320    0.0141797556
     3.340    0.0041544832
     3.360    0.0032590296
     3.380    0.0008089839
     3.400   -0.0023698004
     3.420   -0.0032374921
     3.440    0.0018564470
     3.460    0.0066000123
     3.480   -0.0000765729
     3.500   -0.0017910069
     3.520    0.0072623678
     3.540    0.0045036103
     3.560   -0.0121078995
     3.580   -0.0206203130
     3.600   -0.0259021327
     3.620   -0.0042211535
     3.640    0.0209960544
     3.660    0.0203507365
     3.680    0.0104192557
     3.700   -0.0065254526
     3.720   -0.0128066469
     3.740   -0.0001513587
     3.760    0.0048802396
     3.780   -0.0000543409
     3.800    0.0002126784
     3.820    0.0054906489
     3.840    0.0097727301
     3.860   -0.0079700422
     3.880   -0.0140221106
     3.900   -0.0030844960
     3.920   -0.0014085379
     3.940    0.0008746677
     3.960   -0.0008674056
     3.980   -0.0049379625
     4.000   -0.0095256107
     4.020   -0.0039735918
     4.040   -0.0035642924
     4.060    0.0035492655
     4.080    0.0181583179
     4.100    0.0237278812
     4.120    0.0153060035
     4.140    0.0013178843
     4.160   -0.0100086567
     4.180   -0.0185661272
     4.200   -0.0191597133
     4.220   -0.0099675699
     4.240    0.0050752428
     4.260    0.0037461908
     4.280    0.0029652518
     4.300    0.0100615963
     4.320    0.0084687922
     4.340   -0.0010914590
     4.360   -0.0033541504
     4.380    0.0018543884
     4.400   -0.0001721858
     4.420   -0.0090071627
     4.440   -0.0135185943
     4.460    0.0046750711
     4.480    0.0125939394
     4.500    0.0024298884
     4.520   -0.0028100063
     4.540   -0.0172076712
     4.560   -0.0062250330
     4.580    0.0089324465
     4.600    0.0037168105
     4.620    0.0119513057
     4.640    0.0127390410
     4.660    0.0093937227
     4.680    0.0135682985
     4.700   -0.0047087822
     4.720   -0.0140227774
     4.740   -0.0083215064
     4.760   -0.0083112764
     4.780    0.0064331136
     4.800    0.0074221765
     4.820   -0.0054208759
     4.840    0.0071512086
     4.860    0.0073455892
     4.880    0.0007557589
     4.900    0.0095003809
     4.920    0.0091811615
     4.940    0.0021957622
     4.960    0.0056622288
     4.980    0.0191019019
     5.000    0.0233945669
     5.020    0.0005162377
     5.040   -0.0244688822
     5.060   -0.0079029670
     5.080    0.0169776471
     5.100    0.0232345915
     5.120    0.0042184795
     5.140   -0.0171472708
     5.160   -0.0063518655
     5.180    0.0125046419
     5.200    0.0013968831
     5.220   -0.0125704277
     5.240   -0.0209542940
     5.260   -0.0090034340
     5.280    0.0076877930
     5.300    0.0087947273
     5.320    0.0052761009
     5.340   -0.0193374747
     5.360   -0.0250494622
     5.380   -0.0143997742
     5.400   -0.0100726428
     5.420    0.0012086211
     5.440    0.0194197367
     5.460    0.0252634012
     5.480    0.0244965785
     5.500    0.0070488642
     5.520   -0.0075778041
     5.540    0.0127221837
     5.560    0.0255477359
     5.580    0.0276992889
     5.600    0.0147385351
     5.620   -0.0006307982
     5.640    0.0079056376
     5.660    0.0085094673
     5.680   -0.0099929936
     5.700   -0.0310393918
     5.720   -0.0409674331
     5.740   -0.0494245324
     5.760   -0.0427031343
     5.780   -0.0138490678
     5.800    0.0019399056
     5.820   -0.0062564272
     5.840   -0.0120724159
     5.860   -0.0127768754
     5.880   -0.0051705347
     5.900    0.0048025670
     5.920    0.0111805773
     5.940    0.0196650054
     5.960    0.0181728992
     5.980    0.0064161816
     6.000    0.0014676893
     6.020    0.0091192336
     6.040    0.0148657521
     6.060    0.0148415395
     6.080    0.0030987415
     6.100   -0.0058507986
     6.120   -0.0081758605
     6.140   -0.0014370527
     6.160    0.0222568269
     6.180    0.0368522574
     6.200    0.0258280289
     6.220   -0.0086371027
     6.240   -0.0314046923
     6.260   -0.0266473592
     6.280   -0.0170803556
     6.300   -0.0202416356
     6.320   -0.0212411836
     6.340   -0.0091929156
     6.360   -0.0219039473
     6.380   -0.0146308222
     6.400    0.0082268269
     6.420    0.0031848934
     6.440   -0.0138741887
     6.460   -0.0185763232
     6.480   -0.0012744964
     6.500    0.0081191378
     6.520    0.0205975430
     6.540    0.0391975071
     6.560    0.0564753187
     6.580    0.0375529133
     6.600    0.0166593939
     6.620    0.0053849568
     6.640   -0.0036720699
     6.660   -0.0076765968
     6.680   -0.0256345533
     6.700   -0.0039327772
     6.720    0.0340407202
     6.740    0.0377226765
     6.760    0.0214896877
     6.780    0.0110273516
     6.800   -0.0188292942
     6.820   -0.0456951852
     6.840   -0.0370757393
     6.860   -0.0144230103
     6.880    0.0060090424
     6.900    0.0138376607
     6.920    0.0199382800
     6.940    0.0107808173
     6.960   -0.0125832637
     6.980   -0.0314712333
     7.000   -0.0373253830
     7.020   -0.0396436884
     7.040   -0.0541314638
     7.060   -0.0508210133
     7.080   -0.0221372646
     7.100   -0.0064036313
     7.120   -0.0120945260
     7.140   -0.0268147341
     7.160   -0.0293169111
     7.180   -0.0166511404
     7.200   -0.0090447283
     7.220   -0.0007165069
     7.240    0.0284045818
     7.260    0.0365735940
     7.280    0.0239181724
     7.300    0.0200732468
     7.320    0.0317467226
     7.340    0.0307719144
     7.360    0.0150593604
     7.380    0.0072341714
     7.400   -0.0135794301
     7.420   -0.0424753318
     7.440   -0.0332627488
     7.460    0.0253057434
     7.480    0.0462584997
     7.500    0.0563915938
     7.520    0.0487577610
     7.540    0.0264969367
     7.560    0.0064641473
     7.580   -0.0124829843
     7.600    0.0053601728
     7.620    0.0249352377
     7.640    0.0017207797
     7.660   -0.0407330306
     7.680   -0.0449634684
     7.700   -0.0432976457
     7.720   -0.0317701118
     7.740   -0.0266239564
     7.760   -0.0023611350
     7.780    0.0219748941
     7.800    0.0393879209
     7.820    0.0455026282
     7.840    0.0317334409
     7.860    0.0173810270
     7.880    0.0171973051
     7.900   -0.0101018360
     7.920   -0.0782060974
     7.940   -0.1130776027
     7.960   -0.1312649232
     7.980   -0.1130372541
     8.000   -0.0607745123
     8.020    0.0420625929
     8.040    0.0748278097
     8.060    0.0415186702
     8.080    0.0179982982
     8.100    0.0058077591
     8.120    0.0135182133
     8.140    0.0197332884
     8.160    0.0253930234
     8.180    0.0268366264
     8.200    0.0204863259
     8.220    0.0179495874
     8.240    0.0463488926
     8.260    0.0542089970
     8.280    0.0500312232
     8.300    0.0403082484
     8.320    0.0240196902
     8.340    0.0086261412
     8.360   -0.0151405813
     8.380   -0.0239375608
     8.400   -0.0120178161
     8.420   -0.0021245426
     8.440    0.0041043503
     8.460    0.0005128761
     8.480   -0.0079021607
     8.500    0.0011756633
     8.520   -0.0090852469
     8.540   -0.0310719326
     8.560   -0.0472323757
     8.580   -0.0508692887
     8.600   -0.0276164349
     8.620    0.0034723890
     8.640    0.0132687022
     8.660    0.0060509117
     8.680    0.0151598779
     8.700    0.0309212686
     8.720    0.0343082929
     8.740    0.0235996640
     8.760    0.0109094903
     8.780    0.0092437629
     8.800    0.0082166309
     8.820    0.0099689069
     8.840    0.0229644230
     8.860    0.0416927540
     8.880    0.0460170209
     8.900    0.0191829222
     8.920   -0.0268027316
     8.940   -0.0566220840
     8.960   -0.0617442378
     8.980   -0.0621917799
     9.000   -0.0561020438
     9.020   -0.0326025571
     9.040   -0.0011843719
     9.060    0.0253101423
     9.080    0.0314176746
     9.100    0.0243319218
     9.120    0.0263098876
     9.140    0.0149210799
     9.160   -0.0014337292
     9.180    0.0179744633
     9.200    0.0365014361
     9.220    0.0530679093
     9.240    0.0551781782
     9.260    0.0215808291
     9.280    0.0071277445
     9.300    0.0018982278
     9.320   -0.0099833351
     9.340   -0.0224550280
     9.360   -0.0233573993
     9.380   -0.0129158873
     9.400   -0.0137660097
     9.420   -0.0235309592
     9.440   -0.0451915771
     9.460   -0.0392756186
     9.480    0.0451760636
     9.500    0.0787467541
     9.520    0.0781711241
     9.540    0.0624313195
     9.560    0.0045154222
     9.580   -0.0169686214
     9.600    0.0179543435
     9.620    0.0405450323
     9.640    0.0259258520
     9.660   -0.0126684515
     9.680   -0.0770633427
     9.700   -0.0972251896
     9.720   -0.0889287360
     9.740   -0.0405315261
     9.760    0.0033412113
     9.780    0.0043583658
     9.800   -0.0125653178
     9.820   -0.0253631805
     9.840   -0.0318250348
     9.860    0.0179844858
     9.880    0.0959718336
     9.900    0.1250039950
     9.920    0.1258203553
     9.940    0.0748272653
     9.960    0.0196495124
     9.980   -0.0341443812
    10.000   -0.0809008756
    10.020   -0.0857770600
    10.040   -0.0768141072
    10.060   -0.0735458083
    10.080   -0.0439985738
    10.100    0.0406477067
    10.120    0.1001675363
    10.140    0.1133062216
    10.160    0.1071128926
    10.180    0.0860602141
    10.200    0.0189597329
    10.220   -0.0573144389
    10.240   -0.1609912766
    10.260   -0.2201738251
    10.280   -0.2050724866
    10.300   -0.1688967985
    10.320   -0.0937592646
    10.340    0.0416030075
    10.360    0.1526811126
    10.380    0.1709315075
    10.400    0.1444480395
    10.420    0.0615123529
    10.440    0.0105884644
    10.460    0.0108867237
    10.480    0.0149016303
    10.500    0.0320266482
    10.520    0.0178619569
    10.540   -0.0134177400
    10.560    0.0054595778
    10.580    0.0249930049
    10.600   -0.0263572784
    10.620   -0.0936637685
    10.640   -0.1173162734
    10.660   -0.1146514674
    10.680   -0.0876682017
    10.700   -0.0647205032
    10.720   -0.0542131475
    10.740   -0.0452775473
    10.760   -0.0123327150
    10.780    0.0199047084
    10.800    0.0851320959
    10.820    0.1467340592
    10.840    0.1635091812
    10.860    0.1237219596
    10.880    0.0648587973
    10.900   -0.0028295876
    10.920   -0.0843249892
    10.940   -0.1003610459
    10.960   -0.0787701603
    10.980   -0.0735198845
    11.000   -0.0739954937
    11.020   -0.0685060185
    11.040   -0.0382712941
    11.060    0.0072637422
    11.080    0.0219736115
    11.100    0.0194614869
    11.120    0.0121603628
    11.140    0.0152591978
    11.160    0.0264260206
    11.180    0.0307292355
    11.200    0.0319161932
    11.220    0.0013551098
    11.240   -0.0557663617
    11.260   -0.0667253080
    11.280   -0.0655560511
    11.300   -0.0682384798
    11.320   -0.0709906850
    11.340   -0.0368417110
    11.360    0.0372310437
    11.380    0.0631116651
    11.400    0.0599643438
    11.420    0.0600687193
    11.440    0.0670922210
    11.460    0.0722837090
    11.480    0.0719021671
    11.500    0.0668258731
    11.520    0.0743873099
    11.540    0.0866225760
    11.560    0.0927996772
    11.580    0.0782809429
    11.600    0.0064814196
    11.620   -0.0870210262
    11.640   -0.1314458111
    11.660   -0.0972452958
    11.680    0.0056222273
    11.700    0.0884888826
    11.720    0.1168297777
    11.740    0.0860088769
    11.760    0.0083586196
    11.780   -0.0454354373
    11.800   -0.0387210815
    11.820   -0.0204718569
    11.840   -0.0517339583
    11.860   -0.0654722582
    11.880   -0.0620125930
    11.900   -0.0684326019
    11.920   -0.0386629061
    11.940    0.0088673615
    11.960    0.0187260550
    11.980    0.0228036005
    12.000    0.0394081632
    12.020    0.0304348171
    12.040   -0.0264262656
    12.060   -0.0635083463
    12.080   -0.0442154216
    12.100    0.0435642658
    12.120    0.1386490442
    12.140    0.1529266739
    12.160    0.1396404749
    12.180    0.0406207964
    12.200   -0.0967259021
    12.220   -0.1430148162
    12.240   -0.1322475425
    12.260   -0.0823823743
    12.280   -0.0431804445
    12.300   -0.0652433670
    12.320   -0.0946287652
    12.340   -0.0451835482
    12.360    0.0401252851
    12.380    0.1054577864
    12.400    0.0979526878
    12.420    0.0606421038
    12.440    0.0582444963
    12.460    0.0362165469
    12.480   -0.0128472778
    12.500   -0.0318466550
    12.520    0.0011676977
    12.540    0.0314653988
    12.560    0.0333430342
    12.580    0.0285892087
    12.600   -0.0158451156
    12.620   -0.0642918766
    12.640   -0.0671553634
    12.660   -0.0071678311
    12.680    0.0354315877
    12.700    0.0343216290
    12.720   -0.0067986591
    12.740   -0.0478364810
    12.760   -0.0587327951
    12.780   -0.0665759231
    12.800   -0.0787388613
    12.820   -0.0856197483
    12.840   -0.0719687115
    12.860   -0.0268468599
    12.880    0.0010701151
    12.900    0.0105297515
    12.920    0.0410076456
    12.940    0.0469731721
    12.960    0.0392244515
    12.980    0.0387317300
    13.000    0.0334711697
    13.020    0.0151663894
    13.040    0.0009840040
    13.060   -0.0068100492
    13.080    0.0355875045
    13.100    0.0712919721
    13.120    0.0837501758
    13.140    0.0416267539
    13.160   -0.0668241040
    13.180   -0.1525088319
    13.200   -0.1713798660
    13.220   -0.1608415515
    13.240   -0.1088047071
    13.260   -0.0207783765
    13.280    0.0127152979
    13.300    0.0293235043
    13.320    0.0395674140
    13.340    0.0202739450
    13.360   -0.0047977259
    13.380   -0.0149515182
    13.400    0.0280425337
    13.420    0.0839223885
    13.440    0.1255188300
    13.460    0.1830878796
    13.480    0.1953694479
    13.500    0.1285635790
    13.520    0.0179128485
    13.540   -0.0827348285
    13.560   -0.1263579501
    13.580   -0.1228332373
    13.600   -0.1076691647
    13.620   -0.1014021469
    13.640   -0.0934768589
    13.660   -0.0569093206
    13.680    0.0304643436
    13.700    0.0655547924
    13.720    0.0567931740
    13.740    0.0311772164
    13.760   -0.0352512781
    13.780   -0.0321532391
    13.800    0.0490918782
    13.820    0.1280442192
    13.840    0.1711089253
    13.860    0.1662757431
    13.880    0.1166853599
    13.900    0.0309668325
    13.920   -0.0252284892
    13.940   -0.0236640175
    13.960   -0.0182125298
    13.980   -0.0186221831
    14.000   -0.0217764480
    14.020   -0.0266450526
    14.040   -0.0548430064
    14.060   -0.0782393016
    14.080   -0.0802801343
    14.100   -0.0555380830
    14.120   -0.0220656102
    14.140   -0.0105307789
    14.160   -0.0096565392
    14.180    0.0035021468
    14.200    0.0111186699
    14.220    0.0645479163
    14.240    0.1449956704
    14.260    0.1697622506
    14.280    0.1687705818
    14.300    0.1089118722
    14.320    0.0250154381
    14.340   -0.0467851398
    14.360   -0.0676584272
    14.380   -0.0356090736
    14.400   -0.0143475899
    14.420   -0.0108531283
    14.440   -0.0132057843
    14.460   -0.0170368023
    14.480   -0.0317083371
    14.500   -0.0525430382
    14.520   -0.0605420150
    14.540   -0.0433307818
    14.560    0.0032065456
    14.580    0.0569795052
    14.600    0.0857332754
    14.620    0.0903629459
    14.640    0.0802343764
    14.660    0.0454224754
    14.680   -0.0149185590
    14.700   -0.0988128327
    14.720   -0.1431547093
    14.740   -0.1305375270
    14.760   -0.1081177614
    14.780   -0.0662787525
    14.800   -0.0414849557
    14.820   -0.0252516131
    14.840   -0.0085327273
    14.860    0.0011698838
    14.880    0.0055803784
    14.900    0.0017841351
    14.920    0.0037826780
    14.940    0.0339378689
    14.960    0.0685385082
    14.980    0.0840676908
    15.000    0.0773606494
    15.020    0.0386348391
    15.040   -0.0341816339
    15.060   -0.1020158459
    15.080   -0.1311512261
    15.100   -0.1558695649
    15.120   -0.1631645858
    15.140   -0.1280024758
    15.160   -0.0603292496
    15.180    0.0202713458
    15.200    0.0620555951
    15.220    0.0506257006
    15.240    0.0134333419
    15.260   -0.0127071500
    15.280   -0.0195192200
    15.300   -0.0156397464
    15.320   -0.0096782342
    15.340   -0.0030052091
    15.360    0.0082969129
    15.380    0.0136478627
    15.400    0.0128705139
    15.420    0.0208240288
    15.440    0.0328236915
    15.460    0.0208796697
    15.480    0.0049136547
    15.500    0.0067666286
    15.520    0.0143661515
    15.540    0.0182526708
    15.560    0.0167605680
    15.580    0.0190648024
    15.600   -0.0042610530
    15.620   -0.0414607670
    15.640   -0.0552823835
    15.660   -0.0673067214
    15.680   -0.0632228107
    15.700   -0.0495505790
    15.720    0.0094336425
    15.740    0.1040223177
    15.760    0.1283239033
    15.780    0.1194927806
    15.800    0.1043807256
    15.820    0.0896261259
    15.840    0.0688579965
    15.860    0.0137074941
    15.880   -0.0628811410
    15.900   -0.1120186749
    15.920   -0.1151596684
    15.940   -0.0929305548
    15.960   -0.0593992262
    15.980   -0.0385544142
    16.000   -0.0185077647
    16.020    0.0164121281
    16.040    0.0411020189
    16.060    0.0227939794
    16.080    0.0012686608
    16.100    0.0105197290
    16.120    0.0679427040
    16.140    0.1238572599
    16.160    0.1350834726
    16.180    0.1280635430
    16.200    0.1036449263
    16.220    0.0575272722
    16.240    0.0086509865
    16.260   -0.0251933765
    16.280   -0.0488214818
    16.300   -0.0580491835
    16.320   -0.0284807167
    16.340   -0.0026490605
    16.360   -0.0011430054
    16.380   -0.0106719886
    16.400    0.0079066583
    16.420    0.0520015310
    16.440    0.0502252772
    16.460    0.0261741621
    16.480    0.0018731236
    16.500   -0.0184132723
    16.520   -0.0431446887
    16.540   -0.0680534754
    16.560   -0.0760767089
    16.580   -0.0705040191
    16.600   -0.0588309108
    16.620   -0.0358659638
    16.640   -0.0239669785
    16.660   -0.0063386484
    16.680    0.0034540178
    16.700    0.0017815138
    16.720   -0.0004220232
    16.740   -0.0090452386
    16.760   -0.0114501538
    16.780   -0.0079593189
    16.800    0.0093563373
    16.820    0.0347436895
    16.840    0.0470662187
    16.860    0.0299344477
    16.880    0.0164009864
    16.900    0.0140585706
    16.920    0.0211722577
    16.940    0.0248854485
    16.960    0.0100404865
    16.980   -0.0226896788
    17.000   -0.0509643085
    17.020   -0.0549415303
    17.040   -0.0275246471
    17.060    0.0153416300
    17.080    0.0417110232
    17.100    0.0670501374
    17.120    0.0753198848
    17.140    0.0568798587
    17.160    0.0302090898
    17.180   -0.0173833097
    17.200   -0.0970222562
    17.220   -0.1363949699
    17.240   -0.1499080868
    17.260   -0.1528797934
    17.280   -0.1243563093
    17.300   -0.0680986208
    17.320    0.0067753447
    17.340    0.0768721124
    17.360    0.1244266300
    17.380    0.1475694371
    17.400    0.1397345421
    17.420    0.1026050161
    17.440    0.0579242256
    17.460   -0.0032575262
    17.480   -0.0323928570
    17.500   -0.0433587809
    17.520   -0.0530094277
    17.540   -0.0567540162
    17.560   -0.0413474101
    17.580    0.0049818458
    17.600    0.0557009740
    17.620    0.0869184539
    17.640    0.0930991953
    17.660    0.0551366389
    17.680    0.0163684354
    17.700    0.0228884855
    17.720    0.0318344041
    17.740    0.0367828892
    17.760    0.0371196600
    17.780    0.0222954029
    17.800   -0.0034770600
    17.820   -0.0196307908
    17.840   -0.0174657623
    17.860   -0.0006568026
    17.880    0.0288876619
    17.900    0.0371748075
    17.920    0.0420053701
    17.940    0.0312860758
    17.960    0.0139461832
    17.980   -0.0247872138
    18.000   -0.0722688080
    18.020   -0.0845914732
    18.040   -0.0982049512
    18.060   -0.1030115633
    18.080   -0.0975223602
    18.100   -0.0592540940
    18.120   -0.0116549175
    18.140    0.0195242347
    18.160    0.0307673590
    18.180    0.0435130647
    18.200    0.0752437465
    18.220    0.0932542616
    18.240    0.0894201647
    18.260    0.0613434062
    18.280    0.0339121969
    18.300    0.0238799162
    18.320    0.0155898176
    18.340    0.0158984465
    18.360    0.0246639228
    18.380    0.0356121015
    18.400    0.0512208244
    18.420    0.0541254082
    18.440    0.0301093072
    18.460   -0.0147558244
    18.480   -0.0489538222
    18.500   -0.0642851745
    18.520   -0.0683557151
    18.540   -0.0735406372
    18.560   -0.0883581071
    18.580   -0.1108998708
    18.600   -0.1141553779
    18.620   -0.0870541624
    18.640   -0.0508786784
    18.660   -0.0032755630
    18.680    0.0239926573
    18.700    0.0323490996
    18.720    0.0210818886
    18.740    0.0018054300
    18.760   -0.0068906816
    18.780   -0.0128697042
    18.800   -0.0282803961
    18.820   -0.0494933562
    18.840   -0.0585749051
    18.860   -0.0486856032
    18.880   -0.0284690000
    18.900   -0.0063607585
    18.920    0.0015614908
    18.940    0.0000000163
    18.960    0.0033588378
    18.980    0.0224825847
    19.000    0.0423177140
    19.020    0.0550082108
    19.040    0.0654500427
    19.060    0.0564800476
    19.080    0.0262106731
    19.100   -0.0130814966
    19.120   -0.0406726439
    19.140   -0.0475335268
    19.160   -0.0388551910
    19.180   -0.0214008563
    19.200    0.0201674501
    19.220    0.0510551777
    19.240    0.0627044376
    19.260    0.0639957266
    19.280    0.0448201393
    19.300    0.0143664305
    19.320   -0.0007321183
    19.340    0.0017419777
    19.360   -0.0072142217
    19.380   -0.0292043809
    19.400   -0.0523292863
    19.420   -0.0644784801
    19.440   -0.0694687017
    19.460   -0.0728904339
    19.480   -0.0677445676
    19.500   -0.0642886106
    19.520   -0.0716558914
    19.540   -0.0721209541
    19.560   -0.0537057971
    19.580    0.0073123850
    19.600    0.0790117752
    19.620    0.1131513595
    19.640    0.1232914959
    19.660    0.1102550768
    19.680    0.0865199356
    19.700    0.0485534668
    19.720    0.0022899610
    19.740   -0.0193675592
    19.760   -0.0145445934
    19.780    0.0173662688
    19.800    0.0508564629
    19.820    0.0582069034
    19.840    0.0461591933
    19.860    0.0001038636
    19.880   -0.0529609823
    19.900   -0.0804412902
    19.920   -0.1011858434
    19.940   -0.1104827092
    19.960   -0.0984870167
    19.980   -0.0717884019
    20.000   -0.0497706248
    20.020   -0.0381247670
    20.040   -0.0341098162
    20.060   -0.0347031709
    20.080   -0.0461961057
    20.100   -0.0657953526
    20.120   -0.0739470822
    20.140   -0.0683989214
    20.160   -0.0539775883
    20.180   -0.0344303931
    20.200   -0.0087103050
    20.220    0.0133841411
    20.240    0.0250089197
    20.260    0.0384210871
    20.280    0.0573087234
    20.300    0.0786192105
    20.320    0.0854937698
    20.340    0.0798723284
    20.360    0.0755244512
    20.380    0.0570706807
    20.400    0.0397651422
    20.420    0.0345598078
    20.440    0.0440330708
    20.460    0.0489230675
    20.480    0.0467612233
    20.500    0.0454455074
    20.520    0.0515771230
    20.540    0.0639132945
    20.560    0.0687263364
    20.580    0.0710130025
    20.600    0.0686603703
    20.620    0.0641874331
    20.640    0.0590344905
    20.660    0.0492241846
    20.680    0.0400771119
    20.700    0.0437032403
    20.720    0.0356667387
    20.740    0.0172645946
    20.760   -0.0070467039
    20.780   -0.0443923972
    20.800   -0.0736142579
    20.820   -0.0906282732
    20.840   -0.0969752737
    20.860   -0.0864749943
    20.880   -0.0644331305
    20.900   -0.0319043234
    20.920   -0.0063019095
    20.940    0.0080575026
    20.960    0.0214903409
    20.980    0.0200746349
    21.000    0.0008989618
    21.020   -0.0267717796
    21.040   -0.0457013770
    21.060   -0.0458993433
    21.080   -0.0302285871
    21.100   -0.0115038895
    21.120    0.0008219444
    21.140    0.0018804017
    21.160   -0.0009373470
    21.180   -0.0040847272
    21.200   -0.0097896145
    21.220   -0.0178819135
    21.240   -0.0226603530
    21.260   -0.0220601295
    21.280   -0.0243401242
    21.300   -0.0225148771
    21.320   -0.0133678929
    21.340    0.0024314428
    21.360    0.0377083198
    21.380    0.0707647877
    21.400    0.0909261582
    21.420    0.0949173966
    21.440    0.0949903710
    21.460    0.0925367994
    21.480    0.0884943599
    21.500    0.0787399840
    21.520    0.0541441876
    21.540    0.0215007546
    21.560   -0.0084947432
    21.580   -0.0271919929
    21.600   -0.0432967271
    21.620   -0.0589262367
    21.640   -0.0770125158
    21.660   -0.0850983134
    21.680   -0.0809517706
    21.700   -0.0702362083
    21.720   -0.0536042113
    21.740   -0.0347617205
    21.760   -0.0225711950
    21.780   -0.0156689327
    21.800   -0.0122474897
    21.820   -0.0031384222
    21.840    0.0068380482
    21.860    0.0192402742
    21.880    0.0326175432
    21.900    0.0405469715
    21.920    0.0353384391
    21.940    0.0272079010
    21.960    0.0171516527
    21.980   -0.0002857003
    22.000   -0.0129342346
    22.020   -0.0202146198
    22.040   -0.0238304603
    22.060   -0.0289941637
    22.080   -0.0393038898
    22.100   -0.0471429013
    22.120   -0.0416220931
    22.140   -0.0289215907
    22.160   -0.0142742991
    22.180   -0.0049395581
    22.200   -0.0149368757
    22.220   -0.0266589636
    22.240   -0.0366738189
    22.260   -0.0479516750
    22.280   -0.0523173790
    22.300   -0.0402866793
    22.320   -0.0186786268
    22.340    0.0088290338
    22.360    0.0320370245
    22.380    0.0502485813
    22.400    0.0707258000
    22.420    0.0810666244
    22.440    0.0832425872
    22.460    0.0670130889
    22.480    0.0457588039
    22.500    0.0267945224
    22.520    0.0293901168
    22.540    0.0330928223
    22.560    0.0223043470
    22.580    0.0129939341
    22.600    0.0046240673
    22.620   -0.0004146379
    22.640   -0.0076567253
    22.660   -0.0146421579
    22.680   -0.0224672992
    22.700   -0.0269926147
    22.720   -0.0183037495
    22.740    0.0151063974
    22.760    0.0497346309
    22.780    0.0623071440
    22.800    0.0671515531
    22.820    0.0673009039
    22.840    0.0643549850
    22.860    0.0526817745
    22.880    0.0378367479
    22.900    0.0215548373
    22.920    0.0142745304
    22.940    0.0155236270
    22.960    0.0208607576
    22.980    0.0210759316
    23.000    0.0124633238
    23.020    0.0023270572
    23.040   -0.0163593553
    23.060   -0.0356151293
    23.080   -0.0576154538
    23.100   -0.0692510374
    23.120   -0.0763647280
    23.140   -0.0817781670
    23.160   -0.0825694200
    23.180   -0.0842388148
    23.200   -0.0847004755
    23.220   -0.0793494645
    23.240   -0.0644108810
    23.260   -0.0425769856
    23.280   -0.0224608421
    23.300   -0.0128831764
    23.320   -0.0148680382
    23.340   -0.0233247293
    23.360   -0.0228772450
    23.380   -0.0085282842
    23.400    0.0089227608
    23.420    0.0247361895
    23.440    0.0394703530
    23.460    0.0476217764
    23.480    0.0440928791
    23.500    0.0296192427
    23.520    0.0176647356
    23.540    0.0106759009
    23.560    0.0001754036
    23.580   -0.0054705019
    23.600   -0.0160993624
    23.620   -0.0266936409
    23.640   -0.0440372894
    23.660   -0.0501034491
    23.680   -0.0387945321
    23.700   -0.0290468175
    23.720   -0.0149201341
    23.740    0.0005843858
    23.760    0.0188753310
    23.780    0.0250002513
    23.800    0.0275335231
    23.820    0.0218878386
    23.840    0.0165300676
    23.860    0.0109154644
    23.880    0.0007446872
    23.900   -0.0124798918
    23.920   -0.0259786214
    23.940   -0.0316627528
    23.960   -0.0309687955
    23.980   -0.0248406671
    24.000   -0.0240598346
    24.020   -0.0333942864
    24.040   -0.0459421754
    24.060   -0.0567031212
    24.080   -0.0603121713
    24.100   -0.0613740588
    24.120   -0.0586017474
    24.140   -0.0393463136
    24.160   -0.0157115913
    24.180    0.0103872899
    24.200    0.0271826440
    24.220    0.0348969867
    24.240    0.0408725834
    24.260    0.0408797958
    24.280    0.0315973684
    24.300    0.0217528547
    24.320    0.0149548624
    24.340    0.0178557720
    24.360    0.0264650730
    24.380    0.0316946267
    24.400    0.0360669920
    24.420    0.0377084219
    24.440    0.0345229293
    24.460    0.0258651421
    24.480    0.0221555677
    24.500    0.0187548161
    24.520    0.0207570047
    24.540    0.0252890494
    24.560    0.0249906608
    24.580    0.0221070542
    24.600    0.0222007098
    24.620    0.0313272272
    24.640    0.0375908804
    24.660    0.0376498383
    24.680    0.0405127467
    24.700    0.0425255463
    24.720    0.0422341932
    24.740    0.0409295000
    24.760    0.0339061718
    24.780    0.0245300038
    24.800    0.0161255379
    24.820    0.0016516711
    24.840   -0.0144218434
    24.860   -0.0238885132
    24.880   -0.0216330713
    24.900   -0.0170907489
    24.920   -0.0054486946
    24.940    0.0114855694
    24.960    0.0220694886
    24.980    0.0324555537
    25.000    0.0381847795
    25.020    0.0455311715
    25.040    0.0504068456
    25.060    0.0563026298
    25.080    0.0593358117
    25.100    0.0548457961
    25.120    0.0373637583
    25.140    0.0152001107
    25.160   -0.0096524976
    25.180   -0.0375177019
    25.200   -0.0551631410
    25.220   -0.0663163794
    25.240   -0.0658306321
    25.260   -0.0615211302
    25.280   -0.0535571947
    25.300   -0.0508363907
    25.320   -0.0588557118
    25.340   -0.0670834097
    25.360   -0.0785242928
    25.380   -0.0879526146
    25.400   -0.0959931306
    25.420   -0.0923186928
    25.440   -0.0784665257
    25.460   -0.0404028599
    25.480    0.0069257025
    25.500    0.0429459399
    25.520    0.0643638304
    25.540    0.0566018076
    25.560    0.0453692331
    25.580    0.0358373184
    25.600    0.0333180733
    25.620    0.0284389155
    25.640    0.0206347888
    25.660    0.0148119415
    25.680    0.0091003317
    25.700   -0.0010740231
    25.720   -0.0156448087
    25.740   -0.0310174859
    25.760   -0.0447902351
    25.780   -0.0576122219
    25.800   -0.0752056434
    25.820   -0.0917200989
    25.840   -0.0935038713
    25.860   -0.0846377414
    25.880   -0.0707262762
    25.900   -0.0535006864
    25.920   -0.0342243298
    25.940   -0.0159365190
    25.960   -0.0061369466
    25.980   -0.0031177308
    26.000   -0.0044815512
    26.020   -0.0024444428
    26.040    0.0000920896
    26.060    0.0126401224
    26.080    0.0271104249
    26.100    0.0391414410
    26.120    0.0508010092
    26.140    0.0561800192
    26.160    0.0587618828
    26.180    0.0585886155
    26.200    0.0502918216
    26.220    0.0397811319
    26.240    0.0310469240
    26.260    0.0296101728
    26.280    0.0289162393
    26.300    0.0244051343
    26.320    0.0238291539
    26.340    0.0254185151
    26.360    0.0280281328
    26.380    0.0279484495
    26.400    0.0276604917
    26.420    0.0302075453
    26.440    0.0327477370
    26.460    0.0374637451
    26.480    0.0390427811
    26.500    0.0406599542
    26.520    0.0399245291
    26.540    0.0318359419
    26.560    0.0190834729
    26.580    0.0113172997
    26.600    0.0018406482
    26.620   -0.0137124135
    26.640   -0.0245147965
    26.660   -0.0279086522
    26.680   -0.0270446017
    26.700   -0.0229742618
    26.720   -0.0139727602
    26.740   -0.0092151379
    26.760   -0.0045547127
    26.780    0.0013480508
    26.800    0.0001129137
    26.820   -0.0098461841
    26.840   -0.0200343544
    26.860   -0.0276965162
    26.880   -0.0246776161
    26.900   -0.0141352464
    26.920    0.0037357226
    26.940    0.0223322677
    26.960    0.0308931131
    26.980    0.0354322001
    27.000    0.0320698136
    27.020    0.0312441385
    27.040    0.0280343892
    27.060    0.0266498155
    27.080    0.0272397715
    27.100    0.0317995805
    27.120    0.0429421636
    27.140    0.0521554746
    27.160    0.0581173950
    27.180    0.0542208362
    27.200    0.0496023925
    27.220    0.0374569750
    27.240    0.0247705198
    27.260    0.0111677618
    27.280   -0.0043052323
    27.300   -0.0178213158
    27.320   -0.0340404480
    27.340   -0.0473762832
    27.360   -0.0567074418
    27.380   -0.0573702668
    27.400   -0.0543097322
    27.420   -0.0407625946
    27.440   -0.0260597165
    27.460   -0.0109090413
    27.480   -0.0046210803
    27.500    0.0014586997
    27.520    0.0109287699
    27.540    0.0168593130
    27.560    0.0255937251
    27.580    0.0276516735
    27.600    0.0378990398
    27.620    0.0425838918
    27.640    0.0424974112
    27.660    0.0314349775
    27.680    0.0217015243
    27.700    0.0132900467
    27.720    0.0006903228
    27.740   -0.0084325874
    27.760   -0.0178120792
    27.780   -0.0256128549
    27.800   -0.0341977256
    27.820   -0.0428210840
    27.840   -0.0526483322
    27.860   -0.0622673398
    27.880   -0.0729587474
    27.900   -0.0813808054
    27.920   -0.0855866802
    27.940   -0.0790732846
    27.960   -0.0686839807
    27.980   -0.0494145303
    28.000   -0.0302665372
    28.020   -0.0109273274
    28.040   -0.0007424738
    28.060    0.0060834967
    28.080    0.0128433348
    28.100    0.0248432084
    28.120    0.0342648144
    28.140    0.0328946519
    28.160    0.0306358385
    28.180    0.0190213545
    28.200    0.0119980433
    28.220    0.0036490481
    28.240   -0.0077084299
    28.260   -0.0181082939
    28.280   -0.0255585375
    28.300   -0.0298788817
    28.320   -0.0255933032
    28.340   -0.0160816070
    28.360   -0.0025273533
    28.380    0.0101005636
    28.400    0.0168292421
    28.420    0.0206951925
    28.440    0.0152299741
    28.460    0.0117392038
    28.480    0.0143176074
    28.500    0.0181591004
    28.520    0.0181765836
    28.540    0.0165458124
    28.560    0.0096266079
    28.580    0.0058061465
    28.600    0.0008926714
    28.620   -0.0089137929
    28.640   -0.0170059864
    28.660   -0.0241717694
    28.680   -0.0217565970
    28.700   -0.0170892520
    28.720   -0.0110581743
    28.740   -0.0006407527
    28.760    0.0039433815
    28.780    0.0062303640
    28.800    0.0203399213
    28.820    0.0310800703
    28.840    0.0381766825
    28.860    0.0381283732
    28.880    0.0318442667
    28.900    0.0288462417
    28.920    0.0200636938
    28.940    0.0074013899
    28.960   -0.0032239169
    28.980   -0.0123051378
    29.000   -0.0218859946
    29.020   -0.0251999663
    29.040   -0.0255711761
    29.060   -0.0241275289
    29.080   -0.0246895948
    29.100   -0.0184989227
    29.120   -0.0148516777
    29.140   -0.0153165091
    29.160   -0.0108503692
    29.180   -0.0049406263
    29.200   -0.0033059989
    29.220   -0.0080668106
    29.240   -0.0137264402
    29.260   -0.0143336822
    29.280   -0.0133654026
    29.300   -0.0144583782
    29.320   -0.0125740305
    29.340   -0.0090656476
    29.360   -0.0057654135
    29.380   -0.0087946219
    29.400   -0.0145930457
    29.420   -0.0175114146
    29.440   -0.0165189054
    29.460   -0.0105987114
    29.480    0.0036010075
    29.500    0.0141017938
    29.520    0.0239119399
    29.540    0.0264245782
    29.560    0.0228401863
    29.580    0.0165005819
    29.600    0.0058267052
    29.620   -0.0019844141
    29.640   -0.0138311865
    29.660   -0.0269204126
    29.680   -0.0347801937
    29.700   -0.0365013341
    29.720   -0.0352347781
    29.740   -0.0283709320
    29.760   -0.0167425540
    29.780   -0.0137544971
    29.800   -0.0089796399
    29.820   -0.0010259297
    29.840    0.0037454730
    29.860    0.0171090010
    29.880    0.0314787553
    29.900    0.0450958429
    29.920    0.0563426721
    29.940    0.0642998715
    29.960    0.0681416230
    29.980    0.0621283313
    30.000    0.0495564306
    30.020    0.0369462565
    30.040    0.0242423181
    30.060    0.0221048599
    30.080    0.0244647317
    30.100    0.0248290966
    30.120    0.0202592549
    30.140    0.0122781220
    30.160    0.0025516886
    30.180   -0.0062172252
    30.200   -0.0119565585
    30.220   -0.0203681007
    30.240   -0.0275407491
    30.260   -0.0289565674
    30.280   -0.0238034445
    30.300   -0.0157527393
    30.320   -0.0066331995
    30.340    0.0048981923
    30.360    0.0093783487
    30.380    0.0124357602
    30.400    0.0090735064
    30.420    0.0011895536
    30.440   -0.0087590022
    30.460   -0.0153903476
    30.480   -0.0238606333
    30.500   -0.0304816329
    30.520   -0.0225002721
    30.540   -0.0219207025
    30.560   -0.0170866970
    30.580   -0.0145567932
    30.600   -0.0161042852
    30.620   -0.0216806730
    30.640   -0.0302100254
    30.660   -0.0380178060
    30.680   -0.0406134479
    30.700   -0.0397115596
    30.720   -0.0336249534
    30.740   -0.0251469144
    30.760   -0.0106487218
    30.780   -0.0021674542
    30.800    0.0063587104
    30.820    0.0169462971
    30.840    0.0241156421
    30.860    0.0236162185
    30.880    0.0165963331
    30.900    0.0079524059
    30.920    0.0051313463
    30.940    0.0029141473
    30.960   -0.0047407650
    30.980   -0.0043450399
    31.000   -0.0082904115
    31.020   -0.0129506530
    31.040   -0.0217923901
    31.060   -0.0243601215
    31.080   -0.0269349190
    31.100   -0.0236798678
    31.120   -0.0097716448
    31.140    0.0036960919
    31.160    0.0101888064
    31.180    0.0130067837
    31.200    0.0186250068
    31.220    0.0161197884
    31.240    0.0195136202
    31.260    0.0243130335
    31.280    0.0266415961
    31.300    0.0276689594
    31.320    0.0232168633
    31.340    0.0265865676
    31.360    0.0378263716
    31.380    0.0480042370
    31.400    0.0520852899
    31.420    0.0555001499
    31.440    0.0520060558
    31.460    0.0437196042
    31.480    0.0316404216
    31.500    0.0230832811
    31.520    0.0139362866
    31.540    0.0095847726
    31.560    0.0068019217
    31.580    0.0086758250
    31.600    0.0122260091
    31.620    0.0066219352
    31.640   -0.0027054457
    31.660   -0.0135182949
    31.680   -0.0227694267
    31.700   -0.0371702827
    31.720   -0.0449224054
    31.740   -0.0506966337
    31.760   -0.0552389731
    31.780   -0.0526640838
    31.800   -0.0468793771
    31.820   -0.0346957544
    31.840   -0.0313331434
    31.860   -0.0242539464
    31.880   -0.0220746393
    31.900   -0.0202770375
    31.920   -0.0128162339
    31.940   -0.0112267434
    31.960   -0.0022217921
    31.980    0.0041565279
    32.000    0.0126132733
    32.020    0.0239572520
    32.040    0.0271950139
    32.060    0.0253942380
    32.080    0.0202690154
    32.100    0.0175139083
    32.120    0.0157755569
    32.140    0.0149256183
    32.160    0.0143705470
    32.180    0.0155261581
    32.200    0.0140584107
    32.220    0.0117404727
    32.240    0.0097764962
    32.260    0.0096829223
    32.280    0.0131392773
    32.300    0.0197187955
    32.320    0.0264718193
    32.340    0.0270792109
    32.360    0.0242582262
    32.380    0.0232486046
    32.400    0.0183421486
    32.420    0.0086502279
    32.440    0.0036742337
    32.460   -0.0019958373
    32.480   -0.0089116326
    32.500   -0.0158588090
    32.520   -0.0120832753
    32.540   -0.0108964060
    32.560   -0.0092930997
    32.580   -0.0022070305
    32.600    0.0076620700
    32.620    0.0108999033
    32.640    0.0092274874
    32.660    0.0092240683
    32.680    0.0015241704
    32.700   -0.0102740861
    32.720   -0.0197021662
    32.740   -0.0256255514
    32.760   -0.0332284390
    32.780   -0.0363828060
    32.800   -0.0391206544
    32.820   -0.0387561228
    32.840   -0.0416293055
    32.860   -0.0438155085
    32.880   -0.0438224487
    32.900   -0.0427328003
    32.920   -0.0387248238
    32.940   -0.0360667879
    32.960   -0.0251637751
    32.980   -0.0165020788
    33.000   -0.0076741269
    33.020    0.0012061182
    33.040    0.0076466892
    33.060    0.0126646922
    33.080    0.0168358183
    33.100    0.0221002535
    33.120    0.0240159513
    33.140    0.0186825868
    33.160    0.0122698686
    33.180    0.0115863284
    33.200    0.0118987063
    33.220    0.0114026065
    33.240    0.0121695722
    33.260    0.0109205471
    33.280    0.0158446461
    33.300    0.0243915838
    33.320    0.0303463667
    33.340    0.0393931260
    33.360    0.0409860424
    33.380    0.0416454653
    33.400    0.0402678998
    33.420    0.0357222604
    33.440    0.0351150593
    33.460    0.0398240320
    33.480    0.0445052779
    33.500    0.0474272462
    33.520    0.0560193736
    33.540    0.0593195498
    33.560    0.0652606155
    33.580    0.0660036612
    33.600    0.0567595275
    33.620    0.0496352565
    33.640    0.0282631851
    33.660    0.0107286806
    33.680   -0.0037587138
    33.700   -0.0171256235
    33.720   -0.0310509316
    33.740   -0.0423012480
    33.760   -0.0470725806
    33.780   -0.0530273566
    33.800   -0.0556680420
    33.820   -0.0601931669
    33.840   -0.0684242328
    33.860   -0.0700934916
    33.880   -0.0662347297
    33.900   -0.0627164128
    33.920   -0.0503628568
    33.940   -0.0370963558
    33.960   -0.0287125881
    33.980   -0.0258149275
    34.000   -0.0295105670
    34.020   -0.0329493231
    34.040   -0.0323524438
    34.060   -0.0337543375
    34.080   -0.0333137050
    34.100   -0.0297775409
    34.120   -0.0201515658
    34.140   -0.0133673213
    34.160   -0.0104490476
    34.180   -0.0050876365
    34.200    0.0015505538
    34.220    0.0100212410
    34.240    0.0195327602
    34.260    0.0305401179
    34.280    0.0351345532
    34.300    0.0434838069
    34.320    0.0504864540
    34.340    0.0582214302
    34.360    0.0627360428
    34.380    0.0680352403
    34.400    0.0698919530
    34.420    0.0645236935
    34.440    0.0607552906
    34.460    0.0562720111
    34.480    0.0539541140
    34.500    0.0496234513
    34.520    0.0493806797
    34.540    0.0426697940
    34.560    0.0342098370
    34.580    0.0247119056
    34.600    0.0191597643
    34.620    0.0249130937
    34.640    0.0245384681
    34.660    0.0218594653
    34.680    0.0200690317
    34.700    0.0169008454
    34.720    0.0104708515
    34.740    0.0019654228
    34.760    0.0001506140
    34.780   -0.0089793712
    34.800   -0.0135009001
    34.820   -0.0136501693
    34.840   -0.0174290301
    34.860   -0.0155310129
    34.880   -0.0195596944
    34.900   -0.0239008457
    34.920   -0.0305078459
    34.940   -0.0338080664
    34.960   -0.0347969319
    34.980   -0.0438921571
    35.000   -0.0508914021
    35.020   -0.0522832223
    35.040   -0.0512526337
    35.060   -0.0488479499
    35.080   -0.0432403549
    35.100   -0.0418073357
    35.120   -0.0365745125
    35.140   -0.0292838600
    35.160   -0.0271150789
    35.180   -0.0254113606
    35.200   -0.0231349449
    35.220   -0.0233603830
    35.240   -0.0264106399
    35.260   -0.0267021597
    35.280   -0.0305783231
    35.300   -0.0316402379
    35.320   -0.0283263955
    35.340   -0.0248182304
    35.360   -0.0212823044
    35.380   -0.0147654557
    35.400   -0.0084082898
    35.420   -0.0045911489
    35.440   -0.0052019222
    35.460   -0.0036786223
    35.480    0.0032545477
    35.500    0.0082827365
    35.520    0.0141611327
    35.540    0.0111595356
    35.560    0.0039001956
    35.580   -0.0083285079
    35.600   -0.0156053072
    35.620   -0.0183744819
    35.640   -0.0239821790
    35.660   -0.0310093277
    35.680   -0.0385916328
    35.700   -0.0483011014
    35.720   -0.0597318465
    35.740   -0.0665544901
    35.760   -0.0686021609
    35.780   -0.0623805267
    35.800   -0.0531607517
    35.820   -0.0397006050
    35.840   -0.0298039273
    35.860   -0.0249732933
    35.880   -0.0157915637
    35.900   -0.0133520188
    35.920   -0.0115512497
    35.940   -0.0076057317
    35.960   -0.0077030615
    35.980   -0.0105971839
    36.000   -0.0111286414
    36.020   -0.0056474774
    36.040    0.0005066816
    36.060    0.0068300942
    36.080    0.0100177198
    36.100    0.0158165859
    36.120    0.0244910739
    36.140    0.0308405647
    36.160    0.0369030503
    36.180    0.0494122509
    36.200    0.0618963443
    36.220    0.0772465101
    36.240    0.0870457593
    36.260    0.0908971046
    36.280    0.0907094125
    36.300    0.0833181131
    36.320    0.0709105663
    36.340    0.0582977386
    36.360    0.0480722783
    36.380    0.0340671543
    36.400    0.0258416065
    36.420    0.0191501330
    36.440    0.0146937673
    36.460    0.0065037236
    36.480   -0.0021175306
    36.500   -0.0120517994
    36.520   -0.0191107881
    36.540   -0.0248951546
    36.560   -0.0304497385
    36.580   -0.0291973046
    36.600   -0.0345177582
    36.620   -0.0342847505
    36.640   -0.0338066375
    36.660   -0.0314690696
    36.680   -0.0250195920
    36.700   -0.0220383358
    36.720   -0.0210018515
    36.740   -0.0164745391
    36.760   -0.0130133838
    36.780   -0.0125109697
    36.800   -0.0073011616
    36.820   -0.0039145455
    36.840    0.0009025775
    36.860    0.0047878394
    36.880    0.0073571528
    36.900    0.0103776824
    36.920    0.0099079419
    36.940    0.0059276105
    36.960    0.0051350409
    36.980    0.0046870940
    37.000    0.0039439360
    37.020    0.0062476771
    37.040    0.0059399498
    37.060    0.0068330574
    37.080    0.0063314088
    37.100    0.0073136778
    37.120    0.0083227074
    37.140    0.0082223702
    37.160    0.0062279383
    37.180    0.0029046076
    37.200    0.0022627023
    37.220    0.0053432611
    37.240    0.0092093170
    37.260    0.0165665548
    37.280    0.0234247467
    37.300    0.0268299788
    37.320    0.0275372620
    37.340    0.0255996072
    37.360    0.0260007485
    37.380    0.0254826543
    37.400    0.0243762439
    37.420    0.0250928760
    37.440    0.0242192181
    37.460    0.0223739022
    37.480    0.0202632591
    37.500    0.0188214048
    37.520    0.0198042317
    37.540    0.0193602958
    37.560    0.0175661845
    37.580    0.0147944005
    37.600    0.0121314520
    37.620    0.0093913004
    37.640    0.0048470933
    37.660    0.0012535628
    37.680   -0.0005064911
    37.700   -0.0025553411
    37.720   -0.0027191561
    37.740   -0.0028072217
    37.760   -0.0022005897
    37.780   -0.0016950791
    37.800   -0.0003880307
    37.820    0.0001864492
    37.840   -0.0024402212
    37.860   -0.0037508584
    37.880   -0.0038376588
    37.900   -0.0046453778
    37.920   -0.0045576521
    37.940   -0.0051515818
    37.960   -0.0069836465
    37.980   -0.0081882134
    38.000   -0.0098292350
    38.020   -0.0100575410
    38.040   -0.0123632417
    38.060   -0.0147435566
    38.080   -0.0156309180
    38.100   -0.0163676359
    38.120   -0.0162790324
    38.140   -0.0155380109
    38.160   -0.0142627321
    38.180   -0.0132146365
    38.200   -0.0122742470
    38.220   -0.0112573144
    38.240   -0.0106156333
    38.260   -0.0105194194
    38.280   -0.0104792410
    38.300   -0.0097542875
    38.320   -0.0079237775
    38.340   -0.0064126366
    38.360   -0.0041789679
    38.380   -0.0025852969
    38.400   -0.0016959116
    38.420   -0.0005535862
    38.440    0.0002261298
    38.460    0.0010780191
    38.480    0.0014097756
    38.500    0.0016915781
    38.520    0.0017765818
    38.540    0.0019548049
    38.560    0.0019334175
    38.580    0.0016198373
    38.600    0.0013880159
    38.620    0.0011690707
    38.640    0.0008889108
    38.660    0.0006441353
    38.680    0.0004659347
    38.700    0.0003209175
    38.720    0.0004648970
    38.740    0.0005860699
    38.760    0.0005717557
    38.780    0.0004006139
    38.800    0.0000984335
    38.820   -0.0001509335
    38.840   -0.0004801751
    38.860   -0.0008231216
    38.880   -0.0009993524
    38.900   -0.0011651396
    38.920   -0.0014024914
    38.940   -0.0014030095
    38.960   -0.0013821848
    38.980   -0.0014628577
    39.000   -0.0015313556
    39.020   -0.0015357082
    39.040   -0.0015382822
    39.060   -0.0015224242
    39.080   -0.0014408800
    39.100   -0.0012783962
    39.120   -0.0011138592
    39.140   -0.0009879589
    39.160   -0.0008402476
    39.180   -0.0007297705
    39.200   -0.0006140924
    39.220   -0.0005155300
    39.240   -0.0004300861
    39.260   -0.0003444186
    39.280   -0.0002744414
    39.300   -0.0001999788
    39.320   -0.0001592890
    39.340   -0.0001148680
    39.360   -0.0000742350
    39.380   -0.0000464200
    39.400   -0.0000147889
    39.420    0.0000279520
    39.440    0.0000643501
    39.460    0.0000854788
    39.480    0.0001069352
    39.500    0.0001225261
    39.520    0.0001339189
    39.540    0.0001381274
    39.560    0.0001414458
    39.580    0.0001433100
    39.600    0.0001439323
    39.620    0.0001438908
    39.640    0.0001408117
    39.660    0.0001391885
    39.680    0.0001384184
    39.700    0.0001378082
    39.720    0.0001363224
    39.740    0.0001349955
    39.760    0.0001336308
    39.780    0.0001324580
    39.800    0.0001316934
    39.820    0.0001310640
    39.840    0.0001307060
    39.860    0.0001305787
    39.880    0.0001306619
    39.900    0.0001310218
    39.920    0.0001317064
    39.940    0.0001327612
    39.960    0.0001342351
    39.980    0.0001361829
