  -0.0000585336
  -0.0000571092
  -0.0000556615
  -0.0000542210
  -0.0000527601
  -0.0000512977
  -0.0000498317
  -0.0000483596
  -0.0000468813
  -0.0000453970
  -0.0000438909
  -0.0000423968
  -0.0000409131
  -0.0000394259
  -0.0000379330
  -0.0000364142
  -0.0000348578
  -0.0000333361
  -0.0000317770
  -0.0000301930
  -0.0000287103
  -0.0000271434
  -0.0000253455
  -0.0000234818
  -0.0000222390
  -0.0000212215
  -0.0000193889
  -0.0000172949
  -0.0000160753
  -0.0000157152
  -0.0000154518
  -0.0000145664
  -0.0000132147
  -0.0000114817
  -0.0000094686
  -0.0000072875
  -0.0000054188
  -0.0000025947
   0.0000027992
   0.0000079943
   0.0000109378
   0.0000124903
   0.0000137772
   0.0000114823
   0.0000070181
   0.0000051744
   0.0000065999
   0.0000087411
   0.0000099786
   0.0000106411
   0.0000115240
   0.0000140923
   0.0000222797
   0.0000338334
   0.0000436767
   0.0000530732
   0.0000621588
   0.0000648202
   0.0000571521
   0.0000370078
   0.0000219152
   0.0000292931
   0.0000499111
   0.0000432231
   0.0000100969
  -0.0000065182
   0.0000141075
   0.0000338716
   0.0000347048
   0.0000462795
   0.0000629853
   0.0000422884
   0.0000176225
   0.0000260939
   0.0000552337
   0.0000460290
   0.0000091848
   0.0000034060
   0.0000453751
   0.0000944402
   0.0001424605
   0.0001678095
   0.0001129582
  -0.0000290935
  -0.0001557238
  -0.0001944127
  -0.0001555598
  -0.0000967341
  -0.0000554143
  -0.0000273986
   0.0000064933
   0.0000184409
  -0.0000667522
  -0.0002064352
  -0.0002963170
  -0.0003025668
  -0.0003793537
  -0.0005264601
  -0.0005658931
  -0.0003666458
  -0.0000539759
   0.0002415525
   0.0004746701
   0.0005360786
   0.0005469433
   0.0006843030
   0.0008634655
   0.0009524153
   0.0009598500
   0.0009082335
   0.0008636441
   0.0007707520
   0.0004826747
   0.0000796008
  -0.0001533722
  -0.0000955602
   0.0000774279
   0.0001005498
   0.0000280079
   0.0001570088
   0.0005869052
   0.0009609576
   0.0008156401
   0.0001521502
  -0.0005504921
  -0.0007472544
  -0.0004281077
  -0.0000078198
   0.0003962326
   0.0007657790
   0.0011157650
   0.0013335722
   0.0012744680
   0.0008687557
   0.0001123839
  -0.0007076544
  -0.0013192079
  -0.0018363490
  -0.0020806282
  -0.0017523281
  -0.0009187637
  -0.0002117708
  -0.0002009279
  -0.0009022033
  -0.0021499281
  -0.0034218540
  -0.0040280917
  -0.0041627020
  -0.0046318759
  -0.0053528811
  -0.0057771336
  -0.0055317413
  -0.0043869271
  -0.0031280292
  -0.0021980588
  -0.0013545911
   0.0000887234
   0.0021004320
   0.0039815585
   0.0050084987
   0.0055498265
   0.0061568589
   0.0060669811
   0.0049255179
   0.0033166897
   0.0020869400
   0.0017206406
   0.0019075995
   0.0028935131
   0.0046590981
   0.0055003879
   0.0046553160
   0.0030052869
   0.0019697536
   0.0018996367
   0.0018161469
   0.0006518322
  -0.0007860881
  -0.0007718211
   0.0009377316
   0.0030428494
   0.0042543681
   0.0041898421
   0.0033550529
   0.0022314983
   0.0011343099
   0.0012709762
   0.0024401514
   0.0041526841
   0.0060206717
   0.0076012757
   0.0079780731
   0.0064548107
   0.0035297964
   0.0006425866
  -0.0012689669
  -0.0025314849
  -0.0039391914
  -0.0063446693
  -0.0092158408
  -0.0114867187
  -0.0127841236
  -0.0132084541
  -0.0128084302
  -0.0106954280
  -0.0074578529
  -0.0046536446
  -0.0030065681
  -0.0015622480
  -0.0002104265
   0.0002399907
  -0.0001022819
  -0.0004550663
  -0.0010773742
  -0.0023270738
  -0.0028927596
  -0.0019211831
  -0.0014490899
  -0.0024546290
  -0.0039852236
  -0.0046708818
  -0.0045588514
  -0.0043698336
  -0.0042462803
  -0.0029812965
  -0.0013509412
  -0.0019469976
  -0.0047174684
  -0.0078785635
  -0.0096404710
  -0.0103610286
  -0.0096938766
  -0.0069562147
  -0.0023028063
   0.0031132498
   0.0081300929
   0.0122170334
   0.0158213757
   0.0179776402
   0.0180749959
   0.0165902775
   0.0142618937
   0.0120237860
   0.0098232612
   0.0086060036
   0.0085707408
   0.0103207825
   0.0131182047
   0.0151643524
   0.0141972712
   0.0100095481
   0.0056138186
   0.0019426700
  -0.0016123451
  -0.0046528048
  -0.0048665090
  -0.0025446936
  -0.0003941768
   0.0005586927
  -0.0003104275
  -0.0029894849
  -0.0060745043
  -0.0086284458
  -0.0093647458
  -0.0077037174
  -0.0042717079
   0.0005086435
   0.0052186014
   0.0084410892
   0.0094453777
   0.0092514999
   0.0089394565
   0.0079009687
   0.0057370414
   0.0039580465
   0.0034836615
   0.0037636985
   0.0029657266
  -0.0007510583
  -0.0068451309
  -0.0135025766
  -0.0177215094
  -0.0182915911
  -0.0147830317
  -0.0089840740
  -0.0042973266
  -0.0024600661
  -0.0016836534
   0.0008104162
   0.0035982893
   0.0046405920
   0.0043054555
   0.0041208728
   0.0046220263
   0.0046482794
   0.0042496250
   0.0030137402
   0.0002375611
  -0.0021122691
  -0.0007946237
   0.0042775392
   0.0090890843
   0.0096143576
   0.0062087573
   0.0022519283
  -0.0014727559
  -0.0071168625
  -0.0146843085
  -0.0214429188
  -0.0231043620
  -0.0190065926
  -0.0120533797
  -0.0059797542
  -0.0023287226
  -0.0003313101
   0.0018281674
   0.0034553489
   0.0020188799
  -0.0023252813
  -0.0063190116
  -0.0075584445
  -0.0062695792
  -0.0032456014
  -0.0012438392
  -0.0010259215
  -0.0015294218
  -0.0021712677
  -0.0020403367
  -0.0015225228
  -0.0012452923
  -0.0004230901
   0.0022402740
   0.0058588927
   0.0090952893
   0.0093309881
   0.0051549542
  -0.0019456651
  -0.0067715109
  -0.0068597460
  -0.0028594227
   0.0027543713
   0.0073327308
   0.0098201834
   0.0101803492
   0.0069355999
   0.0008120447
  -0.0055485268
  -0.0103966344
  -0.0130210708
  -0.0137607874
  -0.0121366603
  -0.0073735169
   0.0002351450
   0.0091571460
   0.0190323118
   0.0282015187
   0.0324770807
   0.0297247565
   0.0229646165
   0.0166514239
   0.0121499942
   0.0085879595
   0.0045458747
   0.0004564828
  -0.0021398856
  -0.0047233654
  -0.0076534082
  -0.0108859282
  -0.0125088131
  -0.0107474004
  -0.0063140797
  -0.0021952273
  -0.0005965568
   0.0009071892
   0.0041102389
   0.0102695904
   0.0189186347
   0.0272623538
   0.0336815279
   0.0371676287
   0.0361944616
   0.0306311102
   0.0212084971
   0.0099799256
   0.0008132779
  -0.0043618382
  -0.0066924724
  -0.0057196769
  -0.0024116644
   0.0015798882
   0.0045154514
   0.0060245113
   0.0071944945
   0.0084645765
   0.0095507720
   0.0094666496
   0.0082662657
   0.0054478427
   0.0011312737
  -0.0030572510
  -0.0048353116
  -0.0039253257
  -0.0029707304
  -0.0047727609
  -0.0078901418
  -0.0093054557
  -0.0081479009
  -0.0058257611
  -0.0038101270
  -0.0024656325
  -0.0002230500
   0.0012448402
  -0.0004719828
  -0.0029475305
  -0.0023619055
   0.0010360675
   0.0038682427
   0.0062482971
   0.0099922514
   0.0147156763
   0.0171422125
   0.0157013581
   0.0112429259
   0.0045185621
  -0.0033280668
  -0.0119074437
  -0.0186584609
  -0.0215867913
  -0.0234072602
  -0.0260336163
  -0.0297834183
  -0.0321517608
  -0.0311852668
  -0.0283031555
  -0.0250506757
  -0.0205609168
  -0.0142267602
  -0.0070508807
  -0.0000487851
   0.0057413369
   0.0104377429
   0.0146426354
   0.0190235362
   0.0236275143
   0.0273368258
   0.0270940063
   0.0217697375
   0.0121762350
   0.0030782149
  -0.0010988783
  -0.0028978784
  -0.0045502975
  -0.0074397020
  -0.0108157024
  -0.0133827643
  -0.0124692405
  -0.0077267612
  -0.0017180617
   0.0030839045
   0.0044343247
   0.0007705623
  -0.0065264924
  -0.0145926917
  -0.0211572475
  -0.0234073628
  -0.0200223773
  -0.0130512209
  -0.0063005486
  -0.0020759673
  -0.0030643204
  -0.0087487530
  -0.0148592347
  -0.0175214204
  -0.0172614602
  -0.0153380569
  -0.0113493407
  -0.0054370220
   0.0032965800
   0.0150644897
   0.0251489451
   0.0286992516
   0.0259476460
   0.0224737211
   0.0218934059
   0.0246186475
   0.0267961797
   0.0247799933
   0.0186600235
   0.0094476856
  -0.0018983066
  -0.0126482034
  -0.0208142285
  -0.0258453727
  -0.0265938506
  -0.0228785641
  -0.0179175082
  -0.0154754657
  -0.0158807378
  -0.0176924700
  -0.0184572570
  -0.0164725452
  -0.0120732204
  -0.0076533179
  -0.0060930043
  -0.0066894110
  -0.0064130636
  -0.0025298628
   0.0053813065
   0.0142591218
   0.0201295354
   0.0224317934
   0.0220348966
   0.0185678563
   0.0130331419
   0.0071309253
   0.0027320872
   0.0011366124
   0.0013204947
   0.0009353402
  -0.0002794956
  -0.0031026734
  -0.0084568254
  -0.0153536699
  -0.0202587948
  -0.0217234979
  -0.0214846001
  -0.0215285195
  -0.0244837477
  -0.0293358880
  -0.0325361121
  -0.0331443108
  -0.0322302162
  -0.0312572134
  -0.0292126508
  -0.0268603854
  -0.0254831967
  -0.0240634642
  -0.0219033232
  -0.0186972656
  -0.0139193079
  -0.0081887014
  -0.0025099379
   0.0018529516
   0.0054007243
   0.0081664892
   0.0106735751
   0.0126775117
   0.0134847953
   0.0138771461
   0.0137832933
   0.0118623518
   0.0087797758
   0.0068849253
   0.0064378199
   0.0075479441
   0.0104794899
   0.0129704372
   0.0141156394
   0.0141120565
   0.0154047101
   0.0177924354
   0.0191300802
   0.0190385887
   0.0171696298
   0.0141174134
   0.0118732834
   0.0106070061
   0.0092212491
   0.0085904296
   0.0092446173
   0.0109065615
   0.0130619493
   0.0171003998
   0.0220509737
   0.0252017757
   0.0254622739
   0.0231204596
   0.0185322301
   0.0125104557
   0.0041263920
  -0.0062267788
  -0.0139739618
  -0.0162016103
  -0.0141138757
  -0.0091162470
  -0.0022043048
   0.0029595462
   0.0030453605
  -0.0012304991
  -0.0067723158
  -0.0098380879
  -0.0088266930
  -0.0042261151
   0.0018976919
   0.0076421707
   0.0113936872
   0.0119512542
   0.0096410254
   0.0090664922
   0.0111759175
   0.0129689342
   0.0119971386
   0.0085368762
   0.0043257151
   0.0026347417
   0.0048377612
   0.0067154526
   0.0063399919
   0.0067484630
   0.0106952166
   0.0168505355
   0.0220335825
   0.0241833135
   0.0241028254
   0.0226205504
   0.0186069526
   0.0107154392
   0.0000172692
  -0.0094882212
  -0.0163493942
  -0.0202145160
  -0.0217029652
  -0.0218177840
  -0.0202552344
  -0.0161504592
  -0.0113289168
  -0.0075503649
  -0.0050150301
  -0.0040453413
  -0.0045570014
  -0.0065753376
  -0.0083771648
  -0.0076284651
  -0.0059208870
  -0.0075809709
  -0.0136367926
  -0.0231522647
  -0.0342525008
  -0.0448943653
  -0.0524430424
  -0.0567423812
  -0.0592473481
  -0.0597084712
  -0.0574246207
  -0.0549272097
  -0.0531274789
  -0.0495623684
  -0.0419546187
  -0.0327201671
  -0.0268385386
  -0.0242673948
  -0.0212226852
  -0.0149660149
  -0.0067266737
   0.0014239655
   0.0061237581
   0.0048650019
  -0.0017148701
  -0.0118317047
  -0.0225668368
  -0.0302920129
  -0.0344067013
  -0.0352321357
  -0.0333596576
  -0.0298760002
  -0.0260206397
  -0.0225165934
  -0.0208783726
  -0.0207239668
  -0.0194974736
  -0.0169014935
  -0.0145938682
  -0.0113185745
  -0.0052623586
   0.0033561391
   0.0108115527
   0.0148753385
   0.0164844767
   0.0173900174
   0.0190305891
   0.0216854303
   0.0212655780
   0.0155219291
   0.0055423793
  -0.0038332674
  -0.0102161767
  -0.0141121386
  -0.0153964908
  -0.0121998209
  -0.0041622195
   0.0073960413
   0.0199126486
   0.0305358796
   0.0372991200
   0.0378949374
   0.0321452930
   0.0209373425
   0.0059770131
  -0.0097667881
  -0.0237546116
  -0.0353977318
  -0.0448329520
  -0.0529068347
  -0.0622494730
  -0.0731240959
  -0.0824716621
  -0.0882079397
  -0.0895125249
  -0.0864068126
  -0.0799885829
  -0.0723696430
  -0.0647215055
  -0.0582196051
  -0.0533282270
  -0.0502271756
  -0.0481629838
  -0.0445353513
  -0.0384894408
  -0.0277108081
  -0.0119743597
   0.0058697811
   0.0210289593
   0.0302769830
   0.0318919197
   0.0281837990
   0.0215222571
   0.0143823610
   0.0075172252
   0.0009631170
  -0.0057363515
  -0.0136339077
  -0.0221469435
  -0.0306335125
  -0.0382642178
  -0.0449863106
  -0.0503077048
  -0.0537241587
  -0.0550726427
  -0.0543330144
  -0.0498704818
  -0.0389688379
  -0.0215965443
  -0.0000944886
   0.0231773146
   0.0456666611
   0.0660589019
   0.0821961750
   0.0928540550
   0.0988048581
   0.1032401232
   0.1080661459
   0.1142905881
   0.1212441048
   0.1276200782
   0.1331782964
   0.1381892980
   0.1423894434
   0.1464702734
   0.1503498830
   0.1533473469
   0.1561548014
   0.1575860527
   0.1555573824
   0.1506701107
   0.1432475659
   0.1351892881
   0.1290459910
   0.1252011227
   0.1229642305
   0.1220403213
   0.1228685276
   0.1246075638
   0.1253471101
   0.1244567307
   0.1214352641
   0.1167349220
   0.1094649350
   0.0992852408
   0.0875269527
   0.0742804351
   0.0593000350
   0.0433262020
   0.0278262839
   0.0145715287
   0.0046795959
  -0.0010887366
  -0.0021369432
   0.0006121415
   0.0046382164
   0.0074513337
   0.0082601039
   0.0069601426
   0.0029651352
  -0.0038179377
  -0.0133436474
  -0.0245096805
  -0.0357749378
  -0.0452137922
  -0.0524184853
  -0.0578362189
  -0.0606733020
  -0.0611482640
  -0.0609704921
  -0.0624377782
  -0.0632903979
  -0.0600047167
  -0.0519949987
  -0.0408658526
  -0.0265718396
  -0.0066630450
   0.0185095456
   0.0445538102
   0.0651644571
   0.0751285171
   0.0716672814
   0.0569479749
   0.0330430641
   0.0026884655
  -0.0301306260
  -0.0623021598
  -0.0912608419
  -0.1164460477
  -0.1375202816
  -0.1541367670
  -0.1672609303
  -0.1763929649
  -0.1808042684
  -0.1808988214
  -0.1784424553
  -0.1736404970
  -0.1667677353
  -0.1585286466
  -0.1507763468
  -0.1446075277
  -0.1401586083
  -0.1356571663
  -0.1289948236
  -0.1178221277
  -0.1026524162
  -0.0862408880
  -0.0708343320
  -0.0586097056
  -0.0514201451
  -0.0492689153
  -0.0505540149
  -0.0539211493
  -0.0566202322
  -0.0590432327
  -0.0606672243
  -0.0611394555
  -0.0609901829
  -0.0608525934
  -0.0610063627
  -0.0620732204
  -0.0628447566
  -0.0629553456
  -0.0629880336
  -0.0617227480
  -0.0585792556
  -0.0550204487
  -0.0515917778
  -0.0479772862
  -0.0431271582
  -0.0357779355
  -0.0253393652
  -0.0110400979
   0.0067650062
   0.0268577367
   0.0477588801
   0.0700247693
   0.0937431613
   0.1154727574
   0.1337263343
   0.1486319133
   0.1592824631
   0.1663528108
   0.1705579661
   0.1727966858
   0.1741965221
   0.1750333932
   0.1768973914
   0.1806821195
   0.1855281615
   0.1904729863
   0.1945329139
   0.1973227719
   0.1981308357
   0.1974569940
   0.1954628803
   0.1908496994
   0.1825204723
   0.1699650027
   0.1549935960
   0.1396561325
   0.1249023311
   0.1129154731
   0.1060880887
   0.1044410389
   0.1074363879
   0.1139009393
   0.1223299964
   0.1307349891
   0.1372257197
   0.1406619671
   0.1415801066
   0.1420611463
   0.1432160277
   0.1452937095
   0.1476832827
   0.1507919517
   0.1543677187
   0.1554058512
   0.1517858568
   0.1426048723
   0.1267842748
   0.1052850759
   0.0806843740
   0.0555839066
   0.0333569473
   0.0151658000
  -0.0006845125
  -0.0152599957
  -0.0295594684
  -0.0425610926
  -0.0545232497
  -0.0681461725
  -0.0839218034
  -0.1007858515
  -0.1184492164
  -0.1371230357
  -0.1553491399
  -0.1707049391
  -0.1805327852
  -0.1842854824
  -0.1843238990
  -0.1822903830
  -0.1780619641
  -0.1724363782
  -0.1675512420
  -0.1637168864
  -0.1616736789
  -0.1612686307
  -0.1599993207
  -0.1557756654
  -0.1492437052
  -0.1402803055
  -0.1294647757
  -0.1180090983
  -0.1071627283
  -0.0989607833
  -0.0947590980
  -0.0963533172
  -0.1052051216
  -0.1209828264
  -0.1414140793
  -0.1623271932
  -0.1798590463
  -0.1916614386
  -0.1968611150
  -0.1954445241
  -0.1868462366
  -0.1700899852
  -0.1463247788
  -0.1199690457
  -0.0958281322
  -0.0770944600
  -0.0637820941
  -0.0564002245
  -0.0542867953
  -0.0551591469
  -0.0577136387
  -0.0628368104
  -0.0711270254
  -0.0804781643
  -0.0895954358
  -0.0969975507
  -0.1022510844
  -0.1053857066
  -0.1059527372
  -0.1035321185
  -0.0983461990
  -0.0896964977
  -0.0785078068
  -0.0650532110
  -0.0488758170
  -0.0302015870
  -0.0107160901
   0.0074947563
   0.0243375345
   0.0408776794
   0.0554275091
   0.0655358318
   0.0716384330
   0.0742917075
   0.0734794756
   0.0692889601
   0.0628148610
   0.0548571317
   0.0450067201
   0.0337408674
   0.0217071744
   0.0081252965
  -0.0067280412
  -0.0209396627
  -0.0308914441
  -0.0371610377
  -0.0422716434
  -0.0460595130
  -0.0483994177
  -0.0495844616
  -0.0503903489
  -0.0525985569
  -0.0549365932
  -0.0558779962
  -0.0565929854
  -0.0572327427
  -0.0564836694
  -0.0537245899
  -0.0483383329
  -0.0408887876
  -0.0311645904
  -0.0198534057
  -0.0068412810
   0.0072779599
   0.0227835183
   0.0409712263
   0.0623154650
   0.0854755938
   0.1079698271
   0.1287593137
   0.1476777389
   0.1639480844
   0.1760977870
   0.1823070556
   0.1816248777
   0.1728360264
   0.1562696202
   0.1332857234
   0.1053295292
   0.0744507332
   0.0428743803
   0.0122955771
  -0.0134103314
  -0.0318771362
  -0.0424838487
  -0.0455385166
  -0.0445258036
  -0.0424100952
  -0.0394007840
  -0.0350411202
  -0.0281074175
  -0.0175600958
  -0.0023222877
   0.0169134189
   0.0390896522
   0.0627256670
   0.0846104902
   0.1012169352
   0.1113452772
   0.1150208535
   0.1118513052
   0.1032156072
   0.0909852727
   0.0768873468
   0.0639924720
   0.0547411836
   0.0484739103
   0.0426736939
   0.0368761056
   0.0315957768
   0.0265778146
   0.0222680042
   0.0200381136
   0.0215328725
   0.0258384737
   0.0317111089
   0.0386732904
   0.0465065506
   0.0550132006
   0.0634948419
   0.0724200507
   0.0804235679
   0.0867379843
   0.0906608358
   0.0903522706
   0.0841491618
   0.0723637501
   0.0562772748
   0.0403263358
   0.0264586840
   0.0120217409
  -0.0032676289
  -0.0167913562
  -0.0281002516
  -0.0387419312
  -0.0501863567
  -0.0628249015
  -0.0740285401
  -0.0818290917
  -0.0862928768
  -0.0885251902
  -0.0879209338
  -0.0838385434
  -0.0763169694
  -0.0642950211
  -0.0493863006
  -0.0335412281
  -0.0181700294
  -0.0059379168
   0.0022172425
   0.0077717565
   0.0110169309
   0.0118600275
   0.0110047304
   0.0098873437
   0.0099625693
   0.0110140727
   0.0117951422
   0.0132133881
   0.0166548918
   0.0210792644
   0.0256884208
   0.0303390944
   0.0354877061
   0.0409613090
   0.0444434264
   0.0424022723
   0.0328030781
   0.0161497817
  -0.0065914845
  -0.0312929402
  -0.0527796758
  -0.0687164883
  -0.0805000316
  -0.0903005282
  -0.0980342048
  -0.1034867208
  -0.1068019690
  -0.1088247259
  -0.1107476734
  -0.1137212167
  -0.1183731428
  -0.1241666039
  -0.1309709507
  -0.1379785711
  -0.1438960497
  -0.1487502021
  -0.1536733443
  -0.1585956653
  -0.1624202268
  -0.1652344365
  -0.1680435541
  -0.1717549600
  -0.1766188860
  -0.1801943039
  -0.1819996608
  -0.1821220356
  -0.1791610171
  -0.1713470988
  -0.1549106644
  -0.1276020711
  -0.0943179327
  -0.0578190330
  -0.0183850970
   0.0171500067
   0.0446265575
   0.0669376597
   0.0860830327
   0.1019144510
   0.1143941960
   0.1252968050
   0.1362847068
   0.1478669681
   0.1609889139
   0.1753783423
   0.1903174922
   0.2038180813
   0.2140113476
   0.2214659440
   0.2274604612
   0.2314214213
   0.2336683130
   0.2348760455
   0.2355544453
   0.2364174341
   0.2379130348
   0.2398632292
   0.2414122149
   0.2422298264
   0.2407147196
   0.2345483438
   0.2206314957
   0.1966981882
   0.1636082274
   0.1235471328
   0.0823717500
   0.0467548113
   0.0198624955
   0.0005372677
  -0.0132905643
  -0.0219405900
  -0.0275157887
  -0.0320943925
  -0.0375547314
  -0.0431074057
  -0.0487395416
  -0.0557003474
  -0.0626629396
  -0.0680463631
  -0.0702971765
  -0.0665717262
  -0.0569353268
  -0.0437859494
  -0.0288983365
  -0.0129120196
   0.0031524590
   0.0165635276
   0.0254856401
   0.0315865166
   0.0398113761
   0.0529372230
   0.0674671977
   0.0816355917
   0.0947765507
   0.1064691548
   0.1148023242
   0.1172027592
   0.1138909810
   0.1057684564
   0.0953197429
   0.0865243006
   0.0809762667
   0.0786180879
   0.0773978715
   0.0763206037
   0.0766230296
   0.0780573608
   0.0798314053
   0.0810492604
   0.0799549709
   0.0752288603
   0.0664619790
   0.0539915353
   0.0388969940
   0.0220565586
   0.0037100015
  -0.0149624936
  -0.0340901694
  -0.0549231443
  -0.0767952167
  -0.0973898276
  -0.1141529370
  -0.1265350696
  -0.1356527723
  -0.1421626599
  -0.1460022513
  -0.1482757328
  -0.1496166198
  -0.1505860089
  -0.1512140010
  -0.1524738660
  -0.1547339396
  -0.1564836323
  -0.1563563297
  -0.1541669295
  -0.1503386927
  -0.1441936504
  -0.1373965516
  -0.1313701677
  -0.1259459047
  -0.1200907634
  -0.1130835126
  -0.1039525868
  -0.0931087835
  -0.0831477007
  -0.0746339669
  -0.0667674643
  -0.0598883785
  -0.0535943511
  -0.0483439589
  -0.0448422738
  -0.0421063758
  -0.0389729650
  -0.0358819336
  -0.0302009916
  -0.0203774716
  -0.0070111397
   0.0080706180
   0.0232778221
   0.0382105248
   0.0517754632
   0.0634996465
   0.0731045899
   0.0805189217
   0.0846049669
   0.0847772156
   0.0791538677
   0.0681006515
   0.0532737537
   0.0352962593
   0.0156995964
  -0.0026524635
  -0.0171115490
  -0.0274508233
  -0.0326551606
  -0.0344773748
  -0.0361312825
  -0.0371591487
  -0.0358772111
  -0.0344609486
  -0.0360389881
  -0.0403017787
  -0.0457723839
  -0.0507609433
  -0.0541708473
  -0.0544915678
  -0.0507456875
  -0.0431993306
  -0.0326609509
  -0.0189034241
  -0.0043346878
   0.0100400145
   0.0236515991
   0.0356361984
   0.0443955648
   0.0489643950
   0.0481465577
   0.0426846583
   0.0337351798
   0.0229655200
   0.0144591184
   0.0115349705
   0.0136004620
   0.0198518021
   0.0282953736
   0.0361409534
   0.0417244473
   0.0445012670
   0.0431999260
   0.0378320664
   0.0284646040
   0.0155785788
  -0.0005565563
  -0.0160424655
  -0.0269860249
  -0.0320542922
  -0.0322300109
  -0.0285356266
  -0.0205241551
  -0.0076016535
   0.0069043533
   0.0214168012
   0.0336818359
   0.0413567069
   0.0461230822
   0.0496669619
   0.0501216582
   0.0479918439
   0.0455632996
   0.0426039238
   0.0382916494
   0.0329190878
   0.0267682758
   0.0210198223
   0.0161811802
   0.0118066754
   0.0074423507
   0.0024768947
  -0.0024118204
  -0.0049746629
  -0.0057083183
  -0.0066247310
  -0.0087543748
  -0.0101880059
  -0.0085159493
  -0.0046362883
  -0.0001916022
   0.0029851238
   0.0035794649
   0.0018856065
  -0.0022997736
  -0.0106557610
  -0.0219659273
  -0.0337911930
  -0.0445322098
  -0.0531256104
  -0.0602627510
  -0.0659643078
  -0.0703559615
  -0.0737007358
  -0.0755673211
  -0.0769420870
  -0.0794824523
  -0.0825778776
  -0.0849384177
  -0.0870612509
  -0.0874820272
  -0.0859987255
  -0.0838099414
  -0.0826725333
  -0.0829869914
  -0.0840628630
  -0.0860849833
  -0.0877944730
  -0.0863663427
  -0.0810572681
  -0.0730916132
  -0.0617689055
  -0.0483233441
  -0.0338536740
  -0.0203118594
  -0.0085382108
   0.0023000487
   0.0119718280
   0.0197365706
   0.0252058412
   0.0285973478
   0.0302197790
   0.0315178142
   0.0333524506
   0.0354114682
   0.0364218200
   0.0377337969
   0.0392894352
   0.0404352617
   0.0403855315
   0.0390023062
   0.0364756772
   0.0347566604
   0.0353310006
   0.0382822249
   0.0408614791
   0.0415314606
   0.0407617724
   0.0400789785
   0.0387133702
   0.0362039477
   0.0341636559
   0.0327546415
   0.0297969699
   0.0226133023
   0.0104174915
  -0.0055509784
  -0.0232270858
  -0.0392740357
  -0.0512767038
  -0.0580657948
  -0.0580186723
  -0.0533366454
  -0.0469993761
  -0.0406500746
  -0.0344095348
  -0.0286853920
  -0.0238826123
  -0.0192046180
  -0.0149946518
  -0.0117209864
  -0.0122294865
  -0.0149545864
  -0.0178328684
  -0.0197578506
  -0.0208045371
  -0.0212450864
  -0.0207314818
  -0.0181300276
  -0.0126949440
  -0.0055102251
   0.0018220926
   0.0101274242
   0.0197788925
   0.0291583829
   0.0375820193
   0.0445309162
   0.0498743420
   0.0544848331
   0.0593942184
   0.0635736258
   0.0669006598
   0.0688114109
   0.0691906701
   0.0679673944
   0.0649674871
   0.0610920661
   0.0575246559
   0.0541138075
   0.0516395369
   0.0497573262
   0.0476418643
   0.0460504375
   0.0455458263
   0.0456914851
   0.0460675823
   0.0474605402
   0.0496404747
   0.0493878816
   0.0442919568
   0.0340793898
   0.0203421492
   0.0054519287
  -0.0078332314
  -0.0188186282
  -0.0265055601
  -0.0305438258
  -0.0319500888
  -0.0323458768
  -0.0325472614
  -0.0339345933
  -0.0370661356
  -0.0410931494
  -0.0437351720
  -0.0445864571
  -0.0464825684
  -0.0488665362
  -0.0489262042
  -0.0440930567
  -0.0335145767
  -0.0189676421
  -0.0034172649
   0.0105576537
   0.0209015540
   0.0289721309
   0.0369272936
   0.0452138744
   0.0529177581
   0.0586506067
   0.0617908139
   0.0603893144
   0.0547261742
   0.0474584663
   0.0398969768
   0.0322152479
   0.0259909289
   0.0227266427
   0.0227637864
   0.0261218042
   0.0325787791
   0.0403662719
   0.0480697038
   0.0559570060
   0.0634931377
   0.0703276675
   0.0760362465
   0.0797906068
   0.0822003842
   0.0823464538
   0.0808587992
   0.0771470237
   0.0706966398
   0.0628930289
   0.0551559849
   0.0477483879
   0.0411494706
   0.0362687283
   0.0328794802
   0.0306637983
   0.0313481937
   0.0335376965
   0.0349114563
   0.0346987993
   0.0323816653
   0.0282499348
   0.0234107712
   0.0178675399
   0.0123571300
   0.0079096766
   0.0049593701
   0.0030267559
   0.0010864135
  -0.0019418109
  -0.0043002381
  -0.0048696649
  -0.0033069325
  -0.0008228991
   0.0008594347
   0.0014394763
   0.0021989006
   0.0020901698
   0.0013240306
   0.0006217707
  -0.0000490537
  -0.0008684130
  -0.0008602700
   0.0002668424
   0.0002231946
  -0.0025520073
  -0.0073204974
  -0.0138307936
  -0.0200120638
  -0.0252528815
  -0.0299737769
  -0.0329204019
  -0.0353190095
  -0.0389725338
  -0.0427899704
  -0.0458947998
  -0.0484922049
  -0.0499268235
  -0.0504993980
  -0.0501497879
  -0.0497279234
  -0.0496549092
  -0.0497667713
  -0.0500854180
  -0.0520586911
  -0.0546901188
  -0.0559374383
  -0.0566809679
  -0.0588697726
  -0.0618224342
  -0.0650547099
  -0.0684600556
  -0.0725249727
  -0.0770128221
  -0.0829964775
  -0.0900696792
  -0.0968158159
  -0.1021466757
  -0.1062875432
  -0.1080054102
  -0.1052926730
  -0.0970205883
  -0.0838288109
  -0.0668692243
  -0.0485950531
  -0.0315210584
  -0.0167799174
  -0.0029262360
   0.0099361191
   0.0230597034
   0.0373920920
   0.0526369941
   0.0678830872
   0.0822386982
   0.0936538852
   0.1018433052
   0.1073173394
   0.1083042224
   0.1046668163
   0.0951038623
   0.0791650991
   0.0589707934
   0.0368578110
   0.0153596121
  -0.0034217924
  -0.0192489029
  -0.0326090648
  -0.0437396071
  -0.0519018830
  -0.0558288410
  -0.0562993680
  -0.0543239389
  -0.0509993483
  -0.0472100003
  -0.0434596439
  -0.0383959144
  -0.0309687086
  -0.0225389124
  -0.0148530194
  -0.0102039721
  -0.0074973495
  -0.0064856282
  -0.0077677506
  -0.0091087792
  -0.0083340544
  -0.0063735505
  -0.0034248538
   0.0011483920
   0.0068163482
   0.0128809393
   0.0187336003
   0.0228017513
   0.0256818299
   0.0276319626
   0.0308542184
   0.0358183028
   0.0413229512
   0.0477835603
   0.0554190086
   0.0633667385
   0.0693277668
   0.0735894076
   0.0752776870
   0.0732619113
   0.0683597124
   0.0611900686
   0.0538206829
   0.0456059870
   0.0374383932
   0.0304886750
   0.0232266136
   0.0152678289
   0.0060000733
  -0.0030015356
  -0.0120302969
  -0.0226215770
  -0.0355027565
  -0.0482319326
  -0.0582167716
  -0.0663014134
  -0.0729032464
  -0.0766818557
  -0.0766623086
  -0.0740998707
  -0.0701337774
  -0.0647188568
  -0.0572556367
  -0.0491963322
  -0.0416736495
  -0.0360581862
  -0.0337377464
  -0.0338409437
  -0.0360255392
  -0.0400106047
  -0.0456443216
  -0.0524304969
  -0.0591505365
  -0.0641879021
  -0.0687598739
  -0.0738909095
  -0.0782598747
  -0.0816180568
  -0.0836634612
  -0.0845138018
  -0.0855569648
  -0.0860974261
  -0.0846268547
  -0.0809849725
  -0.0757753788
  -0.0691377163
  -0.0610957620
  -0.0523956119
  -0.0429588107
  -0.0332550641
  -0.0247691931
  -0.0176371570
  -0.0123906208
  -0.0084323669
  -0.0044912147
  -0.0019403192
  -0.0027050128
  -0.0055786749
  -0.0086804017
  -0.0105839541
  -0.0110540540
  -0.0102767009
  -0.0081318813
  -0.0049176005
  -0.0012557515
   0.0028409741
   0.0086912081
   0.0154021106
   0.0220722250
   0.0290639942
   0.0364389853
   0.0439071743
   0.0513106443
   0.0572338310
   0.0609161421
   0.0639943610
   0.0678644846
   0.0713874209
   0.0727734798
   0.0726678597
   0.0727167891
   0.0724314258
   0.0710749340
   0.0690456478
   0.0671398656
   0.0663009207
   0.0663298717
   0.0665117297
   0.0665113191
   0.0664271145
   0.0661556724
   0.0646932115
   0.0619965514
   0.0583255333
   0.0537144262
   0.0483256848
   0.0426261812
   0.0363812885
   0.0293758035
   0.0227459435
   0.0156066880
   0.0077663318
  -0.0014808965
  -0.0106722487
  -0.0182946751
  -0.0252233761
  -0.0317142299
  -0.0371098292
  -0.0402496873
  -0.0400908670
  -0.0360945290
  -0.0298080781
  -0.0215482925
  -0.0126832506
  -0.0045667831
   0.0026536975
   0.0091201687
   0.0149347169
   0.0196325048
   0.0231698202
   0.0258541196
   0.0281926692
   0.0313384817
   0.0353391110
   0.0390511329
   0.0420868081
   0.0433846791
   0.0429030029
   0.0424562322
   0.0414063550
   0.0391849649
   0.0376445824
   0.0374084771
   0.0377240644
   0.0378750618
   0.0377592985
   0.0377270622
   0.0386530863
   0.0409381482
   0.0431712213
   0.0456154321
   0.0493022398
   0.0535079701
   0.0563275183
   0.0561246759
   0.0538326945
   0.0508406101
   0.0467207475
   0.0406501773
   0.0335659289
   0.0253118309
   0.0157128975
   0.0053792307
  -0.0046013150
  -0.0145271308
  -0.0248786528
  -0.0342290730
  -0.0422099632
  -0.0486938564
  -0.0542880068
  -0.0601704360
  -0.0660341395
  -0.0706792897
  -0.0746580928
  -0.0783393977
  -0.0802439069
  -0.0795739254
  -0.0766646904
  -0.0731308101
  -0.0687723372
  -0.0643664749
  -0.0599891735
  -0.0553595254
  -0.0523964743
  -0.0512002401
  -0.0496979457
  -0.0474074221
  -0.0447567963
  -0.0412574519
  -0.0355852568
  -0.0281914577
  -0.0193864842
  -0.0104560991
  -0.0036659096
   0.0003727637
   0.0037283474
   0.0079491363
   0.0129575837
   0.0179355421
   0.0230396840
   0.0282966261
   0.0327934483
   0.0363654578
   0.0388828265
   0.0409138375
   0.0419954788
   0.0415372714
   0.0398583959
   0.0381737508
   0.0367526837
   0.0355294695
   0.0349600571
   0.0346126236
   0.0334367578
   0.0320176824
   0.0312620591
   0.0309613374
   0.0293612048
   0.0266817511
   0.0242180548
   0.0219907308
   0.0199346350
   0.0180480838
   0.0162469259
   0.0151999705
   0.0140504625
   0.0118772113
   0.0098906207
   0.0092764081
   0.0092643451
   0.0088475439
   0.0086413157
   0.0081761621
   0.0064293337
   0.0039302042
   0.0008023520
  -0.0013482023
  -0.0018243091
  -0.0015051283
  -0.0002665925
   0.0033666560
   0.0085334000
   0.0142153461
   0.0186296885
   0.0194707852
   0.0188219668
   0.0179716714
   0.0170684263
   0.0160819684
   0.0151262725
   0.0139548397
   0.0117787304
   0.0084385247
   0.0036633245
  -0.0019506440
  -0.0076930630
  -0.0136486132
  -0.0204205636
  -0.0265230539
  -0.0313554828
  -0.0348968986
  -0.0379774994
  -0.0404304365
  -0.0413799705
  -0.0412198977
  -0.0394859946
  -0.0357334412
  -0.0305675410
  -0.0253610888
  -0.0208068573
  -0.0173256885
  -0.0147190560
  -0.0136881571
  -0.0144567017
  -0.0172616840
  -0.0218230404
  -0.0274839425
  -0.0325612441
  -0.0364779153
  -0.0395920049
  -0.0410653482
  -0.0398216835
  -0.0363472658
  -0.0321361355
  -0.0272967255
  -0.0214412762
  -0.0153418780
  -0.0100068398
  -0.0062493032
  -0.0035736028
  -0.0015527832
   0.0002603362
   0.0021187164
   0.0030405210
   0.0012848097
  -0.0007277826
  -0.0016993141
  -0.0018116037
  -0.0019686325
  -0.0040757707
  -0.0067459395
  -0.0078502879
  -0.0075885126
  -0.0072085512
  -0.0073069582
  -0.0079551565
  -0.0083323974
  -0.0079543373
  -0.0068594072
  -0.0043411187
  -0.0021115381
  -0.0014327149
  -0.0017420231
  -0.0026790677
  -0.0046606688
  -0.0076157492
  -0.0110882840
  -0.0144055958
  -0.0173979861
  -0.0188188294
  -0.0190377550
  -0.0197146745
  -0.0198049300
  -0.0190752149
  -0.0170617819
  -0.0133626361
  -0.0082577180
  -0.0020157503
   0.0043903417
   0.0097469802
   0.0135594028
   0.0156435381
   0.0181133469
   0.0202005682
   0.0208311680
   0.0205172150
   0.0192531573
   0.0166408742
   0.0146823949
   0.0140342725
   0.0124289656
   0.0099626638
   0.0085078389
   0.0069515826
   0.0034886571
  -0.0014833891
  -0.0058729309
  -0.0084051796
  -0.0092372625
  -0.0087534981
  -0.0074520339
  -0.0049929678
  -0.0009471011
   0.0034508769
   0.0068881099
   0.0080278463
   0.0068420448
   0.0042964971
   0.0018736812
  -0.0007655221
  -0.0024074367
  -0.0023965113
  -0.0000905485
   0.0026516114
   0.0044602124
   0.0058454581
   0.0075418090
   0.0088117740
   0.0090821258
   0.0088206975
   0.0078214272
   0.0056837755
   0.0032602063
   0.0003725793
  -0.0020381443
  -0.0033964017
  -0.0045003866
  -0.0065691736
  -0.0082156793
  -0.0092401022
  -0.0114481480
  -0.0136220932
  -0.0160021250
  -0.0188483821
  -0.0221744778
  -0.0247702197
  -0.0263860599
  -0.0274891783
  -0.0280280586
  -0.0287777480
  -0.0283180417
  -0.0259049175
  -0.0222923149
  -0.0192779792
  -0.0169967097
  -0.0148569781
  -0.0124832294
  -0.0101111726
  -0.0085165817
  -0.0075568183
  -0.0054181565
  -0.0028421260
   0.0000260190
   0.0042582734
   0.0088055300
   0.0139532998
   0.0192508001
   0.0239562631
   0.0279252720
   0.0319852202
   0.0359890321
   0.0385531537
   0.0401528962
   0.0411395943
   0.0410482444
   0.0391162626
   0.0368552239
   0.0359180506
   0.0357283286
   0.0365083653
   0.0381091549
   0.0409968511
   0.0440394664
   0.0467079762
   0.0487489866
   0.0503686869
   0.0502851189
   0.0489925248
   0.0477359656
   0.0460520391
   0.0446970872
   0.0448728059
   0.0456370325
   0.0449968439
   0.0425238669
   0.0385273852
   0.0333614439
   0.0271041494
   0.0194540798
   0.0114612294
   0.0044795069
  -0.0013475781
  -0.0059505013
  -0.0088136506
  -0.0114327444
  -0.0129457096
  -0.0113455195
  -0.0082150202
  -0.0047739600
  -0.0024344741
  -0.0012697576
  -0.0006002042
  -0.0011421037
  -0.0025657683
  -0.0052126798
  -0.0073734389
  -0.0079332810
  -0.0076644917
  -0.0075357354
  -0.0077358100
  -0.0079191052
  -0.0079175099
  -0.0072021019
  -0.0047935133
  -0.0024275136
  -0.0002343387
   0.0024156724
   0.0058622066
   0.0089859979
   0.0109239445
   0.0119029901
   0.0124558470
   0.0126225971
   0.0127071465
   0.0126383641
   0.0116464938
   0.0102018038
   0.0087835600
   0.0062874919
   0.0034207883
   0.0010217887
  -0.0002560592
   0.0006960623
   0.0022758407
   0.0041742372
   0.0067398577
   0.0085737057
   0.0099958138
   0.0101571411
   0.0090605398
   0.0079667062
   0.0064341261
   0.0042552797
   0.0027357605
   0.0015317210
  -0.0007228954
  -0.0035656238
  -0.0076131108
  -0.0124425008
  -0.0175366413
  -0.0224114660
  -0.0252972527
  -0.0262874619
  -0.0265343674
  -0.0269239546
  -0.0279879172
  -0.0291514429
  -0.0298853221
  -0.0302506190
  -0.0303492581
  -0.0303812480
  -0.0318333605
  -0.0345756237
  -0.0364483277
  -0.0379719761
  -0.0399869100
  -0.0415494473
  -0.0430325436
  -0.0448749824
  -0.0464439875
  -0.0471298613
  -0.0471269046
  -0.0474773154
  -0.0478540080
  -0.0479361387
  -0.0473020073
  -0.0451439195
  -0.0422652166
  -0.0391642474
  -0.0347490017
  -0.0291130467
  -0.0226091752
  -0.0155192517
  -0.0090650261
  -0.0036741822
   0.0013742891
   0.0069590975
   0.0126929482
   0.0187728957
   0.0247999100
   0.0305274407
   0.0361290650
   0.0422363271
   0.0473875465
   0.0503724854
   0.0524369442
   0.0540276934
   0.0547172015
   0.0545605371
   0.0526496012
   0.0495237259
   0.0464801455
   0.0440083799
   0.0412007407
   0.0371365011
   0.0322806856
   0.0268265886
   0.0201297325
   0.0138380355
   0.0083388878
   0.0025154119
  -0.0030834651
  -0.0078725823
  -0.0118955491
  -0.0151999150
  -0.0185732051
  -0.0223136894
  -0.0253481532
  -0.0281786453
  -0.0310544120
  -0.0343162548
  -0.0364168511
  -0.0385833162
  -0.0413725171
  -0.0448862754
  -0.0491023131
  -0.0523705620
  -0.0546126285
  -0.0568050469
  -0.0581149295
  -0.0582833797
  -0.0575405893
  -0.0556043982
  -0.0530743403
  -0.0498490047
  -0.0469526437
  -0.0444893581
  -0.0417451237
  -0.0381884111
  -0.0354028239
  -0.0339916125
  -0.0318388222
  -0.0278945346
  -0.0230176730
  -0.0202612710
  -0.0197785455
  -0.0182297467
  -0.0159414981
  -0.0139473925
  -0.0111160729
  -0.0068195779
  -0.0020749201
   0.0026851064
   0.0082716022
   0.0142364065
   0.0201855259
   0.0260962616
   0.0310727272
   0.0339453319
   0.0345056688
   0.0331397936
   0.0302578466
   0.0268186219
   0.0236854370
   0.0213958784
   0.0183344962
   0.0153656610
   0.0124853258
   0.0098417838
   0.0076820965
   0.0061019339
   0.0052404441
   0.0035879798
   0.0028316769
   0.0031962655
   0.0037149663
   0.0040365225
   0.0047873576
   0.0052061504
   0.0049086708
   0.0049611791
   0.0053117582
   0.0055287784
   0.0054922036
   0.0053555688
   0.0052626358
   0.0051891719
   0.0039558229
   0.0012515644
  -0.0009772283
  -0.0024919862
  -0.0032364623
  -0.0030704617
  -0.0017297251
  -0.0005090767
   0.0008893798
   0.0033373106
   0.0062484798
   0.0095327258
   0.0126963689
   0.0164238170
   0.0213884866
   0.0266089627
   0.0314459703
   0.0357122515
   0.0384012324
   0.0401890543
   0.0425683817
   0.0456404614
   0.0476110242
   0.0482473115
   0.0486275769
   0.0493957662
   0.0497087254
   0.0490491950
   0.0475137609
   0.0453686497
   0.0424757998
   0.0392646728
   0.0352485413
   0.0296497916
   0.0235032710
   0.0177044056
   0.0121086660
   0.0054657431
  -0.0020788439
  -0.0096640918
  -0.0161226929
  -0.0213599462
  -0.0256934924
  -0.0294968642
  -0.0328327273
  -0.0344795923
  -0.0345725848
  -0.0342451501
  -0.0345642691
  -0.0368011203
  -0.0397619744
  -0.0429957079
  -0.0469400366
  -0.0503347258
  -0.0519242636
  -0.0526399508
  -0.0521490144
  -0.0513449750
  -0.0504259115
  -0.0473072226
  -0.0413251277
  -0.0333418557
  -0.0241677497
  -0.0157177288
  -0.0083740500
  -0.0025205636
   0.0020038742
   0.0057011565
   0.0091414447
   0.0117924935
   0.0142851922
   0.0170407646
   0.0200519608
   0.0218243750
   0.0236412096
   0.0259973762
   0.0273532314
   0.0274242745
   0.0270886062
   0.0264920496
   0.0242820552
   0.0219110024
   0.0211000640
   0.0209314496
   0.0195100232
   0.0186629863
   0.0189204703
   0.0191631646
   0.0180489626
   0.0164465631
   0.0157573856
   0.0159194850
   0.0161689715
   0.0161619185
   0.0160532924
   0.0160228465
   0.0160860133
   0.0162173219
   0.0167428765
   0.0167966947
   0.0164445263
   0.0161990929
   0.0158583921
   0.0150615555
   0.0130347927
   0.0109585975
   0.0101947734
   0.0104078863
   0.0105903438
   0.0096589012
   0.0083036557
   0.0063935063
   0.0050585738
   0.0046503019
   0.0032915885
   0.0007705167
  -0.0008128091
  -0.0009773617
  -0.0006579822
  -0.0005375052
  -0.0006347883
  -0.0007358296
  -0.0002987598
   0.0003496406
   0.0016410085
   0.0028554065
   0.0030027675
   0.0013108131
  -0.0005262186
  -0.0011047272
  -0.0008307643
  -0.0010921891
  -0.0029732354
  -0.0054265174
  -0.0065969154
  -0.0066106189
  -0.0077782182
  -0.0103763193
  -0.0120836695
  -0.0122041861
  -0.0117645362
  -0.0116195775
  -0.0109540044
  -0.0085753750
  -0.0061699115
  -0.0037266596
  -0.0014213927
  -0.0003323500
  -0.0003324287
  -0.0005820782
  -0.0006140593
  -0.0005128506
  -0.0004668104
  -0.0004947855
  -0.0004992617
   0.0007948650
   0.0036036442
   0.0053849552
   0.0054785452
   0.0059789124
   0.0084241271
   0.0105903623
   0.0110967845
   0.0114401382
   0.0133064689
   0.0149146031
   0.0145143862
   0.0133817684
   0.0126692473
   0.0139462817
   0.0158061384
   0.0167611772
   0.0179834489
   0.0201296052
   0.0210652611
   0.0187601901
   0.0144585003
   0.0105763262
   0.0079399644
   0.0059822161
   0.0049158963
   0.0043701663
   0.0035464853
   0.0037482949
   0.0045718219
   0.0050544796
   0.0050286043
   0.0051837184
   0.0064782077
   0.0085083563
   0.0100766386
   0.0092246842
   0.0063283663
   0.0039231451
   0.0034778528
   0.0040454008
   0.0037960313
   0.0029329461
   0.0025100385
   0.0022305004
   0.0019769279
   0.0009951763
  -0.0004127324
  -0.0024915632
  -0.0045962209
  -0.0061252180
  -0.0082106529
  -0.0109201008
  -0.0133496861
  -0.0155440777
  -0.0173730964
  -0.0197844220
  -0.0223654728
  -0.0243880244
  -0.0264302667
  -0.0280956728
  -0.0292010704
  -0.0305538663
  -0.0323652802
  -0.0340785274
  -0.0347713002
  -0.0346712649
  -0.0344779908
  -0.0344869841
  -0.0345742891
  -0.0346182701
  -0.0346185781
  -0.0346600130
  -0.0360405486
  -0.0387725865
  -0.0405336748
  -0.0408247051
  -0.0421672963
  -0.0441470371
  -0.0455051100
  -0.0458937731
  -0.0458193011
  -0.0458021974
  -0.0458802216
  -0.0452578964
  -0.0427731336
  -0.0391193835
  -0.0350083705
  -0.0315251854
  -0.0281282376
  -0.0243749245
  -0.0204121205
  -0.0175055527
  -0.0146901624
  -0.0121963426
  -0.0094524964
  -0.0070574101
  -0.0061044040
  -0.0052432530
  -0.0025883194
   0.0014598020
   0.0061066955
   0.0108826327
   0.0151437068
   0.0192595696
   0.0238134377
   0.0273581593
   0.0303494634
   0.0333595344
   0.0362844974
   0.0382583865
   0.0401092026
   0.0426091186
   0.0442193327
   0.0443964682
   0.0431596820
   0.0403491476
   0.0380688903
   0.0355748057
   0.0322613027
   0.0285038215
   0.0250460353
   0.0221697142
   0.0194914617
   0.0168622555
   0.0155397453
   0.0155267995
   0.0158176593
   0.0158600737
   0.0156967382
   0.0144892953
   0.0122676937
   0.0103903267
   0.0095719186
   0.0085215753
   0.0067628564
   0.0049704023
   0.0037678708
   0.0014867807
  -0.0006962664
  -0.0017655677
  -0.0033155029
  -0.0051600751
  -0.0064683951
  -0.0067443092
  -0.0053691081
  -0.0025607317
  -0.0003118596
   0.0020002175
   0.0041151565
   0.0066427525
   0.0092883109
   0.0105260683
   0.0104624827
   0.0104992711
   0.0125445975
   0.0151622745
   0.0161881983
   0.0161215944
   0.0161217607
   0.0159154976
   0.0156331690
   0.0154191836
   0.0153705622
   0.0154191774
   0.0154245549
   0.0154283576
   0.0150929315
   0.0133235090
   0.0111938631
   0.0098703386
   0.0096545524
   0.0099258158
   0.0100985593
   0.0100679164
   0.0100051767
   0.0100061048
   0.0100659432
   0.0101412550
   0.0101135708
   0.0100741562
   0.0096851604
   0.0079693569
   0.0056370616
   0.0042770772
   0.0024267395
   0.0000848408
  -0.0019958463
  -0.0047892958
  -0.0085534358
  -0.0121738943
  -0.0154707288
  -0.0177476105
  -0.0201870248
  -0.0226370176
  -0.0242569026
  -0.0265004885
  -0.0286637095
  -0.0287724916
  -0.0277593474
  -0.0260222618
  -0.0242205803
  -0.0235803507
  -0.0247751270
  -0.0263263714
  -0.0270130664
  -0.0278791556
  -0.0289827258
  -0.0296008828
  -0.0296810219
  -0.0295845388
  -0.0295654434
  -0.0296009239
  -0.0289700777
  -0.0269096638
  -0.0245609301
  -0.0235348503
  -0.0230814475
  -0.0219182915
  -0.0204327045
  -0.0192612451
  -0.0186232741
  -0.0182910429
  -0.0165257495
  -0.0130654563
  -0.0089499404
  -0.0053953981
  -0.0025129685
   0.0001817943
   0.0027232684
   0.0041216571
   0.0042824589
   0.0040278371
   0.0039684381
   0.0041511749
   0.0043021702
   0.0043088105
   0.0042616469
   0.0042316630
   0.0042348969
   0.0049509784
   0.0055375520
   0.0058549011
   0.0073210333
   0.0092333531
   0.0101355818
   0.0100444742
   0.0097233348
   0.0095876220
   0.0096097624
   0.0100196255
   0.0109081302
   0.0106608120
   0.0097810583
   0.0093218695
   0.0098320410
   0.0122174051
   0.0146048203
   0.0153072928
   0.0153901853
   0.0173096463
   0.0197629920
   0.0207605150
   0.0203670739
   0.0189172343
   0.0170604534
   0.0152811403
   0.0146991085
   0.0163415651
   0.0187688508
   0.0201889528
   0.0202979855
   0.0200040704
   0.0199415299
   0.0200733559
   0.0202097237
   0.0194424522
   0.0168614301
   0.0139690566
   0.0114084029
   0.0095579522
   0.0088586090
   0.0089362554
   0.0081765112
   0.0055594851
   0.0034064155
   0.0029687757
   0.0033790782
   0.0028684263
   0.0020297468
   0.0027200304
   0.0056387905
   0.0085658889
   0.0105956536
   0.0127437091
   0.0139448773
   0.0135313347
   0.0114544618
   0.0091684883
   0.0074016734
   0.0057072567
   0.0048190251
   0.0039428421
   0.0031873543
   0.0028988187
   0.0029566018
   0.0030479620
   0.0030404347
   0.0029133662
   0.0020067872
   0.0002815682
  -0.0017193345
  -0.0029277534
  -0.0047282214
  -0.0072140231
  -0.0085791017
  -0.0085838940
  -0.0082409037
  -0.0082602045
  -0.0084565832
  -0.0084154398
  -0.0074058395
  -0.0050916622
  -0.0025785951
   0.0002525666
   0.0028454748
   0.0052035736
   0.0069265163
   0.0080377821
   0.0088896524
   0.0097279547
   0.0109317900
   0.0118869377
   0.0130271238
   0.0140504009
   0.0144626520
   0.0144735138
   0.0137246725
   0.0111945037
   0.0094745382
   0.0090837088
   0.0087929352
   0.0071005944
   0.0044541224
   0.0017878517
  -0.0009331329
  -0.0036175243
  -0.0064820103
  -0.0081593027
  -0.0083806204
  -0.0081210914
  -0.0092186147
  -0.0120282970
  -0.0140301105
  -0.0142842066
  -0.0138277732
  -0.0136589925
  -0.0139173286
  -0.0153064365
  -0.0180284360
  -0.0199170878
  -0.0198823239
  -0.0190007592
  -0.0187269559
  -0.0185127138
  -0.0176863369
  -0.0160429008
  -0.0144267363
  -0.0129846355
  -0.0109311330
  -0.0089965496
  -0.0079111796
  -0.0064263750
  -0.0042227416
  -0.0027369329
  -0.0024966019
  -0.0027838213
  -0.0032442750
  -0.0047885238
  -0.0071780889
  -0.0086690964
  -0.0087912577
  -0.0083938291
  -0.0083020398
  -0.0084776189
  -0.0085533742
  -0.0084803025
  -0.0087159972
  -0.0091672625
  -0.0089539238
  -0.0076293008
  -0.0051890857
  -0.0030129435
  -0.0007022164
   0.0018050979
   0.0042197890
   0.0068309202
   0.0083642949
   0.0088341115
   0.0090000443
   0.0091961663
   0.0089513942
   0.0084624740
   0.0082120348
   0.0082208433
   0.0082141599
   0.0078005372
   0.0061269243
   0.0036404881
   0.0010242999
  -0.0017081875
  -0.0032582701
  -0.0034479900
  -0.0031660434
  -0.0031481533
  -0.0042349976
  -0.0065949175
  -0.0088112647
  -0.0113488171
  -0.0138247775
  -0.0149274484
  -0.0152760030
  -0.0162666044
  -0.0169468851
  -0.0165945997
  -0.0160225283
  -0.0157929955
  -0.0153524503
  -0.0148453895
  -0.0141139270
  -0.0118473383
  -0.0094719511
  -0.0085004985
  -0.0073968420
  -0.0050629206
  -0.0033211555
  -0.0030286572
  -0.0030774962
  -0.0029037610
  -0.0021362184
   0.0002342114
   0.0021431626
   0.0025312714
   0.0021574513
   0.0019566320
   0.0021819303
   0.0028425962
   0.0029109536
   0.0030692955
   0.0038183627
   0.0052933835
   0.0070880921
   0.0081371890
   0.0087693596
   0.0095061154
   0.0101905232
   0.0099259595
   0.0088888783
   0.0077068650
   0.0053073519
   0.0021463903
  -0.0014855925
  -0.0056563747
  -0.0096948621
  -0.0132480493
  -0.0149172169
  -0.0149615819
  -0.0146216736
  -0.0145784400
  -0.0147193496
  -0.0147820852
  -0.0147413832
  -0.0147011084
  -0.0147054079
  -0.0147242528
  -0.0147420013
  -0.0148186395
  -0.0149073181
  -0.0149312243
  -0.0144377213
  -0.0128914869
  -0.0104495184
  -0.0088147266
  -0.0074561486
  -0.0054374018
  -0.0037924977
  -0.0027705962
  -0.0018679944
  -0.0014861341
  -0.0000642677
   0.0015809173
   0.0026885107
   0.0028078323
   0.0023108407
   0.0022647387
   0.0042539533
   0.0067046237
   0.0073959140
   0.0073594787
   0.0074288669
   0.0076364605
   0.0077577409
   0.0082332800
   0.0083530266
   0.0081730042
   0.0082682574
   0.0080213991
   0.0068469090
   0.0044638282
   0.0014527162
  -0.0014641422
  -0.0033498890
  -0.0038842973
  -0.0048793317
  -0.0073599058
  -0.0092859517
  -0.0092778618
  -0.0072035658
  -0.0046777479
  -0.0035389047
  -0.0027955640
  -0.0003998143
   0.0021613135
   0.0040828278
   0.0057230956
   0.0070564902
   0.0076023229
   0.0072168649
   0.0067527974
   0.0070208783
   0.0074664663
   0.0075974915
   0.0076163590
   0.0086167956
   0.0104777960
   0.0123722872
   0.0131971118
   0.0125004317
   0.0099258322
   0.0076968841
   0.0071819018
   0.0067747325
   0.0046336560
   0.0024709689
  -0.0005087582
  -0.0032659103
  -0.0059292274
  -0.0084817316
  -0.0104169597
  -0.0125130305
  -0.0143039775
  -0.0149999924
  -0.0160779439
  -0.0176303175
  -0.0185474284
  -0.0181561883
  -0.0167743839
  -0.0152023050
  -0.0145223467
  -0.0146045555
  -0.0147718127
  -0.0137556255
  -0.0109372292
  -0.0071906077
  -0.0034453516
   0.0002083131
   0.0039400065
   0.0075658856
   0.0105239699
   0.0127287880
   0.0138623072
   0.0148649838
   0.0169741340
   0.0188250344
   0.0193119095
   0.0197106419
   0.0212237118
   0.0231457148
   0.0254980623
   0.0281083004
   0.0298910301
   0.0303266721
   0.0301024347
   0.0299604306
   0.0300314942
   0.0301118797
   0.0296947788
   0.0286968698
   0.0266290437
   0.0247894794
   0.0242249743
   0.0244602789
   0.0246658521
   0.0246121591
   0.0245071755
   0.0244976073
   0.0245404590
   0.0245595133
   0.0245483846
   0.0244196447
   0.0239236572
   0.0233183947
   0.0213107704
   0.0192997110
   0.0184545693
   0.0180279864
   0.0171113047
   0.0156106837
   0.0147177173
   0.0142221383
   0.0137396942
   0.0134308087
   0.0125689924
   0.0101483306
   0.0076447557
   0.0047627491
   0.0023639670
   0.0003470937
  -0.0018046232
  -0.0034530513
  -0.0051386697
  -0.0073851179
  -0.0090492345
  -0.0106903606
  -0.0132265988
  -0.0151391239
  -0.0171321063
  -0.0193966910
  -0.0206828193
  -0.0209619612
  -0.0218058956
  -0.0236071869
  -0.0255285534
  -0.0263698185
  -0.0271201855
  -0.0294744630
  -0.0317067354
  -0.0323581964
  -0.0331184601
  -0.0335998695
  -0.0327202287
  -0.0316945390
  -0.0304778132
  -0.0281220573
  -0.0259781165
  -0.0235377864
  -0.0197743836
  -0.0159286344
  -0.0128631908
  -0.0103025475
  -0.0076207612
  -0.0047364283
  -0.0032807493
  -0.0032580709
  -0.0036548589
  -0.0035373093
  -0.0026436283
  -0.0014401206
   0.0000321033
   0.0014843229
   0.0021450639
   0.0021152936
   0.0019522721
   0.0023770894
   0.0042497174
   0.0064160984
   0.0075149851
   0.0075065112
   0.0072223348
   0.0071558520
   0.0071755777
   0.0064363662
   0.0050339777
   0.0034510535
   0.0019701745
   0.0012416722
   0.0011496956
   0.0014852931
   0.0030308747
   0.0049980475
   0.0063196748
   0.0067819990
   0.0070293173
   0.0077113555
   0.0095076061
   0.0115038368
   0.0123294375
   0.0125080391
   0.0143532436
   0.0172723056
   0.0204656759
   0.0227597209
   0.0250196919
   0.0274958720
   0.0287611371
   0.0287246915
   0.0283286161
   0.0282153578
   0.0283273636
   0.0284018151
   0.0283763135
   0.0282404693
   0.0271809006
   0.0269786742
   0.0277987701
   0.0284796750
   0.0285030618
   0.0282986589
   0.0282585996
   0.0283477731
   0.0284011580
   0.0280569687
   0.0272755973
   0.0262117168
   0.0255128048
   0.0249972907
   0.0237656992
   0.0226423971
   0.0214051797
   0.0193785073
   0.0175867944
   0.0169219810
   0.0157922707
   0.0137397065
   0.0118727044
   0.0111403446
   0.0112499029
   0.0114412983
   0.0114200347
   0.0113284651
   0.0111827200
   0.0096113270
   0.0068995569
   0.0050641833
   0.0028753581
   0.0005969336
  -0.0010872214
  -0.0033878703
  -0.0060124381
  -0.0091253881
  -0.0112713904
  -0.0117613084
  -0.0117021189
  -0.0136709507
  -0.0164542280
  -0.0179363408
  -0.0198353677
  -0.0220913409
  -0.0235758540
  -0.0257582114
  -0.0279285778
  -0.0289916370
  -0.0305938639
  -0.0330177473
  -0.0357019851
  -0.0384910834
  -0.0399454750
  -0.0412536329
  -0.0436535546
  -0.0453992434
  -0.0465106982
  -0.0487028907
  -0.0507542907
  -0.0514237383
  -0.0511530970
  -0.0510955439
  -0.0525248241
  -0.0550711849
  -0.0567152370
  -0.0568339980
  -0.0564063843
  -0.0562431700
  -0.0563574755
  -0.0565053929
  -0.0555817301
  -0.0529837706
  -0.0504760318
  -0.0476094021
  -0.0452789014
  -0.0427876913
  -0.0401926269
  -0.0372311773
  -0.0347535599
  -0.0336257406
  -0.0323980504
  -0.0302465946
  -0.0286098317
  -0.0282722744
  -0.0285765893
  -0.0284033756
  -0.0269680793
  -0.0248904797
  -0.0231953013
  -0.0210654870
  -0.0184784036
  -0.0170653074
  -0.0166989632
  -0.0154929000
  -0.0131778850
  -0.0115937946
  -0.0113998141
  -0.0117616349
  -0.0118824205
  -0.0104532142
  -0.0075980521
  -0.0051986272
  -0.0031710493
  -0.0011536065
   0.0016276403
   0.0044049938
   0.0069459032
   0.0094704543
   0.0110464589
   0.0132209277
   0.0155479502
   0.0171090563
   0.0187525992
   0.0202482902
   0.0214130848
   0.0219817375
   0.0220556141
   0.0225906548
   0.0245156555
   0.0267592619
   0.0277021639
   0.0277095762
   0.0287298658
   0.0306868154
   0.0322757166
   0.0329562725
   0.0333837014
   0.0334787471
   0.0336242623
   0.0334843115
   0.0330905152
   0.0328542866
   0.0328427473
   0.0319335189
   0.0293731548
   0.0273312204
   0.0261542048
   0.0242939231
   0.0211114596
   0.0175190058
   0.0148568200
   0.0126883530
   0.0110430649
   0.0103527232
   0.0096085427
   0.0084718595
   0.0081357353
   0.0080825680
   0.0066296650
   0.0051224387
   0.0046817477
   0.0050606188
   0.0057930464
   0.0057040721
   0.0051657010
   0.0048932631
   0.0052073947
   0.0070508951
   0.0089687771
   0.0100144985
   0.0104425003
   0.0105600930
   0.0105766218
   0.0107032325
   0.0123756730
   0.0151435323
   0.0170662703
   0.0183286526
   0.0202024408
   0.0215403464
   0.0217906398
   0.0215269180
   0.0213913407
   0.0214680302
   0.0215038392
   0.0209253719
   0.0196239057
   0.0173449810
   0.0157445917
   0.0154725768
   0.0157802714
   0.0155916992
   0.0143165764
   0.0118815458
   0.0101810145
   0.0099181694
   0.0101513160
   0.0092210540
   0.0076483325
   0.0063491618
   0.0050761703
   0.0044407330
   0.0048479392
   0.0048851424
   0.0043898386
   0.0040013520
   0.0037852784
   0.0022029045
  -0.0010386465
  -0.0045561595
  -0.0071827621
  -0.0097093911
  -0.0123668235
  -0.0153604088
  -0.0180579086
  -0.0192286700
  -0.0197916824
  -0.0209146333
  -0.0218959725
  -0.0227213864
  -0.0238605192
  -0.0246299815
  -0.0247621915
  -0.0246129599
  -0.0248031747
  -0.0265682669
  -0.0282580247
  -0.0292478027
  -0.0291987091
  -0.0281112571
  -0.0265406915
  -0.0257024652
  -0.0251627636
  -0.0246500419
  -0.0237322104
  -0.0211890527
  -0.0189331882
  -0.0167396138
  -0.0140263654
  -0.0106594835
  -0.0069782443
  -0.0035321925
  -0.0002744440
   0.0025654706
   0.0047015166
   0.0068425704
   0.0085791017
   0.0109370444
   0.0134528854
   0.0145231229
   0.0143189972
   0.0139512280
   0.0139113063
   0.0139611864
   0.0138661776
   0.0137003843
   0.0135635792
   0.0129819272
   0.0109889736
   0.0088943051
   0.0076568310
   0.0068698789
   0.0059436721
   0.0040214227
   0.0021423885
   0.0013994800
   0.0010259515
   0.0007335135
  -0.0006233973
  -0.0024635258
  -0.0034046209
  -0.0037651872
  -0.0038787349
  -0.0039307668
  -0.0039546977
  -0.0043284233
  -0.0047254946
  -0.0044560956
  -0.0039954817
  -0.0038190690
  -0.0038904796
  -0.0036129147
  -0.0027921556
  -0.0012518932
   0.0007771430
   0.0019544699
   0.0025517527
   0.0045645985
   0.0070223711
   0.0090374877
   0.0111451616
   0.0129001148
   0.0135678602
   0.0134618438
   0.0132775630
   0.0132917367
   0.0133789164
   0.0134023463
   0.0128982134
   0.0110474342
   0.0094825028
   0.0083011836
   0.0077644839
   0.0077449737
   0.0077844232
   0.0076816571
   0.0075655222
   0.0075305899
   0.0075182456
   0.0074758087
   0.0074360287
   0.0073686712
   0.0072800213
   0.0072339768
   0.0072328331
   0.0071858215
   0.0070697872
   0.0069828662
   0.0069737414
   0.0068697516
   0.0067042541
   0.0066678660
   0.0072553041
   0.0079595012
   0.0084972132
   0.0098297578
   0.0107190098
   0.0109569097
   0.0114742759
   0.0120008366
   0.0121557495
   0.0116178671
   0.0091413256
   0.0067296941
   0.0059840640
   0.0056236456
   0.0042722028
   0.0021296090
   0.0007528105
   0.0003629421
  -0.0000471228
  -0.0009729367
  -0.0020859688
  -0.0040151171
  -0.0052280916
  -0.0051278880
  -0.0046932768
  -0.0046141541
  -0.0050371089
  -0.0071277920
  -0.0097520723
  -0.0109286773
  -0.0107613133
  -0.0104349443
  -0.0117174999
  -0.0137498106
  -0.0135012543
  -0.0132302495
  -0.0135430362
  -0.0129750221
  -0.0114836983
  -0.0105053282
  -0.0095222952
  -0.0072248788
  -0.0052689127
  -0.0048226882
  -0.0052547040
  -0.0052941186
  -0.0039442897
  -0.0018005505
   0.0000148956
   0.0006180420
   0.0004770061
   0.0010133412
   0.0023974681
   0.0040292272
   0.0055141222
   0.0073118265
   0.0094686269
   0.0111150627
   0.0125879687
   0.0145569874
   0.0160656941
   0.0164132160
   0.0166264705
   0.0168743883
   0.0169612149
   0.0169046740
   0.0168452647
   0.0168458930
   0.0168360332
   0.0160372872
   0.0143451722
   0.0122971869
   0.0110838551
   0.0109207578
   0.0108147804
   0.0093582472
   0.0068580254
   0.0052469078
   0.0050785993
   0.0054535713
   0.0060998252
   0.0068580665
   0.0069224795
   0.0060260718
   0.0053027895
   0.0052247058
   0.0054098716
   0.0046392594
   0.0023839658
   0.0002150425
  -0.0004756731
  -0.0001796292
   0.0000526500
  -0.0005013385
  -0.0019242006
  -0.0029244210
  -0.0039694073
  -0.0039098646
  -0.0035316094
  -0.0026103633
  -0.0014320864
  -0.0008974112
  -0.0005738432
  -0.0004383235
  -0.0004590390
  -0.0005124319
  -0.0005265582
  -0.0005202841
  -0.0005566234
  -0.0006225662
  -0.0006504847
  -0.0006728951
  -0.0006948729
  -0.0005947027
  -0.0000941137
   0.0001833381
  -0.0000585677
  -0.0006609153
  -0.0009961863
  -0.0009724053
  -0.0008888564
  -0.0021628021
  -0.0048390794
  -0.0056391395
  -0.0045940711
  -0.0037136173
  -0.0043905922
  -0.0061059850
  -0.0071118361
  -0.0080722667
  -0.0104423894
  -0.0129380099
  -0.0154028662
  -0.0173764186
  -0.0183392721
  -0.0186473343
  -0.0203995935
  -0.0229544939
  -0.0242082607
  -0.0245500272
  -0.0247702813
  -0.0253121594
  -0.0267459773
  -0.0282479842
  -0.0292317257
  -0.0294251230
  -0.0292332245
  -0.0291192476
  -0.0291528596
  -0.0291635982
  -0.0290912821
  -0.0289783934
  -0.0289500788
  -0.0290203417
  -0.0285383369
  -0.0262327834
  -0.0238139100
  -0.0229764844
  -0.0232044588
  -0.0224990790
  -0.0205481455
  -0.0197762849
  -0.0206853038
  -0.0220417340
  -0.0222296696
  -0.0210422029
  -0.0199785339
  -0.0193075648
  -0.0186626516
  -0.0183067278
  -0.0176248374
  -0.0154271195
  -0.0141545180
  -0.0137854718
  -0.0133702229
  -0.0129779973
  -0.0129037408
  -0.0130516275
  -0.0131556912
  -0.0131426879
  -0.0130991134
  -0.0130900770
  -0.0131039017
  -0.0131102955
  -0.0131045957
  -0.0131099136
  -0.0139376765
  -0.0163296315
  -0.0179923252
  -0.0185595878
  -0.0185685175
  -0.0185627827
  -0.0184936430
  -0.0176025491
  -0.0163611246
  -0.0148860134
  -0.0139873656
  -0.0140469596
  -0.0139624943
  -0.0133634656
  -0.0128456354
  -0.0127623097
  -0.0129638708
  -0.0130923972
  -0.0123111594
  -0.0101372737
  -0.0079655604
  -0.0071812653
  -0.0071350524
  -0.0054208935
  -0.0027256892
  -0.0013227281
  -0.0000656050
   0.0021953053
   0.0052286748
   0.0082631242
   0.0096144438
   0.0109683937
   0.0134113458
   0.0153193188
   0.0174316022
   0.0195755964
   0.0204503257
   0.0218629148
   0.0243727686
   0.0267629168
   0.0295178897
   0.0314014965
   0.0321722319
   0.0332203844
   0.0350207107
   0.0358487938
   0.0342007790
   0.0318848975
   0.0310004521
   0.0313062865
   0.0309991586
   0.0289133869
   0.0266157179
   0.0256878665
   0.0258669525
   0.0261116405
   0.0260835518
   0.0259823462
   0.0259743179
   0.0260233089
   0.0263993650
   0.0271952940
   0.0278248056
   0.0275699334
   0.0280369082
   0.0297857385
   0.0314311457
   0.0319021655
   0.0316480119
   0.0314847771
   0.0316007252
   0.0317427498
   0.0317591554
   0.0316929169
   0.0317057704
   0.0317006167
   0.0316404970
   0.0315800282
   0.0309312159
   0.0289917191
   0.0273908884
   0.0271664456
   0.0268522750
   0.0263453025
   0.0260610480
   0.0260520752
   0.0261161783
   0.0261619867
   0.0261940998
   0.0256432079
   0.0246916412
   0.0234419399
   0.0226374077
   0.0217579107
   0.0209711393
   0.0203798390
   0.0191710409
   0.0178062950
   0.0162747970
   0.0152648496
   0.0150497780
   0.0149859337
   0.0143836176
   0.0131178783
   0.0116054777
   0.0104111120
   0.0103349275
   0.0103795799
   0.0099962717
   0.0096476000
   0.0096377751
   0.0098139312
   0.0099191694
   0.0099256310
   0.0098259613
   0.0084045082
   0.0060921912
   0.0044293702
   0.0040775201
   0.0043395295
   0.0044290807
   0.0034729598
   0.0011178542
  -0.0009718575
  -0.0016382130
  -0.0019495299
  -0.0040924432
  -0.0065995394
  -0.0076628964
  -0.0084273118
  -0.0103419045
  -0.0124102337
  -0.0145364670
  -0.0170417091
  -0.0186726285
  -0.0203175963
  -0.0227994311
  -0.0244769719
  -0.0252278727
  -0.0272405481
  -0.0295791387
  -0.0305582192
  -0.0313701021
  -0.0337068653
  -0.0356763809
  -0.0361236649
  -0.0358075847
  -0.0361605211
  -0.0371668484
  -0.0379765754
  -0.0397902069
  -0.0413183314
  -0.0417186982
  -0.0414789791
  -0.0413700737
  -0.0414476462
  -0.0414925307
  -0.0414852210
  -0.0414660640
  -0.0414543809
  -0.0414273599
  -0.0414042196
  -0.0413971769
  -0.0413995792
  -0.0414009549
  -0.0413985936
  -0.0413956985
  -0.0413941996
  -0.0413933578
  -0.0413920642
  -0.0413905243
  -0.0413889638
  -0.0412737138
  -0.0401517053
  -0.0378263377
  -0.0359543113
  -0.0354990196
  -0.0356779619
  -0.0343325167
  -0.0316081580
  -0.0298375425
  -0.0282682705
  -0.0259598629
  -0.0229885987
  -0.0201751323
  -0.0189879838
  -0.0180801147
  -0.0150351751
  -0.0106397742
  -0.0072824586
  -0.0046108874
  -0.0027647506
  -0.0007024786
   0.0017804675
   0.0037338440
   0.0061165614
   0.0081549662
   0.0099509273
   0.0121564250
   0.0137719654
   0.0143289863
   0.0157605661
   0.0181382551
   0.0196604333
   0.0208396274
   0.0226775080
   0.0242291630
   0.0246381946
   0.0243329968
   0.0247330145
   0.0259737020
   0.0269974205
   0.0284433322
   0.0294439104
   0.0295846004
   0.0293216999
   0.0293368530
   0.0306576795
   0.0330887288
   0.0347791231
   0.0350693115
   0.0347875620
   0.0346624769
   0.0347492481
   0.0348045220
   0.0348387911
   0.0348786245
   0.0349099574
   0.0349565871
   0.0350195403
   0.0350902754
   0.0351270700
   0.0351291233
   0.0351225117
   0.0348766739
   0.0329660460
   0.0303951075
   0.0292490963
   0.0294856944
   0.0298484864
   0.0296031414
   0.0276975235
   0.0254681051
   0.0243034708
   0.0244639132
   0.0243938967
   0.0232188522
   0.0207760583
   0.0184854443
   0.0168114248
   0.0147749008
   0.0128191133
   0.0111329775
   0.0089905254
   0.0066869101
   0.0037965898
   0.0013713905
   0.0001496340
  -0.0017841287
  -0.0040706950
  -0.0052767089
  -0.0068722525
  -0.0092301705
  -0.0106589969
  -0.0119447598
  -0.0142521202
  -0.0159859924
  -0.0163264325
  -0.0160655668
  -0.0172848859
  -0.0200674650
  -0.0218860962
  -0.0220270531
  -0.0215828080
  -0.0214821773
  -0.0216664376
  -0.0217715649
  -0.0216606474
  -0.0214995274
  -0.0210951772
  -0.0203162863
  -0.0188680811
  -0.0169368282
  -0.0158130333
  -0.0157260343
  -0.0159717941
  -0.0160348048
  -0.0159416973
  -0.0158831565
  -0.0159023525
  -0.0159317759
  -0.0159312646
  -0.0159164975
  -0.0159097361
  -0.0159117175
  -0.0159132205
  -0.0159108325
  -0.0156701772
  -0.0135966840
  -0.0110005417
  -0.0099078415
  -0.0101381669
  -0.0105452253
  -0.0106294093
  -0.0104982301
  -0.0103904048
  -0.0103775020
  -0.0103728986
  -0.0103514337
  -0.0103377076
  -0.0107489424
  -0.0115955275
  -0.0122716257
  -0.0121994225
  -0.0121470560
  -0.0120920120
  -0.0115824544
  -0.0108030111
  -0.0101309147
  -0.0079914809
  -0.0054397138
  -0.0037229329
  -0.0015191447
   0.0004176036
   0.0016344803
   0.0033272086
   0.0054051676
   0.0065314921
   0.0065581517
   0.0062890483
   0.0063114186
   0.0065149366
   0.0065768344
   0.0064443452
   0.0063267196
   0.0063568000
   0.0064944347
   0.0065822817
   0.0065834931
   0.0065602009
   0.0067945876
   0.0088776839
   0.0114797499
   0.0125791294
   0.0134111671
   0.0158179427
   0.0178694905
   0.0186179705
   0.0203732563
   0.0226914702
   0.0238092490
   0.0236834453
   0.0233272237
   0.0232985191
   0.0236165909
   0.0243766903
   0.0252160870
   0.0256753210
   0.0271080301
   0.0285444146
   0.0282728082
   0.0279924960
   0.0285017682
   0.0290676490
   0.0291807430
   0.0290301974
   0.0285922147
   0.0263940060
   0.0239468796
   0.0228362873
   0.0213516305
   0.0190852923
   0.0176626319
   0.0169218065
   0.0156785524
   0.0136552823
   0.0121539837
   0.0104170911
   0.0079525078
   0.0064452630
   0.0056036899
   0.0038805562
   0.0017879724
   0.0007902858
  -0.0001033630
  -0.0024703735
  -0.0045372613
  -0.0050633107
  -0.0051529112
  -0.0072200228
  -0.0096184497
  -0.0104836293
  -0.0104778083
  -0.0116896617
  -0.0141694515
  -0.0158614945
  -0.0160532349
  -0.0156640769
  -0.0156234366
  -0.0174869974
  -0.0203854055
  -0.0218585824
  -0.0217449340
  -0.0216421269
  -0.0229461782
  -0.0251601970
  -0.0266009139
  -0.0257964433
  -0.0244547761
  -0.0247497076
  -0.0257775327
  -0.0267154657
  -0.0271549062
  -0.0271898734
  -0.0271350306
  -0.0271373303
  -0.0271661992
  -0.0272191119
  -0.0277585672
  -0.0287010995
  -0.0296769153
  -0.0309527137
  -0.0322264793
  -0.0327152187
  -0.0325891891
  -0.0324087068
  -0.0319055329
  -0.0300880618
  -0.0277246882
  -0.0265339568
  -0.0265396238
  -0.0262068917
  -0.0239388719
  -0.0216179599
  -0.0207718285
  -0.0196515796
  -0.0176766003
  -0.0151555932
  -0.0120999827
  -0.0100933974
  -0.0084796024
  -0.0061353119
  -0.0045631981
  -0.0030653142
  -0.0005970896
   0.0011256321
   0.0014149777
   0.0018434525
   0.0041484872
   0.0060149842
   0.0055145452
   0.0048918648
   0.0048318416
   0.0046147105
   0.0052231268
   0.0061537194
   0.0068048273
   0.0074792828
   0.0087216581
   0.0107557223
   0.0121850024
   0.0123840586
   0.0120683768
   0.0120333070
   0.0129854465
   0.0143854245
   0.0151084748
   0.0158774957
   0.0170018573
   0.0176941290
   0.0177520805
   0.0175600691
   0.0174476383
   0.0173964996
   0.0173582266
   0.0173329037
   0.0173283557
   0.0173356078
   0.0173103074
   0.0168877612
   0.0164594987
   0.0166239902
   0.0159972115
   0.0145818340
   0.0128850972
   0.0115153638
   0.0105398848
   0.0104881198
   0.0100806856
   0.0085846784
   0.0065005760
   0.0052024094
   0.0045183486
   0.0038281671
   0.0029051284
   0.0014338097
   0.0001433649
   0.0002569167
   0.0021640915
   0.0030879022
   0.0020090480
   0.0012275020
   0.0020649721
   0.0042741185
   0.0056384045
   0.0056879293
   0.0054661455
   0.0069562948
   0.0097556224
   0.0113792732
   0.0113355489
   0.0108006704
   0.0113054356
   0.0134737507
   0.0158164972
   0.0167291914
   0.0165261375
   0.0164055532
   0.0181830102
   0.0209444468
   0.0221243370
   0.0213934350
   0.0210062296
   0.0207736970
   0.0197968648
   0.0187112771
   0.0173153462
   0.0161756426
   0.0151298924
   0.0131153856
   0.0108996975
   0.0096733829
   0.0078032085
   0.0054287329
   0.0042035517
   0.0037730327
   0.0017127061
  -0.0006331801
  -0.0015075898
  -0.0012354243
  -0.0019324204
  -0.0046459058
  -0.0068597152
  -0.0075355157
  -0.0090702476
  -0.0114988063
  -0.0128619548
  -0.0130123793
  -0.0133032617
  -0.0150055034
  -0.0173282407
  -0.0184215630
  -0.0182863923
  -0.0179467734
  -0.0179307518
  -0.0180721727
  -0.0181227591
  -0.0180769363
  -0.0180386346
  -0.0180424167
  -0.0173902679
  -0.0160609634
  -0.0152380278
  -0.0149577135
  -0.0139781402
  -0.0128352808
  -0.0123298872
  -0.0123879803
  -0.0118396078
  -0.0104833439
  -0.0098438165
  -0.0103206634
  -0.0104011002
  -0.0097290388
  -0.0081767678
  -0.0069710948
  -0.0067199965
  -0.0069339799
  -0.0070458358
  -0.0069802565
  -0.0069284422
  -0.0059987675
  -0.0034734382
  -0.0014922983
  -0.0011098854
  -0.0015247851
  -0.0015171056
   0.0000545551
   0.0025822828
   0.0041205155
   0.0042225999
   0.0037887854
   0.0038383143
   0.0048732786
   0.0056337641
   0.0063766469
   0.0075644237
   0.0083155257
   0.0088235063
   0.0090697589
   0.0090649399
   0.0089420046
   0.0088718136
   0.0088794025
   0.0089031465
   0.0089059204
   0.0088520201
   0.0080435313
   0.0067466808
   0.0059810046
   0.0050495374
   0.0037653165
   0.0029746131
   0.0023639978
   0.0016100637
   0.0007527426
  -0.0000121313
  -0.0012722932
  -0.0023626631
  -0.0027489959
  -0.0027152894
  -0.0027001630
  -0.0027740704
  -0.0027803616
  -0.0019070507
  -0.0004582634
   0.0010711809
   0.0023491485
   0.0028565871
   0.0027908148
   0.0027346374
   0.0044248612
   0.0071738386
   0.0086883746
   0.0095027255
   0.0104444283
   0.0109235975
   0.0121650857
   0.0138685552
   0.0156976252
   0.0175033742
   0.0189662541
   0.0195295046
   0.0194624490
   0.0197260045
   0.0210354271
   0.0222636102
   0.0234626368
   0.0244693748
   0.0239701842
   0.0224531268
   0.0208134277
   0.0205399529
   0.0214717261
   0.0215930948
   0.0201354672
   0.0188542462
   0.0186486155
   0.0189629442
   0.0191029668
   0.0184185365
   0.0163259459
   0.0140507274
   0.0130974831
   0.0124372937
   0.0102332496
   0.0080846952
   0.0074298771
   0.0077475998
   0.0073563927
   0.0059486862
   0.0042238380
   0.0027339577
   0.0022044403
   0.0022994533
   0.0024500174
   0.0021975578
   0.0016945887
   0.0015356128
   0.0006489607
  -0.0007056815
  -0.0023959733
  -0.0034505915
  -0.0036096870
  -0.0034236280
  -0.0037523070
  -0.0059902033
  -0.0077800682
  -0.0084116494
  -0.0088855910
  -0.0093002835
  -0.0094803017
  -0.0094511884
  -0.0093880833
  -0.0097354060
  -0.0102916159
  -0.0107841251
  -0.0113304013
  -0.0110264457
  -0.0107066841
  -0.0125831784
  -0.0149656125
  -0.0158655908
  -0.0155492294
  -0.0151481234
  -0.0151479612
  -0.0148666593
  -0.0140380875
  -0.0134244292
  -0.0131177222
  -0.0125925269
  -0.0120006066
  -0.0125708793
  -0.0129629612
  -0.0130211241
  -0.0139724588
  -0.0151574904
  -0.0156341936
  -0.0155029959
  -0.0155702713
  -0.0168101908
  -0.0176235048
  -0.0178594089
  -0.0180519028
  -0.0182411505
  -0.0182912174
  -0.0182650157
  -0.0179397923
  -0.0175604120
  -0.0178428473
  -0.0183414630
  -0.0194146694
  -0.0207226938
  -0.0213487764
  -0.0213002577
  -0.0210576230
  -0.0209468491
  -0.0210047718
  -0.0211382753
  -0.0212122135
  -0.0212120493
  -0.0211957874
  -0.0211968756
  -0.0212075731
  -0.0212048834
  -0.0211619290
  -0.0207473330
  -0.0201842016
  -0.0183986095
  -0.0161931898
  -0.0151757789
  -0.0152856472
  -0.0155858145
  -0.0155919949
  -0.0145730666
  -0.0123249922
  -0.0103165898
  -0.0096064710
  -0.0093458311
  -0.0085264354
  -0.0063785523
  -0.0045291447
  -0.0040582481
  -0.0043663431
  -0.0043889475
  -0.0031502825
  -0.0017459596
  -0.0011328471
  -0.0006549666
   0.0002278485
   0.0011312981
   0.0014660994
   0.0013665540
   0.0012436766
   0.0014979252
   0.0028163307
   0.0048277454
   0.0066102719
   0.0072712621
   0.0076276458
   0.0083083618
   0.0095241965
   0.0112984730
   0.0125343578
   0.0127744506
   0.0126164516
   0.0126085363
   0.0130074535
   0.0142224073
   0.0147825903
   0.0146629032
   0.0144141723
   0.0143253726
   0.0146830889
   0.0143643190
   0.0131833180
   0.0123702688
   0.0123764800
   0.0130954607
   0.0131696514
   0.0126186384
   0.0122243759
   0.0122024696
   0.0123068516
   0.0123283740
   0.0122819557
   0.0122522531
   0.0122576840
   0.0122676218
   0.0122639855
   0.0122539676
   0.0122475121
   0.0122450667
   0.0122422599
   0.0122376257
   0.0122325274
   0.0122279568
   0.0122237640
   0.0122194316
   0.0122148960
   0.0122103357
   0.0122057815
   0.0122012499
   0.0121975376
   0.0122390321
   0.0123338480
   0.0121447276
   0.0109086867
   0.0094023371
   0.0077557267
   0.0064472957
   0.0047440849
   0.0024823174
   0.0009931107
  -0.0002368425
  -0.0026277524
  -0.0046063353
  -0.0051098644
  -0.0051207242
  -0.0061779316
  -0.0077026949
  -0.0093824697
  -0.0103243655
  -0.0104290473
  -0.0102646359
  -0.0106554981
  -0.0120800968
  -0.0132233054
  -0.0135099724
  -0.0141843520
  -0.0153549122
  -0.0160411350
  -0.0161179108
  -0.0173289450
  -0.0194495914
  -0.0198371705
  -0.0190191073
  -0.0188314898
  -0.0191657784
  -0.0190417774
  -0.0185595119
  -0.0177673753
  -0.0168585104
  -0.0160805906
  -0.0158114420
  -0.0152662623
  -0.0140289668
  -0.0125391358
  -0.0110611398
  -0.0102419144
  -0.0091508610
  -0.0073130810
  -0.0055029463
  -0.0041259300
  -0.0026324606
  -0.0000496531
   0.0023111220
   0.0040031692
   0.0047137479
   0.0057514431
   0.0082465646
   0.0107595988
   0.0120262684
   0.0120742553
   0.0116186679
   0.0121054177
   0.0127149715
   0.0141360058
   0.0164598457
   0.0181230055
   0.0184400999
   0.0180876235
   0.0178635483
   0.0179172002
   0.0180194366
   0.0184407796
   0.0190317862
   0.0199780657
   0.0213371344
   0.0218798543
   0.0215563824
   0.0197930847
   0.0180992574
   0.0175944531
   0.0178236636
   0.0175413084
   0.0170404197
   0.0156329268
   0.0137860960
   0.0124533010
   0.0118667684
   0.0106307008
   0.0085273326
   0.0077440230
   0.0061532143
   0.0032832543
   0.0009818726
   0.0003588659
  -0.0000671802
  -0.0015095710
  -0.0037018110
  -0.0048398473
  -0.0035287861
  -0.0030864875
  -0.0042670614
  -0.0058547717
  -0.0064246297
  -0.0067007717
  -0.0066723524
  -0.0061020202
  -0.0054236429
  -0.0051610216
  -0.0052398794
  -0.0053786722
  -0.0054277104
  -0.0063522725
  -0.0066559879
  -0.0058998369
  -0.0054617064
  -0.0068616946
  -0.0087845024
  -0.0090321492
  -0.0090792779
  -0.0100634772
  -0.0109793951
  -0.0114004383
  -0.0126320236
  -0.0149143690
  -0.0160736095
  -0.0161780880
  -0.0162242003
  -0.0164280940
  -0.0165806744
  -0.0170387196
  -0.0184471139
  -0.0185179434
  -0.0186976517
  -0.0189176840
  -0.0187973810
  -0.0202697900
  -0.0197323922
  -0.0179829294
  -0.0180553646
  -0.0179689549
  -0.0176478463
  -0.0171509492
  -0.0161990396
  -0.0156489135
  -0.0149202660
  -0.0134465716
  -0.0122231522
  -0.0116563146
  -0.0114435282
  -0.0113749223
  -0.0113526731
  -0.0113359677
  -0.0106436795
  -0.0090560185
  -0.0070217633
  -0.0057940258
  -0.0058606441
  -0.0067674270
  -0.0071583631
  -0.0072167622
  -0.0084369621
  -0.0093221590
  -0.0085876043
  -0.0076325614
  -0.0082045527
  -0.0093906355
  -0.0088928883
  -0.0070948001
  -0.0062454163
  -0.0060931788
  -0.0060797648
  -0.0059395225
  -0.0063117369
  -0.0065480825
  -0.0062676697
  -0.0058904986
  -0.0065021139
  -0.0076713189
  -0.0073744963
  -0.0063045156
  -0.0054403811
  -0.0043388642
  -0.0034477046
  -0.0023650244
  -0.0011577995
  -0.0011356691
  -0.0023330345
  -0.0023061777
  -0.0006417271
   0.0010344709
   0.0019664573
   0.0029058717
   0.0042156373
   0.0054325766
   0.0066206347
   0.0086121511
   0.0093760594
   0.0093044249
   0.0096196345
   0.0106537405
   0.0121623200
   0.0137783962
   0.0149628098
   0.0150505808
   0.0146047464
   0.0146964228
   0.0150483387
   0.0152496000
   0.0161298465
   0.0174124206
   0.0188843204
   0.0198812315
   0.0196393093
   0.0198788600
   0.0209573208
   0.0221916636
   0.0226795818
   0.0230173855
   0.0240977127
   0.0249669434
   0.0250765674
   0.0248791867
   0.0256644387
   0.0269293547
   0.0280131314
   0.0291899006
   0.0299093658
   0.0299627713
   0.0302660391
   0.0310109444
   0.0321446155
   0.0330455486
   0.0338573698
   0.0341379695
   0.0342160142
   0.0349598313
   0.0364596412
   0.0370477178
   0.0357498058
   0.0344557744
   0.0346204055
   0.0350744447
   0.0347999227
   0.0343060295
   0.0340852210
   0.0332716750
   0.0311189463
   0.0290265631
   0.0280992249
   0.0280532933
   0.0274328366
   0.0264611890
   0.0249359801
   0.0230508743
   0.0219822097
   0.0209266039
   0.0190299198
   0.0169694710
   0.0153260699
   0.0141778185
   0.0127848258
   0.0103949117
   0.0074313123
   0.0052481274
   0.0041249321
   0.0033617569
   0.0017139537
  -0.0002358006
  -0.0014785857
  -0.0034477580
  -0.0057382159
  -0.0069189869
  -0.0080018253
  -0.0099850711
  -0.0114566712
  -0.0132503059
  -0.0155124779
  -0.0172827115
  -0.0175978492
  -0.0170834849
  -0.0166173725
  -0.0160853542
  -0.0154957684
  -0.0160441287
  -0.0172145779
  -0.0174247854
  -0.0173357084
  -0.0166783155
  -0.0166339485
  -0.0172862698
  -0.0173943067
  -0.0170097644
  -0.0164462141
  -0.0165941911
  -0.0167026611
  -0.0164595234
  -0.0157483430
  -0.0156400988
  -0.0153295132
  -0.0142638731
  -0.0124994133
  -0.0109289565
  -0.0094755258
  -0.0082303458
  -0.0072191830
  -0.0060484401
  -0.0046363540
  -0.0036162759
  -0.0026181493
  -0.0027925005
  -0.0038354500
  -0.0047877066
  -0.0045917283
  -0.0035179449
  -0.0031812006
  -0.0036788924
  -0.0044588305
  -0.0049686263
  -0.0051740537
  -0.0059076906
  -0.0060169368
  -0.0056374620
  -0.0056842396
  -0.0059781362
  -0.0054774406
  -0.0062229002
  -0.0082049202
  -0.0097736686
  -0.0101613154
  -0.0099662303
  -0.0098654990
  -0.0099578201
  -0.0100598511
  -0.0101302618
  -0.0104071738
  -0.0114889485
  -0.0121276896
  -0.0115833065
  -0.0112078397
  -0.0113967116
  -0.0116617290
  -0.0113336516
  -0.0109793910
  -0.0114544454
  -0.0118195268
  -0.0125478088
  -0.0132319414
  -0.0125504411
  -0.0115105551
  -0.0113272701
  -0.0125689369
  -0.0136352567
  -0.0137323702
  -0.0127315312
  -0.0119346577
  -0.0118566088
  -0.0120737748
  -0.0119859114
  -0.0108002063
  -0.0090224783
  -0.0076601676
  -0.0068307477
  -0.0065495157
  -0.0065573940
  -0.0063080780
  -0.0057915578
  -0.0055101471
  -0.0058981881
  -0.0064990607
  -0.0067453338
  -0.0071069452
  -0.0080226454
  -0.0083307342
  -0.0075414517
  -0.0067483480
  -0.0066342869
  -0.0068668894
  -0.0074415869
  -0.0083504148
  -0.0087101454
  -0.0089971512
  -0.0094907015
  -0.0110583330
  -0.0117846787
  -0.0117056423
  -0.0124344212
  -0.0134324184
  -0.0139075304
  -0.0140245831
  -0.0144559132
  -0.0148911712
  -0.0154599759
  -0.0164071958
  -0.0170883224
  -0.0172225610
  -0.0171051983
  -0.0170511562
  -0.0170970961
  -0.0171609938
  -0.0172540233
  -0.0173330043
  -0.0173623599
  -0.0170417933
  -0.0166455967
  -0.0174496381
  -0.0185494796
  -0.0184856291
  -0.0184920394
  -0.0189349848
  -0.0194094952
  -0.0196165529
  -0.0200137413
  -0.0204098209
  -0.0200981245
  -0.0197407284
  -0.0198149356
  -0.0208416396
  -0.0217235390
  -0.0215214974
  -0.0209997618
  -0.0207866736
  -0.0199406018
  -0.0183702559
  -0.0170291513
  -0.0156098952
  -0.0139180308
  -0.0124404229
  -0.0109443786
  -0.0096683893
  -0.0090798179
  -0.0077341591
  -0.0057461580
  -0.0044632081
  -0.0032102154
  -0.0016138846
  -0.0001764648
   0.0010867611
   0.0018380645
   0.0016904475
   0.0021994037
   0.0042279959
   0.0060340447
   0.0064870409
   0.0063401849
   0.0075337745
   0.0100165990
   0.0116644517
   0.0118294359
   0.0115349171
   0.0121948561
   0.0134640757
   0.0141394491
   0.0142690206
   0.0149782319
   0.0154623104
   0.0155760184
   0.0156220075
   0.0154562430
   0.0152565031
   0.0148059544
   0.0152154542
   0.0153466970
   0.0135985196
   0.0128476455
   0.0144210241
   0.0161679449
   0.0163565910
   0.0159926697
   0.0154183684
   0.0149629371
   0.0149048645
   0.0150978614
   0.0156101889
   0.0161031047
   0.0162462812
   0.0153880745
   0.0137259250
   0.0124828167
   0.0116830153
   0.0109786354
   0.0104613308
   0.0097897457
   0.0095796697
   0.0089246072
   0.0084954577
   0.0089367338
   0.0097360671
   0.0100205618
   0.0098391515
   0.0096750933
   0.0101049881
   0.0104696794
   0.0112204878
   0.0126969213
   0.0143234487
   0.0152098754
   0.0157524804
   0.0165749848
   0.0181464866
   0.0198231343
   0.0204544096
   0.0202623366
   0.0200205273
   0.0200314014
   0.0201293916
   0.0204056404
   0.0210326552
   0.0214690979
   0.0218818254
   0.0227008331
   0.0234308933
   0.0238414854
   0.0231412182
   0.0235227360
   0.0249374995
   0.0258308355
   0.0258115964
   0.0255231122
   0.0254539992
   0.0255491066
   0.0255642597
   0.0254347806
   0.0253315012
   0.0253821964
   0.0254548205
   0.0254271835
   0.0253394268
   0.0252908054
   0.0252931667
   0.0251198298
   0.0241022710
   0.0228117918
   0.0219716765
   0.0215899739
   0.0212019472
   0.0209023753
   0.0206732306
   0.0200135072
   0.0194212563
   0.0192781394
   0.0194052839
   0.0193051440
   0.0187051933
   0.0179126645
   0.0158972255
   0.0140718288
   0.0134476845
   0.0131501495
   0.0128518219
   0.0117276143
   0.0096177229
   0.0080978361
   0.0078282994
   0.0081132151
   0.0082024193
   0.0080358705
   0.0069576910
   0.0043509271
   0.0022907207
   0.0018340451
   0.0021368303
   0.0007703190
  -0.0021829816
  -0.0039885088
  -0.0040859837
  -0.0046382862
  -0.0066606693
  -0.0087588797
  -0.0102280302
  -0.0113957137
  -0.0128827174
  -0.0145505073
  -0.0165767506
  -0.0183899098
  -0.0190450749
  -0.0199405648
  -0.0217512992
  -0.0242128190
  -0.0256644387
  -0.0262007524
  -0.0263332498
  -0.0264480070
  -0.0265513890
  -0.0265987785
  -0.0266692056
  -0.0267462031
  -0.0267830183
  -0.0267831209
  -0.0272111042
  -0.0277353036
  -0.0273222065
  -0.0266335814
  -0.0254055626
  -0.0241815477
  -0.0229449257
  -0.0229401826
  -0.0227990204
  -0.0222199987
  -0.0218225681
  -0.0218927899
  -0.0221141938
  -0.0222222573
  -0.0214802061
  -0.0200526589
  -0.0185509600
  -0.0172312997
  -0.0162045259
  -0.0158253858
  -0.0144117166
  -0.0124215184
  -0.0118161204
  -0.0117941648
  -0.0116858221
  -0.0107189688
  -0.0083460311
  -0.0069116280
  -0.0069830551
  -0.0073126868
  -0.0067774675
  -0.0060312912
  -0.0057708321
  -0.0051514329
  -0.0033245167
  -0.0012807030
   0.0001984447
   0.0005840288
   0.0013959677
   0.0032936191
   0.0043142619
   0.0046466656
   0.0048737796
   0.0053707117
   0.0053873945
   0.0059862343
   0.0069551594
   0.0073265956
   0.0066165261
   0.0054719275
   0.0050228592
   0.0066687736
   0.0104274683
   0.0125418112
   0.0107610443
   0.0080107098
   0.0062295014
   0.0054254230
   0.0053568316
   0.0061087303
   0.0071109121
   0.0080664622
   0.0084518955
   0.0083606791
   0.0081592391
   0.0088785298
   0.0112145847
   0.0128795390
   0.0134386748
   0.0129737244
   0.0126669271
   0.0130428354
   0.0134451220
   0.0130798107
   0.0127311226
   0.0130086875
   0.0134009357
   0.0135000346
   0.0133874539
   0.0128562590
   0.0124141595
   0.0118050040
   0.0112573460
   0.0097789496
   0.0090523575
   0.0087482191
   0.0086103442
   0.0080996717
   0.0076181577
   0.0073043033
   0.0058368262
   0.0039770680
   0.0030015335
   0.0024957252
   0.0018236865
  -0.0003896264
  -0.0013260424
  -0.0008868873
  -0.0016171433
  -0.0030849311
  -0.0038490098
  -0.0043463812
  -0.0054717386
  -0.0068793855
  -0.0079937292
  -0.0088615370
  -0.0092913148
  -0.0095203158
  -0.0105396260
  -0.0118869623
  -0.0128332706
  -0.0126076493
  -0.0120306131
  -0.0124136832
  -0.0134149041
  -0.0135996674
  -0.0126873304
  -0.0118831309
  -0.0111592737
  -0.0106590914
  -0.0116864237
  -0.0133133946
  -0.0141281418
  -0.0142873111
  -0.0145521129
  -0.0148160195
  -0.0148661583
  -0.0147938196
  -0.0148051680
  -0.0148751085
  -0.0148696222
  -0.0148087448
  -0.0148279798
  -0.0148888675
  -0.0149194529
  -0.0149145805
  -0.0145246895
  -0.0143417392
  -0.0146849984
  -0.0150399203
  -0.0149891429
  -0.0144386801
  -0.0143325713
  -0.0136425992
  -0.0127798569
  -0.0127726212
  -0.0127018450
  -0.0119535395
  -0.0113212129
  -0.0105611114
  -0.0097992544
  -0.0094367191
  -0.0094305469
  -0.0095738343
  -0.0100646763
  -0.0108359188
  -0.0117855329
  -0.0123229369
  -0.0123651850
  -0.0122525858
  -0.0122254292
  -0.0122576881
  -0.0116393751
  -0.0102265026
  -0.0092840750
  -0.0092447960
  -0.0095305863
  -0.0094129792
  -0.0086260846
  -0.0075713124
  -0.0069777351
  -0.0074363736
  -0.0079230783
  -0.0078750154
  -0.0069531677
  -0.0055052418
  -0.0036429787
  -0.0018444161
  -0.0008668008
   0.0001727846
   0.0013501932
   0.0028576959
   0.0039554245
   0.0041639955
   0.0039371237
   0.0039217201
   0.0049532473
   0.0058938126
   0.0050706450
   0.0031078148
   0.0016895868
   0.0024415949
   0.0041493578
   0.0051684914
   0.0061228608
   0.0073308315
   0.0080007596
   0.0084732352
   0.0091128755
   0.0099201385
   0.0102568992
   0.0104126848
   0.0115069680
   0.0126059060
   0.0128539634
   0.0125453141
   0.0122977310
   0.0127490455
   0.0129028887
   0.0124591774
   0.0122505920
   0.0131086817
   0.0136035830
   0.0131361872
   0.0125943523
   0.0120135381
   0.0116187439
   0.0114710420
   0.0116255874
   0.0120509651
   0.0117873090
   0.0112282512
   0.0109747834
   0.0105722114
   0.0088847040
   0.0076936174
   0.0069025711
   0.0058315246
   0.0042965094
   0.0019862695
  -0.0001074481
  -0.0008781462
  -0.0010291903
  -0.0026492891
  -0.0048707305
  -0.0063166750
  -0.0065640713
  -0.0067041966
  -0.0080079830
  -0.0098251831
  -0.0110671477
  -0.0113115544
  -0.0114663030
  -0.0118664543
  -0.0121558707
  -0.0121328617
  -0.0115109719
  -0.0109149532
  -0.0110012501
  -0.0109936263
  -0.0105779873
  -0.0102301164
  -0.0100163526
  -0.0100505745
  -0.0092845103
  -0.0085442926
  -0.0083720193
  -0.0089683028
  -0.0094407065
  -0.0089632230
  -0.0078652809
  -0.0070897018
  -0.0071475876
  -0.0070554369
  -0.0067735478
  -0.0064951123
  -0.0055517853
  -0.0034178214
  -0.0013719999
  -0.0006417735
  -0.0007512316
  -0.0001767322
   0.0019714557
   0.0042792886
   0.0051470245
   0.0048795616
   0.0046163224
   0.0052682618
   0.0071109326
   0.0094178269
   0.0105523563
   0.0108248866
   0.0118378050
   0.0137163259
   0.0154934647
   0.0161341501
   0.0163102220
   0.0173461165
   0.0180195803
   0.0188390910
   0.0195650323
   0.0206515891
   0.0214941273
   0.0212217202
   0.0210042585
   0.0213313852
   0.0216974830
   0.0218106797
   0.0222023817
   0.0225110085
   0.0228179516
   0.0230430514
   0.0239004552
   0.0252755496
   0.0265760077
   0.0272405275
   0.0272974236
   0.0271864444
   0.0271701415
   0.0272211652
   0.0271983329
   0.0262746085
   0.0240566679
   0.0220097646
   0.0213526776
   0.0216007125
   0.0217834123
   0.0205728873
   0.0182867557
   0.0164785982
   0.0158993096
   0.0162600073
   0.0163170368
   0.0159046317
   0.0146483743
   0.0141176290
   0.0143861822
   0.0133591003
   0.0113220917
   0.0101847350
   0.0102425797
   0.0104989611
   0.0093166439
   0.0065385142
   0.0046142814
   0.0043749052
   0.0047215565
   0.0036158940
   0.0007836818
  -0.0016433016
  -0.0036029728
  -0.0055286203
  -0.0066161709
  -0.0072112943
  -0.0088262167
  -0.0111537607
  -0.0125602680
  -0.0136405952
  -0.0151459859
  -0.0170276545
  -0.0181178436
  -0.0182389700
  -0.0181110986
  -0.0190594663
  -0.0214508855
  -0.0235472109
  -0.0241632941
  -0.0238942544
  -0.0237377542
  -0.0239193864
  -0.0241481410
  -0.0242265143
  -0.0242463694
  -0.0246641068
  -0.0250749658
  -0.0249091028
  -0.0245745433
  -0.0245061900
  -0.0246627927
  -0.0248116958
  -0.0248231941
  -0.0248124555
  -0.0242367190
  -0.0228441513
  -0.0217715239
  -0.0204255920
  -0.0193285697
  -0.0174592906
  -0.0150520859
  -0.0137765093
  -0.0137886051
  -0.0141295462
  -0.0141232940
  -0.0130750286
  -0.0117386260
  -0.0100766161
  -0.0087950460
  -0.0083915048
  -0.0084782451
  -0.0085233308
  -0.0084595542
  -0.0083922029
  -0.0083659457
  -0.0081282594
  -0.0066915813
  -0.0042426973
  -0.0026144164
  -0.0024013406
  -0.0027466510
  -0.0028305804
  -0.0024075599
  -0.0003851862
   0.0020629332
   0.0031406240
   0.0029863270
   0.0027147022
   0.0027474662
   0.0028779350
   0.0029416335
   0.0030260208
   0.0042897521
   0.0064068279
   0.0079795247
   0.0083257612
   0.0080376466
   0.0078265069
   0.0081633333
   0.0096995538
   0.0118906993
   0.0131452730
   0.0131604754
   0.0127614103
   0.0124987131
   0.0111637375
   0.0087258570
   0.0075496689
   0.0073501199
   0.0071935151
   0.0068880134
   0.0066276897
   0.0065177352
   0.0064428073
   0.0058658861
   0.0048986735
   0.0037516787
   0.0024942756
   0.0023409108
   0.0019664817
   0.0011127428
   0.0005368318
   0.0004967394
   0.0006546003
   0.0007079768
   0.0006434305
   0.0005278331
   0.0000711348
  -0.0012079590
  -0.0028847970
  -0.0038769404
  -0.0043628361
  -0.0045236193
  -0.0045366473
  -0.0045377910
  -0.0045128191
  -0.0045089344
  -0.0045233955
  -0.0045119342
  -0.0044969330
  -0.0044755174
  -0.0044444104
  -0.0044340127
  -0.0044801558
  -0.0044157858
  -0.0039591184
  -0.0039779797
  -0.0043817303
  -0.0046512300
  -0.0046187883
  -0.0044748706
  -0.0044602082
  -0.0045255474
  -0.0045373126
  -0.0044933028
  -0.0048302052
  -0.0049300228
  -0.0045780679
  -0.0042432969
  -0.0041605994
  -0.0041983015
  -0.0041898051
  -0.0041212834
  -0.0040533100
  -0.0040106184
  -0.0039756143
  -0.0039356926
  -0.0039359801
  -0.0039321733
  -0.0038678732
  -0.0037634583
  -0.0037085046
  -0.0037421536
  -0.0037682137
  -0.0037339857
  -0.0036988768
  -0.0037171674
  -0.0032416222
  -0.0013801473
   0.0004053460
   0.0008959285
   0.0005709458
   0.0002900507
   0.0009195197
   0.0029304268
   0.0045491641
   0.0048090688
   0.0044141062
   0.0041689049
   0.0041764774
   0.0042599181
   0.0048898834
   0.0064053023
   0.0078165876
   0.0082495295
   0.0080478267
   0.0085394038
   0.0102104768
   0.0116982567
   0.0120414810
   0.0116874401
   0.0116082824
   0.0122523496
   0.0138463122
   0.0151925869
   0.0153597086
   0.0146002436
   0.0143428007
   0.0145919751
   0.0147213598
   0.0145770581
   0.0145964902
   0.0153332420
   0.0159266632
   0.0160678768
   0.0157638514
   0.0152478609
   0.0146984124
   0.0148586064
   0.0151767213
   0.0142007946
   0.0130271525
   0.0125618983
   0.0126294652
   0.0126631943
   0.0124880525
   0.0122608214
   0.0121020524
   0.0119869873
   0.0115577597
   0.0097764775
   0.0079918690
   0.0073612610
   0.0074974481
   0.0076003620
   0.0074404699
   0.0072244661
   0.0066680693
   0.0049054657
   0.0032845417
   0.0027829302
   0.0028964493
   0.0018838602
  -0.0000465205
  -0.0011850449
  -0.0012382059
  -0.0009962066
  -0.0014266754
  -0.0029780975
  -0.0045404007
  -0.0051617485
  -0.0050870834
  -0.0049574709
  -0.0050222371
  -0.0051424005
  -0.0052400026
  -0.0052995125
  -0.0053224311
  -0.0053503022
  -0.0053785634
  -0.0054606284
  -0.0060551009
  -0.0071083681
  -0.0082892746
  -0.0088773020
  -0.0088395465
  -0.0086483913
  -0.0085806848
  -0.0083668143
  -0.0081568286
  -0.0082361299
  -0.0083557184
  -0.0083271307
  -0.0081986208
  -0.0080820855
  -0.0079845696
  -0.0078809124
  -0.0077958681
  -0.0077266503
  -0.0076618410
  -0.0075677191
  -0.0074828740
  -0.0074109685
  -0.0073349257
  -0.0072535095
  -0.0072098304
  -0.0071505710
  -0.0068493627
  -0.0065666728
  -0.0060075185
  -0.0050777328
  -0.0042886885
  -0.0041214785
  -0.0045219233
  -0.0048296672
  -0.0047647962
  -0.0044376326
  -0.0042405250
  -0.0042713404
  -0.0043565757
  -0.0043648278
  -0.0043339117
  -0.0043303616
  -0.0043641666
  -0.0043704599
  -0.0043240150
  -0.0042845450
  -0.0042577704
  -0.0042124178
  -0.0041444053
  -0.0038841474
  -0.0035409127
  -0.0026605801
  -0.0019357504
  -0.0016982700
  -0.0015826897
  -0.0015994774
  -0.0014044670
  -0.0011673644
  -0.0011439450
  -0.0014301873
  -0.0015883446
  -0.0013070600
  -0.0011701614
  -0.0012362861
  -0.0012942299
  -0.0010975155
  -0.0008748913
  -0.0008009299
  -0.0008221445
  -0.0008163407
  -0.0007825922
  -0.0007595845
  -0.0007494479
  -0.0007369710
  -0.0007167564
  -0.0006943308
  -0.0006742858
  -0.0006560113
  -0.0006374201
  -0.0005348062
  -0.0000877090
   0.0006319008
   0.0012496023
   0.0014303310
   0.0013478089
   0.0012767092
   0.0011438707
   0.0005346541
  -0.0000133177
  -0.0003761674
  -0.0003753362
  -0.0001266760
  -0.0000712731
  -0.0001964385
  -0.0003849326
  -0.0005169691
  -0.0005578977
  -0.0005458787
  -0.0005242791
  -0.0005167321
  -0.0005285058
  -0.0005311403
  -0.0005157738
  -0.0005099805
  -0.0005143565
  -0.0005090182
  -0.0004654316
   0.0000324503
   0.0006693680
   0.0004747978
  -0.0001808124
  -0.0005182355
  -0.0005527651
  -0.0005181164
  -0.0004867794
  -0.0001682194
   0.0002038411
   0.0003931348
   0.0004023316
   0.0004671089
   0.0005678047
   0.0005946902
   0.0005588303
   0.0005245799
   0.0005146994
   0.0005011232
   0.0004699200
   0.0004328152
   0.0004171923
   0.0004108847
   0.0004022447
   0.0003877597
   0.0003710500
   0.0003593694
   0.0003469753
   0.0003355186
   0.0003280491
   0.0003234955
   0.0003192639
   0.0003143213
   0.0003091666
   0.0003035507
   0.0002929476
   0.0002831888
   0.0002829424
   0.0002848955
   0.0002745702
   0.0002575172
   0.0002473700
   0.0002451186
   0.0002443219
   0.0002414839
   0.0002376369
   0.0002343868
   0.0002318117
   0.0002292698
   0.0002265279
   0.0002237699
   0.0002208350
   0.0002130069
   0.0002073688
   0.0002093888
   0.0002117380
   0.0002054646
   0.0001958986
   0.0001917901
   0.0001895065
   0.0001872670
   0.0001824949
   0.0000748075
  -0.0001160557
  -0.0002132775
  -0.0001959324
  -0.0001498979
  -0.0001282110
  -0.0001224476
  -0.0001123643
  -0.0000964062
  -0.0000815847
  -0.0000690141
  -0.0000555458
  -0.0000403824
  -0.0000250174
  -0.0000105896
   0.0000020678
   0.0000509955
   0.0001252607
   0.0001715021
   0.0001935340
   0.0001973573
   0.0002051679
   0.0001851001
   0.0001366424
   0.0000928741
   0.0000826963
   0.0000978546
   0.0001192042
   0.0001436657
   0.0001470440
   0.0001419635
   0.0001546619
   0.0001743940
   0.0002007204
   0.0002391510
   0.0002815134
   0.0003026325
   0.0003026680
   0.0002975412
   0.0002963733
   0.0002998817
   0.0003272918
   0.0003697138
   0.0003892775
   0.0003824872
   0.0003685009
   0.0003591996
   0.0003577535
   0.0003751985
   0.0003962219
   0.0004026599
   0.0003934253
   0.0003798690
   0.0003690288
   0.0003624015
   0.0003659682
   0.0003743170
   0.0003780930
   0.0003700376
   0.0003558099
   0.0003429264
   0.0003323525
   0.0003220656
   0.0003111667
   0.0003007036
   0.0002911060
   0.0002833459
   0.0002828020
   0.0002825482
   0.0002781585
   0.0002698945
   0.0002619665
   0.0002539819
   0.0002452876
   0.0002366784
   0.0002285128
   0.0002208317
   0.0002136389
   0.0002068364
   0.0002001895
   0.0001938648
   0.0001881384
   0.0001827583
   0.0001774504
   0.0001722373
   0.0001673158
   0.0001628484
   0.0001585927
   0.0001543563
   0.0001491959
   0.0001422621
   0.0001367293
   0.0001337085
   0.0001317961
   0.0001297125
   0.0001273634
   0.0001245865
   0.0001207406
   0.0001175030
   0.0001157751
   0.0001147927
   0.0001137115
   0.0001124719
   0.0001110618
   0.0001092012
   0.0001073420
   0.0001061504
   0.0001054992
   0.0001049496
   0.0001042353
   0.0001032209
   0.0001021254
   0.0001011441
   0.0001004504
   0.0000999355
   0.0000994243
   0.0000988388
   0.0000980449
   0.0000971657
   0.0000964749
   0.0000959474
   0.0000954233
   0.0000947878
   0.0000940169
   0.0000932830
   0.0000926531
   0.0000920520
   0.0000914117
   0.0000907277
   0.0000900199
   0.0000892964
   0.0000885511
   0.0000877577
   0.0000869375
   0.0000861320
   0.0000853359
   0.0000845271
   0.0000836969
   0.0000828493
   0.0000819883
   0.0000811133
   0.0000802259
   0.0000793294
   0.0000784242
   0.0000775097
   0.0000765857
   0.0000756552
   0.0000747171
   0.0000737718
   0.0000728216
   0.0000718671
   0.0000709075
   0.0000699433
   0.0000689756
   0.0000680052
   0.0000670324
   0.0000660576
   0.0000650812
   0.0000641037
   0.0000631255
   0.0000621468
   0.0000611681
   0.0000601897
   0.0000592119
   0.0000582350
   0.0000572594
   0.0000562854
   0.0000553132
   0.0000543431
   0.0000533754
   0.0000524104
   0.0000514484
