     0.000    0.0022181067
     0.020    0.0015933013
     0.040    0.0008584883
     0.060   -0.0001065293
     0.080   -0.0013137709
     0.100   -0.0000791561
     0.120    0.0015040468
     0.140    0.0014183845
     0.160    0.0014168780
     0.180    0.0002744454
     0.200   -0.0015382965
     0.220   -0.0004136019
     0.240    0.0003597658
     0.260    0.0000652505
     0.280    0.0010041533
     0.300    0.0018164046
     0.320    0.0012242227
     0.340   -0.0010543930
     0.360   -0.0003539671
     0.380    0.0009631759
     0.400    0.0016192551
     0.420    0.0012814158
     0.440   -0.0011302582
     0.460   -0.0014754607
     0.480   -0.0004198962
     0.500    0.0030747501
     0.520    0.0043855333
     0.540   -0.0000185516
     0.560   -0.0019465722
     0.580    0.0000604731
     0.600    0.0022413556
     0.620    0.0036696387
     0.640    0.0029954222
     0.660   -0.0017220068
     0.680   -0.0043997774
     0.700   -0.0003086189
     0.720    0.0046146836
     0.740    0.0025915663
     0.760   -0.0006880534
     0.780   -0.0017662121
     0.800   -0.0035479692
     0.820   -0.0013807928
     0.840    0.0004433743
     0.860   -0.0006846561
     0.880   -0.0031265135
     0.900   -0.0013439107
     0.920    0.0049710410
     0.940    0.0004747891
     0.960   -0.0029369066
     0.980   -0.0018504648
     1.000   -0.0058705127
     1.020   -0.0002923921
     1.040    0.0051840373
     1.060   -0.0002542905
     1.080   -0.0061216148
     1.100   -0.0018258463
     1.120    0.0029571941
     1.140   -0.0034953564
     1.160   -0.0051779404
     1.180   -0.0033285833
     1.200   -0.0033145223
     1.220    0.0014223512
     1.240    0.0015483119
     1.260    0.0002642876
     1.280   -0.0019332183
     1.300   -0.0044256560
     1.320    0.0004250018
     1.340    0.0017344969
     1.360    0.0056337763
     1.380    0.0056867788
     1.400   -0.0003384540
     1.420   -0.0000875666
     1.440    0.0074176572
     1.460    0.0139428268
     1.480    0.0088117159
     1.500    0.0023861925
     1.520   -0.0033116678
     1.540   -0.0010552804
     1.560    0.0027608993
     1.580   -0.0047824077
     1.600   -0.0115398023
     1.620   -0.0090540752
     1.640   -0.0045869405
     1.660   -0.0052984198
     1.680   -0.0083685125
     1.700   -0.0079575200
     1.720   -0.0068188635
     1.740   -0.0053741590
     1.760    0.0005326209
     1.780    0.0064107482
     1.800    0.0054238149
     1.820    0.0009604366
     1.840    0.0047989514
     1.860    0.0072681611
     1.880    0.0007318828
     1.900   -0.0075823690
     1.920   -0.0104387621
     1.940   -0.0060787329
     1.960   -0.0040717714
     1.980   -0.0054857786
     2.000   -0.0079880197
     2.020   -0.0059301786
     2.040    0.0042501853
     2.060    0.0101691266
     2.080    0.0071380588
     2.100    0.0037075768
     2.120    0.0067871338
     2.140    0.0122955902
     2.160    0.0130905010
     2.180    0.0120270063
     2.200    0.0111918850
     2.220    0.0071623256
     2.240    0.0016293884
     2.260   -0.0043695334
     2.280   -0.0098626979
     2.300   -0.0147160369
     2.320   -0.0153310517
     2.340   -0.0092002662
     2.360   -0.0042196530
     2.380    0.0030594926
     2.400    0.0092920090
     2.420    0.0051950326
     2.440    0.0018220138
     2.460    0.0051827827
     2.480    0.0064382710
     2.500    0.0029950061
     2.520   -0.0061289254
     2.540   -0.0131078053
     2.560   -0.0084627435
     2.580    0.0008237590
     2.600    0.0005675876
     2.620   -0.0071111759
     2.640   -0.0090547070
     2.660   -0.0111045657
     2.680   -0.0077187495
     2.700   -0.0041230489
     2.720   -0.0070521654
     2.740   -0.0074312595
     2.760   -0.0053426187
     2.780    0.0036129487
     2.800    0.0159460483
     2.820    0.0162918536
     2.840    0.0049527178
     2.860    0.0026172318
     2.880    0.0051885451
     2.900    0.0056064982
     2.920    0.0034873841
     2.940    0.0024093643
     2.960    0.0062492379
     2.980    0.0077119991
     3.000    0.0050529496
     3.020    0.0025954668
     3.040    0.0022081429
     3.060   -0.0036259274
     3.080   -0.0038209241
     3.100    0.0006440107
     3.120   -0.0012781081
     3.140   -0.0086608421
     3.160   -0.0043429007
     3.180    0.0031195727
     3.200   -0.0035687797
     3.220   -0.0090181775
     3.240   -0.0043155864
     3.260    0.0051218297
     3.280    0.0071699381
     3.300    0.0005897872
     3.320   -0.0007507136
     3.340    0.0061006465
     3.360    0.0050772899
     3.380    0.0039790460
     3.400   -0.0037521927
     3.420   -0.0177077616
     3.440   -0.0127980136
     3.460   -0.0010777388
     3.480    0.0015214708
     3.500    0.0018933495
     3.520   -0.0024538678
     3.540   -0.0071672178
     3.560    0.0035008949
     3.580    0.0158684100
     3.600    0.0133343205
     3.620    0.0013555723
     3.640   -0.0034446681
     3.660    0.0003870554
     3.680    0.0040199971
     3.700    0.0053581129
     3.720   -0.0014641879
     3.740   -0.0010145948
     3.760    0.0029114568
     3.780   -0.0036186630
     3.800   -0.0028935307
     3.820    0.0093963607
     3.840    0.0142895477
     3.860    0.0057604812
     3.880   -0.0047314837
     3.900   -0.0049817753
     3.920    0.0088198378
     3.940    0.0159995475
     3.960    0.0012665072
     3.980   -0.0174237769
     4.000   -0.0189268683
     4.020    0.0006210853
     4.040    0.0245756257
     4.060    0.0235949360
     4.080    0.0010750267
     4.100   -0.0137245604
     4.120   -0.0051403731
     4.140    0.0149216582
     4.160    0.0201662434
     4.180   -0.0003741065
     4.200   -0.0126514029
     4.220   -0.0012823395
     4.240    0.0047906827
     4.260   -0.0029561208
     4.280   -0.0086688271
     4.300   -0.0070412208
     4.320   -0.0031594642
     4.340   -0.0001218540
     4.360    0.0043618158
     4.380   -0.0003837592
     4.400    0.0013557355
     4.420    0.0086214990
     4.440    0.0284191414
     4.460    0.0533889411
     4.480    0.0707244016
     4.500    0.0305569177
     4.520   -0.0559472512
     4.540   -0.0846747974
     4.560   -0.0757253395
     4.580   -0.0666002006
     4.600   -0.0441998333
     4.620   -0.0206002653
     4.640    0.0269063963
     4.660    0.1124506698
     4.680    0.1429244833
     4.700    0.0693054478
     4.720   -0.0115661078
     4.740   -0.0820083104
     4.760   -0.1413525916
     4.780   -0.1551434686
     4.800   -0.0685303614
     4.820    0.0957925702
     4.840    0.1338694047
     4.860    0.0301789603
     4.880   -0.0699147881
     4.900   -0.0737107782
     4.920   -0.0294096208
     4.940    0.0233857070
     4.960    0.1013945815
     4.980    0.1509732104
     5.000    0.1025750639
     5.020    0.0160802587
     5.040   -0.0856490965
     5.060   -0.1474546966
     5.080   -0.1410986923
     5.100   -0.0465414815
     5.120    0.0900308589
     5.140    0.1121640472
     5.160    0.0054743092
     5.180   -0.0735286252
     5.200   -0.0527943217
     5.220    0.0128306190
     5.240    0.0679355969
     5.260    0.0508181671
     5.280   -0.0061601411
     5.300   -0.0157005699
     5.320   -0.0551597553
     5.340   -0.0558740636
     5.360    0.0786799175
     5.380    0.1397900365
     5.400    0.0717583276
     5.420   -0.0382173991
     5.440   -0.0925217919
     5.460   -0.1009989118
     5.480   -0.0540867337
     5.500   -0.0276245933
     5.520   -0.0749316978
     5.540   -0.1008539690
     5.560   -0.0313198576
     5.580    0.0682134540
     5.600    0.0816666295
     5.620    0.0689733663
     5.640    0.0518910800
     5.660   -0.0693387421
     5.680   -0.1287403841
     5.700    0.0022428241
     5.720    0.1071582145
     5.740    0.0750688995
     5.760   -0.0090229763
     5.780   -0.0268985554
     5.800    0.0155857849
     5.820    0.0639939660
     5.840   -0.0222262998
     5.860   -0.1103928251
     5.880   -0.0943212049
     5.900   -0.0860300180
     5.920   -0.0908106680
     5.940   -0.0600676541
     5.960    0.0696201978
     5.980    0.0806407891
     6.000   -0.0174364130
     6.020   -0.0050918113
     6.040    0.0882264332
     6.060    0.1348030581
     6.080    0.1165409782
     6.100    0.0837138233
     6.120    0.0765403283
     6.140    0.0439471396
     6.160   -0.0239782959
     6.180   -0.0398623242
     6.200   -0.0944311585
     6.220   -0.1918065886
     6.240   -0.1392775242
     6.260   -0.0074335247
     6.280    0.0229017120
     6.300    0.0259356868
     6.320    0.0272037150
     6.340    0.0383860822
     6.360    0.0473059895
     6.380    0.0520060734
     6.400    0.0562660621
     6.420    0.0610114599
     6.440    0.0400745355
     6.460   -0.0158395755
     6.480   -0.0385803637
     6.500   -0.0493273855
     6.520   -0.0633761231
     6.540   -0.0360217635
     6.560    0.0190046063
     6.580    0.0049493984
     6.600   -0.0276096005
     6.620   -0.0420364949
     6.640   -0.0075674405
     6.660    0.0555971583
     6.680    0.0713349838
     6.700    0.0141791227
     6.720   -0.0458956380
     6.740   -0.0347216103
     6.760   -0.0369763018
     6.780   -0.0633590544
     6.800   -0.0304913988
     6.820    0.0387403448
     6.840    0.0773533954
     6.860    0.1058338769
     6.880    0.0899525952
     6.900    0.0455708626
     6.920    0.0429592617
     6.940    0.0421737419
     6.960    0.0234475004
     6.980    0.0131433204
     7.000    0.0370933166
     7.020    0.0194238620
     7.040   -0.0402135955
     7.060   -0.0115657724
     7.080    0.0181222131
     7.100    0.0217219910
     7.120   -0.0209954998
     7.140   -0.0805747173
     7.160   -0.0924626907
     7.180   -0.0614109820
     7.200    0.0176389432
     7.220    0.0342356664
     7.240    0.0336821912
     7.260    0.0280656675
     7.280   -0.0040976608
     7.300   -0.0256485566
     7.320   -0.0303488218
     7.340   -0.0269080823
     7.360   -0.0299015655
     7.380    0.0455896082
     7.400    0.1409908236
     7.420    0.1636334603
     7.440    0.1106733743
     7.460    0.0489915875
     7.480    0.0547428655
     7.500   -0.0130855698
     7.520   -0.1533397952
     7.540   -0.1746095988
     7.560   -0.1321910040
     7.580   -0.0993160695
     7.600   -0.1224655078
     7.620   -0.1787662601
     7.640   -0.1892184650
     7.660   -0.1502762336
     7.680    0.0339899977
     7.700    0.1759729141
     7.720    0.1913436596
     7.740    0.2075352950
     7.760    0.1862043960
     7.780    0.0337918365
     7.800   -0.0593823797
     7.820   -0.0265961514
     7.840    0.0038480816
     7.860   -0.0234695183
     7.880   -0.1191613718
     7.900   -0.1198684103
     7.920   -0.0258217176
     7.940    0.0368980562
     7.960    0.0392597461
     7.980    0.0254938330
     8.000    0.0147938565
     8.020    0.0215917055
     8.040    0.0424590410
     8.060    0.0206732262
     8.080   -0.0241394645
     8.100   -0.0303061910
     8.120   -0.0383785042
     8.140   -0.0492134888
     8.160   -0.0587327926
     8.180   -0.0664287981
     8.200   -0.0362065000
     8.220   -0.0228616464
     8.240   -0.0302386779
     8.260   -0.0495170259
     8.280   -0.0052807375
     8.300    0.1025043600
     8.320    0.1521134460
     8.340    0.1101706518
     8.360    0.0132832415
     8.380   -0.0890749701
     8.400   -0.1289892072
     8.420   -0.0645155519
     8.440   -0.0417010776
     8.460   -0.0437377112
     8.480   -0.0244403819
     8.500    0.0144647029
     8.520    0.0564301766
     8.540    0.1098077960
     8.560    0.1274686212
     8.580    0.1088272786
     8.600    0.0878680281
     8.620    0.0827358530
     8.640    0.0616619172
     8.660   -0.0342685708
     8.680   -0.0684661296
     8.700   -0.0861135483
     8.720   -0.0611864157
     8.740    0.1141546326
     8.760    0.1926978197
     8.780    0.1087452440
     8.800   -0.0475053744
     8.820   -0.1131796446
     8.840   -0.0261062915
     8.860    0.0915108175
     8.880    0.1943881856
     8.900    0.2003787961
     8.920    0.1154147928
     8.940    0.0081303375
     8.960   -0.0914273325
     8.980   -0.1316163086
     9.000   -0.1207216608
     9.020   -0.0476170140
     9.040    0.0177793266
     9.060    0.0155447586
     9.080   -0.0247467924
     9.100   -0.1027634262
     9.120   -0.1531653924
     9.140   -0.1642149541
     9.160   -0.1655397449
     9.180   -0.1533118763
     9.200   -0.0641314396
     9.220    0.0432319611
     9.240    0.1187710503
     9.260    0.1404564656
     9.280    0.1435771342
     9.300    0.1212853880
     9.320    0.0652268236
     9.340    0.0552284649
     9.360    0.0801730922
     9.380    0.1173121035
     9.400    0.1535930600
     9.420    0.1759118187
     9.440    0.1859161419
     9.460    0.1752548168
     9.480    0.1253391662
     9.500    0.0248808125
     9.520   -0.1459506988
     9.540   -0.2125256273
     9.560   -0.2630709047
     9.580   -0.3615912840
     9.600   -0.4587081918
     9.620   -0.4007538758
     9.640    0.0478049593
     9.660    0.5528986852
     9.680    0.6824983930
     9.700    0.5334501404
     9.720    0.2953417745
     9.740    0.1769140912
     9.760   -0.0662692703
     9.780   -0.5959328568
     9.800   -0.8005831627
     9.820   -0.6436340265
     9.840   -0.3277824242
     9.860   -0.1173810850
     9.880   -0.1066335556
     9.900   -0.0178313212
     9.920    0.2024418983
     9.940    0.2274566492
     9.960    0.0439434594
     9.980   -0.1008405533
    10.000   -0.1308758217
    10.020   -0.1268713549
    10.040   -0.1373496658
    10.060   -0.0788000053
    10.080    0.0304994029
    10.100    0.1179119985
    10.120    0.1503169336
    10.140    0.1605328244
    10.160    0.2093030726
    10.180    0.2559403306
    10.200    0.0394626752
    10.220   -0.2121086559
    10.240   -0.2932625374
    10.260   -0.2151143854
    10.280    0.0390301308
    10.300    0.2958393302
    10.320    0.2848468754
    10.340    0.1003637556
    10.360    0.0650306204
    10.380    0.1050320227
    10.400    0.0799359805
    10.420   -0.0207036561
    10.440   -0.1376788920
    10.460   -0.2113252028
    10.480   -0.2391728214
    10.500   -0.2071034576
    10.520   -0.0631200120
    10.540    0.0064682458
    10.560   -0.0497735540
    10.580   -0.1310735205
    10.600   -0.1023179013
    10.620    0.0334616314
    10.640    0.1732742025
    10.660    0.3050346381
    10.680    0.3230381957
    10.700    0.2146116629
    10.720    0.0200300931
    10.740   -0.1121814512
    10.760   -0.0679325331
    10.780    0.0777438075
    10.800    0.1233898247
    10.820    0.0518099790
    10.840    0.0169797658
    10.860    0.0297279785
    10.880    0.0842629746
    10.900    0.1038345896
    10.920    0.0619396293
    10.940    0.0225095956
    10.960    0.0005644390
    10.980   -0.0495399956
    11.000   -0.0916014634
    11.020   -0.0805554097
    11.040   -0.0020005329
    11.060    0.0543937878
    11.080    0.0220895332
    11.100   -0.0264856358
    11.120   -0.0405542339
    11.140   -0.0367902781
    11.160   -0.0319732337
    11.180   -0.0249316195
    11.200   -0.0307048157
    11.220   -0.0441234369
    11.240   -0.0690476416
    11.260   -0.0257399640
    11.280    0.0346550308
    11.300    0.0073157938
    11.320   -0.0584364075
    11.340   -0.0948986197
    11.360   -0.0632518293
    11.380   -0.0357056266
    11.400   -0.0311077189
    11.420   -0.0316412973
    11.440   -0.0068226389
    11.460    0.0388362482
    11.480    0.0600822844
    11.500    0.0683554147
    11.520    0.0672393453
    11.540    0.0443658514
    11.560    0.0148177417
    11.580    0.0124359102
    11.600    0.0081142814
    11.620   -0.0117062283
    11.640   -0.0244656630
    11.660    0.0034355537
    11.680    0.0282643544
    11.700    0.0116780465
    11.720   -0.0001577229
    11.740    0.0093950100
    11.760    0.0316118464
    11.780    0.0475599614
    11.800    0.0661736660
    11.820    0.0578531732
    11.840   -0.0361776292
    11.860   -0.0854102625
    11.880   -0.0614080451
    11.900   -0.0386522006
    11.920   -0.0305510801
    11.940   -0.0006000809
    11.960    0.0349705695
    11.980    0.0443651806
    12.000    0.0256032880
    12.020   -0.0020873554
    12.040   -0.0018091937
    12.060    0.0228115373
    12.080    0.0356853763
    12.100    0.0360125357
    12.120    0.0054158979
    12.140   -0.0676572776
    12.160   -0.0941838763
    12.180   -0.0422350821
    12.200    0.0183687883
    12.220   -0.0391740676
    12.240   -0.1066719895
    12.260   -0.1166437708
    12.280   -0.1155465014
    12.300   -0.0686330270
    12.320   -0.0198703749
    12.340   -0.0172373091
    12.360   -0.0338171993
    12.380   -0.0523146957
    12.400   -0.0582220570
    12.420   -0.0570332080
    12.440   -0.0514997160
    12.460   -0.0541756483
    12.480   -0.0701952467
    12.500   -0.0832681896
    12.520   -0.0856269970
    12.540   -0.0787389915
    12.560   -0.0748595799
    12.580   -0.0771980644
    12.600   -0.0782356253
    12.620   -0.0727261908
    12.640   -0.0579144590
    12.660    0.0045209874
    12.680    0.0514843606
    12.700    0.0497219039
    12.720    0.0241854945
    12.740   -0.0145087387
    12.760   -0.0438858901
    12.780   -0.0593248739
    12.800   -0.0541381300
    12.820   -0.0127259954
    12.840    0.0205312565
    12.860    0.0198367000
    12.880    0.0133967302
    12.900    0.0088595670
    12.920    0.0150180511
    12.940    0.0276310836
    12.960    0.0446534711
    12.980    0.0514101578
    13.000    0.0418404549
    13.020    0.0284096689
    13.040    0.0308753298
    13.060    0.0429289769
    13.080    0.0591201681
    13.100    0.0709814917
    13.120    0.0753342384
    13.140    0.0739434392
    13.160    0.0764118739
    13.180    0.0795164166
    13.200    0.0838488042
    13.220    0.0630786230
    13.240    0.0267855108
    13.260    0.0303976528
    13.280    0.0491628812
    13.300    0.0685577455
    13.320    0.0784996227
    13.340    0.0756350198
    13.360    0.0624723375
    13.380    0.0487780165
    13.400    0.0425737898
    13.420    0.0435942911
    13.440    0.0468190213
    13.460    0.0416198226
    13.480    0.0318143132
    13.500    0.0247187828
    13.520    0.0298758946
    13.540    0.0415938888
    13.560    0.0446521930
    13.580    0.0418217818
    13.600    0.0539595302
    13.620    0.0671429886
    13.640    0.0633278903
    13.660    0.0521096093
    13.680    0.0425361626
    13.700    0.0459041860
    13.720    0.0641127938
    13.740    0.0895146846
    13.760    0.1057779484
    13.780    0.1069168243
    13.800    0.1007503606
    13.820    0.1028203519
    13.840    0.1038306918
    13.860    0.0995504800
    13.880    0.0931918469
    13.900    0.0926765246
    13.920    0.0957024682
    13.940    0.0919012296
    13.960    0.0776068415
    13.980    0.0413367987
    14.000   -0.0116729159
    14.020   -0.0836098886
    14.040   -0.1152246176
    14.060   -0.1104049716
    14.080   -0.0870621855
    14.100   -0.0649278007
    14.120   -0.0576866929
    14.140   -0.0539349742
    14.160   -0.0657080449
    14.180   -0.0860955007
    14.200   -0.1134821302
    14.220   -0.1357584666
    14.240   -0.1503820174
    14.260   -0.1560713207
    14.280   -0.1531507984
    14.300   -0.1489405653
    14.320   -0.1459525117
    14.340   -0.1350066489
    14.360   -0.1096241473
    14.380   -0.0845745339
    14.400   -0.0729693758
    14.420   -0.0680610056
    14.440   -0.0621041698
    14.460   -0.0496992424
    14.480   -0.0218472093
    14.500    0.0057181931
    14.520    0.0102798325
    14.540    0.0049039866
    14.560   -0.0038641740
    14.580   -0.0084143603
    14.600   -0.0002838126
    14.620    0.0133045795
    14.640    0.0293838230
    14.660    0.0352435770
    14.680    0.0279982088
    14.700   -0.0208693750
    14.720   -0.0589174112
    14.740   -0.0587743900
    14.760   -0.0329250254
    14.780    0.0053887168
    14.800    0.0176170432
    14.820    0.0186005066
    14.840    0.0141483212
    14.860    0.0184408971
    14.880    0.0248045520
    14.900    0.0354083623
    14.920    0.0462867844
    14.940    0.0564532732
    14.960    0.0635251541
    14.980    0.0641924081
    15.000    0.0550229615
    15.020    0.0345273107
    15.040    0.0160777750
    15.060    0.0064719242
    15.080    0.0081867419
    15.100    0.0215966729
    15.120    0.0429571588
    15.140    0.0617056720
    15.160    0.0667767427
    15.180    0.0491796688
    15.200    0.0142622813
    15.220   -0.0072495016
    15.240   -0.0118015516
    15.260   -0.0045854331
    15.280    0.0133096829
    15.300    0.0315996001
    15.320    0.0400611380
    15.340    0.0338623953
    15.360    0.0204472368
    15.380    0.0075248850
    15.400    0.0011449220
    15.420   -0.0034663026
    15.440   -0.0077317309
    15.460   -0.0058606622
    15.480   -0.0060643727
    15.500   -0.0121475382
    15.520   -0.0213456561
    15.540   -0.0224711708
    15.560   -0.0115576324
    15.580    0.0021971748
    15.600    0.0119022774
    15.620    0.0100870195
    15.640   -0.0016453956
    15.660   -0.0166804347
    15.680   -0.0271692696
    15.700   -0.0274423315
    15.720   -0.0183520641
    15.740   -0.0065435228
    15.760    0.0020465312
    15.780   -0.0037518664
    15.800   -0.0148601731
    15.820   -0.0232437282
    15.840   -0.0213023908
    15.860   -0.0084721725
    15.880    0.0079731882
    15.900    0.0217187459
    15.920    0.0201041146
    15.940    0.0053076222
    15.960   -0.0109793111
    15.980   -0.0221810040
    16.000   -0.0231299313
    16.020   -0.0175753098
    16.040   -0.0184419396
    16.060   -0.0265222205
    16.080   -0.0309087691
    16.100   -0.0301499899
    16.120   -0.0272165686
    16.140   -0.0191267154
    16.160   -0.0080042073
    16.180   -0.0024144414
    16.200   -0.0123633118
    16.220   -0.0269379048
    16.240   -0.0349248023
    16.260   -0.0342168664
    16.280   -0.0354977211
    16.300   -0.0417223432
    16.320   -0.0516296117
    16.340   -0.0555252036
    16.360   -0.0404020031
    16.380   -0.0190563107
    16.400   -0.0070415797
    16.420   -0.0101595906
    16.440   -0.0130575512
    16.460   -0.0069601779
    16.480    0.0052838566
    16.500    0.0154392467
    16.520    0.0159326871
    16.540    0.0133648047
    16.560    0.0160106879
    16.580    0.0240404519
    16.600    0.0320424691
    16.620    0.0359513407
    16.640    0.0371844521
    16.660    0.0390259339
    16.680    0.0344267481
    16.700    0.0252646981
    16.720    0.0167618982
    16.740    0.0110041935
    16.760    0.0076420966
    16.780    0.0039258840
    16.800   -0.0033000651
    16.820   -0.0156787514
    16.840   -0.0290097543
    16.860   -0.0421077607
    16.880   -0.0448966198
    16.900   -0.0353579178
    16.920   -0.0249334597
    16.940   -0.0172762959
    16.960   -0.0154523813
    16.980   -0.0140371168
    17.000   -0.0082309772
    17.020    0.0007150612
    17.040    0.0082825384
    17.060    0.0125298194
    17.080    0.0161567004
    17.100    0.0214949954
    17.120    0.0253798366
    17.140    0.0284519643
    17.160    0.0358077121
    17.180    0.0435499471
    17.200    0.0494873847
    17.220    0.0484793018
    17.240    0.0403833210
    17.260    0.0317510877
    17.280    0.0258667324
    17.300    0.0294751216
    17.320    0.0358674659
    17.340    0.0423716674
    17.360    0.0421578245
    17.380    0.0276304037
    17.400    0.0068943843
    17.420   -0.0057117291
    17.440   -0.0038692937
    17.460   -0.0049762939
    17.480   -0.0115208029
    17.500   -0.0213633140
    17.520   -0.0320767877
    17.540   -0.0415633411
    17.560   -0.0498137101
    17.580   -0.0569813857
    17.600   -0.0635970817
    17.620   -0.0675786241
    17.640   -0.0624390976
    17.660   -0.0481840407
    17.680   -0.0330145836
    17.700   -0.0199300562
    17.720   -0.0108601026
    17.740   -0.0018770513
    17.760    0.0039365068
    17.780    0.0037300669
    17.800    0.0062160316
    17.820    0.0127563165
    17.840    0.0171118007
    17.860    0.0189080321
    17.880    0.0172952953
    17.900    0.0108515819
    17.920    0.0004090262
    17.940   -0.0017640058
    17.960    0.0141719617
    17.980    0.0347216194
    18.000    0.0464756725
    18.020    0.0462849625
    18.040    0.0422461137
    18.060    0.0363812019
    18.080    0.0309869059
    18.100    0.0243610667
    18.120    0.0144344452
    18.140    0.0135909755
    18.160    0.0230908810
    18.180    0.0363825344
    18.200    0.0431798759
    18.220    0.0373565797
    18.240    0.0263158287
    18.260    0.0155626340
    18.280    0.0086363015
    18.300    0.0058863423
    18.320    0.0058297112
    18.340    0.0127583470
    18.360    0.0179561588
    18.380    0.0122355010
    18.400    0.0041312524
    18.420   -0.0039785411
    18.440   -0.0086858486
    18.460   -0.0102504813
    18.480   -0.0088055674
    18.500   -0.0082343927
    18.520   -0.0132320084
    18.540   -0.0191616232
    18.560   -0.0246770132
    18.580   -0.0272586827
    18.600   -0.0300049291
    18.620   -0.0265656672
    18.640   -0.0151749593
    18.660   -0.0023557427
    18.680    0.0037925610
    18.700   -0.0008435380
    18.720   -0.0083024062
    18.740   -0.0095868622
    18.760   -0.0046941520
    18.780   -0.0005743903
    18.800    0.0002122295
    18.820   -0.0043203090
    18.840   -0.0112392112
    18.860   -0.0184327118
    18.880   -0.0224632030
    18.900   -0.0224227115
    18.920   -0.0222832980
    18.940   -0.0173508160
    18.960   -0.0079904744
    18.980    0.0020642343
    19.000    0.0120311035
    19.020    0.0137016451
    19.040    0.0054393298
    19.060   -0.0013242260
    19.080   -0.0042091327
    19.100   -0.0117142142
    19.120   -0.0223175803
    19.140   -0.0272088365
    19.160   -0.0224325919
    19.180   -0.0212409782
    19.200   -0.0265723387
    19.220   -0.0286620998
    19.240   -0.0297153878
    19.260   -0.0378667443
    19.280   -0.0385714441
    19.300   -0.0265140624
    19.320   -0.0120018883
    19.340   -0.0058369067
    19.360   -0.0091424794
    19.380   -0.0165892992
    19.400   -0.0254581185
    19.420   -0.0267730470
    19.440   -0.0208863621
    19.460   -0.0108547364
    19.480    0.0001412333
    19.500    0.0109624601
    19.520    0.0200889133
    19.540    0.0226997890
    19.560    0.0129868292
    19.580   -0.0023346929
    19.600   -0.0158976433
    19.620   -0.0158016402
    19.640   -0.0053687348
    19.660    0.0088022860
    19.680    0.0232590021
    19.700    0.0322134909
    19.720    0.0316410253
    19.740    0.0218097272
    19.760    0.0132312379
    19.780    0.0110980755
    19.800    0.0138837166
    19.820    0.0180183329
    19.840    0.0223526693
    19.860    0.0212809349
    19.880    0.0181436600
    19.900    0.0202210751
    19.920    0.0199370904
    19.940    0.0146991586
    19.960    0.0103257265
    19.980    0.0153433342
    20.000    0.0272842721
    20.020    0.0353779959
    20.040    0.0314918130
    20.060    0.0217058469
    20.080    0.0162783836
    20.100    0.0119909473
    20.120    0.0130457763
    20.140    0.0200623631
    20.160    0.0261506537
    20.180    0.0233582866
    20.200    0.0149425612
    20.220    0.0083390281
    20.240    0.0033526072
    20.260   -0.0013397936
    20.280   -0.0072692924
    20.300   -0.0109492620
    20.320   -0.0124555260
    20.340   -0.0107192660
    20.360   -0.0051228277
    20.380    0.0001065423
    20.400    0.0041931219
    20.420    0.0074540461
    20.440    0.0104070813
    20.460    0.0124688238
    20.480    0.0104115048
    20.500    0.0077365778
    20.520    0.0073315145
    20.540    0.0110094328
    20.560    0.0152522803
    20.580    0.0107226380
    20.600    0.0031298184
    20.620   -0.0052636861
    20.640   -0.0093208616
    20.660   -0.0075161567
    20.680   -0.0029626392
    20.700    0.0009630826
    20.720    0.0007457241
    20.740   -0.0029573327
    20.760   -0.0087786220
    20.780   -0.0085873083
    20.800   -0.0058228620
    20.820   -0.0061114071
    20.840   -0.0110404609
    20.860   -0.0164863617
    20.880   -0.0207201265
    20.900   -0.0259348710
    20.920   -0.0266274514
    20.940   -0.0204845557
    20.960   -0.0132617312
    20.980   -0.0112064337
    21.000   -0.0142419132
    21.020   -0.0157656991
    21.040   -0.0176093836
    21.060   -0.0197803726
    21.080   -0.0204017597
    21.100   -0.0205025943
    21.120   -0.0168838080
    21.140   -0.0101389687
    21.160   -0.0027081044
    21.180   -0.0003384317
    21.200   -0.0015210275
    21.220   -0.0003949234
    21.240    0.0012563485
    21.260   -0.0028618127
    21.280   -0.0052417452
    21.300    0.0002438004
    21.320    0.0043119533
    21.340    0.0036961400
    21.360   -0.0047703545
    21.380   -0.0167798733
    21.400   -0.0245076230
    21.420   -0.0220306768
    21.440   -0.0146118031
    21.460   -0.0106231541
    21.480   -0.0104992864
    21.500   -0.0103791170
    21.520   -0.0138583720
    21.540   -0.0193837421
    21.560   -0.0199301922
    21.580   -0.0178138265
    21.600   -0.0146415803
    21.620   -0.0148598014
    21.640   -0.0140683624
    21.660   -0.0111476044
    21.680   -0.0063906103
    21.700    0.0015737853
    21.720    0.0068550267
    21.740    0.0056179178
    21.760    0.0016449523
    21.780    0.0015987165
    21.800    0.0035523682
    21.820    0.0056946369
    21.840    0.0048717510
    21.860    0.0083851877
    21.880    0.0155942060
    21.900    0.0197409869
    21.920    0.0188459940
    21.940    0.0182644276
    21.960    0.0238221401
    21.980    0.0291070899
    22.000    0.0302961293
    22.020    0.0256815155
    22.040    0.0194812318
    22.060    0.0152531052
    22.080    0.0168887119
    22.100    0.0243991652
    22.120    0.0335932947
    22.140    0.0400635855
    22.160    0.0426256393
    22.180    0.0411796005
    22.200    0.0363440280
    22.220    0.0300845797
    22.240    0.0218992220
    22.260    0.0113173299
    22.280    0.0009231340
    22.300   -0.0061712072
    22.320   -0.0052558334
    22.340    0.0006680384
    22.360    0.0049147082
    22.380    0.0045670972
    22.400    0.0028131884
    22.420    0.0028243198
    22.440    0.0059374484
    22.460    0.0094241074
    22.480    0.0079374166
    22.500    0.0025822388
    22.520   -0.0073912565
    22.540   -0.0158521209
    22.560   -0.0194413385
    22.580   -0.0215613663
    22.600   -0.0225996252
    22.620   -0.0205414451
    22.640   -0.0165027867
    22.660   -0.0141588996
    22.680   -0.0128727422
    22.700   -0.0119240687
    22.720   -0.0082293528
    22.740   -0.0039641674
    22.760    0.0006209280
    22.780    0.0039716973
    22.800    0.0011868974
    22.820   -0.0029847840
    22.840   -0.0042134991
    22.860   -0.0049133476
    22.880   -0.0089981158
    22.900   -0.0143477242
    22.920   -0.0137143084
    22.940   -0.0083756608
    22.960   -0.0077718327
    22.980   -0.0105982264
    23.000   -0.0079787947
    23.020    0.0018681517
    23.040    0.0103661274
    23.060    0.0114387230
    23.080    0.0088175934
    23.100    0.0059606928
    23.120    0.0051850434
    23.140    0.0070389256
    23.160    0.0082418991
    23.180    0.0037225941
    23.200   -0.0030397626
    23.220   -0.0090994317
    23.240   -0.0134523053
    23.260   -0.0160540076
    23.280   -0.0172808463
    23.300   -0.0145273301
    23.320   -0.0117007714
    23.340   -0.0117783462
    23.360   -0.0138502501
    23.380   -0.0116551856
    23.400   -0.0085050135
    23.420   -0.0092445831
    23.440   -0.0101635247
    23.460   -0.0097122347
    23.480   -0.0083446617
    23.500   -0.0048792003
    23.520   -0.0027941483
    23.540   -0.0019970484
    23.560    0.0015266648
    23.580    0.0046796197
    23.600    0.0036543585
    23.620   -0.0028028602
    23.640   -0.0047878437
    23.660    0.0006414535
    23.680    0.0034578634
    23.700    0.0046155620
    23.720    0.0048264824
    23.740    0.0020186204
    23.760   -0.0015557241
    23.780   -0.0037108228
    23.800   -0.0024181298
    23.820    0.0021651768
    23.840    0.0028319259
    23.860   -0.0028051717
    23.880   -0.0080483917
    23.900   -0.0087259930
    23.920   -0.0042943136
    23.940    0.0000735683
    23.960    0.0032320897
    23.980    0.0032664273
    24.000    0.0034459245
    24.020    0.0021497805
    24.040   -0.0007218624
    24.060   -0.0039587168
    24.080   -0.0049294037
    24.100   -0.0010136376
    24.120    0.0014921323
    24.140    0.0016568433
    24.160    0.0010624686
    24.180    0.0007362251
    24.200   -0.0017692733
    24.220   -0.0029831197
    24.240   -0.0039269862
    24.260   -0.0054311527
    24.280   -0.0052858517
    24.300   -0.0035040276
    24.320   -0.0003251482
    24.340    0.0018154184
    24.360    0.0050294324
    24.380    0.0055797087
    24.400    0.0030612747
    24.420    0.0012113183
    24.440    0.0033657581
    24.460    0.0051762517
    24.480    0.0031099452
    24.500    0.0022603976
    24.520    0.0013609232
    24.540   -0.0019850125
    24.560   -0.0037665429
    24.580   -0.0016231918
    24.600    0.0003010304
    24.620    0.0031868275
    24.640    0.0078681758
    24.660    0.0140381139
    24.680    0.0157940622
    24.700    0.0118684121
    24.720    0.0101201778
    24.740    0.0115959847
    24.760    0.0156976149
    24.780    0.0192953532
    24.800    0.0225158502
    24.820    0.0267996425
    24.840    0.0284964171
    24.860    0.0294516806
    24.880    0.0257571958
    24.900    0.0227367182
    24.920    0.0204087757
    24.940    0.0189730524
    24.960    0.0201788794
    24.980    0.0224794196
    25.000    0.0250961782
    25.020    0.0236669361
    25.040    0.0225677632
    25.060    0.0188603341
    25.080    0.0162013889
    25.100    0.0162709053
    25.120    0.0179889636
    25.140    0.0195415114
    25.160    0.0200465091
    25.180    0.0190324074
    25.200    0.0152315949
    25.220    0.0113457203
    25.240    0.0097611563
    25.260    0.0081488474
    25.280    0.0056979373
    25.300    0.0054364555
    25.320    0.0048347240
    25.340    0.0011319224
    25.360   -0.0024821177
    25.380   -0.0021481634
    25.400   -0.0019473491
    25.420   -0.0029226117
    25.440   -0.0054992613
    25.460   -0.0091918906
    25.480   -0.0121559411
    25.500   -0.0128066703
    25.520   -0.0117265693
    25.540   -0.0104375202
    25.560   -0.0096643736
    25.580   -0.0112822228
    25.600   -0.0141843258
    25.620   -0.0179546178
    25.640   -0.0208576364
    25.660   -0.0226012387
    25.680   -0.0209423360
    25.700   -0.0203883260
    25.720   -0.0221513265
    25.740   -0.0254926093
    25.760   -0.0282911493
    25.780   -0.0283362729
    25.800   -0.0268336257
    25.820   -0.0266513004
    25.840   -0.0269210900
    25.860   -0.0266315124
    25.880   -0.0263437749
    25.900   -0.0249548612
    25.920   -0.0263387803
    25.940   -0.0291364048
    25.960   -0.0307866055
    25.980   -0.0325588520
    26.000   -0.0326955008
    26.020   -0.0314683901
    26.040   -0.0295006656
    26.060   -0.0277659557
    26.080   -0.0286025182
    26.100   -0.0272348610
    26.120   -0.0244442615
    26.140   -0.0217331767
    26.160   -0.0182417480
    26.180   -0.0151931791
    26.200   -0.0152420011
    26.220   -0.0190575798
    26.240   -0.0251966683
    26.260   -0.0293608261
    26.280   -0.0309046900
    26.300   -0.0280724931
    26.320   -0.0228622447
    26.340   -0.0197415670
    26.360   -0.0182971689
    26.380   -0.0166613809
    26.400   -0.0133613330
    26.420   -0.0112577030
    26.440   -0.0116634072
    26.460   -0.0118694001
    26.480   -0.0100560820
    26.500   -0.0055420562
    26.520   -0.0016021937
    26.540    0.0040204214
    26.560    0.0100073235
    26.580    0.0124151432
    26.600    0.0133843027
    26.620    0.0108446475
    26.640    0.0108744247
    26.660    0.0132498838
    26.680    0.0149947733
    26.700    0.0170660426
    26.720    0.0174804397
    26.740    0.0176128553
    26.760    0.0190008535
    26.780    0.0220974828
    26.800    0.0255158781
    26.820    0.0276074884
    26.840    0.0282927991
    26.860    0.0255515745
    26.880    0.0239836712
    26.900    0.0246273664
    26.920    0.0271359753
    26.940    0.0288651377
    26.960    0.0285010310
    26.980    0.0274425671
    27.000    0.0230833121
    27.020    0.0192418358
    27.040    0.0204624834
    27.060    0.0246538259
    27.080    0.0279621951
    27.100    0.0285615100
    27.120    0.0269261027
    27.140    0.0231604427
    27.160    0.0203600444
    27.180    0.0181717240
    27.200    0.0157864751
    27.220    0.0139957188
    27.240    0.0130158450
    27.260    0.0133331602
    27.280    0.0139075202
    27.300    0.0146362685
    27.320    0.0120374305
    27.340    0.0075154542
    27.360    0.0073769462
    27.380    0.0089378335
    27.400    0.0091201624
    27.420    0.0095669201
    27.440    0.0111943687
    27.460    0.0142900643
    27.480    0.0164593310
    27.500    0.0153139468
    27.520    0.0098091171
    27.540    0.0062459348
    27.560    0.0072095331
    27.580    0.0070636230
    27.600    0.0086032402
    27.620    0.0079219923
    27.640    0.0058806742
    27.660    0.0024506236
    27.680   -0.0023690849
    27.700   -0.0050252564
    27.720   -0.0077211852
    27.740   -0.0082406328
    27.760   -0.0081295108
    27.780   -0.0059168002
    27.800   -0.0018502890
    27.820    0.0006832536
    27.840    0.0006473628
    27.860   -0.0005923431
    27.880   -0.0050375987
    27.900   -0.0100191166
    27.920   -0.0144181471
    27.940   -0.0171889676
    27.960   -0.0171000439
    27.980   -0.0143612577
    28.000   -0.0107496505
    28.020   -0.0091536380
    28.040   -0.0086542041
    28.060   -0.0091838321
    28.080   -0.0100037793
    28.100   -0.0090855085
    28.120   -0.0073249318
    28.140   -0.0070307557
    28.160   -0.0101076324
    28.180   -0.0149911565
    28.200   -0.0169612921
    28.220   -0.0168316956
    28.240   -0.0143018755
    28.260   -0.0124321937
    28.280   -0.0089158373
    28.300   -0.0088223025
    28.320   -0.0113582928
    28.340   -0.0129844996
    28.360   -0.0133088762
    28.380   -0.0135343399
    28.400   -0.0149469666
    28.420   -0.0131623560
    28.440   -0.0111715803
    28.460   -0.0104641157
    28.480   -0.0126663504
    28.500   -0.0128455756
    28.520   -0.0107059410
    28.540   -0.0056390510
    28.560   -0.0020459601
    28.580   -0.0001716801
    28.600    0.0002565415
    28.620    0.0005488476
    28.640    0.0010168247
    28.660    0.0017797447
    28.680    0.0041588441
    28.700    0.0078101768
    28.720    0.0104194907
    28.740    0.0074091664
    28.760    0.0052901375
    28.780    0.0052125998
    28.800    0.0084229001
    28.820    0.0124607019
    28.840    0.0154546474
    28.860    0.0177348104
    28.880    0.0169018737
    28.900    0.0154356027
    28.920    0.0160625918
    28.940    0.0176862786
    28.960    0.0183326931
    28.980    0.0155128059
    29.000    0.0137580541
    29.020    0.0126810260
    29.040    0.0099073773
    29.060    0.0044588804
    29.080    0.0001781448
    29.100   -0.0031003376
    29.120   -0.0050390935
    29.140   -0.0029022608
    29.160    0.0021997256
    29.180    0.0053989072
    29.200    0.0053934630
    29.220    0.0043534021
    29.240    0.0014373504
    29.260   -0.0006863314
    29.280   -0.0030541046
    29.300   -0.0029291899
    29.320    0.0005159241
    29.340    0.0041727664
    29.360    0.0053849957
    29.380    0.0048497504
    29.400    0.0038605300
    29.420    0.0039613991
    29.440    0.0028002034
    29.460   -0.0017745770
    29.480   -0.0063641507
    29.500   -0.0059544745
    29.520   -0.0055161378
    29.540   -0.0057379575
    29.560   -0.0059440629
    29.580   -0.0056462682
    29.600   -0.0026172382
    29.620   -0.0000717704
    29.640    0.0016313953
    29.660   -0.0005071064
    29.680   -0.0053250679
    29.700   -0.0101790886
    29.720   -0.0125644643
    29.740   -0.0108622328
    29.760   -0.0057658293
    29.780   -0.0003754139
    29.800    0.0044667195
    29.820    0.0039083277
    29.840    0.0016792029
    29.860    0.0033296511
    29.880    0.0035146241
    29.900    0.0030505340
    29.920    0.0015601503
    29.940    0.0001566753
    29.960   -0.0015066112
    29.980   -0.0032503377
    30.000   -0.0077216040
    30.020   -0.0105794627
    30.040   -0.0038031076
    30.060    0.0029029769
    30.080    0.0056878784
    30.100    0.0042658988
    30.120   -0.0015136689
    30.140   -0.0054431361
    30.160   -0.0042744222
    30.180   -0.0023651146
    30.200    0.0028385013
    30.220    0.0071572848
    30.240    0.0050908550
    30.260    0.0007388408
    30.280   -0.0019230269
    30.300   -0.0036695535
    30.320   -0.0040606337
    30.340   -0.0005813878
    30.360    0.0041922807
    30.380    0.0053434092
    30.400    0.0000788140
    30.420   -0.0040383684
    30.440   -0.0046929673
    30.460   -0.0047706246
    30.480   -0.0049444409
    30.500   -0.0044285149
    30.520   -0.0014504116
    30.540    0.0003155546
    30.560    0.0028248881
    30.580    0.0012715771
    30.600   -0.0019191826
    30.620   -0.0005101153
    30.640   -0.0012377734
    30.660   -0.0039357336
    30.680   -0.0075786254
    30.700   -0.0091901955
    30.720   -0.0084218767
    30.740   -0.0077247530
    30.760   -0.0082499394
    30.780   -0.0078227993
    30.800   -0.0066301005
    30.820   -0.0048114579
    30.840   -0.0029798728
    30.860   -0.0011695550
    30.880   -0.0023206980
    30.900   -0.0006925278
    30.920   -0.0017955959
    30.940   -0.0065554128
    30.960   -0.0090869679
    30.980   -0.0078166281
    31.000   -0.0054756082
    31.020   -0.0034434045
    31.040   -0.0002360503
    31.060   -0.0015074061
    31.080   -0.0042895411
    31.100   -0.0074294946
    31.120   -0.0087369158
    31.140   -0.0075377776
    31.160   -0.0059151795
    31.180   -0.0072669854
    31.200   -0.0093076092
    31.220   -0.0097033967
    31.240   -0.0053070411
    31.260   -0.0014312291
    31.280    0.0003503864
    31.300    0.0025933702
    31.320    0.0042011594
    31.340    0.0059827687
    31.360    0.0061371007
    31.380    0.0033817498
    31.400   -0.0005977596
    31.420   -0.0035250883
    31.440   -0.0027651588
    31.460    0.0011688824
    31.480    0.0022930954
    31.500    0.0049576725
    31.520    0.0054318960
    31.540    0.0042538773
    31.560    0.0048612379
    31.580    0.0045930102
    31.600    0.0048480988
    31.620    0.0060619833
    31.640    0.0081292633
    31.660    0.0088438654
    31.680    0.0065461560
    31.700    0.0013544809
    31.720   -0.0034322251
    31.740   -0.0049495878
    31.760   -0.0022720928
    31.780    0.0017007494
    31.800    0.0037855785
    31.820    0.0042033721
    31.840    0.0018113393
    31.860   -0.0024178542
    31.880   -0.0048459505
    31.900   -0.0040805196
    31.920   -0.0038596734
    31.940   -0.0047427881
    31.960   -0.0028336463
    31.980   -0.0013368739
    32.000   -0.0015968211
    32.020   -0.0022321542
    32.040   -0.0040269234
    32.060   -0.0039799144
    32.080   -0.0020069878
    32.100    0.0011586558
    32.120    0.0041763623
    32.140    0.0034688996
    32.160    0.0040170267
    32.180    0.0052613664
    32.200    0.0041267373
    32.220    0.0033906032
    32.240    0.0013785357
    32.260   -0.0011892125
    32.280   -0.0006790055
    32.300    0.0038013826
    32.320    0.0062948283
    32.340    0.0053802377
    32.360    0.0017445786
    32.380   -0.0001935359
    32.400    0.0011376930
    32.420    0.0028313584
    32.440    0.0052101424
    32.460    0.0046977362
    32.480    0.0046171084
    32.500    0.0064753443
    32.520    0.0093894534
    32.540    0.0103323437
    32.560    0.0115378081
    32.580    0.0125749974
    32.600    0.0105749123
    32.620    0.0095493439
    32.640    0.0099522652
    32.660    0.0075952852
    32.680    0.0028565598
    32.700    0.0016654800
    32.720    0.0045527606
    32.740    0.0039839237
    32.760    0.0027290427
    32.780    0.0026178736
    32.800    0.0012649817
    32.820    0.0002135029
    32.840    0.0003815548
    32.860    0.0016239777
    32.880    0.0029607057
    32.900    0.0032563448
    32.920    0.0018840238
    32.940    0.0011330238
    32.960    0.0024780658
    32.980    0.0035466530
    33.000    0.0058846997
    33.020    0.0076874069
    33.040    0.0082132541
    33.060    0.0073087623
    33.080    0.0072502658
    33.100    0.0079869147
    33.120    0.0065221140
    33.140    0.0054622832
    33.160    0.0031662735
    33.180    0.0025548638
    33.200    0.0001053697
    33.220    0.0007791345
    33.240    0.0027010920
    33.260    0.0040858614
    33.280    0.0042067160
    33.300    0.0031755321
    33.320    0.0027665937
    33.340    0.0012296542
    33.360    0.0019819967
    33.380    0.0006558604
    33.400    0.0005991828
    33.420    0.0014892824
    33.440    0.0027048348
    33.460    0.0020628882
    33.480   -0.0005807972
    33.500   -0.0030636052
    33.520   -0.0051747297
    33.540   -0.0078285907
    33.560   -0.0064743608
    33.580   -0.0041077080
    33.600   -0.0041496100
    33.620   -0.0038642094
    33.640   -0.0037581817
    33.660   -0.0029670355
    33.680   -0.0052362802
    33.700   -0.0069054676
    33.720   -0.0109027787
    33.740   -0.0125442321
    33.760   -0.0114849615
    33.780   -0.0093855285
    33.800   -0.0085796015
    33.820   -0.0107249586
    33.840   -0.0126271641
    33.860   -0.0154262027
    33.880   -0.0175133261
    33.900   -0.0164448277
    33.920   -0.0140218067
    33.940   -0.0130355967
    33.960   -0.0134399684
    33.980   -0.0158802846
    34.000   -0.0160544336
    34.020   -0.0137932247
    34.040   -0.0111843704
    34.060   -0.0089832589
    34.080   -0.0078833354
    34.100   -0.0056323015
    34.120   -0.0051712725
    34.140   -0.0050754570
    34.160   -0.0039875604
    34.180   -0.0030531464
    34.200   -0.0007096603
    34.220   -0.0010188217
    34.240   -0.0004366806
    34.260   -0.0007754316
    34.280   -0.0014035802
    34.300   -0.0005838248
    34.320    0.0010246040
    34.340    0.0018027497
    34.360    0.0017737285
    34.380    0.0036114503
    34.400    0.0034409643
    34.420    0.0026454553
    34.440    0.0040865240
    34.460    0.0055090991
    34.480    0.0062354588
    34.500    0.0095968877
    34.520    0.0107957168
    34.540    0.0101139232
    34.560    0.0108495242
    34.580    0.0098487475
    34.600    0.0075988430
    34.620    0.0058667101
    34.640    0.0049204778
    34.660    0.0060628898
    34.680    0.0070841797
    34.700    0.0074878434
    34.720    0.0078166127
    34.740    0.0079928248
    34.760    0.0081819794
    34.780    0.0083581897
    34.800    0.0073888326
    34.820    0.0067763642
    34.840    0.0048768689
    34.860    0.0027083165
    34.880    0.0013783643
    34.900   -0.0000671611
    34.920    0.0008829212
    34.940    0.0030895181
    34.960    0.0028829378
    34.980    0.0005498027
    35.000    0.0010237174
    35.020    0.0031544950
    35.040    0.0038124007
    35.060    0.0027551941
    35.080    0.0004229778
    35.100   -0.0025943591
    35.120   -0.0037209135
    35.140   -0.0042843942
    35.160   -0.0032982649
    35.180   -0.0030804689
    35.200   -0.0029079796
    35.220   -0.0022454583
    35.240   -0.0044824484
    35.260   -0.0060907199
    35.280   -0.0078228872
    35.300   -0.0072796405
    35.320   -0.0048308171
    35.340   -0.0035007480
    35.360   -0.0039911944
    35.380   -0.0044714711
    35.400   -0.0033965904
    35.420   -0.0019888577
    35.440   -0.0006930018
    35.460   -0.0002866005
    35.480   -0.0013798827
    35.500   -0.0005084145
    35.520   -0.0014768784
    35.540   -0.0021707406
    35.560   -0.0002831499
    35.580   -0.0013570181
    35.600   -0.0025159494
    35.620   -0.0041649137
    35.640   -0.0041181812
    35.660   -0.0031080280
    35.680   -0.0013508080
    35.700   -0.0000152005
    35.720   -0.0001404437
    35.740   -0.0002536675
    35.760   -0.0004251406
    35.780    0.0005591220
    35.800    0.0015554041
    35.820    0.0000830338
    35.840   -0.0007661638
    35.860    0.0000923539
    35.880    0.0007604063
    35.900    0.0026304244
    35.920   -0.0004396366
    35.940   -0.0033044388
    35.960   -0.0025984781
    35.980   -0.0001468944
    36.000    0.0019939076
    36.020    0.0025070652
    36.040    0.0016556775
    36.060   -0.0008064869
    36.080   -0.0019942484
    36.100   -0.0023031852
    36.120    0.0010072851
    36.140    0.0018965710
    36.160    0.0019575087
    36.180    0.0010228146
    36.200    0.0006252394
    36.220    0.0023146057
    36.240    0.0045463411
    36.260    0.0061193096
    36.280    0.0069927896
    36.300    0.0071660929
    36.320    0.0065142115
    36.340    0.0078265258
    36.360    0.0098620996
    36.380    0.0101928577
    36.400    0.0096699030
    36.420    0.0088898183
    36.440    0.0080151935
    36.460    0.0077077478
    36.480    0.0077755093
    36.500    0.0081321558
    36.520    0.0070736249
    36.540    0.0055014269
    36.560    0.0050168344
    36.580    0.0031988816
    36.600    0.0007083932
    36.620    0.0004250899
    36.640    0.0005838601
    36.660    0.0016914736
    36.680    0.0018726296
    36.700    0.0005762161
    36.720   -0.0004356336
    36.740   -0.0002960298
    36.760    0.0004967308
    36.780    0.0000613243
    36.800   -0.0009286915
    36.820   -0.0011925075
    36.840   -0.0012327298
    36.860   -0.0025003456
    36.880   -0.0037427574
    36.900   -0.0027274700
    36.920   -0.0014065190
    36.940   -0.0006172520
    36.960   -0.0004338142
    36.980   -0.0013055856
    37.000   -0.0015704531
    37.020   -0.0008745154
    37.040   -0.0013959361
    37.060   -0.0026842808
    37.080   -0.0033203880
    37.100   -0.0023825875
    37.120   -0.0016551591
    37.140   -0.0008850418
    37.160   -0.0001208262
    37.180   -0.0014559002
    37.200   -0.0027716708
    37.220   -0.0035348509
    37.240   -0.0030877297
    37.260   -0.0029879801
    37.280   -0.0033237183
    37.300   -0.0037382749
    37.320   -0.0037204884
    37.340   -0.0039991468
    37.360   -0.0038283543
    37.380   -0.0040477194
    37.400   -0.0052162891
    37.420   -0.0057192373
    37.440   -0.0058453938
    37.460   -0.0055934896
    37.480   -0.0047193271
    37.500   -0.0026246575
    37.520   -0.0017015761
    37.540   -0.0016888277
    37.560   -0.0020111765
    37.580   -0.0027942398
    37.600   -0.0027921232
    37.620   -0.0019798955
    37.640   -0.0012872389
    37.660   -0.0005413943
    37.680   -0.0006803328
    37.700   -0.0005411356
    37.720   -0.0007255655
    37.740   -0.0014986597
    37.760   -0.0009925198
    37.780   -0.0003069465
    37.800   -0.0001906968
    37.820    0.0000708075
    37.840    0.0000496192
    37.860   -0.0000582719
    37.880   -0.0000045713
    37.900    0.0001796135
    37.920    0.0002446052
    37.940   -0.0004361989
    37.960   -0.0002276633
    37.980    0.0000770659
    38.000    0.0001435464
    38.020   -0.0001184644
    38.040   -0.0007568033
    38.060   -0.0014318427
    38.080   -0.0013319174
    38.100   -0.0008031852
    38.120   -0.0002122831
    38.140    0.0002886063
    38.160    0.0002763381
    38.180    0.0003318690
    38.200    0.0003795262
    38.220    0.0003434509
    38.240    0.0000659318
    38.260   -0.0003334715
    38.280   -0.0005774843
    38.300   -0.0003924215
    38.320   -0.0001575273
    38.340    0.0000249411
    38.360    0.0001190950
    38.380    0.0001900901
    38.400    0.0001627631
    38.420    0.0000781519
    38.440    0.0002402831
    38.460    0.0003005304
    38.480    0.0002774745
    38.500    0.0004133974
    38.520    0.0005230681
    38.540    0.0005380631
    38.560    0.0005753474
    38.580    0.0006648298
    38.600    0.0007819503
    38.620    0.0008140272
    38.640    0.0008636323
    38.660    0.0007853782
    38.680    0.0007007224
    38.700    0.0007702906
    38.720    0.0007975308
    38.740    0.0008263556
    38.760    0.0008695974
    38.780    0.0007763753
    38.800    0.0007324619
    38.820    0.0007720992
    38.840    0.0007834955
    38.860    0.0007423901
    38.880    0.0006886324
    38.900    0.0006492174
    38.920    0.0005865425
    38.940    0.0005791165
    38.960    0.0005685815
    38.980    0.0005472172
    39.000    0.0005648778
    39.020    0.0005328131
    39.040    0.0004769989
    39.060    0.0004545049
    39.080    0.0004374592
    39.100    0.0004424115
    39.120    0.0004413810
    39.140    0.0004300342
    39.160    0.0004206824
    39.180    0.0004015135
    39.200    0.0003743270
    39.220    0.0003396194
    39.240    0.0003030707
    39.260    0.0002727439
    39.280    0.0002412295
    39.300    0.0002176706
    39.320    0.0002003186
    39.340    0.0001770368
    39.360    0.0001537984
    39.380    0.0001375192
    39.400    0.0001190143
    39.420    0.0000974043
    39.440    0.0000802565
    39.460    0.0000659587
    39.480    0.0000517160
    39.500    0.0000425437
    39.520    0.0000322883
    39.540    0.0000217628
    39.560    0.0000135774
    39.580    0.0000069170
    39.600    0.0000019634
    39.620   -0.0000025543
    39.640   -0.0000058668
    39.660   -0.0000089054
    39.680   -0.0000119356
    39.700   -0.0000147975
    39.720   -0.0000174526
    39.740   -0.0000201034
    39.760   -0.0000227173
    39.780   -0.0000253355
    39.800   -0.0000278649
    39.820   -0.0000302766
    39.840   -0.0000326174
    39.860   -0.0000349469
    39.880   -0.0000372975
    39.900   -0.0000397136
    39.920   -0.0000422442
    39.940   -0.0000449325
    39.960   -0.0000478176
    39.980   -0.0000509366
