  -0.0000006087
  -0.0000016474
  -0.0000027140
  -0.0000037771
  -0.0000048509
  -0.0000059366
  -0.0000070211
  -0.0000081157
  -0.0000092286
  -0.0000103458
  -0.0000114776
  -0.0000125668
  -0.0000135944
  -0.0000145368
  -0.0000155228
  -0.0000167046
  -0.0000180919
  -0.0000194731
  -0.0000209485
  -0.0000226906
  -0.0000247280
  -0.0000268472
  -0.0000287912
  -0.0000306212
  -0.0000325854
  -0.0000346814
  -0.0000367006
  -0.0000373946
  -0.0000344079
  -0.0000275658
  -0.0000186336
  -0.0000108255
  -0.0000069043
  -0.0000085230
  -0.0000125774
  -0.0000172416
  -0.0000184856
  -0.0000148159
  -0.0000118448
  -0.0000152341
  -0.0000280180
  -0.0000455478
  -0.0000665229
  -0.0000882943
  -0.0001052913
  -0.0001135162
  -0.0001135749
  -0.0001005490
  -0.0000839551
  -0.0000760526
  -0.0000665568
  -0.0000507928
  -0.0000301625
   0.0000070900
   0.0000338277
   0.0000371664
   0.0000395407
   0.0000478131
   0.0000385710
   0.0000001893
  -0.0000262851
  -0.0000218941
   0.0000054361
   0.0000461957
   0.0000445423
  -0.0000472730
  -0.0001823933
  -0.0002693865
  -0.0002554348
  -0.0002110308
  -0.0001924687
  -0.0002408850
  -0.0003627485
  -0.0004826679
  -0.0005192176
  -0.0005127871
  -0.0004494836
  -0.0003479666
  -0.0002435032
  -0.0001521667
  -0.0000327947
   0.0001263445
   0.0002219702
   0.0003261160
   0.0004617911
   0.0005443064
   0.0004148684
   0.0001235264
  -0.0001521222
  -0.0002338853
  -0.0000643460
   0.0001520725
   0.0002397845
  -0.0000596560
  -0.0006066944
  -0.0012057156
  -0.0018027191
  -0.0022783774
  -0.0025142847
  -0.0024371052
  -0.0020879958
  -0.0017299555
  -0.0013851245
  -0.0007089703
   0.0000268724
   0.0004795558
   0.0010948582
   0.0017321577
   0.0018910686
   0.0018287884
   0.0015892157
   0.0011372740
   0.0006997327
   0.0007265636
   0.0014364469
   0.0025213713
   0.0033181639
   0.0037035213
   0.0032153198
   0.0016119051
  -0.0005564359
  -0.0024556358
  -0.0038286298
  -0.0043740929
  -0.0040038924
  -0.0030827418
  -0.0020935340
  -0.0012757470
  -0.0006381522
  -0.0000793574
   0.0007052551
   0.0016198427
   0.0027572445
   0.0038162685
   0.0041267057
   0.0038772013
   0.0030898474
   0.0017661384
   0.0009977143
   0.0006894683
   0.0009560732
   0.0015171314
   0.0015697430
   0.0008276360
  -0.0005213060
  -0.0026999204
  -0.0052705455
  -0.0066856423
  -0.0067429361
  -0.0061998535
  -0.0053168540
  -0.0038990734
  -0.0018037521
   0.0013579751
   0.0046345484
   0.0063303826
   0.0073109421
   0.0090807414
   0.0099540596
   0.0089825029
   0.0053210218
   0.0000246059
  -0.0053247631
  -0.0101944816
  -0.0136191741
  -0.0155440261
  -0.0162210986
  -0.0140688532
  -0.0087847599
  -0.0032510827
   0.0000664917
   0.0008018412
   0.0007218875
   0.0003564270
   0.0011153131
   0.0040209352
   0.0085753076
   0.0123296179
   0.0146430551
   0.0155507355
   0.0152511643
   0.0133150029
   0.0099415694
   0.0050848112
  -0.0017735488
  -0.0094234881
  -0.0172138754
  -0.0247288511
  -0.0279477758
  -0.0255367901
  -0.0177770920
  -0.0065451684
   0.0058481779
   0.0178195605
   0.0258930733
   0.0289767666
   0.0283864487
   0.0232820171
   0.0140410014
   0.0032411247
  -0.0049924767
  -0.0100874317
  -0.0133331241
  -0.0156143161
  -0.0186135992
  -0.0236518897
  -0.0286569116
  -0.0323718807
  -0.0333837756
  -0.0290118490
  -0.0184887220
  -0.0036115166
   0.0107619323
   0.0202060757
   0.0237204057
   0.0211014650
   0.0144534051
   0.0085099170
   0.0058606112
   0.0057399492
   0.0060037556
   0.0069447483
   0.0075157073
   0.0075052546
   0.0067362967
   0.0055036932
   0.0034613955
   0.0019682397
   0.0020063206
   0.0021473612
   0.0029029836
   0.0044847230
   0.0041908321
   0.0030924819
   0.0027547009
   0.0036091228
   0.0043757513
   0.0055381559
   0.0072229782
   0.0097474598
   0.0105773883
   0.0103894820
   0.0117520973
   0.0145544221
   0.0152137563
   0.0148522250
   0.0122115562
   0.0043259953
  -0.0046621519
  -0.0099858120
  -0.0096501765
  -0.0042952588
   0.0039098976
   0.0120671382
   0.0145725471
   0.0133854465
   0.0144130707
   0.0177045010
   0.0213861238
   0.0259147368
   0.0276710205
   0.0221160702
   0.0064236155
  -0.0148292366
  -0.0366997220
  -0.0555006987
  -0.0679025474
  -0.0712268143
  -0.0661078834
  -0.0583332235
  -0.0484256032
  -0.0376302885
  -0.0278207133
  -0.0182613721
  -0.0083279525
   0.0037332628
   0.0214929632
   0.0405018760
   0.0553924377
   0.0644928583
   0.0645993945
   0.0543171632
   0.0327242405
   0.0051587990
  -0.0183439722
  -0.0366986037
  -0.0496613359
  -0.0546895376
  -0.0526926424
  -0.0476732730
  -0.0414227574
  -0.0353624567
  -0.0303764828
  -0.0259458960
  -0.0243060800
  -0.0232424238
  -0.0218976719
  -0.0178357182
  -0.0055593172
   0.0121054294
   0.0307026682
   0.0454377754
   0.0519641175
   0.0528597911
   0.0482029025
   0.0371343957
   0.0258172603
   0.0201814554
   0.0193797899
   0.0180094228
   0.0123554171
   0.0011257548
  -0.0161549897
  -0.0328959759
  -0.0425055185
  -0.0429616284
  -0.0374210067
  -0.0218441290
   0.0025898664
   0.0258566641
   0.0438633481
   0.0537331189
   0.0542025339
   0.0442752401
   0.0295407963
   0.0172793892
   0.0115932596
   0.0105974731
   0.0105301929
   0.0068994596
   0.0006228585
  -0.0101154333
  -0.0262076593
  -0.0422018686
  -0.0542285757
  -0.0600099605
  -0.0577365943
  -0.0487678988
  -0.0382178392
  -0.0301128621
  -0.0229282737
  -0.0123720182
   0.0027931476
   0.0208942112
   0.0398681932
   0.0567068454
   0.0687482224
   0.0692596757
   0.0567006856
   0.0317542702
   0.0015343233
  -0.0240784515
  -0.0382082299
  -0.0387048049
  -0.0345618147
  -0.0291131541
  -0.0196191315
  -0.0112664640
  -0.0102027736
  -0.0132321052
  -0.0151116191
  -0.0131330972
  -0.0026977047
   0.0144799320
   0.0314803199
   0.0405220423
   0.0423726752
   0.0414547884
   0.0373494772
   0.0268772775
   0.0129870644
   0.0016288220
  -0.0042780814
  -0.0072976180
  -0.0092747734
  -0.0097808724
  -0.0104319411
  -0.0135974518
  -0.0211293831
  -0.0309210286
  -0.0388605059
  -0.0394968611
  -0.0292089059
  -0.0116068055
   0.0065877241
   0.0200374107
   0.0302831002
   0.0365060956
   0.0387168023
   0.0376181963
   0.0329783277
   0.0233560674
   0.0100603077
  -0.0075918065
  -0.0248334730
  -0.0367908871
  -0.0418954514
  -0.0382857297
  -0.0307425458
  -0.0239199076
  -0.0147084172
  -0.0011048869
   0.0145598863
   0.0270471933
   0.0315599804
   0.0313551527
   0.0299448226
   0.0266086531
   0.0219051395
   0.0177056837
   0.0159914516
   0.0178972176
   0.0203466330
   0.0197702078
   0.0133612242
   0.0018164659
  -0.0115844748
  -0.0203235858
  -0.0262102180
  -0.0326721570
  -0.0380589541
  -0.0397183488
  -0.0373086329
  -0.0289332878
  -0.0156646976
  -0.0005884777
   0.0126497705
   0.0215100022
   0.0283122089
   0.0344889963
   0.0413823302
   0.0464675622
   0.0466602598
   0.0412713968
   0.0299264001
   0.0175934407
   0.0074238789
   0.0012439805
  -0.0014746485
  -0.0035143793
  -0.0053313759
  -0.0053561327
  -0.0037291859
  -0.0000683535
   0.0018193969
  -0.0007281441
  -0.0095831541
  -0.0227020856
  -0.0336030078
  -0.0408162725
  -0.0459495889
  -0.0495873993
  -0.0515168778
  -0.0488746624
  -0.0458789501
  -0.0429024374
  -0.0338166298
  -0.0177494941
   0.0034024357
   0.0256341151
   0.0462292630
   0.0607886736
   0.0668860469
   0.0657817738
   0.0609891610
   0.0487141474
   0.0285509629
   0.0078256062
  -0.0095796307
  -0.0232881579
  -0.0338742477
  -0.0441297170
  -0.0560388193
  -0.0663080297
  -0.0706662531
  -0.0663789527
  -0.0529607172
  -0.0302258614
  -0.0013755203
   0.0258820804
   0.0487536649
   0.0653938388
   0.0755295236
   0.0799204034
   0.0785648861
   0.0703159781
   0.0550089567
   0.0345866245
   0.0138474641
  -0.0047897585
  -0.0186342715
  -0.0269452628
  -0.0288319259
  -0.0249303052
  -0.0176341712
  -0.0127062057
  -0.0092942478
  -0.0028098265
   0.0038273922
   0.0098488975
   0.0189035877
   0.0296350318
   0.0399483654
   0.0475382690
   0.0447039625
   0.0336463728
   0.0235750343
   0.0191212108
   0.0181446978
   0.0176180420
   0.0150964527
   0.0129755029
   0.0098722498
   0.0031078018
  -0.0045527671
  -0.0138730017
  -0.0226453207
  -0.0268182571
  -0.0288229420
  -0.0315390560
  -0.0329951961
  -0.0305552119
  -0.0246790609
  -0.0189127004
  -0.0176532401
  -0.0201797875
  -0.0224869284
  -0.0226029791
  -0.0211370592
  -0.0186775361
  -0.0169037434
  -0.0148605549
  -0.0110084382
  -0.0073867930
  -0.0069715672
  -0.0103158885
  -0.0141195455
  -0.0159030631
  -0.0164518525
  -0.0178280137
  -0.0217586688
  -0.0276825820
  -0.0345188097
  -0.0400784794
  -0.0451445497
  -0.0435821956
  -0.0321347566
  -0.0142004437
   0.0075667958
   0.0238505576
   0.0329620279
   0.0360999654
   0.0371385655
   0.0404035845
   0.0428924680
   0.0449315342
   0.0481304063
   0.0487749873
   0.0444288561
   0.0371836363
   0.0296894845
   0.0234849495
   0.0156812817
   0.0067722207
  -0.0029776347
  -0.0139451624
  -0.0222318556
  -0.0220161297
  -0.0109830636
   0.0048953697
   0.0219728405
   0.0430695103
   0.0662649111
   0.0867773091
   0.1004650978
   0.1043008370
   0.0991330636
   0.0876934901
   0.0726331263
   0.0496127019
   0.0171672902
  -0.0202863427
  -0.0586277949
  -0.0939885268
  -0.1234404703
  -0.1429459013
  -0.1509791971
  -0.1474523769
  -0.1350617485
  -0.1145852668
  -0.0884123299
  -0.0601023196
  -0.0374317532
  -0.0253517685
  -0.0224117219
  -0.0273223755
  -0.0351157612
  -0.0421208813
  -0.0504103493
  -0.0579148117
  -0.0625209056
  -0.0636906242
  -0.0618202230
  -0.0563257335
  -0.0509811453
  -0.0450204438
  -0.0363615392
  -0.0202382393
  -0.0091214132
  -0.0045191118
   0.0019557799
   0.0077280785
   0.0118652842
   0.0143548956
   0.0168377027
   0.0223649074
   0.0309712736
   0.0436367810
   0.0583372227
   0.0686841793
   0.0705437393
   0.0654213210
   0.0543949473
   0.0394228487
   0.0271390408
   0.0216398509
   0.0226862786
   0.0275920802
   0.0353097287
   0.0421514150
   0.0440590783
   0.0432729355
   0.0413976065
   0.0375329257
   0.0303137097
   0.0224525661
   0.0163237778
   0.0136100690
   0.0129055029
   0.0139178261
   0.0171208472
   0.0207304362
   0.0247584750
   0.0297494905
   0.0327954099
   0.0324283045
   0.0287287444
   0.0199914681
   0.0047613760
  -0.0130087658
  -0.0297500211
  -0.0410410201
  -0.0435540501
  -0.0379668413
  -0.0286742538
  -0.0212949587
  -0.0184635312
  -0.0206059513
  -0.0280257684
  -0.0399803395
  -0.0514004480
  -0.0591687206
  -0.0594097111
  -0.0509018259
  -0.0361859374
  -0.0217741347
  -0.0101913941
   0.0003146478
   0.0076075699
   0.0096283898
   0.0045680472
  -0.0069793153
  -0.0198785067
  -0.0304101817
  -0.0372391503
  -0.0371092258
  -0.0296776956
  -0.0163265734
   0.0011585548
   0.0208999161
   0.0438354679
   0.0680755716
   0.0905547671
   0.1039063251
   0.1060712408
   0.0961455011
   0.0776516239
   0.0562681157
   0.0364273070
   0.0172119535
  -0.0008292373
  -0.0196163833
  -0.0385897966
  -0.0558711588
  -0.0688359190
  -0.0743879126
  -0.0707201182
  -0.0544627051
  -0.0308717122
   0.0003842777
   0.0354379096
   0.0673862989
   0.0920910036
   0.1094069554
   0.1208947838
   0.1301585435
   0.1406679484
   0.1552454404
   0.1716415533
   0.1791800367
   0.1698197293
   0.1447841388
   0.1062941310
   0.0602734675
   0.0088581848
  -0.0387346184
  -0.0707262780
  -0.0836522977
  -0.0852947293
  -0.0837846672
  -0.0799188303
  -0.0773225197
  -0.0786546487
  -0.0849638435
  -0.0923848737
  -0.0996540504
  -0.1045042811
  -0.1030839058
  -0.0939454840
  -0.0773313519
  -0.0538977657
  -0.0245875736
   0.0052263730
   0.0284857448
   0.0417850298
   0.0429736258
   0.0337379928
   0.0170409460
  -0.0023842351
  -0.0194579910
  -0.0334928515
  -0.0447786383
  -0.0509964974
  -0.0516431064
  -0.0474568269
  -0.0372355871
  -0.0235312712
  -0.0103048065
   0.0020282211
   0.0116990756
   0.0207636612
   0.0304082674
   0.0402579856
   0.0509855424
   0.0593175415
   0.0646621297
   0.0688175723
   0.0736244948
   0.0772752882
   0.0745668123
   0.0654652357
   0.0485761867
   0.0229932075
  -0.0087597909
  -0.0471472446
  -0.0886552726
  -0.1306580753
  -0.1650845258
  -0.1854657105
  -0.1985972403
  -0.2104750508
  -0.2182223800
  -0.2207992635
  -0.2205106056
  -0.2171983361
  -0.2042989457
  -0.1799785370
  -0.1498594393
  -0.1229856492
  -0.0982793525
  -0.0709385354
  -0.0424370404
  -0.0122685676
   0.0210788537
   0.0577001093
   0.0908855202
   0.1178313705
   0.1398703768
   0.1556770248
   0.1614264544
   0.1583610699
   0.1441796250
   0.1206645588
   0.0919806198
   0.0638808200
   0.0397364681
   0.0234217973
   0.0158291208
   0.0123977909
   0.0130411797
   0.0205646522
   0.0340835295
   0.0536368932
   0.0771780012
   0.1001480289
   0.1219230544
   0.1400722289
   0.1549848901
   0.1680848248
   0.1794160805
   0.1902136506
   0.1974232762
   0.1992861909
   0.1965821311
   0.1903415850
   0.1798444618
   0.1653462133
   0.1509011477
   0.1332567739
   0.1098239458
   0.0827095253
   0.0548450111
   0.0259252369
  -0.0022136009
  -0.0273730376
  -0.0461547957
  -0.0553639700
  -0.0559562210
  -0.0520463178
  -0.0478557169
  -0.0439893682
  -0.0385325010
  -0.0355814804
  -0.0391553615
  -0.0491174535
  -0.0663508072
  -0.0880269346
  -0.1118653811
  -0.1325058463
  -0.1469160379
  -0.1560777343
  -0.1608874051
  -0.1640879451
  -0.1649429451
  -0.1628977002
  -0.1552725056
  -0.1410927096
  -0.1230613864
  -0.1051795853
  -0.0902243362
  -0.0829153765
  -0.0834300141
  -0.0856054867
  -0.0874684582
  -0.0903108577
  -0.0872181048
  -0.0757367963
  -0.0560533185
  -0.0289175377
   0.0018923195
   0.0331399800
   0.0616761025
   0.0879822239
   0.1099563153
   0.1269858268
   0.1367620443
   0.1393357057
   0.1376452656
   0.1328685356
   0.1223776101
   0.1105659275
   0.0992942609
   0.0877381061
   0.0761828041
   0.0644624573
   0.0547140821
   0.0460662840
   0.0357828018
   0.0218500803
   0.0040114017
  -0.0177384008
  -0.0450131468
  -0.0764788917
  -0.1069849579
  -0.1333059955
  -0.1533646718
  -0.1659761245
  -0.1691441218
  -0.1645203256
  -0.1546314499
  -0.1418934843
  -0.1291153568
  -0.1169628569
  -0.1085855975
  -0.1049641058
  -0.1072372825
  -0.1160868758
  -0.1300385884
  -0.1470188593
  -0.1628719617
  -0.1767460607
  -0.1842198378
  -0.1839753409
  -0.1724518994
  -0.1523403246
  -0.1261981488
  -0.0921824151
  -0.0538834750
  -0.0188010828
   0.0108852440
   0.0359402275
   0.0582132305
   0.0767175700
   0.0943105615
   0.1116959580
   0.1271710379
   0.1393694804
   0.1514621259
   0.1604269928
   0.1623020754
   0.1595380476
   0.1541399733
   0.1482116440
   0.1443696692
   0.1412020509
   0.1392060655
   0.1382983945
   0.1356537153
   0.1294765298
   0.1194154640
   0.1096793326
   0.1037279940
   0.1006407754
   0.1011117067
   0.1061870641
   0.1119995701
   0.1182600361
   0.1224258271
   0.1257978562
   0.1296100744
   0.1270512155
   0.1130349102
   0.0904618014
   0.0623873989
   0.0324218225
   0.0027965952
  -0.0216290476
  -0.0387746097
  -0.0503299686
  -0.0577144569
  -0.0591277437
  -0.0577190436
  -0.0543573061
  -0.0487796309
  -0.0458899620
  -0.0449686825
  -0.0406317816
  -0.0350118027
  -0.0316104719
  -0.0287387327
  -0.0249155975
  -0.0199376408
  -0.0163303091
  -0.0119604902
  -0.0052593290
  -0.0018209239
  -0.0024264042
  -0.0082024801
  -0.0167577579
  -0.0281586497
  -0.0433639300
  -0.0596640258
  -0.0743677653
  -0.0846486510
  -0.0896748626
  -0.0882634711
  -0.0808273731
  -0.0682764760
  -0.0523868318
  -0.0323723545
  -0.0099817882
   0.0126875007
   0.0344906263
   0.0554729132
   0.0731799843
   0.0875542217
   0.0974185149
   0.1020151133
   0.1014060507
   0.0949175582
   0.0861429439
   0.0768318770
   0.0625217016
   0.0423230746
   0.0196183355
  -0.0013860923
  -0.0224573803
  -0.0476344567
  -0.0687647306
  -0.0811919009
  -0.0853473814
  -0.0856080454
  -0.0825888310
  -0.0787354653
  -0.0797377130
  -0.0815322633
  -0.0778372899
  -0.0677103046
  -0.0517446389
  -0.0281818674
  -0.0011179825
   0.0248079430
   0.0459550285
   0.0574164171
   0.0618378116
   0.0606097928
   0.0577432658
   0.0555430402
   0.0531099361
   0.0534036167
   0.0584690994
   0.0670900786
   0.0726417310
   0.0707536275
   0.0619006416
   0.0452298772
   0.0204895215
  -0.0096814058
  -0.0427806439
  -0.0769058136
  -0.1102140416
  -0.1365484412
  -0.1520284299
  -0.1575147695
  -0.1577946711
  -0.1526827908
  -0.1415682087
  -0.1262511231
  -0.1062825506
  -0.0829335716
  -0.0582586615
  -0.0353230908
  -0.0137164858
   0.0041784025
   0.0166175323
   0.0249966605
   0.0318318269
   0.0373600342
   0.0424829831
   0.0475272003
   0.0499621619
   0.0497751123
   0.0483042266
   0.0422314546
   0.0256635495
  -0.0004177197
  -0.0282244743
  -0.0530881209
  -0.0707473919
  -0.0807439220
  -0.0814757637
  -0.0771032117
  -0.0710556286
  -0.0632235972
  -0.0539592690
  -0.0457491772
  -0.0362419063
  -0.0194723197
   0.0045685911
   0.0311647105
   0.0544293285
   0.0737894828
   0.0893536240
   0.1008395760
   0.1108517994
   0.1146248412
   0.1126649428
   0.1055921596
   0.0939199729
   0.0794171757
   0.0624140282
   0.0452589136
   0.0288171802
   0.0176705615
   0.0129363455
   0.0130210892
   0.0159326814
   0.0190863936
   0.0259693411
   0.0362448061
   0.0481155280
   0.0623452469
   0.0760005686
   0.0886297805
   0.0990716929
   0.1046823469
   0.1049954166
   0.0991430140
   0.0871174251
   0.0715902618
   0.0569474948
   0.0435155939
   0.0298423045
   0.0143113202
  -0.0090926914
  -0.0370080724
  -0.0616492837
  -0.0821432971
  -0.1021279230
  -0.1187331471
  -0.1282051460
  -0.1306952615
  -0.1276082704
  -0.1210008083
  -0.1116430785
  -0.1002361615
  -0.0854006590
  -0.0670343939
  -0.0534886599
  -0.0456350976
  -0.0423719360
  -0.0428225874
  -0.0450611933
  -0.0443169372
  -0.0380945104
  -0.0277527659
  -0.0160924231
  -0.0084301958
  -0.0050547609
  -0.0046617388
  -0.0052130944
  -0.0030198360
   0.0029464187
   0.0096107140
   0.0132910555
   0.0131236907
   0.0089769117
   0.0028941703
  -0.0039958790
  -0.0131025920
  -0.0217283626
  -0.0293161624
  -0.0360985818
  -0.0411512901
  -0.0416046517
  -0.0367011435
  -0.0266683938
  -0.0128281888
   0.0042161763
   0.0243310414
   0.0451173139
   0.0651881013
   0.0835792330
   0.0993904487
   0.1076052977
   0.1070771844
   0.0987156562
   0.0821511816
   0.0595958699
   0.0334600055
   0.0054973798
  -0.0168059352
  -0.0300073494
  -0.0380407400
  -0.0438992835
  -0.0503892733
  -0.0536172766
  -0.0489080960
  -0.0408359459
  -0.0312601401
  -0.0216718061
  -0.0151245926
  -0.0117997723
  -0.0112757965
  -0.0119759238
  -0.0094792334
  -0.0010328528
   0.0131626245
   0.0274805972
   0.0414790865
   0.0560250213
   0.0685808652
   0.0815663034
   0.0932737809
   0.1017888304
   0.1077070198
   0.1134549900
   0.1152112357
   0.1105507081
   0.0994808746
   0.0840403465
   0.0678117045
   0.0514913856
   0.0349938539
   0.0175034696
  -0.0028478827
  -0.0233094993
  -0.0392806046
  -0.0522083301
  -0.0615060729
  -0.0655338654
  -0.0658963462
  -0.0645006860
  -0.0602156600
  -0.0561719279
  -0.0531093296
  -0.0452924419
  -0.0328557950
  -0.0191809703
  -0.0061487859
   0.0038911376
   0.0105682434
   0.0145924461
   0.0162812922
   0.0166998842
   0.0171957220
   0.0198692575
   0.0278302278
   0.0357929986
   0.0409701160
   0.0443848467
   0.0454725167
   0.0425783369
   0.0344653426
   0.0235122801
   0.0123742282
   0.0014024281
  -0.0097541692
  -0.0214029543
  -0.0334407870
  -0.0435750124
  -0.0494406443
  -0.0500257500
  -0.0454328855
  -0.0359180522
  -0.0232014658
  -0.0095105821
   0.0014251534
   0.0071241162
   0.0090428292
   0.0079163581
   0.0037747495
  -0.0039688649
  -0.0129144715
  -0.0201112336
  -0.0259741174
  -0.0274573985
  -0.0246697928
  -0.0200889257
  -0.0122331459
  -0.0049566475
  -0.0009112242
   0.0022016149
   0.0070763673
   0.0112273672
   0.0174865880
   0.0260011636
   0.0300431331
   0.0299698220
   0.0239876086
   0.0121247371
  -0.0018511646
  -0.0143635610
  -0.0273815855
  -0.0394913268
  -0.0470036737
  -0.0499239142
  -0.0507576675
  -0.0517877007
  -0.0522039519
  -0.0520699335
  -0.0500734553
  -0.0443382975
  -0.0368761388
  -0.0277736524
  -0.0182110967
  -0.0096880735
  -0.0019997078
   0.0059851985
   0.0152071985
   0.0254090073
   0.0363837713
   0.0472515443
   0.0563975284
   0.0604743529
   0.0592422971
   0.0527414281
   0.0413093791
   0.0273677686
   0.0148421968
   0.0051566554
  -0.0016605347
  -0.0071912884
  -0.0145062714
  -0.0243789552
  -0.0347357676
  -0.0422569467
  -0.0459912102
  -0.0449449531
  -0.0410651665
  -0.0352482634
  -0.0283114886
  -0.0222034068
  -0.0197106567
  -0.0239508203
  -0.0313912397
  -0.0381290622
  -0.0446441650
  -0.0519922252
  -0.0585813974
  -0.0615499118
  -0.0609585894
  -0.0593929185
  -0.0540785228
  -0.0458363432
  -0.0365304126
  -0.0265907233
  -0.0136305100
  -0.0022827480
   0.0033335881
   0.0074693155
   0.0096644161
   0.0077202944
   0.0025847699
  -0.0042180072
  -0.0124419860
  -0.0196721248
  -0.0186032166
  -0.0079855830
   0.0075933266
   0.0225920241
   0.0331503284
   0.0370367107
   0.0340893860
   0.0258850181
   0.0148351045
   0.0019940503
  -0.0114147181
  -0.0241330368
  -0.0332854840
  -0.0402784172
  -0.0456336761
  -0.0487192269
  -0.0494650750
  -0.0457274758
  -0.0369554013
  -0.0259360403
  -0.0120642857
   0.0046526014
   0.0175094190
   0.0254450564
   0.0307584666
   0.0352722961
   0.0421876536
   0.0493786482
   0.0561179112
   0.0655911042
   0.0758595754
   0.0827891100
   0.0861817602
   0.0865512537
   0.0820026261
   0.0730896910
   0.0642426565
   0.0580136149
   0.0525145198
   0.0492569684
   0.0500008644
   0.0517787169
   0.0527339984
   0.0525184052
   0.0507821741
   0.0466332135
   0.0429141695
   0.0373282117
   0.0302688473
   0.0216093930
   0.0109481271
  -0.0011283092
  -0.0119384475
  -0.0215045437
  -0.0284301360
  -0.0321512270
  -0.0337887117
  -0.0334568404
  -0.0324491910
  -0.0316550499
  -0.0288020745
  -0.0266806755
  -0.0268533395
  -0.0284446163
  -0.0313032397
  -0.0354958496
  -0.0386168240
  -0.0384725898
  -0.0369145570
  -0.0353342732
  -0.0343309262
  -0.0367215940
  -0.0401820210
  -0.0425148625
  -0.0428564000
  -0.0430709887
  -0.0413838275
  -0.0397994876
  -0.0365491195
  -0.0269009690
  -0.0125256381
   0.0046105119
   0.0240554612
   0.0418796065
   0.0590302671
   0.0765875696
   0.0914979944
   0.1048785509
   0.1153394165
   0.1234278285
   0.1313839846
   0.1369213463
   0.1389274907
   0.1406756245
   0.1401718851
   0.1344616697
   0.1226668556
   0.1082400798
   0.0933753135
   0.0756265642
   0.0548232528
   0.0335513033
   0.0103004852
  -0.0138513476
  -0.0349575395
  -0.0515066999
  -0.0641692695
  -0.0733088853
  -0.0796570670
  -0.0815608827
  -0.0799880665
  -0.0773497555
  -0.0757225624
  -0.0730066948
  -0.0668607253
  -0.0588551012
  -0.0490079417
  -0.0379707646
  -0.0296005937
  -0.0237156863
  -0.0185917575
  -0.0149377155
  -0.0144842799
  -0.0151106980
  -0.0189913242
  -0.0259331973
  -0.0336839003
  -0.0436443623
  -0.0517415116
  -0.0563720174
  -0.0584714496
  -0.0601810893
  -0.0609821294
  -0.0595766892
  -0.0542070069
  -0.0462679655
  -0.0345648472
  -0.0240594793
  -0.0164397262
  -0.0121687257
  -0.0087816705
  -0.0081533382
  -0.0112531607
  -0.0174667439
  -0.0252015830
  -0.0332449051
  -0.0420556443
  -0.0503836063
  -0.0568517240
  -0.0609198300
  -0.0626292803
  -0.0604868052
  -0.0530429553
  -0.0420486505
  -0.0301615340
  -0.0209049198
  -0.0150977397
  -0.0121328662
  -0.0108236858
  -0.0094329155
  -0.0064113073
  -0.0002717278
   0.0087804442
   0.0174556771
   0.0245475444
   0.0311187867
   0.0341511357
   0.0354315792
   0.0367110560
   0.0377451831
   0.0351763358
   0.0272300922
   0.0171663236
   0.0099408701
   0.0043498934
   0.0002522482
  -0.0006995712
  -0.0038913651
  -0.0084182818
  -0.0112942570
  -0.0125581258
  -0.0155562907
  -0.0189552940
  -0.0215382994
  -0.0238882367
  -0.0258788583
  -0.0262033758
  -0.0251440220
  -0.0247676484
  -0.0238227911
  -0.0165172450
  -0.0050569689
   0.0065491505
   0.0166934382
   0.0269467980
   0.0334680986
   0.0343014918
   0.0320916759
   0.0259147937
   0.0193841492
   0.0138309179
   0.0095851290
   0.0075991661
   0.0068777979
   0.0083865370
   0.0128754544
   0.0204369073
   0.0282575477
   0.0348296051
   0.0413302656
   0.0467768602
   0.0495567140
   0.0503414921
   0.0517669848
   0.0516763693
   0.0496789056
   0.0459677082
   0.0393449130
   0.0302809016
   0.0229477955
   0.0138437834
   0.0008312163
  -0.0123975577
  -0.0230585773
  -0.0311872648
  -0.0370528968
  -0.0400366117
  -0.0428732873
  -0.0425446191
  -0.0348284110
  -0.0230317395
  -0.0106097207
   0.0001703631
   0.0103529819
   0.0207550565
   0.0290693532
   0.0360672711
   0.0399982693
   0.0388106209
   0.0343404976
   0.0290898606
   0.0224680509
   0.0124155614
   0.0017894625
  -0.0054001630
  -0.0101966195
  -0.0139719812
  -0.0161649780
  -0.0193291658
  -0.0234591920
  -0.0284695777
  -0.0325668906
  -0.0359174646
  -0.0384462258
  -0.0418334553
  -0.0443954416
  -0.0452074934
  -0.0418655811
  -0.0347172502
  -0.0232618887
  -0.0087248866
   0.0038886794
   0.0149693257
   0.0248869591
   0.0321276112
   0.0354208895
   0.0378973398
   0.0379195909
   0.0335674705
   0.0282778845
   0.0241632483
   0.0181897477
   0.0117112455
   0.0077815077
   0.0034112471
   0.0007068500
  -0.0006828300
  -0.0039801989
  -0.0073771193
  -0.0085341051
  -0.0097010717
  -0.0115287068
  -0.0125643785
  -0.0133017622
  -0.0122763953
  -0.0090951174
  -0.0056545326
  -0.0019330625
   0.0012625611
   0.0039313526
   0.0085330589
   0.0123018552
   0.0138327469
   0.0129929285
   0.0103922360
   0.0067464519
   0.0023220665
  -0.0011580834
  -0.0020184507
  -0.0009193316
   0.0007067330
   0.0016333662
   0.0024659501
   0.0054949064
   0.0082355858
   0.0107107301
   0.0128513553
   0.0127869692
   0.0099665782
   0.0060525716
   0.0019330227
   0.0004935062
   0.0030568157
   0.0077694155
   0.0134500846
   0.0183019282
   0.0216736256
   0.0247480697
   0.0258686804
   0.0262292281
   0.0262671156
   0.0258255997
   0.0238513726
   0.0200876558
   0.0155226582
   0.0105906234
   0.0077173092
   0.0018228132
  -0.0056707414
  -0.0086745676
  -0.0083702694
  -0.0083659102
  -0.0083964382
  -0.0068208187
  -0.0061602147
  -0.0070499862
  -0.0080810770
  -0.0084697816
  -0.0092795060
  -0.0095026236
  -0.0072062046
  -0.0028159654
   0.0005947980
   0.0030037731
   0.0042963202
   0.0051050552
   0.0058672619
   0.0045482240
   0.0020427715
  -0.0013798714
  -0.0049564523
  -0.0089314542
  -0.0124126464
  -0.0157687036
  -0.0173010679
  -0.0183706110
  -0.0186122763
  -0.0177230942
  -0.0168967440
  -0.0169485887
  -0.0162356339
  -0.0129005409
  -0.0090264195
  -0.0043279038
   0.0007668033
   0.0037547444
   0.0051818955
   0.0051718161
   0.0041887624
   0.0032865461
   0.0025392840
   0.0031939955
   0.0044465815
   0.0082698930
   0.0138113240
   0.0205102374
   0.0278719818
   0.0315077453
   0.0305719856
   0.0300053593
   0.0262144635
   0.0182282153
   0.0093208544
   0.0031334058
  -0.0007400976
  -0.0019688444
  -0.0009800751
   0.0006256901
   0.0017934889
   0.0048810411
   0.0079462531
   0.0110941126
   0.0144097311
   0.0177857972
   0.0205716459
   0.0232299715
   0.0219436715
   0.0189902249
   0.0173488547
   0.0153645635
   0.0135639481
   0.0133483189
   0.0136299092
   0.0126592092
   0.0106041276
   0.0085765092
   0.0055330214
   0.0020552522
  -0.0020702366
  -0.0047344207
  -0.0065350550
  -0.0100480052
  -0.0151065795
  -0.0187591545
  -0.0225989231
  -0.0260465946
  -0.0279518887
  -0.0294881820
  -0.0305074877
  -0.0312262138
  -0.0298448822
  -0.0284004931
  -0.0268225026
  -0.0257389644
  -0.0251716369
  -0.0244495371
  -0.0257318001
  -0.0289126288
  -0.0315828760
  -0.0317814681
  -0.0302206871
  -0.0300232512
  -0.0296755728
  -0.0288010700
  -0.0285875996
  -0.0283324888
  -0.0267273384
  -0.0243038814
  -0.0233590620
  -0.0225844049
  -0.0193275737
  -0.0129160920
  -0.0072010986
  -0.0049281285
  -0.0036399730
  -0.0020484688
  -0.0018102949
  -0.0013226148
  -0.0014763670
  -0.0020701419
  -0.0021106658
  -0.0018911645
  -0.0018693523
  -0.0028388647
  -0.0037429365
  -0.0032581238
  -0.0015206493
   0.0024358808
   0.0093397621
   0.0148135698
   0.0177848533
   0.0221026134
   0.0265446101
   0.0288527365
   0.0301568716
   0.0305744684
   0.0298213422
   0.0259509375
   0.0197343294
   0.0148466641
   0.0116354135
   0.0083778488
   0.0059107009
   0.0036702167
  -0.0004814108
  -0.0023353281
  -0.0029028698
  -0.0072954668
  -0.0126016823
  -0.0148056606
  -0.0140812126
  -0.0122723829
  -0.0101141956
  -0.0054611943
   0.0005536662
   0.0058858153
   0.0080621351
   0.0079397976
   0.0046049681
   0.0005944024
   0.0016877055
   0.0050349111
   0.0074965096
   0.0095344556
   0.0107120985
   0.0116538209
   0.0120514354
   0.0109688582
   0.0090327139
   0.0071778866
   0.0040795803
   0.0003499924
  -0.0047318620
  -0.0115306874
  -0.0183122142
  -0.0241315774
  -0.0299868230
  -0.0339934826
  -0.0356535786
  -0.0351381829
  -0.0335773261
  -0.0333287543
  -0.0335017595
  -0.0326363732
  -0.0314849445
  -0.0294335398
  -0.0268782631
  -0.0214873720
  -0.0159168838
  -0.0131488720
  -0.0108943321
  -0.0087616919
  -0.0063476073
  -0.0037059132
   0.0018269389
   0.0117811754
   0.0201769256
   0.0249464533
   0.0280465412
   0.0301440781
   0.0312374909
   0.0298910333
   0.0264690056
   0.0237553176
   0.0228506981
   0.0227863328
   0.0224606213
   0.0196932198
   0.0153403128
   0.0126911776
   0.0114213859
   0.0090669548
   0.0059137713
   0.0025781704
   0.0016320673
   0.0030163752
   0.0078658060
   0.0139168405
   0.0198302517
   0.0249931541
   0.0290777874
   0.0322772092
   0.0335647222
   0.0332937287
   0.0322531575
   0.0292176434
   0.0263141955
   0.0229440807
   0.0203477322
   0.0180380403
   0.0163434968
   0.0152693461
   0.0136208666
   0.0114800064
   0.0076035177
   0.0023190245
  -0.0018371386
  -0.0052998832
  -0.0089964051
  -0.0102022297
  -0.0124891796
  -0.0149068596
  -0.0163405306
  -0.0183519970
  -0.0193588276
  -0.0166646254
  -0.0126173017
  -0.0116120802
  -0.0106141008
  -0.0094541185
  -0.0085283585
  -0.0087387395
  -0.0110852539
  -0.0157646703
  -0.0197866403
  -0.0203841414
  -0.0200086397
  -0.0206538082
  -0.0226161706
  -0.0228084323
  -0.0195684505
  -0.0163160544
  -0.0149567275
  -0.0114777585
  -0.0059052063
  -0.0021597983
   0.0002077412
   0.0031865374
   0.0051522147
   0.0049720489
   0.0045798797
   0.0046692253
   0.0047785798
   0.0052320742
   0.0055806756
   0.0062189489
   0.0066303367
   0.0049432987
   0.0042364241
   0.0046000403
   0.0040353396
   0.0015547477
  -0.0005550549
  -0.0006754973
  -0.0003949843
  -0.0005315042
  -0.0006575465
  -0.0004914909
   0.0004148201
   0.0013180147
   0.0025716600
   0.0041459887
   0.0044673012
   0.0042524794
   0.0025292521
   0.0001756674
  -0.0007424601
  -0.0042807671
  -0.0064302264
  -0.0058434756
  -0.0030225274
  -0.0006502588
   0.0000650758
   0.0005968722
   0.0015967263
   0.0029032868
   0.0042270915
   0.0043461388
   0.0041401113
   0.0050050560
   0.0061756294
   0.0088753033
   0.0124904988
   0.0145448469
   0.0154874658
   0.0170702534
   0.0190400530
   0.0199159015
   0.0212950724
   0.0224773380
   0.0231847680
   0.0240408482
   0.0245337653
   0.0244888082
   0.0244333510
   0.0244837856
   0.0245066432
   0.0244891873
   0.0249406916
   0.0274921019
   0.0290955276
   0.0287347336
   0.0273770557
   0.0250046398
   0.0243421291
   0.0227971741
   0.0198681203
   0.0192023307
   0.0182507128
   0.0155332246
   0.0121000751
   0.0083722520
   0.0047247090
   0.0019324560
  -0.0007218585
  -0.0013392397
  -0.0012365466
  -0.0040439956
  -0.0074343505
  -0.0121275687
  -0.0190154706
  -0.0264234041
  -0.0340575825
  -0.0422498771
  -0.0491882250
  -0.0522675401
  -0.0523633487
  -0.0528018511
  -0.0508192277
  -0.0434758869
  -0.0352777546
  -0.0302266385
  -0.0272773047
  -0.0246433151
  -0.0219030357
  -0.0201269459
  -0.0215113668
  -0.0228157104
  -0.0219519730
  -0.0206940460
  -0.0191952611
  -0.0172291365
  -0.0150869685
  -0.0128172092
  -0.0109473311
  -0.0079175560
  -0.0064945651
  -0.0058835352
  -0.0058752014
  -0.0067699463
  -0.0079616261
  -0.0101079714
  -0.0103474722
  -0.0092593606
  -0.0064595642
  -0.0024164670
  -0.0002854340
   0.0024555277
   0.0054816107
   0.0078582323
   0.0095995126
   0.0127218800
   0.0156060714
   0.0179205017
   0.0206393469
   0.0242269691
   0.0264890960
   0.0248492800
   0.0233744142
   0.0228209983
   0.0220731600
   0.0213202802
   0.0212806679
   0.0214045274
   0.0213611055
   0.0202968617
   0.0174994857
   0.0127740393
   0.0064454137
  -0.0000405862
  -0.0049055761
  -0.0071511265
  -0.0097948429
  -0.0134196173
  -0.0167561943
  -0.0177365150
  -0.0178980668
  -0.0172152154
  -0.0170454417
  -0.0171832640
  -0.0171804722
  -0.0172058563
  -0.0168824741
  -0.0147064006
  -0.0110516535
  -0.0080331765
  -0.0064421025
  -0.0036420825
  -0.0015850936
  -0.0004934942
   0.0009835282
   0.0029643220
   0.0048316641
   0.0068165258
   0.0077225081
   0.0083366142
   0.0084866083
   0.0080289688
   0.0051646291
   0.0031141872
   0.0028559245
   0.0009072618
  -0.0034770623
  -0.0075006187
  -0.0106830243
  -0.0114932642
  -0.0110579422
  -0.0128223398
  -0.0151262738
  -0.0132615036
  -0.0081044312
  -0.0016946280
   0.0041322040
   0.0100271566
   0.0136514155
   0.0132498985
   0.0102677074
   0.0083465172
   0.0049204203
   0.0016742944
   0.0005530940
  -0.0005150894
  -0.0022896281
  -0.0048043297
  -0.0074888184
  -0.0108746511
  -0.0143791178
  -0.0176693124
  -0.0196527167
  -0.0185038789
  -0.0166127769
  -0.0145026759
  -0.0114585248
  -0.0070459151
  -0.0030605533
   0.0002226150
   0.0040304933
   0.0078534826
   0.0090616384
   0.0089248490
   0.0076821244
   0.0045800124
   0.0000313530
  -0.0050167312
  -0.0073490476
  -0.0084188940
  -0.0090375014
  -0.0076367162
  -0.0069881247
  -0.0072074271
  -0.0059236441
  -0.0032489922
  -0.0020605534
  -0.0017977712
   0.0010636270
   0.0029771836
   0.0026914634
   0.0023910753
   0.0025093512
   0.0025256074
   0.0024475787
   0.0024283810
   0.0024516082
   0.0018491165
  -0.0012550256
  -0.0036833930
  -0.0064952380
  -0.0081710632
  -0.0107700121
  -0.0122388755
  -0.0126043869
  -0.0128122434
  -0.0123889075
  -0.0106520907
  -0.0094356144
  -0.0059579760
   0.0003736870
   0.0066929886
   0.0118820711
   0.0160197564
   0.0188246095
   0.0205706035
   0.0218226360
   0.0221889075
   0.0212470070
   0.0203275849
   0.0183557744
   0.0147422848
   0.0103729093
   0.0074942598
   0.0047543822
   0.0029844124
   0.0034139612
   0.0063923313
   0.0082352105
   0.0079501518
   0.0077179119
   0.0080436064
   0.0082377445
   0.0081255053
   0.0080144317
   0.0079797359
   0.0072643266
   0.0072215643
   0.0074248360
   0.0105274806
   0.0132960212
   0.0119979911
   0.0097036038
   0.0077972332
   0.0046063251
   0.0016811053
  -0.0016007767
  -0.0047726626
  -0.0075168275
  -0.0067986833
  -0.0049497807
  -0.0060020896
  -0.0079702498
  -0.0076874143
  -0.0064124085
  -0.0059990799
  -0.0073926212
  -0.0081837240
  -0.0079588380
  -0.0078189176
  -0.0078837548
  -0.0078867266
  -0.0089452029
  -0.0115241902
  -0.0133186931
  -0.0135708301
  -0.0138967691
  -0.0145510465
  -0.0147379142
  -0.0133555250
  -0.0118255866
  -0.0085518074
  -0.0057659208
  -0.0030040480
  -0.0005697545
   0.0026976460
   0.0055458205
   0.0076014063
   0.0093048939
   0.0118760591
   0.0142640773
   0.0159604858
   0.0176048771
   0.0170951674
   0.0140705533
   0.0132479008
   0.0138112368
   0.0128535748
   0.0111696602
   0.0140577087
   0.0176038441
   0.0153027910
   0.0131714036
   0.0121859523
   0.0108019256
   0.0091670317
   0.0089526857
   0.0093862564
   0.0117833361
   0.0144335250
   0.0162057958
   0.0182965531
   0.0185407145
   0.0185829139
   0.0200615761
   0.0214053803
   0.0234723456
   0.0244016991
   0.0240192226
   0.0212955652
   0.0185712027
   0.0155122206
   0.0091817091
   0.0042289755
   0.0014667920
  -0.0004184115
  -0.0037276450
  -0.0065049098
  -0.0083269272
  -0.0114750046
  -0.0156070854
  -0.0193618980
  -0.0210687706
  -0.0221499396
  -0.0231383704
  -0.0229322160
  -0.0211992069
  -0.0185552611
  -0.0156505812
  -0.0125848405
  -0.0117964972
  -0.0118258463
  -0.0097986620
  -0.0071595436
  -0.0052306053
  -0.0013271962
   0.0025271691
   0.0066007412
   0.0089141708
   0.0101584799
   0.0129831069
   0.0120224389
   0.0086487324
   0.0079500172
   0.0062033902
   0.0044150983
   0.0032793041
   0.0013239588
  -0.0010722021
  -0.0017377961
  -0.0018285026
  -0.0030717850
  -0.0071673220
  -0.0105980682
  -0.0097892517
  -0.0090339382
  -0.0083669166
  -0.0064810894
  -0.0035808408
  -0.0019791815
  -0.0017779789
  -0.0021709030
  -0.0047917637
  -0.0075903338
  -0.0108429025
  -0.0121524013
  -0.0118824198
  -0.0121591562
  -0.0144682284
  -0.0161573039
  -0.0180828173
  -0.0214706932
  -0.0250208827
  -0.0276021823
  -0.0299572939
  -0.0322680169
  -0.0348631334
  -0.0365066073
  -0.0368566928
  -0.0375949597
  -0.0391407865
  -0.0408876694
  -0.0425108823
  -0.0429291047
  -0.0415875180
  -0.0385971126
  -0.0350450846
  -0.0299107257
  -0.0230392639
  -0.0144309493
  -0.0059329444
  -0.0003367552
   0.0036105917
   0.0096109187
   0.0156644607
   0.0178578404
   0.0184395402
   0.0174750075
   0.0158217461
   0.0144417526
   0.0143870194
   0.0147552147
   0.0141282583
   0.0148813391
   0.0163157341
   0.0164194917
   0.0160822395
   0.0146942591
   0.0121284576
   0.0108244534
   0.0110421352
   0.0120737491
   0.0129312035
   0.0150202095
   0.0169257273
   0.0190633844
   0.0211659629
   0.0229205408
   0.0244205766
   0.0260414582
   0.0264096061
   0.0256881697
   0.0232734692
   0.0188928336
   0.0141211603
   0.0107014961
   0.0082780808
   0.0057185150
   0.0025154560
   0.0012160092
   0.0013207072
   0.0010872100
   0.0013165052
   0.0022317846
   0.0025163354
   0.0024737494
   0.0033247123
   0.0038071008
   0.0034697387
   0.0031181806
   0.0045184806
   0.0042781156
   0.0016349607
  -0.0003552794
  -0.0010283657
  -0.0015978687
  -0.0025638607
  -0.0028355744
  -0.0027392067
  -0.0025447615
  -0.0010266913
  -0.0000925275
  -0.0011022693
  -0.0027610844
  -0.0027077272
  -0.0008628547
   0.0008857321
   0.0021588412
   0.0032896184
   0.0063158758
   0.0073956973
   0.0051622921
   0.0024177425
   0.0007796767
  -0.0028166913
  -0.0051101745
  -0.0048872729
  -0.0030864112
  -0.0011922785
   0.0007512138
   0.0016976829
   0.0032195805
   0.0039887582
   0.0021828170
  -0.0000985431
  -0.0032715446
  -0.0068903260
  -0.0117112948
  -0.0144479086
  -0.0144113137
  -0.0129195794
  -0.0094219074
  -0.0046074339
   0.0004764289
   0.0049493922
   0.0074525741
   0.0105385076
   0.0143040042
   0.0163638715
   0.0174896641
   0.0211211005
   0.0220971359
   0.0207443479
   0.0200038066
   0.0210313569
   0.0213959226
   0.0211072268
   0.0207651586
   0.0192075618
   0.0180405004
   0.0152865538
   0.0113000188
   0.0080036284
   0.0049604192
   0.0045923699
   0.0054638345
   0.0061959984
   0.0076286838
   0.0093692212
   0.0106786991
   0.0096976828
   0.0069609420
   0.0043182377
   0.0016612369
  -0.0015087077
  -0.0027599889
  -0.0040801925
  -0.0049255035
  -0.0050194396
  -0.0049456451
  -0.0042540582
  -0.0047005019
  -0.0053414875
  -0.0052919778
  -0.0051527359
  -0.0052659019
  -0.0053855045
  -0.0054209205
  -0.0050110926
  -0.0029970163
  -0.0007432298
  -0.0003430706
  -0.0006458952
  -0.0005796405
  -0.0004322961
  -0.0004902993
  -0.0017973334
  -0.0036481665
  -0.0059029168
  -0.0077143980
  -0.0081968188
  -0.0111937688
  -0.0131544045
  -0.0136461882
  -0.0135977664
  -0.0124313874
  -0.0110517312
  -0.0094279914
  -0.0066942281
  -0.0059322773
  -0.0063110901
  -0.0063832527
  -0.0074453718
  -0.0075502743
  -0.0049264815
  -0.0033797430
  -0.0037224215
  -0.0039836579
  -0.0038870381
  -0.0038445013
  -0.0039541382
  -0.0048351155
  -0.0058674155
  -0.0075190317
  -0.0098647633
  -0.0123574906
  -0.0160159430
  -0.0192882078
  -0.0201793326
  -0.0215318174
  -0.0216690010
  -0.0197436543
  -0.0177445284
  -0.0162093836
  -0.0124263098
  -0.0083295958
  -0.0043431119
  -0.0009779170
   0.0008730758
   0.0024647219
   0.0035059110
   0.0034009157
   0.0025308517
   0.0023850463
   0.0013190768
   0.0000817047
  -0.0015476486
  -0.0034659443
  -0.0060040646
  -0.0069796906
  -0.0058367662
  -0.0055946384
  -0.0067955484
  -0.0062063488
  -0.0041251287
  -0.0021957071
  -0.0014051060
  -0.0008730427
  -0.0012687461
  -0.0000416548
   0.0010173743
   0.0016019201
   0.0005556671
  -0.0014250850
  -0.0009997330
  -0.0011946137
  -0.0008409393
   0.0004541247
  -0.0008345602
  -0.0021069093
  -0.0019251344
  -0.0016651887
  -0.0017971092
  -0.0009804899
   0.0013808701
   0.0025278988
   0.0040300005
   0.0058193386
   0.0069303363
   0.0081973305
   0.0085557080
   0.0085253203
   0.0078410569
   0.0069921315
   0.0052390035
   0.0033261679
   0.0015828054
   0.0006378287
  -0.0008591450
  -0.0028557995
  -0.0056865162
  -0.0099502879
  -0.0122631072
  -0.0119745421
  -0.0114800784
  -0.0108483800
  -0.0088529215
  -0.0057617966
  -0.0038772620
  -0.0021025273
   0.0015090568
   0.0043854004
   0.0035665064
   0.0039804567
   0.0061678642
   0.0073694660
   0.0075990940
   0.0060542357
   0.0047764476
   0.0049411001
   0.0047898343
   0.0050659755
   0.0032485998
   0.0025361473
   0.0033164297
   0.0034952612
   0.0032531600
   0.0039658362
   0.0052757368
   0.0088724395
   0.0126557673
   0.0159298706
   0.0190139733
   0.0202096199
   0.0202626890
   0.0210722959
   0.0207351745
   0.0197779976
   0.0199652557
   0.0212614683
   0.0203035712
   0.0186515645
   0.0173735034
   0.0158859142
   0.0141032344
   0.0122806067
   0.0097878870
   0.0078963378
   0.0058456458
   0.0036839351
   0.0027594923
   0.0013561854
  -0.0005663041
  -0.0018839937
  -0.0018218678
  -0.0004083790
   0.0004825648
  -0.0012858277
  -0.0025738964
  -0.0026581304
  -0.0009738950
  -0.0023589363
  -0.0058192761
  -0.0072204044
  -0.0059355221
  -0.0052780927
  -0.0052519959
  -0.0044644923
  -0.0033832551
  -0.0037889948
  -0.0040780280
  -0.0042237463
  -0.0064475914
  -0.0072547344
  -0.0068225132
  -0.0058198466
  -0.0055779785
  -0.0058761813
  -0.0067043131
  -0.0070266169
  -0.0074704697
  -0.0092153038
  -0.0102902220
  -0.0108418165
  -0.0117131503
  -0.0120244289
  -0.0105133718
  -0.0093888795
  -0.0088252308
  -0.0065678460
  -0.0042144914
  -0.0031674515
  -0.0025330389
  -0.0017007012
  -0.0000881978
   0.0009475060
   0.0008518497
   0.0013482470
   0.0015774234
   0.0012257819
  -0.0004388355
  -0.0038320452
  -0.0058925133
  -0.0055779198
  -0.0053325510
  -0.0070858477
  -0.0085932222
  -0.0094587999
  -0.0106286095
  -0.0090368968
  -0.0053884347
  -0.0049774980
  -0.0062574941
  -0.0051529861
  -0.0013244461
   0.0011858465
   0.0027529535
   0.0041555430
   0.0054584347
   0.0076124523
   0.0073362296
   0.0054966084
   0.0032087241
   0.0006555627
   0.0015035550
   0.0032744956
   0.0023432070
   0.0010101169
   0.0003889093
  -0.0003968560
  -0.0001292165
  -0.0000261999
  -0.0005862942
  -0.0000859264
   0.0002398109
   0.0008642480
   0.0007556154
   0.0006049740
  -0.0000563363
  -0.0002742108
  -0.0001863729
   0.0011803989
   0.0023708503
   0.0036346016
   0.0052502560
   0.0069129372
   0.0076833640
   0.0082543628
   0.0078415099
   0.0077282453
   0.0072052702
   0.0073150474
   0.0091803123
   0.0111264753
   0.0117554539
   0.0115529233
   0.0106340756
   0.0074426009
   0.0057175218
   0.0052795786
   0.0051503516
   0.0015002248
  -0.0026064278
  -0.0043859027
  -0.0065130881
  -0.0087466885
  -0.0102275929
  -0.0121138731
  -0.0125493259
  -0.0123214510
  -0.0121579603
  -0.0100236105
  -0.0097540062
  -0.0104269773
  -0.0074700433
  -0.0043846802
  -0.0016364804
   0.0038208116
   0.0087584642
   0.0125416460
   0.0149362675
   0.0156352102
   0.0155543215
   0.0152946696
   0.0137213662
   0.0125658379
   0.0117753833
   0.0098602335
   0.0075378561
   0.0057172091
   0.0051881690
   0.0052802154
   0.0043320375
   0.0032621855
   0.0024179188
   0.0019463431
   0.0003711774
  -0.0004414801
   0.0004733719
   0.0003474394
  -0.0007986390
  -0.0014662446
  -0.0002987439
   0.0020723139
   0.0035264829
   0.0045128307
   0.0065617051
   0.0073371943
   0.0070689566
   0.0070000861
   0.0067160812
   0.0045977602
   0.0022307593
   0.0021504184
   0.0032614255
   0.0029645456
   0.0026402802
   0.0030203951
   0.0031195509
   0.0018154309
   0.0003615366
  -0.0005660069
  -0.0028613793
  -0.0047744973
  -0.0034643086
  -0.0025564708
  -0.0049930662
  -0.0071946962
  -0.0071876342
  -0.0069529703
  -0.0060736704
  -0.0040626171
  -0.0021658634
  -0.0006823432
   0.0000006957
  -0.0005427003
  -0.0005645778
  -0.0010149200
  -0.0019542257
  -0.0027535202
  -0.0027838757
  -0.0031385497
  -0.0027612663
  -0.0016984027
  -0.0020875485
  -0.0039543316
  -0.0044833792
  -0.0055389727
  -0.0059599263
  -0.0072499051
  -0.0093244631
  -0.0105260705
  -0.0118696473
  -0.0148910071
  -0.0172209355
  -0.0187459289
  -0.0194435297
  -0.0186191184
  -0.0175296308
  -0.0146537409
  -0.0098448415
  -0.0083247684
  -0.0095341846
  -0.0095367186
  -0.0073503516
  -0.0047448980
  -0.0040876866
  -0.0044097629
  -0.0043688959
  -0.0041910822
  -0.0042069802
  -0.0051796040
  -0.0078535205
  -0.0101887444
  -0.0088914799
  -0.0089318731
  -0.0096656443
  -0.0087951956
  -0.0062204557
  -0.0052584059
  -0.0056473038
  -0.0055315829
  -0.0043878397
  -0.0031707418
  -0.0018759126
  -0.0008000160
   0.0008590358
   0.0025326750
   0.0023911966
   0.0020047797
   0.0014509122
   0.0006946473
  -0.0002074078
  -0.0003667061
  -0.0007899600
   0.0000654323
   0.0011916875
   0.0034549722
   0.0051248670
   0.0065673740
   0.0073591687
   0.0068658062
   0.0084580268
   0.0094874042
   0.0086487552
   0.0093024451
   0.0120784817
   0.0139287394
   0.0139798013
   0.0146788577
   0.0158860109
   0.0163405571
   0.0146303810
   0.0145090670
   0.0163359799
   0.0175773797
   0.0186811637
   0.0189087487
   0.0186408350
   0.0169612570
   0.0152099088
   0.0140574281
   0.0095639980
   0.0058478007
   0.0056548813
   0.0053050366
   0.0040871028
   0.0035363347
   0.0045585668
   0.0047718969
   0.0046946113
   0.0075387298
   0.0092368043
   0.0104099099
   0.0112747105
   0.0129541160
   0.0139113270
   0.0137631562
   0.0134615134
   0.0118482832
   0.0093081121
   0.0082432012
   0.0068968478
   0.0048374676
   0.0014776990
  -0.0012439822
  -0.0027042626
  -0.0039984414
  -0.0050368785
  -0.0058243480
  -0.0067381731
  -0.0069752593
  -0.0066762320
  -0.0060022962
  -0.0068158056
  -0.0072225423
  -0.0069281434
  -0.0077262286
  -0.0087603045
  -0.0079575246
  -0.0050788353
  -0.0041224108
  -0.0054897568
  -0.0066678111
  -0.0070382182
  -0.0077632576
  -0.0094083009
  -0.0106112521
  -0.0120482039
  -0.0139496808
  -0.0148181584
  -0.0148390695
  -0.0172108410
  -0.0199087561
  -0.0200262283
  -0.0204793625
  -0.0222763768
  -0.0227288476
  -0.0232320563
  -0.0247334947
  -0.0251259027
  -0.0248695032
  -0.0248525779
  -0.0250184946
  -0.0250208069
  -0.0249264008
  -0.0240773332
  -0.0223835005
  -0.0202879537
  -0.0170368123
  -0.0135738569
  -0.0101789304
  -0.0083426261
  -0.0068031088
  -0.0043548421
  -0.0021512599
   0.0000946085
   0.0017827096
   0.0031420579
   0.0040736024
   0.0048384304
   0.0050734222
   0.0044139383
   0.0033879593
   0.0032175620
   0.0040431730
   0.0040059223
   0.0034371410
   0.0043039602
   0.0063532857
   0.0091288542
   0.0092413550
   0.0083814917
   0.0092850403
   0.0114414479
   0.0135389867
   0.0143726794
   0.0150274686
   0.0160193944
   0.0162902438
   0.0161462826
   0.0159548927
   0.0144735202
   0.0136693415
   0.0154033020
   0.0174091886
   0.0187518764
   0.0188186089
   0.0177121070
   0.0162256644
   0.0160509629
   0.0141824627
   0.0100231518
   0.0067310448
   0.0037001515
   0.0013324857
  -0.0006196685
  -0.0035903439
  -0.0048689849
  -0.0069617854
  -0.0086057048
  -0.0086151549
  -0.0080769509
  -0.0089875160
  -0.0098014765
  -0.0099492038
  -0.0116676530
  -0.0131946479
  -0.0133262972
  -0.0132523605
  -0.0119196630
  -0.0099391377
  -0.0092911622
  -0.0088566666
  -0.0080215259
  -0.0070084919
  -0.0057986626
  -0.0044673865
  -0.0033170476
  -0.0016765514
  -0.0000280398
  -0.0000879971
  -0.0007231302
  -0.0016448128
  -0.0001409054
   0.0011202176
   0.0024627470
   0.0033725465
   0.0041726597
   0.0053583881
   0.0065043355
   0.0054413938
   0.0022568181
   0.0000447559
  -0.0009135693
  -0.0032316025
  -0.0058732568
  -0.0068292946
  -0.0073357463
  -0.0075080199
  -0.0067655227
  -0.0066508764
  -0.0055544879
  -0.0037175846
  -0.0016756662
  -0.0011880168
  -0.0010344402
  -0.0001493141
  -0.0010410387
  -0.0025438101
  -0.0026710963
  -0.0023550717
  -0.0024728756
  -0.0026945433
  -0.0026469802
  -0.0013321502
   0.0004809019
   0.0021612217
   0.0038871745
   0.0051695474
   0.0065964332
   0.0076892205
   0.0085250056
   0.0093435282
   0.0109982869
   0.0119325322
   0.0123982116
   0.0116410768
   0.0120937258
   0.0140610785
   0.0160893925
   0.0154301910
   0.0145742699
   0.0147065674
   0.0149070037
   0.0148063051
   0.0151877790
   0.0168959138
   0.0174539884
   0.0177895992
   0.0193584865
   0.0196729019
   0.0177886857
   0.0167085344
   0.0185104727
   0.0197291362
   0.0178907318
   0.0164773541
   0.0167361417
   0.0170399339
   0.0168279588
   0.0159935687
   0.0151403769
   0.0133589290
   0.0113862333
   0.0095820946
   0.0086492574
   0.0078792022
   0.0069594333
   0.0053127354
   0.0029810709
   0.0019468624
   0.0012391597
   0.0002319085
  -0.0007530747
  -0.0019406306
  -0.0039621574
  -0.0064628696
  -0.0084323849
  -0.0104637996
  -0.0114280157
  -0.0121765799
  -0.0132776574
  -0.0137660675
  -0.0131974947
  -0.0131736932
  -0.0127171474
  -0.0120000816
  -0.0090368078
  -0.0066446085
  -0.0052753388
  -0.0050317156
  -0.0050787386
  -0.0050095384
  -0.0049687055
  -0.0050923508
  -0.0051050514
  -0.0051199487
  -0.0065494841
  -0.0078031693
  -0.0077214088
  -0.0076832161
  -0.0093488957
  -0.0105323725
  -0.0103528568
  -0.0101626439
  -0.0103020223
  -0.0104961433
  -0.0113828464
  -0.0124629275
  -0.0124692996
  -0.0102847085
  -0.0090506038
  -0.0083885934
  -0.0066409297
  -0.0047430406
  -0.0030597724
  -0.0013197682
  -0.0002335480
   0.0012287055
   0.0029123806
   0.0043013485
   0.0035829067
   0.0016026049
  -0.0002532317
  -0.0010971332
  -0.0019057661
  -0.0027317713
  -0.0024503819
  -0.0016341757
  -0.0028622644
  -0.0056494834
  -0.0066110404
  -0.0069108978
  -0.0075238762
  -0.0070379737
  -0.0060361088
  -0.0050479718
  -0.0038700787
  -0.0004367399
   0.0035938389
   0.0042558095
   0.0035904823
   0.0036818729
   0.0039666246
   0.0042603109
   0.0051361878
   0.0061218003
   0.0076535012
   0.0090761604
   0.0091781061
   0.0086130586
   0.0059390474
   0.0028897902
   0.0017300224
  -0.0005119528
  -0.0019366428
  -0.0033357317
  -0.0042727916
  -0.0051300223
  -0.0061208280
  -0.0070641822
  -0.0089733542
  -0.0107324088
  -0.0109054804
  -0.0112047560
  -0.0109785224
  -0.0107649970
  -0.0112056714
  -0.0120864402
  -0.0121956033
  -0.0109622624
  -0.0095573189
  -0.0083227063
  -0.0055642886
  -0.0022673807
  -0.0004425071
   0.0009376313
   0.0027632792
   0.0033678138
   0.0023021979
   0.0014067288
   0.0008448673
   0.0007958196
   0.0008221422
   0.0007782764
   0.0007885794
   0.0009271523
   0.0010132675
   0.0022407154
   0.0031778549
   0.0010808273
  -0.0015494126
  -0.0019001559
  -0.0014549460
  -0.0003028905
   0.0013360222
   0.0030352242
   0.0039308011
   0.0059249935
   0.0082852205
   0.0087138766
   0.0088490323
   0.0110679761
   0.0134072977
   0.0141766365
   0.0155813716
   0.0156723036
   0.0137732507
   0.0131611082
   0.0135340589
   0.0135860912
   0.0134147539
   0.0128909600
   0.0126127226
   0.0133857156
   0.0135904713
   0.0133516035
   0.0124096537
   0.0114616691
   0.0093261954
   0.0079121448
   0.0066241201
   0.0048011153
   0.0015135288
  -0.0013873439
  -0.0027727482
  -0.0032475290
  -0.0033662711
  -0.0050379948
  -0.0071652428
  -0.0074165477
  -0.0070755542
  -0.0070361276
  -0.0063801273
  -0.0068965521
  -0.0073740261
  -0.0072824004
  -0.0071839099
  -0.0071198081
  -0.0064728333
  -0.0085422323
  -0.0109839563
  -0.0114788559
  -0.0097641329
  -0.0079737997
  -0.0082972483
  -0.0086081479
  -0.0081614748
  -0.0083723429
  -0.0088264134
  -0.0097749382
  -0.0108617193
  -0.0120619659
  -0.0098665260
  -0.0070982090
  -0.0061346278
  -0.0047981699
  -0.0027068971
  -0.0007585982
   0.0020813338
   0.0040793150
   0.0054292751
   0.0064721378
   0.0079666259
   0.0083906461
   0.0089194417
   0.0098099922
   0.0100944331
   0.0094954498
   0.0090795075
   0.0082726451
   0.0078226628
   0.0063837076
   0.0045524960
   0.0030303683
   0.0027129924
   0.0013543515
   0.0006306759
   0.0023665479
   0.0032687035
   0.0029265936
   0.0027791184
   0.0029481454
   0.0027319191
   0.0018018831
   0.0008424097
   0.0001643128
  -0.0006312739
  -0.0010625736
   0.0016250353
   0.0012249262
  -0.0021459606
  -0.0019027601
  -0.0010233135
  -0.0000504546
  -0.0002652359
  -0.0004502918
  -0.0014657473
  -0.0021933133
  -0.0024780688
  -0.0043061266
  -0.0079467686
  -0.0090859592
  -0.0076080836
  -0.0078361215
  -0.0068450543
  -0.0055898091
  -0.0046916186
  -0.0039035577
  -0.0031475904
  -0.0022983598
  -0.0021589284
  -0.0032901700
  -0.0054774297
  -0.0062456540
  -0.0051348819
  -0.0044441725
  -0.0046527398
  -0.0039758530
  -0.0029746723
  -0.0022103220
  -0.0021983397
  -0.0022923137
  -0.0018371494
  -0.0008805106
   0.0001312039
   0.0016721622
   0.0029205627
   0.0025498997
   0.0007350306
  -0.0010799464
  -0.0018030144
  -0.0012970562
  -0.0010879270
  -0.0005437740
   0.0003970882
   0.0018014673
   0.0031134575
   0.0043376439
   0.0050623365
   0.0030378113
   0.0005759145
   0.0002442399
   0.0002228712
  -0.0007883302
  -0.0018778390
  -0.0025245460
  -0.0032902628
  -0.0047419262
  -0.0069916823
  -0.0094578333
  -0.0134554560
  -0.0139390632
  -0.0122727089
  -0.0121634131
  -0.0126453297
  -0.0126022111
  -0.0119499768
  -0.0111399700
  -0.0107521411
  -0.0107157793
  -0.0086455748
  -0.0071297889
  -0.0067553732
  -0.0047094479
  -0.0023174912
  -0.0005894922
   0.0004754278
   0.0019273993
   0.0035570942
   0.0044143439
   0.0046146210
   0.0040412474
   0.0030413574
   0.0022106215
   0.0015168600
   0.0006281303
   0.0002779397
   0.0002540319
   0.0001682183
  -0.0005518232
   0.0000197323
  -0.0001959123
  -0.0012911458
  -0.0009030077
   0.0003486317
   0.0005565831
   0.0002364196
   0.0010467268
   0.0025995174
   0.0013386855
   0.0000846851
   0.0004751268
   0.0022772819
   0.0030697987
   0.0027980963
   0.0034362862
   0.0045780393
   0.0052504607
   0.0038097259
   0.0031256539
   0.0011875885
   0.0004683438
   0.0012600369
   0.0007159582
   0.0002268569
   0.0003361667
   0.0001126962
  -0.0006590980
  -0.0010620456
  -0.0021099399
  -0.0023861247
  -0.0019282162
  -0.0002013699
   0.0008476584
   0.0022205871
   0.0040254366
   0.0065016688
   0.0080303259
   0.0090597033
   0.0107528366
   0.0127593184
   0.0134110883
   0.0129028475
   0.0119744682
   0.0112110049
   0.0103773179
   0.0085550844
   0.0077826126
   0.0080045097
   0.0080473876
   0.0067509078
   0.0053957677
   0.0053729802
   0.0047434216
   0.0037010972
   0.0028301538
   0.0027731766
   0.0020630136
   0.0026789183
   0.0036142440
   0.0020274478
   0.0006390506
  -0.0000094454
  -0.0009000761
  -0.0014791395
  -0.0011350658
  -0.0015097996
  -0.0018920941
  -0.0026977407
  -0.0032609611
  -0.0040664248
  -0.0058311257
  -0.0042180205
  -0.0030666013
  -0.0030962460
  -0.0020711142
  -0.0013982487
   0.0007336067
   0.0015583599
   0.0012558592
   0.0011829404
   0.0013435616
   0.0013670261
   0.0013087839
   0.0013030255
   0.0012836416
   0.0011584297
   0.0011126936
   0.0011334138
   0.0006294660
   0.0002815412
   0.0010520790
   0.0012466438
   0.0010362426
   0.0010578723
   0.0009974804
  -0.0005263762
  -0.0023193524
  -0.0034384128
  -0.0029416311
  -0.0026081810
  -0.0014662774
  -0.0002652723
   0.0006751728
   0.0009568865
   0.0007921879
   0.0007080219
   0.0018796623
   0.0053735886
   0.0049964398
   0.0031034672
   0.0031691971
   0.0050544481
   0.0062410313
   0.0060514951
   0.0058562065
   0.0058893406
   0.0059144574
   0.0057896636
   0.0042684342
   0.0011240217
  -0.0004161074
   0.0000409848
  -0.0012868191
  -0.0021463472
  -0.0019840960
  -0.0020583549
  -0.0030701209
  -0.0040262250
  -0.0046190200
  -0.0045483851
  -0.0030968450
  -0.0027780191
  -0.0024252310
  -0.0014853692
  -0.0006662796
   0.0001505173
   0.0004122409
   0.0003516582
   0.0010303476
   0.0013817361
   0.0015477398
   0.0015747305
   0.0016547265
   0.0031813727
   0.0042354423
   0.0033389045
   0.0029346052
   0.0025728654
   0.0024925055
   0.0022420137
   0.0013745350
   0.0005604784
  -0.0018065214
  -0.0042089135
  -0.0052964280
  -0.0065358510
  -0.0066745395
  -0.0051519891
  -0.0069395343
  -0.0095083683
  -0.0084491225
  -0.0061184474
  -0.0052610689
  -0.0048015322
  -0.0043047373
  -0.0042788168
  -0.0053985993
  -0.0068483218
  -0.0080524860
  -0.0111887537
  -0.0135350217
  -0.0124081943
  -0.0097729974
  -0.0091372259
  -0.0096128235
  -0.0096295364
  -0.0094140797
  -0.0094172165
  -0.0091497255
  -0.0074002006
  -0.0065928624
  -0.0068169542
  -0.0056858111
  -0.0041466520
  -0.0028884616
  -0.0013786249
   0.0003686238
   0.0009791642
   0.0013161753
   0.0034266201
   0.0050629961
   0.0057410163
   0.0064309618
   0.0081401258
   0.0087505265
   0.0088896187
   0.0093249199
   0.0086853425
   0.0075405835
   0.0067841291
   0.0060305650
   0.0058615437
   0.0059352832
   0.0058915486
   0.0056912071
   0.0048860561
   0.0053524027
   0.0072650544
   0.0070729386
   0.0055294772
   0.0046224942
   0.0054158468
   0.0059263923
   0.0056806047
   0.0055511085
   0.0057063925
   0.0057585916
   0.0051851820
   0.0034192245
   0.0014955437
  -0.0003050902
   0.0001951174
   0.0003555472
  -0.0001369752
   0.0004180042
   0.0007207893
   0.0006040895
   0.0005795890
   0.0007597913
   0.0008531300
   0.0021005922
   0.0047788698
   0.0062695901
   0.0060430931
   0.0061873292
   0.0080654482
   0.0088436003
   0.0085186279
   0.0080546372
   0.0073956594
   0.0076294647
   0.0077408207
   0.0070066667
   0.0069251393
   0.0090232543
   0.0113359920
   0.0109858384
   0.0097152165
   0.0093546670
   0.0096253705
   0.0089507202
   0.0086262406
   0.0087577856
   0.0084659777
   0.0066976226
   0.0058796043
   0.0064245367
   0.0071601406
   0.0062895194
   0.0040055754
   0.0028336696
   0.0034770244
   0.0036028189
   0.0029481207
   0.0022509445
   0.0027867168
   0.0024505184
   0.0020976260
   0.0015110772
  -0.0001825955
  -0.0002490288
   0.0008303491
   0.0017720126
   0.0014818392
   0.0003958329
  -0.0005938913
  -0.0002893532
  -0.0006641345
  -0.0032243681
  -0.0049424117
  -0.0047247697
  -0.0042151434
  -0.0035570506
  -0.0037578053
  -0.0039369818
  -0.0034845298
  -0.0041014125
  -0.0045416529
  -0.0038991966
  -0.0044097364
  -0.0048196800
  -0.0047219968
  -0.0046310061
  -0.0049634441
  -0.0059238165
  -0.0072885337
  -0.0083081161
  -0.0076418109
  -0.0073374786
  -0.0075372022
  -0.0068030160
  -0.0058323368
  -0.0057724938
  -0.0055720841
  -0.0050668834
  -0.0046012457
  -0.0026262415
  -0.0001419600
  -0.0009171527
  -0.0027018517
  -0.0026878718
  -0.0022257291
  -0.0023511958
  -0.0030078159
  -0.0038039944
  -0.0042875126
  -0.0041935177
  -0.0048109899
  -0.0054689083
  -0.0082275382
  -0.0101873495
  -0.0087964730
  -0.0083376509
  -0.0099257757
  -0.0095555998
  -0.0086207593
  -0.0094483870
  -0.0102061530
  -0.0101034510
  -0.0107905574
  -0.0113102895
  -0.0111940834
  -0.0102842252
  -0.0104387207
  -0.0113897700
  -0.0109803135
  -0.0100112207
  -0.0099884711
  -0.0101938296
  -0.0096485617
  -0.0078354619
  -0.0073082318
  -0.0076603452
  -0.0072520184
  -0.0053773660
  -0.0042443295
  -0.0037490395
  -0.0028608657
  -0.0017241382
  -0.0000484520
   0.0003288151
   0.0007128604
   0.0023958098
   0.0023194055
   0.0012433051
   0.0016872848
   0.0028337170
   0.0043322612
   0.0051014901
   0.0034965424
   0.0030703445
   0.0042449777
   0.0047440925
   0.0049296732
   0.0049415399
   0.0056970296
   0.0064812164
   0.0065906221
   0.0071845335
   0.0059500781
   0.0050418992
   0.0069824028
   0.0087677437
   0.0075542620
   0.0053171477
   0.0047409311
   0.0057056078
   0.0058287167
   0.0056348951
   0.0049012661
   0.0047007351
   0.0048260445
   0.0047176186
   0.0034058473
   0.0008095904
  -0.0008213547
  -0.0007294534
  -0.0016437605
  -0.0041642028
  -0.0053031280
  -0.0059009779
  -0.0061670833
  -0.0062158671
  -0.0062929367
  -0.0064099768
  -0.0064233180
  -0.0064025282
  -0.0064068571
  -0.0061202006
  -0.0052671699
  -0.0042971105
  -0.0038954495
  -0.0035836648
  -0.0019869030
  -0.0012808885
  -0.0015166684
  -0.0011419002
   0.0011273697
  -0.0002065889
  -0.0018627998
  -0.0012551415
   0.0007381789
   0.0012256993
   0.0012431264
   0.0021576187
   0.0033356824
   0.0037184622
   0.0034740430
   0.0033631817
   0.0034459562
   0.0035131720
   0.0047508247
   0.0050514270
   0.0059473053
   0.0089961038
   0.0105491575
   0.0109103078
   0.0109010359
   0.0109854442
   0.0110426223
   0.0104587334
   0.0086636922
   0.0080671388
   0.0082902261
   0.0075341526
   0.0051198122
   0.0038808745
   0.0033293899
   0.0030969966
   0.0030447728
   0.0030379402
   0.0029827862
   0.0028601966
   0.0028315222
   0.0028509436
   0.0028493004
   0.0028389841
   0.0028384516
   0.0028406937
   0.0030334255
   0.0046837700
   0.0056875454
   0.0054950960
   0.0046360135
   0.0040585194
   0.0039493715
   0.0041726597
   0.0059075035
   0.0037229996
   0.0005404882
   0.0000728741
   0.0003259517
  -0.0007073274
  -0.0019661928
  -0.0023959330
  -0.0022392617
  -0.0022273060
  -0.0023313612
  -0.0036391466
  -0.0067703936
  -0.0077554261
  -0.0072851828
  -0.0072414273
  -0.0074798800
  -0.0074931928
  -0.0073781807
  -0.0065514760
  -0.0068940863
  -0.0075149151
  -0.0062280597
  -0.0046448457
  -0.0046201762
  -0.0037516986
  -0.0023180143
  -0.0021649365
  -0.0024315405
  -0.0023908555
  -0.0026825876
  -0.0042928271
  -0.0042066618
  -0.0046416332
  -0.0060590404
  -0.0059611279
  -0.0057384822
  -0.0065929439
  -0.0075482254
  -0.0075340863
  -0.0073601012
  -0.0074298150
  -0.0074998075
  -0.0075143465
  -0.0076153048
  -0.0075637026
  -0.0074584856
  -0.0074583586
  -0.0069230279
  -0.0046323101
  -0.0023954440
  -0.0013210277
  -0.0020787789
  -0.0025667511
  -0.0018373384
  -0.0001039950
   0.0008523427
   0.0023157911
   0.0022506924
   0.0011977510
  -0.0003574590
  -0.0013912208
  -0.0030289393
  -0.0056894122
  -0.0049272681
  -0.0061327666
  -0.0077466242
  -0.0062150180
  -0.0033722110
  -0.0039642251
  -0.0055468838
  -0.0055632651
  -0.0059055001
  -0.0055096274
  -0.0050567112
  -0.0036809139
  -0.0026662973
  -0.0026230043
  -0.0011058075
   0.0016877158
   0.0027730249
   0.0024303654
   0.0029216961
   0.0039493715
   0.0048004822
   0.0055589627
   0.0063286314
   0.0072391434
   0.0075085013
   0.0074023025
   0.0073972950
   0.0074527826
   0.0074514672
   0.0074293165
   0.0074195916
   0.0073586607
   0.0073378937
   0.0074105339
   0.0074391988
   0.0074222981
   0.0074063225
   0.0058849794
   0.0025125846
   0.0016909054
   0.0021295565
   0.0020829202
   0.0018453404
   0.0018560399
   0.0019351720
   0.0018814663
   0.0018399649
   0.0017729485
  -0.0003160492
  -0.0009608074
   0.0014451703
   0.0021476663
   0.0015912828
   0.0015238648
   0.0018663835
   0.0019652641
   0.0018270011
   0.0017982035
   0.0018797359
   0.0017124647
  -0.0003861436
  -0.0023440883
  -0.0030991345
  -0.0031561042
  -0.0031832566
  -0.0032623618
  -0.0032721265
  -0.0032037924
  -0.0024584522
  -0.0014013392
  -0.0018182111
  -0.0021242382
  -0.0021650901
  -0.0022922834
  -0.0024126782
  -0.0007491491
   0.0010244795
   0.0018987154
   0.0019042346
   0.0018045356
   0.0018381253
   0.0018016517
   0.0017109325
   0.0016752832
   0.0009847503
   0.0009856143
   0.0016714338
   0.0015583500
  -0.0002770561
  -0.0015840335
  -0.0021461273
  -0.0013587395
  -0.0011138548
  -0.0007138198
  -0.0000953620
   0.0000627540
   0.0008296009
   0.0011215593
  -0.0008802765
  -0.0021516143
  -0.0000101809
  -0.0001891072
  -0.0025184298
  -0.0005358777
   0.0008684598
  -0.0001456313
   0.0001878342
   0.0007096183
  -0.0001227275
  -0.0004684742
  -0.0007348862
  -0.0026595879
  -0.0040056266
  -0.0034969840
  -0.0030162747
  -0.0031355418
  -0.0036174357
  -0.0039053336
  -0.0047078596
  -0.0049738551
  -0.0049613100
  -0.0049665942
  -0.0047630211
  -0.0030668533
  -0.0021965809
  -0.0020344131
  -0.0009271136
  -0.0006368283
  -0.0001642519
   0.0000161553
  -0.0008237601
  -0.0005279613
   0.0001438143
   0.0001264190
  -0.0000368564
   0.0008256232
   0.0042453530
   0.0051077712
   0.0016709818
   0.0006559054
   0.0021663978
   0.0017033675
   0.0005814879
   0.0009942602
   0.0010564817
   0.0001080423
   0.0002482227
   0.0009387159
  -0.0001731255
  -0.0010222995
   0.0006809883
   0.0019405111
   0.0024446315
   0.0032840367
   0.0038243616
   0.0029886674
   0.0028392950
   0.0047165307
   0.0053848146
   0.0042293091
   0.0036288929
   0.0033560079
   0.0034700931
   0.0028284802
   0.0018241903
   0.0002627640
  -0.0001515001
   0.0000569023
  -0.0000477686
  -0.0001010289
   0.0013251788
   0.0026405361
   0.0039834570
   0.0050811627
   0.0051305511
   0.0049951662
   0.0050602895
   0.0051156311
   0.0050880522
   0.0051150511
   0.0064498203
   0.0076709989
   0.0076593995
   0.0088845525
   0.0103006065
   0.0104651794
   0.0111090572
   0.0107598531
   0.0096226488
   0.0078041492
   0.0073702999
   0.0071132238
   0.0054552676
   0.0052977908
   0.0058874187
   0.0052408344
   0.0048946533
   0.0049454802
   0.0027842623
   0.0023910241
   0.0047001703
   0.0035062825
   0.0019701787
   0.0044366633
   0.0048949243
   0.0026292286
   0.0005077918
  -0.0001375393
   0.0000482880
   0.0000126403
  -0.0007360943
  -0.0016282373
  -0.0019207259
  -0.0026859594
  -0.0049838056
  -0.0049709818
  -0.0044220105
  -0.0051132297
  -0.0047818701
  -0.0045869284
  -0.0042845729
  -0.0040819172
  -0.0032382741
  -0.0020390889
  -0.0005921021
  -0.0003767185
  -0.0005826329
  -0.0005510103
  -0.0005768385
  -0.0004744777
   0.0011587557
   0.0021799703
   0.0021191493
   0.0035045918
   0.0046247989
   0.0061452549
   0.0078550766
   0.0056474649
   0.0038109900
   0.0041552530
   0.0042215344
   0.0033779197
   0.0037243415
   0.0024857582
   0.0012636590
  -0.0002819212
  -0.0009662837
  -0.0014115425
  -0.0046830536
  -0.0063898200
  -0.0048169071
  -0.0040176013
  -0.0038940754
  -0.0043520465
  -0.0051368284
  -0.0059613970
  -0.0060484948
  -0.0059407133
  -0.0059807199
  -0.0060303072
  -0.0060131091
  -0.0059377718
  -0.0059362101
  -0.0058644152
  -0.0058113821
  -0.0058178774
  -0.0058306575
  -0.0058878850
  -0.0058526016
  -0.0063209420
  -0.0072219396
  -0.0081747724
  -0.0098162657
  -0.0110253787
  -0.0109773947
  -0.0107513716
  -0.0108301469
  -0.0109701735
  -0.0109647093
  -0.0109283702
  -0.0109297349
  -0.0108333728
  -0.0099424906
  -0.0068227254
  -0.0053073015
  -0.0054547028
  -0.0026533162
  -0.0010309444
  -0.0044017817
  -0.0063094564
  -0.0048150554
  -0.0040587052
  -0.0040120935
  -0.0044137147
  -0.0050658959
  -0.0038362415
  -0.0011422845
  -0.0006901105
  -0.0043849266
  -0.0052779335
  -0.0013864514
   0.0001663378
  -0.0006427124
  -0.0008479901
  -0.0004696232
  -0.0004046528
  -0.0005410477
  -0.0005574154
  -0.0005086538
  -0.0005050904
  -0.0005220685
  -0.0005221631
  -0.0004932529
   0.0015728197
   0.0024783152
  -0.0002390438
  -0.0011072199
  -0.0005802775
  -0.0005128646
  -0.0015461788
  -0.0014253518
  -0.0006899825
  -0.0016873107
  -0.0031166265
  -0.0015569374
  -0.0017963296
  -0.0053278734
  -0.0065339310
  -0.0058740680
  -0.0057559097
  -0.0060020006
  -0.0036142951
  -0.0007420894
  -0.0006547615
  -0.0011275954
   0.0006344827
   0.0034501600
   0.0011168766
  -0.0015622900
  -0.0012987432
  -0.0007398201
  -0.0009858103
  -0.0007642444
   0.0010759978
   0.0022672329
   0.0037118740
   0.0043180065
   0.0042086026
   0.0041719262
   0.0043035262
   0.0062047055
   0.0091579759
   0.0096357114
   0.0091586923
   0.0092343897
   0.0094478184
   0.0094161267
   0.0093432950
   0.0093591741
   0.0093454367
   0.0092139865
   0.0091682296
   0.0091927456
   0.0091987936
   0.0091890004
   0.0090572754
   0.0074118151
   0.0061736412
   0.0061868175
   0.0054504592
   0.0043303431
   0.0035854464
   0.0035996348
   0.0036758212
   0.0034298004
   0.0019270676
   0.0006652006
  -0.0006006809
  -0.0008087442
  -0.0013561048
  -0.0010323496
  -0.0002890702
  -0.0009180451
  -0.0008854299
   0.0007075264
   0.0019718845
   0.0031860863
   0.0035219000
   0.0034745320
   0.0035024046
   0.0035574771
   0.0036180953
   0.0037190024
   0.0037424873
   0.0037303364
   0.0036842762
   0.0036400640
   0.0033187287
   0.0001915428
  -0.0017489611
  -0.0013913596
  -0.0011104232
  -0.0013586724
  -0.0013912779
  -0.0002247611
   0.0015869939
   0.0032946808
   0.0035584380
   0.0028245399
   0.0034920145
   0.0039451847
   0.0037941235
   0.0036933946
   0.0037670659
   0.0038032249
   0.0037464069
   0.0028828571
   0.0012983941
   0.0006488041
   0.0019185860
   0.0029352155
   0.0028157929
   0.0031308831
   0.0037714687
   0.0035520091
   0.0017366894
   0.0006239348
  -0.0000266130
  -0.0009436469
  -0.0015636370
  -0.0014989843
  -0.0012867900
  -0.0012780940
  -0.0013245742
  -0.0012524019
  -0.0012183873
   0.0005312019
   0.0008607086
  -0.0010636411
  -0.0014383437
  -0.0009490304
  -0.0008097246
  -0.0009315932
  -0.0009428274
  -0.0008845365
  -0.0026340522
  -0.0049821453
  -0.0059018535
  -0.0078062208
  -0.0104232302
  -0.0080901234
  -0.0054779964
  -0.0062196957
  -0.0060623382
  -0.0053637424
  -0.0052811138
  -0.0054563157
  -0.0054530311
  -0.0053840034
  -0.0053080350
  -0.0052731478
  -0.0049903274
  -0.0030972771
  -0.0012779699
  -0.0004817398
  -0.0000835523
  -0.0000703970
  -0.0000888957
  -0.0000612976
  -0.0002301009
  -0.0009288964
  -0.0009989550
  -0.0014575500
  -0.0022449268
  -0.0024655521
  -0.0029475142
  -0.0027529989
  -0.0035312477
  -0.0052378815
  -0.0055308020
  -0.0052190514
  -0.0052426065
  -0.0053715151
  -0.0053541293
  -0.0053183721
  -0.0052459006
  -0.0038715836
  -0.0044998875
  -0.0056753698
  -0.0055829841
  -0.0053113935
  -0.0054368792
  -0.0054743630
  -0.0051299560
  -0.0043962834
  -0.0042341630
  -0.0030885169
  -0.0028423730
  -0.0045534380
  -0.0055240016
  -0.0043478294
  -0.0034639656
  -0.0047994341
  -0.0028307414
   0.0001966189
   0.0003751077
  -0.0002036559
  -0.0000604224
   0.0001753054
   0.0001205684
   0.0000450222
  -0.0001908846
  -0.0007316255
   0.0000388780
   0.0004270724
   0.0001451229
   0.0000155058
   0.0001136811
   0.0001487812
   0.0001741019
   0.0014588462
   0.0028873452
   0.0041692026
   0.0053718506
   0.0059047932
   0.0077490180
   0.0084745256
   0.0062601533
   0.0056203902
   0.0069215344
   0.0086598713
   0.0089028898
   0.0092898412
   0.0091947698
   0.0094549486
   0.0109852812
   0.0123574053
   0.0109510421
   0.0098361704
   0.0096927057
   0.0094573803
   0.0089338348
   0.0076126001
   0.0062749349
   0.0066596119
   0.0069729129
   0.0062374530
   0.0053062136
   0.0032025984
   0.0029418415
   0.0053979113
   0.0059663874
   0.0054174294
   0.0052175598
   0.0047618669
   0.0051684349
   0.0047102079
   0.0044151532
   0.0039003338
   0.0033099780
   0.0045192312
   0.0041114559
   0.0046426301
   0.0054946259
   0.0054476598
   0.0047022343
   0.0030681460
   0.0025684588
   0.0035470358
   0.0021450224
   0.0008629662
   0.0012136939
   0.0010023677
  -0.0002390888
  -0.0007524233
  -0.0006103920
  -0.0006692284
  -0.0008469226
  -0.0009725669
  -0.0010702603
  -0.0011456578
  -0.0012768037
  -0.0014053924
  -0.0014633131
  -0.0015040662
  -0.0012472338
   0.0018702617
   0.0019026577
  -0.0015848921
  -0.0023644195
  -0.0016309349
  -0.0016083060
  -0.0019172688
  -0.0019103774
  -0.0020590334
  -0.0026519364
  -0.0023280975
  -0.0039821151
  -0.0066832826
  -0.0073100532
  -0.0066179621
  -0.0053216586
  -0.0063899641
  -0.0073066625
  -0.0046086848
  -0.0015624056
  -0.0019138572
  -0.0033247464
  -0.0048710452
  -0.0039980055
  -0.0036991166
  -0.0039214666
  -0.0023485120
  -0.0014934349
  -0.0017271139
  -0.0018248455
  -0.0005227374
   0.0008859312
   0.0020772948
   0.0032708813
   0.0033971175
   0.0031826141
   0.0028004692
   0.0012616744
   0.0005768936
   0.0006729557
   0.0006962720
   0.0006327443
   0.0018443517
   0.0031902049
   0.0031918329
   0.0029633345
   0.0030289089
   0.0030010932
   0.0033775880
   0.0062796334
   0.0078678208
   0.0046194730
   0.0020777194
   0.0024744582
   0.0028892785
   0.0020677367
   0.0008826249
  -0.0003614447
  -0.0016495477
  -0.0028069361
  -0.0033104272
  -0.0033069095
  -0.0041253789
  -0.0040366019
  -0.0035616696
  -0.0035562698
  -0.0037746586
  -0.0038824874
  -0.0039546234
  -0.0029495271
  -0.0003865972
   0.0009533362
   0.0009174067
   0.0008194956
   0.0009662949
   0.0010259311
   0.0010283674
   0.0018704247
   0.0027967923
   0.0040225386
   0.0057368086
   0.0062364920
   0.0054269382
   0.0042056952
   0.0041148333
   0.0028256562
   0.0029556736
   0.0026553518
   0.0018080547
   0.0017900066
   0.0012983257
   0.0009357506
   0.0010322380
   0.0010443827
   0.0002402597
  -0.0022499077
  -0.0043855028
  -0.0044963357
  -0.0042164171
  -0.0037254806
  -0.0029582797
  -0.0041958281
  -0.0048305364
  -0.0046747881
  -0.0046449291
  -0.0047637736
  -0.0048907603
  -0.0049842756
  -0.0058210729
  -0.0076814914
  -0.0091059909
  -0.0098921754
  -0.0119628214
  -0.0130761996
  -0.0111770084
  -0.0116009869
  -0.0135524814
  -0.0116958517
  -0.0107327955
  -0.0105750855
  -0.0098937997
  -0.0087780050
  -0.0086507832
  -0.0081849616
  -0.0072574693
  -0.0062680549
  -0.0062211551
  -0.0064210341
  -0.0052795369
  -0.0020205640
  -0.0008407569
  -0.0013192423
  -0.0013887584
  -0.0003885285
   0.0005067283
   0.0020070370
   0.0030289961
   0.0038044284
   0.0038937153
   0.0038396511
   0.0039469019
   0.0040031570
   0.0039142360
   0.0031318554
   0.0033654599
   0.0036836204
   0.0027595037
   0.0028681589
   0.0039948612
   0.0041926478
   0.0046507516
   0.0043286411
   0.0038357638
   0.0037809037
   0.0038097031
   0.0037757768
   0.0036938040
   0.0036667009
   0.0035974988
   0.0035027477
   0.0034951171
   0.0033357070
   0.0006889890
  -0.0013033579
   0.0019321224
   0.0036072502
   0.0027923895
   0.0024473210
   0.0027153445
   0.0027189191
   0.0024989003
   0.0019606945
   0.0002295399
  -0.0013308049
  -0.0021201443
  -0.0020559478
  -0.0025408780
  -0.0032065881
  -0.0032586886
  -0.0018846332
  -0.0004664665
   0.0002629954
   0.0008407784
   0.0016456845
   0.0018096268
   0.0016634012
   0.0004200881
  -0.0013510976
  -0.0029813211
  -0.0026004310
  -0.0015605133
  -0.0008296721
  -0.0000036701
   0.0004178973
   0.0007233344
   0.0015068690
   0.0016969771
   0.0015700161
   0.0015716529
   0.0020312214
   0.0025228876
   0.0017696685
   0.0014721046
   0.0016582395
   0.0017134378
   0.0016381898
   0.0015691033
   0.0016246572
   0.0016779264
   0.0016098316
   0.0015661043
   0.0011343587
  -0.0016800207
  -0.0023859902
  -0.0001181838
  -0.0015623698
  -0.0019487312
   0.0002907610
   0.0016165274
   0.0015280532
   0.0013690546
   0.0015217103
   0.0016009370
   0.0015526714
   0.0015300852
   0.0014525702
   0.0013198651
   0.0004022590
  -0.0005557088
  -0.0014157825
  -0.0023765003
  -0.0031946153
  -0.0039412330
  -0.0033182928
  -0.0026942382
  -0.0003717526
   0.0003977981
   0.0005985727
   0.0006210750
   0.0006744881
   0.0006597949
   0.0005194022
   0.0003766158
   0.0003139386
   0.0002836772
   0.0000637057
  -0.0000725346
  -0.0006042579
  -0.0023338877
  -0.0016222499
  -0.0001903266
  -0.0008382906
  -0.0037986704
  -0.0048178851
  -0.0032954352
  -0.0026994143
  -0.0025248871
  -0.0010716892
  -0.0004991732
  -0.0007713115
  -0.0009673857
  -0.0018920600
  -0.0043466012
  -0.0058151102
  -0.0026701619
  -0.0001984073
  -0.0006166240
  -0.0016597959
  -0.0023767429
  -0.0046496845
  -0.0060358283
  -0.0057024597
  -0.0039707128
  -0.0028493440
  -0.0020932573
  -0.0020121582
  -0.0027515528
  -0.0014158559
  -0.0002296353
  -0.0003889403
  -0.0006101154
  -0.0004807423
  -0.0003941349
  -0.0004375664
  -0.0004598363
  -0.0004372575
  -0.0004381585
  -0.0005584790
  -0.0006283720
  -0.0006077785
  -0.0006061483
  -0.0006791481
  -0.0009975826
  -0.0034108756
  -0.0051527586
  -0.0051271509
  -0.0051406987
  -0.0049078258
  -0.0038288762
  -0.0020126415
  -0.0014276892
  -0.0017820000
  -0.0020249175
  -0.0020453359
  -0.0017972591
   0.0007942790
   0.0030446477
   0.0028511028
   0.0023659831
   0.0024632758
   0.0026049381
   0.0025137824
   0.0009944052
  -0.0009088391
   0.0012817020
   0.0013910859
  -0.0009654085
   0.0009395219
   0.0026523515
   0.0020141142
  -0.0000778751
  -0.0009860376
  -0.0012070955
  -0.0005116090
   0.0003959843
   0.0003838106
   0.0014379474
   0.0012615721
   0.0007159750
   0.0019749663
   0.0024700080
   0.0022002445
   0.0021268159
   0.0022502394
   0.0022774108
   0.0022381397
   0.0022362064
   0.0022558117
   0.0022612816
   0.0022598980
   0.0022638005
   0.0022698295
   0.0022738912
   0.0022490264
   0.0017901420
   0.0001037284
  -0.0001363287
   0.0018307830
   0.0024983867
   0.0036793901
   0.0043400965
   0.0024446694
   0.0018113658
   0.0022032486
   0.0026739601
   0.0033899607
   0.0043159671
   0.0047600739
   0.0042321843
   0.0025088432
   0.0018090495
   0.0020280050
   0.0020860342
   0.0027849560
   0.0060999794
   0.0073643694
   0.0068173598
   0.0066953672
   0.0069698974
   0.0069811518
   0.0067624124
   0.0067077816
   0.0067346535
   0.0066171055
   0.0064552580
   0.0063777392
   0.0063537141
   0.0062380083
   0.0061923120
   0.0062102266
   0.0061180570
   0.0054593918
   0.0036516558
   0.0022785423
   0.0015599036
   0.0007916578
   0.0005263173
   0.0005736778
   0.0005475834
   0.0003888219
   0.0003495278
   0.0003433896
   0.0002245689
   0.0001787430
   0.0002026688
   0.0002040061
   0.0001402756
   0.0001811727
   0.0002274683
   0.0015868155
   0.0033316662
   0.0007957640
  -0.0005006752
   0.0000591946
   0.0002946779
  -0.0005740717
  -0.0016683882
  -0.0040595316
  -0.0054332629
  -0.0052347788
  -0.0045012692
  -0.0046787796
  -0.0060822353
  -0.0060925952
  -0.0051830194
  -0.0053740397
  -0.0063045778
  -0.0055600052
  -0.0050130732
  -0.0051771837
  -0.0052952681
  -0.0052098269
  -0.0051858794
  -0.0052588930
  -0.0052180317
  -0.0051758570
  -0.0052120065
  -0.0060507445
  -0.0058258586
  -0.0050864791
  -0.0050865000
  -0.0053244390
  -0.0052832290
  -0.0051366730
  -0.0051322986
  -0.0051681411
  -0.0051584560
  -0.0051404693
  -0.0051399671
  -0.0051415686
  -0.0051369346
  -0.0051318456
  -0.0051289496
  -0.0051261426
  -0.0050908630
  -0.0049700607
  -0.0029437975
   0.0000313501
   0.0004639336
   0.0010641031
   0.0045111533
   0.0038155729
   0.0002728237
  -0.0002892895
   0.0004415354
   0.0002728816
  -0.0000771505
  -0.0000258264
   0.0000282456
  -0.0002250004
  -0.0003713764
  -0.0003383119
  -0.0017217566
  -0.0029997778
  -0.0011209712
  -0.0004017844
  -0.0009784131
  -0.0012306317
  -0.0010995819
  -0.0012149594
  -0.0014914587
  -0.0016366764
  -0.0016795096
  -0.0015990650
  -0.0006352135
   0.0011275061
   0.0025203706
   0.0029662324
   0.0028193543
   0.0027203671
   0.0027789042
   0.0034631392
   0.0035582125
   0.0037377831
   0.0038027966
   0.0035613966
   0.0038294278
   0.0032526103
   0.0025244986
   0.0025402203
   0.0026844375
   0.0026386426
   0.0025880223
   0.0026107662
   0.0026318706
   0.0026279757
   0.0027023843
   0.0028193524
   0.0028454984
   0.0038226671
   0.0042663172
   0.0029699928
   0.0025901451
   0.0028971289
   0.0029438354
   0.0028197144
   0.0028119322
   0.0028603236
   0.0028648800
   0.0028517946
   0.0028549750
   0.0020387288
  -0.0012893191
  -0.0009742894
   0.0017607422
  -0.0007548447
  -0.0012476085
   0.0022896470
   0.0034403574
   0.0027392161
   0.0026228110
   0.0023854462
   0.0006540781
   0.0004625856
   0.0023688962
   0.0020777289
   0.0020607088
   0.0024842002
   0.0011445987
  -0.0002822616
  -0.0003297577
  -0.0002211736
  -0.0010127000
  -0.0006919681
   0.0003029699
   0.0009515948
   0.0002038031
  -0.0007862186
  -0.0001308056
   0.0016335887
   0.0018497639
   0.0014244034
   0.0013506586
   0.0014224065
   0.0012922462
   0.0011036489
   0.0010311486
   0.0009425795
   0.0010574996
   0.0034382024
   0.0057139340
   0.0032190934
   0.0001781528
   0.0009307906
   0.0021631360
   0.0020304102
   0.0026060203
   0.0031893975
   0.0046899355
   0.0055959576
   0.0054406660
   0.0032389337
   0.0003553036
   0.0001227288
   0.0005973810
   0.0004614955
   0.0002648015
   0.0003240768
   0.0004712623
   0.0004847028
   0.0003529335
  -0.0009663804
  -0.0040957152
  -0.0047932383
  -0.0036822236
  -0.0043267496
  -0.0041434793
  -0.0033940906
  -0.0033027379
  -0.0043021786
  -0.0048837893
  -0.0047247356
  -0.0046342736
  -0.0047237329
  -0.0047526745
  -0.0047164170
  -0.0047045560
  -0.0047145406
  -0.0047149481
  -0.0047081799
  -0.0047051625
  -0.0047044575
  -0.0047023480
  -0.0046994993
  -0.0046971946
  -0.0046951571
  -0.0042335224
  -0.0016285079
   0.0000515481
   0.0022174825
   0.0040648252
   0.0013120378
  -0.0002304298
   0.0002644929
   0.0004788790
   0.0000878263
  -0.0000775394
  -0.0000830172
  -0.0001304178
  -0.0002791686
  -0.0003615169
  -0.0010696546
  -0.0043008386
  -0.0061924219
  -0.0046562632
  -0.0046241355
  -0.0062122053
  -0.0046247250
  -0.0014017276
  -0.0010425666
  -0.0017076851
  -0.0017342898
  -0.0016122767
  -0.0017382844
  -0.0018231524
  -0.0010590718
   0.0002257178
   0.0013768789
   0.0006522351
  -0.0000907596
  -0.0007130814
  -0.0015614172
  -0.0020471876
  -0.0020537151
  -0.0010983259
   0.0010531783
   0.0031494288
   0.0032211593
   0.0029689333
   0.0031210710
   0.0031799133
   0.0011032162
  -0.0000155383
   0.0014651097
   0.0014326214
   0.0001738588
  -0.0015236993
  -0.0020390491
  -0.0004728426
   0.0026786795
   0.0034946130
   0.0030113961
   0.0030230960
   0.0032623030
   0.0032564938
   0.0031744130
   0.0031824757
   0.0032132274
   0.0032112790
   0.0032030305
   0.0032065407
   0.0026529447
   0.0004297065
   0.0013701439
   0.0034605767
   0.0035385561
   0.0030733979
   0.0032583949
   0.0034203428
   0.0032795656
   0.0033231771
   0.0034285969
   0.0033552839
   0.0032205471
   0.0032156477
   0.0032454365
   0.0029445765
   0.0012160221
   0.0011004991
   0.0022961935
   0.0032603584
   0.0032640884
   0.0031372609
   0.0032231740
   0.0030362135
   0.0004452315
  -0.0021547113
  -0.0020913127
  -0.0016670249
  -0.0019697352
  -0.0021684353
  -0.0018773278
  -0.0011369263
  -0.0010230942
   0.0001450721
   0.0013667241
   0.0013792136
   0.0019739693
   0.0014972335
   0.0021015683
   0.0029831122
   0.0028511142
   0.0025825069
   0.0025351731
   0.0025435125
   0.0022819842
   0.0012644429
   0.0000126297
  -0.0014275997
  -0.0024403992
  -0.0030963408
  -0.0032363939
  -0.0033692676
  -0.0035376918
  -0.0035615596
  -0.0037744823
  -0.0045978398
  -0.0041513979
  -0.0035822604
  -0.0013907953
   0.0002452425
   0.0008795669
   0.0009436045
   0.0009713412
   0.0009652786
   0.0008527794
   0.0008154483
   0.0008356644
   0.0008406637
   0.0008328500
   0.0008326493
   0.0008367315
   0.0008378776
   0.0008376291
   0.0008384642
   0.0008388743
   0.0007943478
   0.0021087686
   0.0053229038
   0.0060027890
   0.0030574753
   0.0023210184
   0.0037424646
   0.0042513119
   0.0035987630
   0.0043818751
   0.0033936244
   0.0020828936
   0.0015476473
   0.0038425624
   0.0061606184
   0.0040055546
   0.0005368795
   0.0004180048
   0.0011849418
   0.0009837569
   0.0006012084
   0.0007538944
   0.0008921500
   0.0007225582
   0.0006254841
   0.0006027713
  -0.0014578589
  -0.0014949821
   0.0003673786
   0.0006032405
   0.0001194761
   0.0000780541
   0.0001808769
   0.0000761030
  -0.0000461291
  -0.0001222811
  -0.0002342157
  -0.0011373480
  -0.0046139671
  -0.0060283228
  -0.0056338716
  -0.0055515387
  -0.0058067442
  -0.0058848430
  -0.0059213071
  -0.0059501900
  -0.0059609687
  -0.0059603565
  -0.0059588781
  -0.0053991300
  -0.0031644929
  -0.0018545000
  -0.0011875735
  -0.0008844387
  -0.0008464399
  -0.0008526761
  -0.0014627155
  -0.0026847237
  -0.0033662843
  -0.0050267650
  -0.0049618786
  -0.0041934741
  -0.0036291071
  -0.0015153132
  -0.0010372904
  -0.0041673187
  -0.0067221690
  -0.0064371349
  -0.0060674613
  -0.0064619390
  -0.0066542349
  -0.0065313534
  -0.0064789514
  -0.0064133656
  -0.0056811183
  -0.0062343371
  -0.0068976647
  -0.0053778720
  -0.0027285720
  -0.0050723116
  -0.0050541487
  -0.0017945090
  -0.0010552182
  -0.0017902496
  -0.0018895440
  -0.0015522294
  -0.0015115973
  -0.0016251865
  -0.0016299999
  -0.0015889987
  -0.0015895448
  -0.0016043397
  -0.0016038672
  -0.0015992181
  -0.0016001394
  -0.0016022506
  -0.0016023691
  -0.0016021955
  -0.0016166307
  -0.0017353360
  -0.0018073864
  -0.0013547762
   0.0017147130
   0.0018138494
  -0.0011823453
  -0.0022573829
  -0.0013982000
   0.0003278995
   0.0012362403
   0.0026412847
   0.0034154566
   0.0032855094
   0.0032236592
   0.0053752318
   0.0063177617
   0.0035735551
   0.0027744957
   0.0034254185
   0.0037832595
   0.0041210595
   0.0041824472
   0.0037222149
   0.0041023071
   0.0038307659
   0.0032534500
   0.0024092572
  -0.0007914971
  -0.0005594633
   0.0029659311
   0.0038342665
   0.0030981603
   0.0030649580
   0.0030226354
   0.0026389250
   0.0012580565
  -0.0014972686
  -0.0020806060
  -0.0016257413
  -0.0016484405
  -0.0018499313
  -0.0018317373
  -0.0017564709
  -0.0017614350
  -0.0017825419
  -0.0011723173
   0.0019041835
   0.0036390481
   0.0032884130
   0.0030595980
   0.0032947358
   0.0033732193
   0.0032798632
   0.0032491589
   0.0032757068
   0.0032772041
   0.0032595283
   0.0032511831
   0.0032487003
   0.0032422619
   0.0032335945
   0.0032260436
   0.0032187333
   0.0031470388
   0.0032124238
   0.0039136370
   0.0032961725
   0.0027756140
   0.0027796548
   0.0028468839
   0.0027920521
   0.0027482265
   0.0026917458
   0.0025792242
   0.0025293165
   0.0024171076
   0.0019798126
  -0.0011107357
  -0.0029869635
  -0.0014600054
  -0.0002285373
  -0.0024510661
  -0.0030822604
  -0.0010987762
  -0.0002002005
   0.0000706234
   0.0006830320
   0.0015621424
   0.0016486004
   0.0013699790
   0.0013073413
   0.0012619654
   0.0011729604
   0.0010229249
   0.0002514503
   0.0002954481
   0.0005676761
  -0.0019914309
  -0.0043231106
  -0.0043325948
  -0.0041070815
  -0.0043316661
  -0.0044450994
  -0.0043574614
  -0.0043048302
  -0.0043175402
  -0.0043338210
  -0.0044030573
  -0.0043247785
  -0.0042395135
  -0.0042327225
  -0.0042305107
  -0.0042061065
  -0.0041613749
  -0.0021609241
   0.0003406420
  -0.0019970904
  -0.0045532807
  -0.0031075460
  -0.0001806295
   0.0008411790
   0.0004575098
   0.0004237787
   0.0006496419
   0.0006623809
   0.0005527798
  -0.0009299729
  -0.0038027511
  -0.0044937144
  -0.0036632571
  -0.0025465298
  -0.0026313760
  -0.0025515942
  -0.0005081119
   0.0005861584
   0.0001811058
  -0.0000261070
   0.0001617720
   0.0001963592
   0.0003673932
   0.0010902399
   0.0015829401
   0.0014324957
   0.0011369113
   0.0009021768
   0.0019279849
   0.0030663681
   0.0037545397
   0.0039034819
   0.0037668991
   0.0036550939
   0.0035521076
   0.0034135575
   0.0033098359
   0.0032046150
   0.0031139825
   0.0030907989
   0.0030762958
   0.0029640775
   0.0028600772
   0.0023679486
   0.0008617149
   0.0003901206
   0.0010660369
   0.0024707984
   0.0027588233
   0.0015960249
  -0.0012590248
  -0.0020132916
  -0.0015470338
  -0.0015794764
  -0.0017612849
  -0.0017158202
  -0.0016330755
  -0.0016345170
  -0.0016475720
  -0.0018262128
  -0.0042491417
  -0.0049344817
  -0.0019864443
  -0.0012229622
  -0.0036148182
  -0.0029705822
  -0.0012375034
  -0.0012371144
  -0.0016543399
  -0.0015569937
  -0.0012900979
  -0.0000872998
   0.0008723059
   0.0019162112
   0.0026282525
   0.0026045874
   0.0025021584
   0.0032103522
   0.0046466065
   0.0060324944
   0.0064816731
   0.0056509618
   0.0050277582
   0.0055776866
   0.0058031412
   0.0054435204
   0.0058818749
   0.0058742822
   0.0033046673
   0.0016595636
   0.0020941158
   0.0035198549
   0.0038671087
   0.0023641409
   0.0015600791
   0.0017910968
   0.0018321640
   0.0020353229
   0.0039733019
   0.0027413598
   0.0005701038
  -0.0000714627
  -0.0003662567
  -0.0005556906
  -0.0006269306
  -0.0009070781
  -0.0016129721
  -0.0023272654
  -0.0026584431
  -0.0026781943
  -0.0026805919
  -0.0026917932
  -0.0024807905
  -0.0013230329
  -0.0002507200
  -0.0007174102
  -0.0017440306
  -0.0020006593
  -0.0026705447
  -0.0028957548
  -0.0028034260
  -0.0028279477
  -0.0028473577
  -0.0022943777
  -0.0018146322
  -0.0017021127
  -0.0011836219
  -0.0002596928
   0.0006326164
   0.0006201013
   0.0004904120
   0.0005283208
   0.0005226102
   0.0004614598
   0.0004400925
   0.0004433815
   0.0004222120
   0.0003291868
   0.0002816216
   0.0002862962
   0.0002826941
   0.0002194960
   0.0001766230
   0.0001936872
   0.0001600397
   0.0001168487
   0.0004661200
   0.0025140705
   0.0034231460
   0.0017520603
   0.0002131918
   0.0001150223
   0.0000612716
  -0.0001013857
  -0.0001513609
  -0.0001172340
  -0.0001559560
  -0.0000309896
   0.0007999811
   0.0003301718
  -0.0003214749
   0.0003097705
   0.0011705076
   0.0002670960
  -0.0001169512
   0.0018907196
   0.0029328615
   0.0024393436
   0.0008487774
   0.0000086889
  -0.0002734019
  -0.0002755340
  -0.0003227941
  -0.0003437575
  -0.0003182231
  -0.0003125404
  -0.0003721741
  -0.0004160507
  -0.0003500498
  -0.0003167823
  -0.0003346971
  -0.0003443926
  -0.0003406755
  -0.0003429738
  -0.0003954760
  -0.0004356976
  -0.0003736619
  -0.0003429592
  -0.0004050413
  -0.0004652275
  -0.0004603711
  -0.0004068697
  -0.0004079563
  -0.0007178415
  -0.0015692409
  -0.0013380545
  -0.0007076240
  -0.0003892775
  -0.0004819820
  -0.0012072197
  -0.0021778835
  -0.0018908787
  -0.0008285192
  -0.0005705947
  -0.0013141253
  -0.0010135484
  -0.0012977573
  -0.0016426249
  -0.0016169059
  -0.0017786108
  -0.0025420379
  -0.0027057163
  -0.0013092236
  -0.0001585740
  -0.0002292194
  -0.0004238951
  -0.0003450920
  -0.0002737156
  -0.0003046465
  -0.0003472745
  -0.0003812427
  -0.0003803958
  -0.0003715667
  -0.0003689706
  -0.0003657558
  -0.0003649870
  -0.0004048861
  -0.0004264132
  -0.0004141927
  -0.0004276169
  -0.0004674921
  -0.0004722584
  -0.0004977235
  -0.0005143288
  -0.0005024091
  -0.0005108816
  -0.0005431686
  -0.0005390190
  -0.0006206840
  -0.0012167543
  -0.0015199871
  -0.0015342218
  -0.0016672745
  -0.0014782509
  -0.0013727128
  -0.0013784255
  -0.0013854581
  -0.0010071744
  -0.0002908654
  -0.0003490134
  -0.0006044856
  -0.0005808950
  -0.0005147884
  -0.0005165946
  -0.0005183719
  -0.0005160321
  -0.0005163287
  -0.0004983228
  -0.0004745923
  -0.0004705815
  -0.0010938948
  -0.0016620313
  -0.0008782487
  -0.0003751174
  -0.0010723834
  -0.0008075895
  -0.0001837691
  -0.0001681404
  -0.0002904941
  -0.0002411194
  -0.0001601479
  -0.0001516678
  -0.0001526213
  -0.0001297037
  -0.0001056102
  -0.0000902161
  -0.0000650655
   0.0001205660
   0.0001509193
   0.0002619784
   0.0000621699
  -0.0000416080
   0.0000112198
   0.0000455340
   0.0000502446
   0.0003045393
   0.0007483879
   0.0009248663
   0.0007564597
   0.0004807912
   0.0004450185
   0.0004745668
   0.0004555451
   0.0003176676
   0.0002812789
   0.0005198262
   0.0007952674
   0.0008840678
   0.0008425147
   0.0007427632
   0.0007268328
   0.0007295645
   0.0007095916
   0.0006883419
   0.0006760727
   0.0006641098
   0.0006492926
   0.0006347194
   0.0006212560
   0.0005244644
   0.0002192459
   0.0002854037
   0.0005840218
   0.0006121362
   0.0005299224
   0.0005132439
   0.0005244392
   0.0004970586
   0.0003371466
   0.0001825287
   0.0001871115
   0.0001663615
   0.0001062237
   0.0001019105
   0.0001246446
   0.0001330008
   0.0001323916
   0.0001862352
   0.0002414593
   0.0002058804
   0.0001451473
   0.0001439742
   0.0001609425
   0.0001724685
   0.0002480931
   0.0002941900
   0.0002846040
   0.0002757570
   0.0002788586
   0.0003171852
   0.0003783974
   0.0003797825
   0.0003568589
   0.0003436622
   0.0003392792
   0.0003319146
   0.0003214793
   0.0003802880
   0.0004312988
   0.0003460038
   0.0002719418
   0.0002701312
   0.0002750603
   0.0002624653
   0.0002518888
   0.0002464064
   0.0002408148
   0.0002115154
   0.0001675018
   0.0001269364
   0.0000950904
   0.0000921036
   0.0001393718
   0.0001510117
   0.0001194111
   0.0001136836
   0.0001229400
   0.0001229616
   0.0001197872
   0.0001200288
   0.0001200565
   0.0001221816
   0.0001423092
   0.0001502874
   0.0001435090
   0.0001507375
   0.0001636741
   0.0001595232
   0.0001511091
   0.0001465182
   0.0001425710
   0.0001375205
   0.0001328014
   0.0001288502
   0.0001249187
   0.0001202699
   0.0001156841
   0.0001117114
   0.0000991255
   0.0000796075
   0.0000760561
   0.0000850861
   0.0000858735
   0.0000810543
   0.0000799346
   0.0000844826
   0.0000839634
   0.0000810735
   0.0000863313
   0.0000838835
   0.0000701960
   0.0000637940
   0.0000624606
   0.0000596563
   0.0000557428
   0.0000524149
   0.0000470789
   0.0000417236
   0.0000370305
   0.0000329591
   0.0000283980
   0.0000231104
   0.0000235242
   0.0000254470
   0.0000239748
   0.0000212895
   0.0000205492
   0.0000203667
   0.0000194342
   0.0000171913
   0.0000146107
   0.0000122502
   0.0000099325
   0.0000075727
   0.0000052579
   0.0000030030
   0.0000007476
  -0.0000014048
  -0.0000034791
  -0.0000055906
  -0.0000076471
  -0.0000096219
  -0.0000115515
  -0.0000132677
  -0.0000151831
  -0.0000171533
  -0.0000189204
  -0.0000205959
  -0.0000222927
  -0.0000239549
  -0.0000255460
  -0.0000270838
  -0.0000286032
  -0.0000300829
  -0.0000315095
  -0.0000328937
  -0.0000342389
  -0.0000354569
  -0.0000366119
  -0.0000379778
  -0.0000392612
  -0.0000403814
  -0.0000414646
  -0.0000425343
  -0.0000435453
  -0.0000444982
  -0.0000454429
  -0.0000463610
  -0.0000472336
  -0.0000480714
  -0.0000488808
  -0.0000496350
  -0.0000503425
  -0.0000510201
  -0.0000516674
  -0.0000522740
  -0.0000528406
  -0.0000533730
  -0.0000538725
  -0.0000543373
  -0.0000547663
  -0.0000551614
  -0.0000555252
  -0.0000558571
  -0.0000561565
  -0.0000564236
  -0.0000566589
  -0.0000568629
  -0.0000570359
  -0.0000571786
  -0.0000572914
  -0.0000573745
  -0.0000574284
  -0.0000574535
  -0.0000574501
  -0.0000574189
  -0.0000573600
  -0.0000572740
  -0.0000571613
  -0.0000570223
  -0.0000568574
  -0.0000566670
  -0.0000564515
  -0.0000562115
