  -0.0009447021
  -0.0009368465
  -0.0009058336
  -0.0007955965
  -0.0006542175
  -0.0005378319
  -0.0006100362
  -0.0010114546
  -0.0014123293
  -0.0012556619
  -0.0008017550
  -0.0006887511
  -0.0011214119
  -0.0017769891
  -0.0020679239
  -0.0019016816
  -0.0016801230
  -0.0015737115
  -0.0019147092
  -0.0030713174
  -0.0041090718
  -0.0036858112
  -0.0022764489
  -0.0013155104
  -0.0008527700
  -0.0008607705
  -0.0025871918
  -0.0055281727
  -0.0061956862
  -0.0041064293
  -0.0013668023
   0.0023081596
   0.0062175843
   0.0080657587
   0.0083016706
   0.0075630964
   0.0056141463
   0.0027030755
   0.0011356296
   0.0039332291
   0.0035916619
  -0.0037584360
  -0.0068931806
  -0.0064105685
  -0.0049081883
   0.0040774166
   0.0101722717
   0.0092101963
   0.0113644453
   0.0136440069
   0.0106853785
   0.0094341336
   0.0116680178
   0.0089375473
  -0.0036331204
  -0.0141928789
  -0.0116644439
  -0.0054892661
  -0.0081382719
  -0.0144807475
  -0.0128950288
  -0.0083163026
  -0.0140578461
  -0.0288550277
  -0.0403717582
  -0.0335657560
  -0.0040959034
   0.0242191816
   0.0280351514
   0.0103246308
  -0.0054638385
  -0.0051384233
   0.0051350527
   0.0075884761
  -0.0032406664
  -0.0106477507
  -0.0089478810
  -0.0139665245
  -0.0349282988
  -0.0598264807
  -0.0726584393
  -0.0610521464
  -0.0271598702
   0.0027025577
   0.0167801523
   0.0102988002
   0.0011148794
   0.0027107936
   0.0042511564
   0.0046014928
   0.0078609366
   0.0102706930
   0.0085389648
   0.0075709317
   0.0148524905
   0.0229519076
   0.0212702364
   0.0130562728
   0.0104501171
   0.0122533865
   0.0065781583
   0.0040889367
   0.0093491541
   0.0024933548
  -0.0284047878
  -0.0528774811
  -0.0552300586
  -0.0503464295
  -0.0373749883
  -0.0085960219
   0.0170883779
   0.0211002812
   0.0105560855
   0.0014501260
  -0.0033082882
   0.0055459869
   0.0519711397
   0.1014909849
   0.0947620752
   0.0235478614
  -0.0316703297
  -0.0253792750
  -0.0037487121
  -0.0077173737
  -0.0156474824
  -0.0063386134
  -0.0120896441
  -0.0252667649
  -0.0223010146
  -0.0105316113
  -0.0131981134
  -0.0307178341
  -0.0450515594
  -0.0556424822
  -0.0598972569
  -0.0533409449
  -0.0364783042
  -0.0092121108
   0.0153320794
   0.0233049384
   0.0235915246
   0.0258002989
   0.0270791817
   0.0228818004
   0.0187604620
   0.0118398283
  -0.0147825348
  -0.0480607844
  -0.0600557363
  -0.0504381613
  -0.0314196491
  -0.0055258221
   0.0208835214
   0.0385906382
   0.0531946988
   0.0645024382
   0.0642362976
   0.0502964611
   0.0309207935
   0.0182329375
   0.0207212869
   0.0331693393
   0.0336413258
   0.0158202612
  -0.0026137585
  -0.0008992549
   0.0203174969
   0.0366749880
   0.0320582718
   0.0097753338
  -0.0182479354
  -0.0398065468
  -0.0476887938
  -0.0369722109
  -0.0218994162
  -0.0206340345
  -0.0258005613
  -0.0148130517
   0.0129140848
   0.0300731169
   0.0315297531
   0.0309810845
   0.0318829280
   0.0310509108
   0.0327328185
   0.0415256129
   0.0496819466
   0.0416689023
   0.0196091772
   0.0061958894
   0.0118374445
   0.0275989153
   0.0397290811
   0.0422641612
   0.0400326239
   0.0371245922
   0.0350595951
   0.0336159461
   0.0302048344
   0.0284305703
   0.0363504784
   0.0536153642
   0.0694157823
   0.0769331717
   0.0767341114
   0.0768322002
   0.0809178142
   0.0834354129
   0.0796580724
   0.0735497754
   0.0778072481
   0.0959717008
   0.1148919617
   0.1132372778
   0.0931890704
   0.0731653297
   0.0670545934
   0.0697648215
   0.0733951766
   0.0836767910
   0.1001138988
   0.1119866648
   0.1197083997
   0.1290705153
   0.1377334067
   0.1401977847
   0.1388060259
   0.1373776410
   0.1384223194
   0.1435191640
   0.1501307664
   0.1549634663
   0.1585174276
   0.1614977138
   0.1619846834
   0.1601711874
   0.1582176914
   0.1567049295
   0.1557910485
   0.1572849244
   0.1614637856
   0.1670693686
   0.1614495195
   0.1350253592
   0.0908968466
   0.0161613728
  -0.0529397568
  -0.0971166485
  -0.1385426204
  -0.1812907575
  -0.2158702167
  -0.2526792913
  -0.2833566001
  -0.2971431314
  -0.3087484633
  -0.3218859605
  -0.3230422176
  -0.3177301986
  -0.3142269079
  -0.3114441296
  -0.3062780610
  -0.2992597267
  -0.2914084512
  -0.2830360931
  -0.2737855192
  -0.2647599877
  -0.2592202284
  -0.2574118328
  -0.2576436386
  -0.2584470866
  -0.2577502648
  -0.2554231150
  -0.2562720594
  -0.2659179818
  -0.2816720904
  -0.2936596875
  -0.2870007779
  -0.2646485568
  -0.2368912545
  -0.1955640366
  -0.1541507046
  -0.1209783421
  -0.0904143121
  -0.0642671952
  -0.0453719925
  -0.0272912921
  -0.0064199080
   0.0126291211
   0.0217733422
   0.0200576098
   0.0084230804
  -0.0050795627
  -0.0081267999
  -0.0042413808
   0.0003491297
   0.0095782915
   0.0423852384
   0.0879591000
   0.1380719496
   0.1944368661
   0.2374872896
   0.2497357052
   0.2069132808
   0.1593061660
   0.1342498520
   0.1216271913
   0.1116152286
   0.1037714187
   0.1066892076
   0.1184036051
   0.1302469518
   0.1387550597
   0.1420518614
   0.1385028896
   0.1259884813
   0.1017200188
   0.0819205073
   0.0760571365
   0.0769083723
   0.0780866568
   0.0766059382
   0.0736701503
   0.0717820715
   0.0705124986
   0.0672355438
   0.0600708155
   0.0511810338
   0.0418186595
   0.0292749909
   0.0137880725
   0.0035659603
   0.0045062093
   0.0195011059
   0.0473556838
   0.0752495860
   0.0922466201
   0.1024315502
   0.1131388195
   0.1222923764
   0.1275508420
   0.1268202398
   0.1188448196
   0.1069095932
   0.0960649849
   0.0852775150
   0.0694574349
   0.0520604692
   0.0277108155
  -0.0074189089
  -0.0331647601
  -0.0455882386
  -0.0553595993
  -0.0666322278
  -0.0786327236
  -0.0947379411
  -0.1098534011
  -0.1166279919
  -0.1209499947
  -0.1270156412
  -0.1291742587
  -0.1219630362
  -0.1097324718
  -0.1035534725
  -0.1010472941
  -0.0932568159
  -0.0791529191
  -0.0666840072
  -0.0625722632
  -0.0679202062
  -0.0851445001
  -0.1124467653
  -0.1253971031
  -0.1067633471
  -0.0568984542
  -0.0106990533
   0.0122235275
   0.0247063397
   0.0314974992
   0.0348015965
   0.0374323114
   0.0370108329
   0.0309958902
   0.0239731762
   0.0195661978
   0.0169557992
   0.0153421581
   0.0149859526
   0.0177029145
   0.0279980633
   0.0514419632
   0.0728390940
   0.0749730600
   0.0676316686
   0.0567188712
   0.0357815526
   0.0073111000
  -0.0205862763
  -0.0470229065
  -0.0730465440
  -0.0916115935
  -0.0965112258
  -0.0956610618
  -0.0957933744
  -0.0962611624
  -0.0956143828
  -0.0940174287
  -0.0926638854
  -0.0935042183
  -0.1012697493
  -0.1070792712
  -0.0742903565
  -0.0056887699
   0.0446577261
   0.0746599448
   0.1166402992
   0.1726342230
   0.2033226563
   0.2050016221
   0.1888767056
   0.1475599470
   0.0830336704
   0.0340743059
   0.0145845538
   0.0083882689
  -0.0088382094
  -0.0400143663
  -0.0715919552
  -0.0946078090
  -0.1007372465
  -0.1004026951
  -0.1088205865
  -0.1248332961
  -0.1416069880
  -0.1541827110
  -0.1585785575
  -0.1535835713
  -0.1346552904
  -0.1131549335
  -0.1042196185
  -0.0856727158
  -0.0388314249
   0.0061658752
   0.0284107751
   0.0402095459
   0.0530227663
   0.0698943252
   0.0796295402
   0.0838300962
   0.0972749801
   0.1233800378
   0.1343833473
   0.1223516214
   0.0894010858
   0.0542813993
   0.0302926302
   0.0188277085
   0.0222524580
   0.0358614539
   0.0513467942
   0.0601090679
   0.0528318000
   0.0230635529
  -0.0133136467
  -0.0403781521
  -0.0472204145
  -0.0374711182
  -0.0228283062
  -0.0098756992
   0.0076230843
   0.0279590754
   0.0378359388
   0.0352753644
   0.0151830799
  -0.0143267807
  -0.0284956844
  -0.0194715018
  -0.0037482058
   0.0084275155
   0.0247059627
   0.0436981270
   0.0542274394
   0.0491252727
   0.0350363590
   0.0275847933
   0.0279116942
   0.0304145241
   0.0323811405
   0.0384644607
   0.0549244830
   0.0732063170
   0.0832112206
   0.0823824188
   0.0726724836
   0.0604290205
   0.0504595235
   0.0453691466
   0.0463256042
   0.0555009669
   0.0667477981
   0.0728636347
   0.0673642345
   0.0402706019
   0.0030994397
  -0.0313875577
  -0.0578780111
  -0.0650347193
  -0.0611013756
  -0.0592465966
  -0.0607936933
  -0.0639469469
  -0.0653869370
  -0.0593976104
  -0.0439613108
  -0.0167728049
   0.0123373422
   0.0249104892
   0.0198118520
   0.0069009753
  -0.0018486560
  -0.0072815182
  -0.0151441659
  -0.0248157674
  -0.0340515688
  -0.0401058763
  -0.0444308728
  -0.0538392239
  -0.0685595570
  -0.0726802819
  -0.0573884914
  -0.0238515484
   0.0066352523
   0.0219328492
   0.0328331026
   0.0387463827
   0.0380270160
   0.0364005687
   0.0359367686
   0.0343468846
   0.0311137741
   0.0301272246
   0.0348798717
   0.0434148006
   0.0519651524
   0.0578839984
   0.0580787345
   0.0493047818
   0.0288465678
   0.0060537236
  -0.0068609045
  -0.0073176972
  -0.0008952797
   0.0030474815
  -0.0015161866
  -0.0163291622
  -0.0348237164
  -0.0520993869
  -0.0672572756
  -0.0760123424
  -0.0773515087
  -0.0728089726
  -0.0659269055
  -0.0602949339
  -0.0582091622
  -0.0616849556
  -0.0704145577
  -0.0825139553
  -0.0934001053
  -0.0999023465
  -0.0928306436
  -0.0637772320
  -0.0284360439
   0.0008668114
   0.0124957884
   0.0095084948
   0.0085990636
   0.0138506807
   0.0160658120
   0.0093213057
  -0.0044810403
  -0.0145068848
  -0.0131467111
  -0.0040925291
   0.0023996316
   0.0044650150
   0.0069830719
   0.0095030396
   0.0093998432
   0.0086357785
   0.0106589714
   0.0160617281
   0.0238252485
   0.0354164658
   0.0464067289
   0.0501346554
   0.0442382803
   0.0309437228
   0.0175120924
   0.0106595147
   0.0152419368
   0.0278302517
   0.0440261736
   0.0581816279
   0.0685869065
   0.0813221438
   0.0992424835
   0.1168253151
   0.1311983091
   0.1445891592
   0.1573815718
   0.1700702779
   0.1808747119
   0.1872751316
   0.1895600005
   0.1870170111
   0.1797577791
   0.1709759541
   0.1626222602
   0.1479405121
   0.1150447125
   0.0565207719
   0.0044894004
  -0.0131884006
  -0.0130828056
  -0.0218974241
  -0.0466052348
  -0.0729160423
  -0.0864778639
  -0.0872439096
  -0.0862440993
  -0.0867844374
  -0.0804780041
  -0.0635959120
  -0.0450629797
  -0.0355731639
  -0.0297904631
  -0.0147599936
   0.0027552794
   0.0086316649
   0.0046724501
  -0.0024547705
  -0.0077276482
  -0.0060774586
   0.0049061814
   0.0128081201
   0.0114015705
   0.0058678355
   0.0010613534
   0.0025571916
   0.0113579738
   0.0221944733
   0.0283018205
   0.0300553138
   0.0299043628
   0.0290104137
   0.0312603639
   0.0378616991
   0.0420754495
   0.0344456867
   0.0075407289
  -0.0264208636
  -0.0482554466
  -0.0554825244
  -0.0643298404
  -0.0740383342
  -0.0762762654
  -0.0738783764
  -0.0714262688
  -0.0701788343
  -0.0700854763
  -0.0736483077
  -0.0836936812
  -0.1006101081
  -0.1180918943
  -0.1337184580
  -0.1520756880
  -0.1668269556
  -0.1703680552
  -0.1656994525
  -0.1483796569
  -0.1170148400
  -0.0778318996
  -0.0371292490
   0.0012391613
   0.0301381090
   0.0471993849
   0.0617810855
   0.0807925238
   0.0941163305
   0.0942909610
   0.0818267797
   0.0509481932
   0.0163745920
   0.0031907509
   0.0025830568
  -0.0010018612
  -0.0114125657
  -0.0312787472
  -0.0554335909
  -0.0662565413
  -0.0655623436
  -0.0631080923
  -0.0585415330
  -0.0442118178
  -0.0124312731
   0.0142490156
   0.0182272975
   0.0144041171
   0.0114337136
   0.0048804100
  -0.0080920254
  -0.0195986513
  -0.0252530052
  -0.0310659604
  -0.0428482217
  -0.0529433048
  -0.0576957301
  -0.0624409485
  -0.0687949478
  -0.0729742525
  -0.0715439457
  -0.0582531432
  -0.0310642012
   0.0035253658
   0.0316166249
   0.0468287248
   0.0582688507
   0.0593622408
   0.0303585241
  -0.0189569499
  -0.0553716849
  -0.0662621590
  -0.0643916726
  -0.0601256624
  -0.0512772746
  -0.0297376933
  -0.0013573050
   0.0188867872
   0.0351000317
   0.0526842234
   0.0615729703
   0.0626879813
   0.0637917199
   0.0651507331
   0.0624326327
   0.0413651007
   0.0003137172
  -0.0297214905
  -0.0311486374
  -0.0227613627
  -0.0208122278
  -0.0224667195
  -0.0182104628
   0.0010315657
   0.0311441690
   0.0496493859
   0.0511741964
   0.0511432249
   0.0570665799
   0.0634254578
   0.0675176506
   0.0759744965
   0.0885421256
   0.0957457715
   0.0964302860
   0.0878545065
   0.0624804944
   0.0301739701
   0.0095028733
   0.0002571157
  -0.0142808446
  -0.0305263800
  -0.0353425630
  -0.0325959933
  -0.0271792219
  -0.0223293176
  -0.0198330775
  -0.0136376500
   0.0027609009
   0.0213748595
   0.0351227799
   0.0412559613
   0.0386044238
   0.0303324385
   0.0192523729
   0.0084482346
   0.0004424286
  -0.0054718955
  -0.0098852494
  -0.0119235474
  -0.0095718718
   0.0013019325
   0.0150698898
   0.0225603066
   0.0228247138
   0.0190271717
   0.0132329878
   0.0043961643
  -0.0060716523
  -0.0191422615
  -0.0342091539
  -0.0456781964
  -0.0519736899
  -0.0544956127
  -0.0547661514
  -0.0541546675
  -0.0504224538
  -0.0414617481
  -0.0312811348
  -0.0214332877
  -0.0113397938
  -0.0000036370
   0.0130647438
   0.0253153288
   0.0362949034
   0.0495707005
   0.0590739989
   0.0586736608
   0.0506569206
   0.0360850142
   0.0224097659
   0.0174855190
   0.0181803192
   0.0186166773
   0.0183696925
   0.0175590486
   0.0149145887
   0.0119472122
   0.0114535087
   0.0122150418
   0.0123287049
   0.0111276094
   0.0061205932
  -0.0051794994
  -0.0174353104
  -0.0242822777
  -0.0274582167
  -0.0289479163
  -0.0289062046
  -0.0257730898
  -0.0177688491
  -0.0077551382
   0.0025993316
   0.0087433841
   0.0086445968
   0.0076648773
   0.0090882765
   0.0104568362
   0.0102268710
   0.0117115922
   0.0177523802
   0.0273461723
   0.0408649738
   0.0545207447
   0.0616572734
   0.0612267030
   0.0537060982
   0.0442638558
   0.0402160506
   0.0438212368
   0.0504839902
   0.0552635803
   0.0582931696
   0.0609876902
   0.0630669202
   0.0638390272
   0.0634569468
   0.0628491957
   0.0624194015
   0.0612189417
   0.0567503602
   0.0433214056
   0.0199644957
   0.0004115935
  -0.0104907053
  -0.0161550787
  -0.0184886076
  -0.0195396022
  -0.0211151646
  -0.0245528940
  -0.0318499238
  -0.0443666383
  -0.0555538550
  -0.0589748753
  -0.0550043141
  -0.0468398125
  -0.0405290919
  -0.0388523067
  -0.0412309032
  -0.0465465441
  -0.0548579202
  -0.0639659807
  -0.0717882066
  -0.0812388017
  -0.0926073014
  -0.0995358997
  -0.1014326639
  -0.1015376639
  -0.1008117925
  -0.0950845040
  -0.0638609807
  -0.0073122199
   0.0430398163
   0.0625238471
   0.0655085685
   0.0671575607
   0.0655157015
   0.0586665647
   0.0497412656
   0.0406571543
   0.0330432727
   0.0253086541
   0.0169550858
   0.0087324739
   0.0007292107
  -0.0072346765
  -0.0151492367
  -0.0232672182
  -0.0316464543
  -0.0366228908
  -0.0328216971
  -0.0197164132
  -0.0006773464
   0.0145906446
   0.0174405179
   0.0076953795
  -0.0149248559
  -0.0374568521
  -0.0536490337
  -0.0671259978
  -0.0768350829
  -0.0841890404
  -0.0931056912
  -0.1026544489
  -0.1121092942
  -0.1195776024
  -0.1198894979
  -0.1079245196
  -0.0732922463
  -0.0296599689
  -0.0051291319
   0.0050821387
   0.0189137635
   0.0348690575
   0.0485589156
   0.0578607513
   0.0635209964
   0.0681168641
   0.0713444789
   0.0706830267
   0.0650679453
   0.0520557015
   0.0337770497
   0.0135032418
  -0.0047378931
  -0.0149114435
  -0.0204466015
  -0.0251285056
  -0.0269375702
  -0.0257820450
  -0.0228664145
  -0.0188074625
  -0.0146349582
  -0.0098429389
  -0.0059196998
  -0.0054627704
  -0.0071345809
  -0.0092486520
  -0.0118174423
  -0.0162047809
  -0.0231328026
  -0.0295435264
  -0.0346193156
  -0.0390965307
  -0.0412579940
  -0.0411413150
  -0.0401215839
  -0.0383346613
  -0.0352183074
  -0.0250091508
  -0.0040188849
   0.0155579792
   0.0274130123
   0.0335909767
   0.0367516591
   0.0384678609
   0.0389224546
   0.0379575334
   0.0365286051
   0.0358783921
   0.0354372700
   0.0318892480
   0.0190778053
  -0.0027461099
  -0.0190345080
  -0.0234038217
  -0.0233261823
  -0.0217972028
  -0.0178688375
  -0.0118842935
  -0.0049360627
   0.0033868881
   0.0147381436
   0.0251307047
   0.0302364823
   0.0323977017
   0.0311173332
   0.0229068142
   0.0054447049
  -0.0142404892
  -0.0217017567
  -0.0199704608
  -0.0165996934
  -0.0123511353
  -0.0075904977
  -0.0039957450
  -0.0031933983
  -0.0035369528
  -0.0019356534
   0.0034366421
   0.0097179774
   0.0129100563
   0.0116771540
   0.0073831328
   0.0004667597
  -0.0087400172
  -0.0167417040
  -0.0222126608
  -0.0250220162
  -0.0237930833
  -0.0173531325
  -0.0057724632
   0.0049840870
   0.0123641854
   0.0222942585
   0.0331170463
   0.0396549047
   0.0453727686
   0.0511859124
   0.0544119010
   0.0557385752
   0.0556697948
   0.0546532791
   0.0531575182
   0.0515324014
   0.0497505792
   0.0478266133
   0.0453414275
   0.0422518909
   0.0386468525
   0.0332647744
   0.0253273515
   0.0150671881
   0.0028929374
  -0.0046215800
  -0.0045876259
   0.0006732277
   0.0079028109
   0.0130088583
   0.0142231666
   0.0099126950
  -0.0011767744
  -0.0172842893
  -0.0307853173
  -0.0358565605
  -0.0337745624
  -0.0231468470
  -0.0049928684
   0.0117266234
   0.0238601857
   0.0325209594
   0.0363426468
   0.0367997425
   0.0367923914
   0.0366321860
   0.0364519045
   0.0380105323
   0.0419615423
   0.0457261320
   0.0471596172
   0.0451895637
   0.0391569953
   0.0261640588
   0.0098214289
  -0.0002651437
  -0.0035177553
  -0.0035393056
  -0.0021543044
  -0.0012254347
  -0.0026316218
  -0.0060423772
  -0.0101365916
  -0.0156157532
  -0.0225612491
  -0.0296224667
  -0.0357102664
  -0.0393603428
  -0.0404733580
  -0.0396309554
  -0.0358554776
  -0.0284414214
  -0.0178591728
  -0.0078608442
  -0.0020710395
   0.0022787688
   0.0074028171
   0.0126545931
   0.0173179329
   0.0187792555
   0.0163787240
   0.0106366816
   0.0017065962
  -0.0107191367
  -0.0220323793
  -0.0294240348
  -0.0342566423
  -0.0361238875
  -0.0349010010
  -0.0306977766
  -0.0240083352
  -0.0177875392
  -0.0132681024
  -0.0102426930
  -0.0085711523
  -0.0079248051
  -0.0076915912
  -0.0080211753
  -0.0099623086
  -0.0144153895
  -0.0201703231
  -0.0245317609
  -0.0265078721
  -0.0259629806
  -0.0232865181
  -0.0179649822
  -0.0106605052
  -0.0024644814
   0.0078536741
   0.0190320576
   0.0287903091
   0.0386257121
   0.0472745592
   0.0514649516
   0.0525301051
   0.0527437271
   0.0524019319
   0.0513726284
   0.0501304421
   0.0480844750
   0.0435972294
   0.0347492998
   0.0227878252
   0.0109300756
  -0.0006922238
  -0.0116789946
  -0.0205211918
  -0.0253664207
  -0.0253370495
  -0.0233636918
  -0.0224074449
  -0.0235037510
  -0.0261097774
  -0.0291921698
  -0.0319496424
  -0.0343023493
  -0.0369475261
  -0.0400045352
  -0.0427053019
  -0.0445343945
  -0.0442464482
  -0.0390933891
  -0.0258735661
  -0.0076050595
   0.0056249753
   0.0123383586
   0.0178560091
   0.0227304503
   0.0261395256
   0.0295376314
   0.0326542662
   0.0341024870
   0.0341890150
   0.0333279629
   0.0318070922
   0.0292263309
   0.0245103026
   0.0164461147
   0.0041831336
  -0.0083683739
  -0.0170859866
  -0.0205532055
  -0.0207603598
  -0.0190006131
  -0.0163184108
  -0.0133909757
  -0.0109431849
  -0.0095034536
  -0.0092567423
  -0.0099711491
  -0.0124797668
  -0.0162298649
  -0.0212791879
  -0.0265009164
  -0.0303976930
  -0.0334485559
  -0.0349070327
  -0.0338551659
  -0.0293279936
  -0.0192889437
  -0.0057856649
   0.0069199093
   0.0132977322
   0.0133958727
   0.0116600088
   0.0092879762
   0.0069085481
   0.0055361447
   0.0061934908
   0.0082567730
   0.0100883419
   0.0103701012
   0.0077631102
   0.0021795787
  -0.0056653639
  -0.0123022498
  -0.0156319855
  -0.0163643026
  -0.0142841376
  -0.0088971920
  -0.0016735687
   0.0053291864
   0.0089055151
   0.0082471268
   0.0046567537
  -0.0011544110
  -0.0061769628
  -0.0082291611
  -0.0075387332
  -0.0054031669
  -0.0026897610
   0.0007965896
   0.0039209773
   0.0054756801
   0.0054265396
   0.0038511805
   0.0014540114
  -0.0004441964
  -0.0010141345
  -0.0005088130
   0.0005005438
   0.0014224726
   0.0022219376
   0.0041912276
   0.0076395310
   0.0118406192
   0.0161222297
   0.0199846604
   0.0218816205
   0.0217106564
   0.0193319748
   0.0127299300
   0.0014152963
  -0.0116816186
  -0.0215296616
  -0.0266563061
  -0.0288322980
  -0.0282117666
  -0.0247125007
  -0.0191036764
  -0.0132656372
  -0.0106217613
  -0.0114575557
  -0.0135768860
  -0.0144408357
  -0.0127602437
  -0.0078027338
  -0.0009589035
   0.0038289793
   0.0064420057
   0.0084003359
   0.0089722997
   0.0070396522
   0.0009934918
  -0.0065230712
  -0.0105850501
  -0.0107390612
  -0.0087577944
  -0.0067090739
  -0.0059240868
  -0.0070690492
  -0.0103772712
  -0.0152980773
  -0.0189806775
  -0.0197492179
  -0.0179161448
  -0.0139006528
  -0.0097706364
  -0.0071408824
  -0.0061013709
  -0.0055277329
  -0.0030376900
   0.0024033279
   0.0075721846
   0.0097425366
   0.0090385484
   0.0061650990
   0.0021096545
  -0.0024550129
  -0.0069797050
  -0.0116078747
  -0.0160861837
  -0.0209850695
  -0.0254832439
  -0.0280547840
  -0.0291834513
  -0.0291819175
  -0.0279170606
  -0.0243606268
  -0.0167287611
  -0.0064485326
   0.0012457791
   0.0040443237
   0.0043289547
   0.0045206750
   0.0039899942
   0.0014288295
  -0.0033802067
  -0.0100921043
  -0.0151685920
  -0.0168474026
  -0.0169180642
  -0.0161591774
  -0.0150037224
  -0.0135953913
  -0.0120096874
  -0.0099242853
  -0.0064278948
  -0.0016002113
   0.0030320870
   0.0076616767
   0.0134385713
   0.0188593194
   0.0222794343
   0.0243224003
   0.0248236803
   0.0233335408
   0.0178038269
   0.0072002753
  -0.0064740157
  -0.0170257696
  -0.0201874979
  -0.0169374897
  -0.0105474112
  -0.0016775847
   0.0080987112
   0.0147945834
   0.0178822314
   0.0192354901
   0.0196279301
   0.0195302664
   0.0195210747
   0.0197529433
   0.0203113211
   0.0216212492
   0.0237106798
   0.0260026116
   0.0287767304
   0.0313522399
   0.0328147637
   0.0337090122
   0.0345423599
   0.0350495386
   0.0354242235
   0.0356168825
   0.0352171136
   0.0342660187
   0.0327229801
   0.0305166265
   0.0268204883
   0.0206065741
   0.0131514233
   0.0057358259
  -0.0007411628
  -0.0043796105
  -0.0053454187
  -0.0052548806
  -0.0051725844
  -0.0056062482
  -0.0074798467
  -0.0106255533
  -0.0132931161
  -0.0150863475
  -0.0161716177
  -0.0157554206
  -0.0135802308
  -0.0102514523
  -0.0076334882
  -0.0072786354
  -0.0089198995
  -0.0104177855
  -0.0102681909
  -0.0077255970
  -0.0025531327
   0.0041698913
   0.0107764968
   0.0145981103
   0.0145939339
   0.0112223423
   0.0032402266
  -0.0073340847
  -0.0151725725
  -0.0182371803
  -0.0173360908
  -0.0133367682
  -0.0053679414
   0.0035727123
   0.0078986641
   0.0084090508
   0.0084715741
   0.0089838641
   0.0105723178
   0.0129426614
   0.0143772997
   0.0142490452
   0.0125898043
   0.0102525389
   0.0074378134
   0.0043241390
   0.0015291037
  -0.0016651391
  -0.0052195554
  -0.0081856347
  -0.0095793190
  -0.0093300279
  -0.0072624955
  -0.0034058310
   0.0010538449
   0.0049783583
   0.0067932440
   0.0061866645
   0.0037131467
  -0.0007262932
  -0.0055306268
  -0.0093203632
  -0.0110824199
  -0.0113903793
  -0.0116207437
  -0.0119834614
  -0.0117473943
  -0.0106618395
  -0.0082166136
  -0.0038601282
   0.0026841692
   0.0116223034
   0.0212914582
   0.0285079288
   0.0322169213
   0.0329967600
   0.0316897701
   0.0283027814
   0.0230488987
   0.0178588439
   0.0133140089
   0.0075633884
   0.0012957696
  -0.0045437927
  -0.0105566177
  -0.0162864599
  -0.0209613752
  -0.0241175116
  -0.0246485915
  -0.0231432028
  -0.0203870904
  -0.0169697326
  -0.0135843739
  -0.0106672354
  -0.0095486616
  -0.0102269301
  -0.0108367508
  -0.0107631067
  -0.0108071283
  -0.0108146273
  -0.0108212170
  -0.0114611075
  -0.0135306098
  -0.0176986791
  -0.0223762923
  -0.0260054870
  -0.0287768967
  -0.0304072912
  -0.0309235322
  -0.0307146409
  -0.0288890631
  -0.0237722089
  -0.0136540782
  -0.0049394703
  -0.0040864198
  -0.0067376727
  -0.0077490991
  -0.0067165137
  -0.0035832715
   0.0028341008
   0.0111599151
   0.0177721754
   0.0205630551
   0.0199419323
   0.0179620218
   0.0162798110
   0.0158725912
   0.0159643785
   0.0153774242
   0.0139141538
   0.0108870259
   0.0056904996
  -0.0031814214
  -0.0156952775
  -0.0282633020
  -0.0344649459
  -0.0342693672
  -0.0294647671
  -0.0218093364
  -0.0102968414
   0.0025197645
   0.0128799385
   0.0167836671
   0.0133467434
   0.0076840146
   0.0037529439
   0.0025421970
   0.0038066340
   0.0068631183
   0.0094323374
   0.0092497423
   0.0083606828
   0.0081097323
   0.0088111444
   0.0105605870
   0.0118280421
   0.0116786693
   0.0110411184
   0.0105833019
   0.0103024518
   0.0102027331
   0.0109266938
   0.0126665826
   0.0144141292
   0.0157111772
   0.0157638288
   0.0135147545
   0.0078531900
   0.0013337755
  -0.0033961570
  -0.0079397106
  -0.0121118453
  -0.0140899226
  -0.0140442230
  -0.0119214667
  -0.0077065115
  -0.0004941000
   0.0070346036
   0.0105326092
   0.0107365924
   0.0110044515
   0.0125337895
   0.0136688802
   0.0134581484
   0.0123182567
   0.0109797335
   0.0100430673
   0.0095980830
   0.0082567841
   0.0053578258
   0.0000241835
  -0.0068742466
  -0.0110479890
  -0.0128918023
  -0.0157758589
  -0.0203925861
  -0.0251297179
  -0.0277608541
  -0.0283227577
  -0.0284249747
  -0.0277527305
  -0.0255228564
  -0.0212043388
  -0.0148380914
  -0.0073745362
  -0.0021416331
   0.0000165737
   0.0013984187
   0.0032127466
   0.0053548210
   0.0084928291
   0.0133057708
   0.0174669065
   0.0192382251
   0.0171480701
   0.0113367742
   0.0031476621
  -0.0056414848
  -0.0098496987
  -0.0110350091
  -0.0121869420
  -0.0124436063
  -0.0115999211
  -0.0097052636
  -0.0056406384
   0.0022211412
   0.0113098128
   0.0157499803
   0.0151495619
   0.0132654672
   0.0115699845
   0.0098388402
   0.0076210848
   0.0059035118
   0.0046187009
   0.0031567444
   0.0016057481
   0.0003262982
   0.0005022872
   0.0021665057
   0.0043238877
   0.0068748269
   0.0094423643
   0.0120873675
   0.0146072243
   0.0159793173
   0.0126483914
   0.0057428592
  -0.0000332573
  -0.0027047538
  -0.0027829971
  -0.0026651716
  -0.0041691743
  -0.0065428663
  -0.0083608528
  -0.0093724419
  -0.0096308839
  -0.0093896980
  -0.0092494540
  -0.0095459488
  -0.0094226948
  -0.0084935868
  -0.0073618667
  -0.0059370409
  -0.0032755567
  -0.0004899902
   0.0014543651
   0.0026548815
   0.0036159634
   0.0049704196
   0.0067241199
   0.0096339959
   0.0140091011
   0.0174627154
   0.0186375517
   0.0185647428
   0.0172205131
   0.0137436590
   0.0077287976
  -0.0015474293
  -0.0103482881
  -0.0128913662
  -0.0115795125
  -0.0098302473
  -0.0082414166
  -0.0066275612
  -0.0061092838
  -0.0068565396
  -0.0080238067
  -0.0086544944
  -0.0091560147
  -0.0097942013
  -0.0107587196
  -0.0124497599
  -0.0153111348
  -0.0178505688
  -0.0186882407
  -0.0179137610
  -0.0149346980
  -0.0083170307
   0.0006446578
   0.0073934295
   0.0104277792
   0.0120963485
   0.0146209287
   0.0184345959
   0.0226193964
   0.0261201222
   0.0284685196
   0.0280135231
   0.0236393493
   0.0143686255
   0.0035853696
  -0.0023227310
  -0.0039813791
  -0.0055373681
  -0.0083196881
  -0.0118555469
  -0.0148575834
  -0.0165475039
  -0.0173332634
  -0.0181413350
  -0.0198051994
  -0.0221491988
  -0.0244505476
  -0.0255715016
  -0.0250039211
  -0.0228353247
  -0.0190071585
  -0.0133257138
  -0.0059454564
   0.0007278780
   0.0054188004
   0.0095290180
   0.0126780139
   0.0134836426
   0.0124981797
   0.0109998723
   0.0099896618
   0.0092756393
   0.0091314925
   0.0092709714
   0.0095864409
   0.0099182684
   0.0096432873
   0.0092716810
   0.0093226584
   0.0100931428
   0.0111622694
   0.0124289853
   0.0141214005
   0.0152109986
   0.0152302541
   0.0143411059
   0.0131088689
   0.0121426764
   0.0116745854
   0.0117191245
   0.0118624767
   0.0119080284
   0.0113439960
   0.0102208688
   0.0090891746
   0.0083022028
   0.0086331729
   0.0102743741
   0.0121148611
   0.0126840419
   0.0119633706
   0.0104867322
   0.0081829736
   0.0049293694
   0.0016435071
  -0.0006526094
  -0.0024524447
  -0.0042197598
  -0.0052247740
  -0.0055242772
  -0.0054111869
  -0.0045469268
  -0.0031629424
  -0.0006191310
   0.0017598291
   0.0031169892
   0.0043996717
   0.0058663978
   0.0081301558
   0.0112793180
   0.0133511710
   0.0136421109
   0.0127503904
   0.0112865583
   0.0093533527
   0.0072843381
   0.0064270743
   0.0064719682
   0.0054521558
   0.0024844111
  -0.0014681209
  -0.0053359683
  -0.0082381421
  -0.0098631443
  -0.0102772015
  -0.0098776137
  -0.0095225243
  -0.0093478125
  -0.0084292451
  -0.0066749276
  -0.0042402166
  -0.0016838100
   0.0000433872
   0.0034139316
   0.0059342985
   0.0093647988
   0.0125081586
   0.0140285414
   0.0134488052
   0.0104884064
   0.0053822149
   0.0008171882
  -0.0023446993
  -0.0054717735
  -0.0079581900
  -0.0088804312
  -0.0080543089
  -0.0053864910
  -0.0008774496
   0.0033187142
   0.0058367568
   0.0075205162
   0.0097262821
   0.0123790946
   0.0142608498
   0.0147202703
   0.0140498223
   0.0127955948
   0.0114739765
   0.0104816947
   0.0100688720
   0.0099515092
   0.0096313533
   0.0092786034
   0.0089476630
   0.0083856078
   0.0075445135
   0.0064095669
   0.0044584289
   0.0005625293
  -0.0049188324
  -0.0110092599
  -0.0165187314
  -0.0197347152
  -0.0203964816
  -0.0189926965
  -0.0154864084
  -0.0102812928
  -0.0040680697
   0.0013245314
   0.0039097418
   0.0043694468
   0.0036018629
   0.0016078995
  -0.0009453145
  -0.0032282350
  -0.0048246503
  -0.0058172277
  -0.0065875089
  -0.0073751497
  -0.0082877593
  -0.0094581938
  -0.0112156823
  -0.0136065196
  -0.0154970525
  -0.0165541601
  -0.0164501395
  -0.0153148085
  -0.0131648837
  -0.0100713741
  -0.0071216712
  -0.0044805377
  -0.0024355804
  -0.0016365689
  -0.0015362522
  -0.0011555186
  -0.0003295942
   0.0004726007
   0.0007158848
   0.0004079963
   0.0000776144
  -0.0000579793
   0.0000409951
   0.0000978311
  -0.0001265912
  -0.0007582437
  -0.0021391728
  -0.0039487925
  -0.0058673920
  -0.0078888811
  -0.0095684531
  -0.0103573356
  -0.0103094555
  -0.0098062277
  -0.0091159143
  -0.0085598687
  -0.0081933480
  -0.0080133511
  -0.0073929527
  -0.0060580958
  -0.0047180869
  -0.0035334040
  -0.0027019689
  -0.0022793580
  -0.0016613693
  -0.0011625415
  -0.0016547836
  -0.0041030106
  -0.0077235606
  -0.0099876808
  -0.0101895721
  -0.0089222649
  -0.0059914960
  -0.0014472439
   0.0030255989
   0.0051441483
   0.0055347403
   0.0057440308
   0.0057122388
   0.0051240796
   0.0043009067
   0.0035997241
   0.0031363568
   0.0027307188
   0.0019533667
   0.0002767578
  -0.0019849702
  -0.0041104060
  -0.0057638185
  -0.0070683322
  -0.0077680368
  -0.0075134940
  -0.0065358294
  -0.0049782881
  -0.0030909872
  -0.0011964915
   0.0005402853
   0.0015291037
   0.0016286571
   0.0013090068
   0.0008422367
   0.0004125042
   0.0002029384
   0.0001802165
   0.0001281479
  -0.0001220046
  -0.0005141070
  -0.0008744371
  -0.0011053012
  -0.0012100015
  -0.0012413245
  -0.0012148963
  -0.0011570110
  -0.0010761078
  -0.0009576628
  -0.0008204040
  -0.0006915814
  -0.0005339173
  -0.0003318314
  -0.0000910023
   0.0001743393
   0.0004092208
   0.0006093307
   0.0008166361
   0.0010466061
   0.0012834446
   0.0014574660
   0.0015352019
   0.0015523463
   0.0015577774
   0.0015694361
   0.0015998096
   0.0016463297
   0.0016897534
   0.0017250834
   0.0017545991
   0.0017778240
   0.0017995961
   0.0018244336
   0.0018502290
   0.0018751470
   0.0018979155
   0.0019188434
   0.0019381766
   0.0019552745
   0.0019712932
   0.0019867845
   0.0020017214
   0.0020171247
   0.0020342699
   0.0020528968
   0.0020713197
   0.0020883141
   0.0021035633
   0.0021170318
   0.0021287570
   0.0021387972
   0.0021471976
   0.0021539729
   0.0021591154
   0.0021626039
   0.0021644086
