  -0.0001904839
  -0.0001874405
  -0.0001843458
  -0.0001812366
  -0.0001780910
  -0.0001749329
  -0.0001717423
  -0.0001685316
  -0.0001652738
  -0.0001619799
  -0.0001586548
  -0.0001553239
  -0.0001519965
  -0.0001486740
  -0.0001453289
  -0.0001418914
  -0.0001382480
  -0.0001343650
  -0.0001303519
  -0.0001264338
  -0.0001228158
  -0.0001194128
  -0.0001159260
  -0.0001125488
  -0.0001094877
  -0.0001065140
  -0.0001031874
  -0.0000994898
  -0.0000956948
  -0.0000916259
  -0.0000864550
  -0.0000792148
  -0.0000689021
  -0.0000568801
  -0.0000447419
  -0.0000353736
  -0.0000292679
  -0.0000257558
  -0.0000240793
  -0.0000236466
  -0.0000247256
  -0.0000249738
  -0.0000241702
  -0.0000240759
  -0.0000205266
  -0.0000097497
   0.0000027647
   0.0000117417
   0.0000176239
   0.0000227402
   0.0000229027
   0.0000209339
   0.0000216424
   0.0000222154
   0.0000141049
  -0.0000145746
  -0.0000497548
  -0.0000705683
  -0.0000763227
  -0.0000723455
  -0.0000564710
  -0.0000137880
   0.0000472507
   0.0001181845
   0.0001971272
   0.0002708684
   0.0003287200
   0.0003573218
   0.0003170946
   0.0001726594
  -0.0000266896
  -0.0001899004
  -0.0002649952
  -0.0002629409
  -0.0002430815
  -0.0002405768
  -0.0002749267
  -0.0003208821
  -0.0003427989
  -0.0002919422
  -0.0001605028
   0.0000459182
   0.0002889362
   0.0005092493
   0.0006607081
   0.0007626995
   0.0008315938
   0.0008580647
   0.0008467960
   0.0008301547
   0.0008483286
   0.0008934405
   0.0009167689
   0.0008812907
   0.0007737877
   0.0005705399
   0.0003205470
   0.0000906422
  -0.0002074784
  -0.0005551465
  -0.0009164773
  -0.0012404936
  -0.0014098765
  -0.0013975859
  -0.0012554487
  -0.0010094708
  -0.0005038372
   0.0003687908
   0.0015040328
   0.0026909631
   0.0036492885
   0.0041582590
   0.0042342464
   0.0039541951
   0.0035685439
   0.0033470544
   0.0032987179
   0.0034460301
   0.0036257865
   0.0036474728
   0.0034003111
   0.0027655365
   0.0017252699
   0.0003289143
  -0.0012666262
  -0.0025827628
  -0.0033157360
  -0.0035149422
  -0.0033641218
  -0.0032581030
  -0.0035130279
  -0.0038229799
  -0.0037194724
  -0.0029395008
  -0.0014453043
   0.0005541619
   0.0023347292
   0.0034412823
   0.0036957410
   0.0032084530
   0.0022146414
   0.0011276375
   0.0000818072
  -0.0015949942
  -0.0040243373
  -0.0063701390
  -0.0075857908
  -0.0072473995
  -0.0059232347
  -0.0047835740
  -0.0039628908
  -0.0031365672
  -0.0023253398
  -0.0020890743
  -0.0025064968
  -0.0033693320
  -0.0039840635
  -0.0037150184
  -0.0025271900
  -0.0008776908
   0.0006871215
   0.0021100915
   0.0031264234
   0.0038676167
   0.0044146604
   0.0047352243
   0.0050002892
   0.0055394807
   0.0065285350
   0.0071870504
   0.0075686911
   0.0079321955
   0.0079911325
   0.0073270827
   0.0056182201
   0.0028163521
  -0.0004358030
  -0.0030533529
  -0.0044396806
  -0.0045745879
  -0.0039320899
  -0.0028265641
  -0.0014589186
   0.0001557203
   0.0013339898
   0.0015186765
   0.0005330570
  -0.0018488170
  -0.0050250194
  -0.0082418403
  -0.0098585637
  -0.0092736172
  -0.0062744743
  -0.0007619380
   0.0055205767
   0.0095673850
   0.0097802451
   0.0065578311
   0.0020383251
  -0.0015934742
  -0.0036168898
  -0.0050637220
  -0.0068073980
  -0.0088771987
  -0.0123217656
  -0.0167655610
  -0.0195236640
  -0.0194081629
  -0.0164391955
  -0.0124475147
  -0.0096273606
  -0.0076945066
  -0.0059314812
  -0.0038897825
   0.0004395817
   0.0082625430
   0.0173129914
   0.0248776341
   0.0286944580
   0.0281988495
   0.0252479047
   0.0213475729
   0.0161992948
   0.0098677257
   0.0030644558
  -0.0027152687
  -0.0056923633
  -0.0057160548
  -0.0029441443
   0.0033490918
   0.0126189544
   0.0209274742
   0.0242597772
   0.0227241851
   0.0190589493
   0.0155593858
   0.0132599873
   0.0119931902
   0.0117241792
   0.0128046962
   0.0141698664
   0.0147963679
   0.0142442579
   0.0120270540
   0.0075364630
   0.0014802171
  -0.0028994507
  -0.0041541367
  -0.0028189506
  -0.0012219860
  -0.0013356359
  -0.0045389691
  -0.0107287660
  -0.0175121388
  -0.0221583928
  -0.0215076141
  -0.0140883011
  -0.0041858341
   0.0025417536
   0.0054475233
   0.0076587361
   0.0115244006
   0.0162276981
   0.0186425768
   0.0158352617
   0.0076967658
  -0.0032311060
  -0.0132027599
  -0.0199528413
  -0.0238125374
  -0.0247327744
  -0.0209258821
  -0.0144580183
  -0.0082743774
  -0.0052587850
  -0.0058691800
  -0.0076392370
  -0.0087964408
  -0.0083519000
  -0.0059845105
  -0.0033097468
  -0.0018505422
  -0.0024255816
  -0.0034809117
  -0.0043297442
  -0.0047431809
  -0.0048061094
  -0.0025746394
   0.0016624429
   0.0064212123
   0.0099420110
   0.0102552286
   0.0075538602
   0.0030980144
  -0.0013238437
  -0.0045379646
  -0.0045326520
   0.0000087290
   0.0102751940
   0.0219315982
   0.0299750910
   0.0336330866
   0.0342466980
   0.0331690543
   0.0296256689
   0.0206561963
   0.0085632343
  -0.0005323696
  -0.0044789991
  -0.0041543452
  -0.0026067216
  -0.0004937683
   0.0021527970
   0.0038629978
   0.0002129333
  -0.0107813935
  -0.0254074532
  -0.0361151280
  -0.0391460176
  -0.0383545868
  -0.0369161112
  -0.0340480869
  -0.0281231502
  -0.0209374815
  -0.0143541147
  -0.0077266797
  -0.0020653998
   0.0010115610
   0.0026210635
   0.0057107650
   0.0126414178
   0.0212018793
   0.0281222215
   0.0309945672
   0.0294391121
   0.0234391395
   0.0132365801
   0.0003749060
  -0.0144531511
  -0.0299650268
  -0.0428899851
  -0.0503231075
  -0.0531768790
  -0.0535467137
  -0.0514655713
  -0.0443837474
  -0.0300169587
  -0.0100090961
   0.0097508770
   0.0218795905
   0.0240010843
   0.0199155793
   0.0150376692
   0.0126213690
   0.0124789089
   0.0124714678
   0.0129734768
   0.0145222698
   0.0165772548
   0.0183157395
   0.0207130561
   0.0236020806
   0.0272311725
   0.0300877301
   0.0296623245
   0.0249548307
   0.0168238498
   0.0080189085
  -0.0001197190
  -0.0078800911
  -0.0137917737
  -0.0169772195
  -0.0178323028
  -0.0184356320
  -0.0202087670
  -0.0217868712
  -0.0222504108
  -0.0197444883
  -0.0120629742
   0.0003232772
   0.0150041030
   0.0271862154
   0.0337826656
   0.0338205721
   0.0308803928
   0.0272375408
   0.0227006073
   0.0170293049
   0.0100559352
   0.0041958509
   0.0018699169
   0.0028156906
   0.0064852913
   0.0116297750
   0.0158247824
   0.0161543131
   0.0103652067
   0.0002403945
  -0.0104864052
  -0.0171944521
  -0.0182177872
  -0.0143974323
  -0.0067916838
   0.0023298374
   0.0091246561
   0.0123003655
   0.0140516398
   0.0159036241
   0.0175685513
   0.0187173701
   0.0193569133
   0.0189621362
   0.0180063808
   0.0181552055
   0.0208748789
   0.0259180537
   0.0322266609
   0.0372469780
   0.0355947477
   0.0221249403
  -0.0013803695
  -0.0260784929
  -0.0416496847
  -0.0432315795
  -0.0334683450
  -0.0197599162
  -0.0083954564
  -0.0026451550
  -0.0033757079
  -0.0099306296
  -0.0196865861
  -0.0279739313
  -0.0313934003
  -0.0309382571
  -0.0275599734
  -0.0214229689
  -0.0133745806
  -0.0034935592
   0.0066797232
   0.0145602635
   0.0181565549
   0.0182185112
   0.0160418578
   0.0121586748
   0.0070103436
   0.0022625818
  -0.0018808090
  -0.0065336391
  -0.0141882605
  -0.0256980065
  -0.0375350295
  -0.0449551499
  -0.0467336468
  -0.0452553504
  -0.0433416221
  -0.0426986711
  -0.0421661227
  -0.0384072579
  -0.0301360988
  -0.0174703109
  -0.0010901441
   0.0167231815
   0.0344344488
   0.0506789358
   0.0642064178
   0.0744113957
   0.0805231356
   0.0820754823
   0.0775571420
   0.0625414699
   0.0367355815
   0.0078974352
  -0.0166669491
  -0.0333134590
  -0.0418373218
  -0.0426848731
  -0.0399957864
  -0.0362076767
  -0.0319449967
  -0.0245971450
  -0.0132466916
   0.0005737830
   0.0131114299
   0.0207712046
   0.0232697733
   0.0231238712
   0.0224924438
   0.0214883955
   0.0193900436
   0.0146338343
   0.0080471374
   0.0017787782
  -0.0028933837
  -0.0052986058
  -0.0054379936
  -0.0051895469
  -0.0060522532
  -0.0075916644
  -0.0111408380
  -0.0166449444
  -0.0219983326
  -0.0243573675
  -0.0241527103
  -0.0239485838
  -0.0260123840
  -0.0324841787
  -0.0407599245
  -0.0477150459
  -0.0523265415
  -0.0539456985
  -0.0502930097
  -0.0386293521
  -0.0199207156
   0.0008465799
   0.0177526802
   0.0288491165
   0.0356074084
   0.0410596701
   0.0458213702
   0.0474195459
   0.0459339524
   0.0421056808
   0.0354305557
   0.0254688996
   0.0141988497
   0.0040832743
  -0.0046319405
  -0.0118084605
  -0.0183650577
  -0.0221638324
  -0.0221190838
  -0.0182232249
  -0.0129589169
  -0.0097209707
  -0.0092274016
  -0.0111900786
  -0.0157920161
  -0.0224514289
  -0.0286846591
  -0.0313331859
  -0.0294176191
  -0.0236909903
  -0.0153171235
  -0.0073825873
  -0.0025166368
  -0.0006964778
  -0.0011822583
  -0.0025673348
  -0.0038617506
  -0.0048833704
  -0.0065365750
  -0.0091303307
  -0.0141615895
  -0.0222617638
  -0.0312265928
  -0.0383116388
  -0.0409805971
  -0.0404140656
  -0.0394923313
  -0.0402397147
  -0.0424595569
  -0.0452486030
  -0.0478714481
  -0.0495443375
  -0.0496873019
  -0.0484531991
  -0.0472607176
  -0.0452866801
  -0.0418402785
  -0.0382656013
  -0.0317118149
  -0.0209333497
  -0.0081385717
   0.0020059169
   0.0072688129
   0.0094533717
   0.0101079524
   0.0090006525
   0.0057894285
   0.0016365270
  -0.0022238224
  -0.0044210799
  -0.0044346618
  -0.0037183693
  -0.0036154683
  -0.0048977711
  -0.0070029993
  -0.0096117393
  -0.0135142546
  -0.0190051032
  -0.0256398200
  -0.0321464508
  -0.0367991128
  -0.0388175009
  -0.0385914645
  -0.0376400873
  -0.0377479692
  -0.0388824916
  -0.0410773345
  -0.0449719235
  -0.0506168639
  -0.0566564487
  -0.0609092352
  -0.0635135250
  -0.0647703338
  -0.0634017198
  -0.0542985700
  -0.0360350126
  -0.0132474687
   0.0078015450
   0.0243094916
   0.0355917341
   0.0420884144
   0.0439731253
   0.0406761511
   0.0314198401
   0.0162300408
  -0.0024575898
  -0.0219457184
  -0.0403064112
  -0.0531719701
  -0.0577782914
  -0.0542631654
  -0.0444255962
  -0.0305459628
  -0.0154776442
   0.0001244607
   0.0140626517
   0.0243671284
   0.0298248865
   0.0310267308
   0.0309538745
   0.0314700662
   0.0324021490
   0.0324473336
   0.0308748585
   0.0286039373
   0.0254648815
   0.0212148243
   0.0170567776
   0.0143923548
   0.0124090225
   0.0128270895
   0.0178224945
   0.0291884364
   0.0471218093
   0.0708407366
   0.0981689877
   0.1263984846
   0.1543470944
   0.1794496467
   0.1990234989
   0.2101361667
   0.2114077401
   0.2029633103
   0.1850589170
   0.1626311228
   0.1414169428
   0.1246712373
   0.1136114490
   0.1078542865
   0.1061553174
   0.1059302855
   0.1053834654
   0.1023675868
   0.0957622096
   0.0877392622
   0.0795877170
   0.0721157784
   0.0644918537
   0.0565813939
   0.0487083477
   0.0385773633
   0.0220877730
  -0.0016175594
  -0.0279964667
  -0.0500278349
  -0.0638752857
  -0.0684777974
  -0.0668334516
  -0.0616411527
  -0.0534984777
  -0.0438456268
  -0.0345292151
  -0.0259921608
  -0.0172400043
  -0.0063339856
   0.0076692684
   0.0241032992
   0.0405113526
   0.0539287543
   0.0632525767
   0.0684522864
   0.0696731219
   0.0664340119
   0.0581232974
   0.0449666356
   0.0299785404
   0.0151755806
   0.0004147181
  -0.0139805841
  -0.0286501832
  -0.0451945673
  -0.0660136100
  -0.0906510685
  -0.1157256837
  -0.1343789009
  -0.1447231093
  -0.1473675611
  -0.1423368576
  -0.1306155631
  -0.1141000069
  -0.0950083632
  -0.0755905341
  -0.0591622575
  -0.0480565455
  -0.0439647101
  -0.0466547065
  -0.0571710673
  -0.0749584433
  -0.0951103316
  -0.1092999644
  -0.1120147327
  -0.1003022136
  -0.0757237375
  -0.0420209030
  -0.0026611989
   0.0380837449
   0.0760610674
   0.1068388284
   0.1265222493
   0.1339975047
   0.1307040558
   0.1184442427
   0.0991221465
   0.0773000791
   0.0572408532
   0.0397324879
   0.0242290161
   0.0109774213
  -0.0002806654
  -0.0117678323
  -0.0245606979
  -0.0396859387
  -0.0581199995
  -0.0784580656
  -0.0974417326
  -0.1144517223
  -0.1299406948
  -0.1437537266
  -0.1546773926
  -0.1599568954
  -0.1575414936
  -0.1478924903
  -0.1344008677
  -0.1217057175
  -0.1125627848
  -0.1076651710
  -0.1064218759
  -0.1067431713
  -0.1050628523
  -0.0959173798
  -0.0768022531
  -0.0484350608
  -0.0155830451
   0.0168341035
   0.0443652111
   0.0652274293
   0.0785051834
   0.0838630010
   0.0834230961
   0.0803960162
   0.0782087735
   0.0776369162
   0.0779690529
   0.0799057146
   0.0835019985
   0.0874998258
   0.0916876595
   0.0969657029
   0.1019695686
   0.1053910846
   0.1067972449
   0.1059425862
   0.1022261766
   0.0949782844
   0.0838318608
   0.0704621834
   0.0596920008
   0.0551710448
   0.0561903126
   0.0654739921
   0.0858108072
   0.1161813008
   0.1503163452
   0.1806518132
   0.2021921027
   0.2137348197
   0.2179083247
   0.2174130764
   0.2123434619
   0.2032244861
   0.1912352306
   0.1768814438
   0.1595551813
   0.1402044088
   0.1219655475
   0.1049648450
   0.0856407587
   0.0617676277
   0.0345367395
   0.0060130768
  -0.0236542020
  -0.0543383339
  -0.0808304435
  -0.0976975636
  -0.1048630471
  -0.1035487342
  -0.0967335256
  -0.0885826059
  -0.0799843327
  -0.0719614042
  -0.0671079515
  -0.0674877935
  -0.0763067583
  -0.0956778298
  -0.1235767631
  -0.1549480829
  -0.1856577448
  -0.2131550399
  -0.2345115587
  -0.2481738173
  -0.2531046941
  -0.2479452412
  -0.2323798870
  -0.2087116407
  -0.1814900206
  -0.1560053329
  -0.1349898209
  -0.1192176679
  -0.1093311614
  -0.1052352889
  -0.1056723697
  -0.1092733161
  -0.1136918676
  -0.1174974333
  -0.1196833871
  -0.1191432953
  -0.1162151134
  -0.1137379051
  -0.1128888565
  -0.1129165661
  -0.1137203733
  -0.1163097280
  -0.1211179015
  -0.1266732688
  -0.1278269340
  -0.1222394409
  -0.1106762544
  -0.0949084985
  -0.0771148300
  -0.0609771826
  -0.0511562733
  -0.0495627601
  -0.0529048999
  -0.0569224386
  -0.0591897018
  -0.0543039527
  -0.0392104397
  -0.0168462753
   0.0092545976
   0.0366274153
   0.0619102509
   0.0818405758
   0.0948160825
   0.1011211265
   0.1020695849
   0.0980583197
   0.0888660896
   0.0743353174
   0.0570448955
   0.0400425251
   0.0256095516
   0.0144602718
   0.0073834004
   0.0043050254
   0.0046678796
   0.0109243161
   0.0248587756
   0.0445613962
   0.0679981666
   0.0926571370
   0.1154918386
   0.1354104503
   0.1522435682
   0.1638305600
   0.1684605161
   0.1647282048
   0.1533908841
   0.1355801956
   0.1132394536
   0.0899892780
   0.0686212546
   0.0509574348
   0.0375372091
   0.0277589446
   0.0245723352
   0.0287220349
   0.0374312036
   0.0491797908
   0.0627256765
   0.0760653508
   0.0865714579
   0.0940835774
   0.0986207952
   0.1019360214
   0.1058157321
   0.1101736711
   0.1155886328
   0.1215077319
   0.1293106700
   0.1416584261
   0.1570495621
   0.1720155767
   0.1831210991
   0.1882177599
   0.1867636858
   0.1783809299
   0.1637429771
   0.1423044855
   0.1150557243
   0.0857505170
   0.0589652954
   0.0386456519
   0.0266877829
   0.0192038469
   0.0112716041
   0.0019884231
  -0.0062073893
  -0.0120789214
  -0.0163789337
  -0.0200942515
  -0.0247921171
  -0.0298960559
  -0.0349630170
  -0.0395927456
  -0.0444626687
  -0.0492251838
  -0.0537214437
  -0.0592228321
  -0.0680250233
  -0.0832488400
  -0.1057312764
  -0.1329445002
  -0.1626265929
  -0.1909116987
  -0.2126281396
  -0.2266470984
  -0.2339090350
  -0.2361038210
  -0.2322491096
  -0.2187490908
  -0.1945101621
  -0.1614067998
  -0.1247154552
  -0.0887727638
  -0.0555729295
  -0.0271115586
  -0.0068084593
   0.0053761814
   0.0135002387
   0.0209658734
   0.0275572631
   0.0311929129
   0.0315868372
   0.0285932666
   0.0209762219
   0.0079732766
  -0.0084138903
  -0.0252767516
  -0.0406268916
  -0.0526571809
  -0.0597590574
  -0.0616341400
  -0.0573045361
  -0.0453589678
  -0.0259481135
  -0.0000442054
   0.0301449689
   0.0606005626
   0.0858658285
   0.1010046398
   0.1041850137
   0.0975627112
   0.0814717267
   0.0570759220
   0.0290763659
   0.0021633843
  -0.0205172122
  -0.0363320858
  -0.0433206408
  -0.0426227254
  -0.0342127906
  -0.0191226891
  -0.0019151820
   0.0142373797
   0.0290131758
   0.0414473587
   0.0505193115
   0.0560965698
   0.0603974406
   0.0643235110
   0.0665351275
   0.0654168859
   0.0606881455
   0.0546438413
   0.0486375763
   0.0437516566
   0.0370401792
   0.0248096678
   0.0060697793
  -0.0168775159
  -0.0409282672
  -0.0641086949
  -0.0848372168
  -0.1005575138
  -0.1093048922
  -0.1106589880
  -0.1053441374
  -0.0948626696
  -0.0804470383
  -0.0640722289
  -0.0493585388
  -0.0375094236
  -0.0277020280
  -0.0196014102
  -0.0133680929
  -0.0091395552
  -0.0063787987
  -0.0051919464
  -0.0050689682
  -0.0052290909
  -0.0057384026
  -0.0089933897
  -0.0171973046
  -0.0304232784
  -0.0453932732
  -0.0572642225
  -0.0611265721
  -0.0551022446
  -0.0395620414
  -0.0173329037
   0.0080199983
   0.0346748708
   0.0617127960
   0.0881635875
   0.1148213295
   0.1415645318
   0.1623132010
   0.1708570405
   0.1678350779
   0.1551687366
   0.1349126433
   0.1092644649
   0.0797569127
   0.0457680926
   0.0068850323
  -0.0345997212
  -0.0757433541
  -0.1137111241
  -0.1435083768
  -0.1603634046
  -0.1603739616
  -0.1451178486
  -0.1202764531
  -0.0909174375
  -0.0604465675
  -0.0327175121
  -0.0121242102
  -0.0005412699
   0.0029683685
   0.0021274982
  -0.0008661581
  -0.0039819028
  -0.0065925383
  -0.0086420988
  -0.0111367745
  -0.0132034214
  -0.0140130700
  -0.0134272099
  -0.0106423108
  -0.0035932627
   0.0059848043
   0.0139701598
   0.0181808947
   0.0198882866
   0.0212287171
   0.0230005614
   0.0253989053
   0.0286745950
   0.0331442065
   0.0379275133
   0.0434429840
   0.0492593565
   0.0546067877
   0.0582044931
   0.0625184606
   0.0682064059
   0.0722605244
   0.0729846332
   0.0721251413
   0.0711555122
   0.0690307774
   0.0630881952
   0.0528266609
   0.0390918871
   0.0225245316
   0.0041871930
  -0.0147670813
  -0.0335784065
  -0.0495033037
  -0.0569705798
  -0.0572296139
  -0.0513639440
  -0.0396311259
  -0.0239692239
  -0.0072208611
   0.0087759713
   0.0220796610
   0.0311288320
   0.0355721175
   0.0361276751
   0.0353602771
   0.0348874314
   0.0329852078
   0.0261412281
   0.0135943965
  -0.0010514845
  -0.0132256592
  -0.0199976089
  -0.0213033929
  -0.0192832800
  -0.0120421237
   0.0012712083
   0.0179523583
   0.0338657946
   0.0471104563
   0.0584389637
   0.0686367773
   0.0777163492
   0.0841428836
   0.0866978192
   0.0867006811
   0.0859398030
   0.0836738286
   0.0790945915
   0.0733199351
   0.0656679027
   0.0540050411
   0.0388550473
   0.0246051812
   0.0137616514
   0.0045936758
  -0.0051909532
  -0.0169623146
  -0.0309633891
  -0.0446292299
  -0.0524020702
  -0.0544097308
  -0.0543096956
  -0.0529240426
  -0.0490535811
  -0.0441671308
  -0.0403677060
  -0.0386959727
  -0.0396575468
  -0.0429625950
  -0.0486837085
  -0.0575083782
  -0.0692322693
  -0.0823336066
  -0.0946650251
  -0.1051235974
  -0.1126044630
  -0.1141151316
  -0.1078140867
  -0.0944692001
  -0.0744748701
  -0.0501730736
  -0.0247642558
  -0.0000942913
   0.0216887692
   0.0385208637
   0.0493636752
   0.0544583080
   0.0556023449
   0.0561110501
   0.0587010303
   0.0612180594
   0.0622625918
   0.0621356429
   0.0605311558
   0.0557277775
   0.0465237775
   0.0330355286
   0.0154885386
  -0.0031928924
  -0.0208845072
  -0.0384500733
  -0.0566911142
  -0.0742444176
  -0.0875412387
  -0.0941334244
  -0.0957534722
  -0.0933617051
  -0.0870018293
  -0.0776703687
  -0.0664410625
  -0.0551635962
  -0.0460218766
  -0.0378473032
  -0.0278379418
  -0.0137437955
   0.0033205482
   0.0212113749
   0.0391882075
   0.0570257717
   0.0725750156
   0.0819730779
   0.0834295971
   0.0772502699
   0.0632737096
   0.0437557505
   0.0212997917
  -0.0023986490
  -0.0246528296
  -0.0418850650
  -0.0505437991
  -0.0521995358
  -0.0480530960
  -0.0396003459
  -0.0288959689
  -0.0190956049
  -0.0120830949
  -0.0080700083
  -0.0070351136
  -0.0091117243
  -0.0126657121
  -0.0161421545
  -0.0186859779
  -0.0192770823
  -0.0160313766
  -0.0068480584
   0.0085967570
   0.0269560851
   0.0450713712
   0.0637435606
   0.0822419108
   0.0967203531
   0.1040523030
   0.1043681778
   0.1006038166
   0.0941599969
   0.0825741044
   0.0652390666
   0.0448950871
   0.0252817173
   0.0102775745
  -0.0020879219
  -0.0170420054
  -0.0332965527
  -0.0463607417
  -0.0542712774
  -0.0568316146
  -0.0568302121
  -0.0542977929
  -0.0477867271
  -0.0380424648
  -0.0283641597
  -0.0215288607
  -0.0169442579
  -0.0137713706
  -0.0122395028
  -0.0124578840
  -0.0147462877
  -0.0198136676
  -0.0280694557
  -0.0371285771
  -0.0445201160
  -0.0499241037
  -0.0519249033
  -0.0506709754
  -0.0459649600
  -0.0381225612
  -0.0283112043
  -0.0170948888
  -0.0048454014
   0.0074726095
   0.0189713853
   0.0275348793
   0.0319496592
   0.0320843220
   0.0288278130
   0.0216594675
   0.0122402003
   0.0055858384
   0.0045749613
   0.0063322021
   0.0060283399
   0.0018020944
  -0.0050994943
  -0.0131730829
  -0.0212108442
  -0.0271989141
  -0.0314552448
  -0.0344116670
  -0.0355898198
  -0.0339922506
  -0.0301487785
  -0.0255960569
  -0.0217772051
  -0.0157613307
  -0.0061556394
   0.0045564042
   0.0129867403
   0.0168135316
   0.0166091682
   0.0134548134
   0.0087628177
   0.0048751201
   0.0020745864
  -0.0016074859
  -0.0088062624
  -0.0217057703
  -0.0403049139
  -0.0620063439
  -0.0819096983
  -0.0969670865
  -0.1053544480
  -0.1066378860
  -0.1041156069
  -0.1013723897
  -0.0980137037
  -0.0921603914
  -0.0845423233
  -0.0760038286
  -0.0662133203
  -0.0539668124
  -0.0387468432
  -0.0214964885
  -0.0050661669
   0.0087231410
   0.0201737414
   0.0303881391
   0.0391875252
   0.0465534393
   0.0542165025
   0.0632264213
   0.0712543154
   0.0770983217
   0.0810713772
   0.0833467335
   0.0828316032
   0.0788945589
   0.0740339797
   0.0691321204
   0.0656776257
   0.0649135635
   0.0664189631
   0.0683128284
   0.0687848590
   0.0685925214
   0.0679564125
   0.0672508400
   0.0671173144
   0.0688817669
   0.0734940586
   0.0803676811
   0.0873968149
   0.0926276458
   0.0956636717
   0.0968364797
   0.0963624021
   0.0915697135
   0.0818400072
   0.0685574579
   0.0539652961
   0.0392057582
   0.0260486226
   0.0173439913
   0.0120349537
   0.0084240019
   0.0045642053
  -0.0012934539
  -0.0079265550
  -0.0128841672
  -0.0157701099
  -0.0166800553
  -0.0170617263
  -0.0187155525
  -0.0214820083
  -0.0253627235
  -0.0296117004
  -0.0345569058
  -0.0386135451
  -0.0404124546
  -0.0359984708
  -0.0231443976
  -0.0057121808
   0.0101297240
   0.0211752310
   0.0269902199
   0.0294584065
   0.0292472863
   0.0277163567
   0.0265327643
   0.0248013852
   0.0207484039
   0.0121216477
  -0.0015864880
  -0.0178812780
  -0.0335650255
  -0.0475067497
  -0.0577061743
  -0.0625718140
  -0.0634340162
  -0.0630079472
  -0.0596159983
  -0.0535681687
  -0.0466624015
  -0.0411345733
  -0.0383257779
  -0.0391377729
  -0.0444240610
  -0.0541060998
  -0.0658079672
  -0.0772030763
  -0.0854544672
  -0.0882148750
  -0.0858812944
  -0.0773775031
  -0.0618042265
  -0.0429302418
  -0.0246305785
  -0.0090009444
   0.0019217190
   0.0079105944
   0.0108845276
   0.0115610126
   0.0103186955
   0.0095304849
   0.0099652534
   0.0102338854
   0.0099946783
   0.0091563838
   0.0082529488
   0.0091793874
   0.0117177806
   0.0138381542
   0.0149808834
   0.0161615077
   0.0184677672
   0.0212512714
   0.0235191033
   0.0252805422
   0.0269011396
   0.0282098803
   0.0288235675
   0.0278648933
   0.0261858630
   0.0257053603
   0.0261946952
   0.0264893424
   0.0254078322
   0.0231541774
   0.0207588092
   0.0180424696
   0.0150749996
   0.0114026468
   0.0071722214
   0.0028531725
  -0.0012829667
  -0.0040332775
  -0.0057777363
  -0.0077019742
  -0.0098278879
  -0.0118233464
  -0.0132274560
  -0.0132415818
  -0.0127484354
  -0.0116032385
  -0.0093603037
  -0.0059062867
  -0.0013460355
   0.0040738545
   0.0090747275
   0.0140075849
   0.0201633361
   0.0272168439
   0.0347540954
   0.0432491871
   0.0530097682
   0.0622898845
   0.0699157803
   0.0752863155
   0.0781191057
   0.0809139705
   0.0853248460
   0.0884765056
   0.0881098171
   0.0842012027
   0.0783369923
   0.0706664236
   0.0610240918
   0.0498412780
   0.0381015041
   0.0262822213
   0.0147932084
   0.0035781968
  -0.0087463663
  -0.0205264803
  -0.0273760322
  -0.0284591155
  -0.0273015838
  -0.0270204503
  -0.0277835270
  -0.0284128696
  -0.0307834659
  -0.0364884122
  -0.0450862306
  -0.0550458966
  -0.0636278321
  -0.0697546208
  -0.0737459283
  -0.0754144774
  -0.0744489232
  -0.0716926851
  -0.0663751431
  -0.0578664051
  -0.0472110412
  -0.0356825581
  -0.0232613201
  -0.0099625791
   0.0026705144
   0.0118293735
   0.0157650835
   0.0160062427
   0.0134553176
   0.0081076476
   0.0003934958
  -0.0087427652
  -0.0178445314
  -0.0260320195
  -0.0329153840
  -0.0389120208
  -0.0445075879
  -0.0478372944
  -0.0474909238
  -0.0463016833
  -0.0453138970
  -0.0437496665
  -0.0425377770
  -0.0429062660
  -0.0441278596
  -0.0444320971
  -0.0447398789
  -0.0459372124
  -0.0467165320
  -0.0475555544
  -0.0488859965
  -0.0497576563
  -0.0485932446
  -0.0451403231
  -0.0406049248
  -0.0357294294
  -0.0298004368
  -0.0226062201
  -0.0157174805
  -0.0108894687
  -0.0071415380
  -0.0050804236
  -0.0033413854
  -0.0009696441
   0.0018421936
   0.0053874794
   0.0086228442
   0.0101453604
   0.0106038603
   0.0103655877
   0.0102459264
   0.0103847513
   0.0120470951
   0.0159249655
   0.0212827149
   0.0277841335
   0.0338820565
   0.0377441596
   0.0390386095
   0.0378668440
   0.0344974305
   0.0293842803
   0.0238586886
   0.0183971948
   0.0140038795
   0.0094774708
   0.0042545965
   0.0005764450
  -0.0012899796
  -0.0031792442
  -0.0046008211
  -0.0040156283
  -0.0019756012
   0.0006372504
   0.0027365456
   0.0037915307
   0.0042160873
   0.0053865318
   0.0080483561
   0.0109013789
   0.0129684201
   0.0140763435
   0.0164169065
   0.0214447651
   0.0276243766
   0.0344091083
   0.0420927926
   0.0492810390
   0.0542918795
   0.0564042379
   0.0561486154
   0.0539333220
   0.0490960743
   0.0430142426
   0.0368770675
   0.0317590843
   0.0271877317
   0.0223176001
   0.0169941807
   0.0111850541
   0.0046177502
  -0.0038416052
  -0.0114443383
  -0.0152905510
  -0.0146017692
  -0.0104106339
  -0.0047015709
   0.0019045966
   0.0084221255
   0.0137733379
   0.0173375264
   0.0180396039
   0.0169634802
   0.0151243917
   0.0123441020
   0.0072341322
  -0.0012049495
  -0.0092694304
  -0.0139941698
  -0.0170313784
  -0.0198947496
  -0.0212406576
  -0.0199654263
  -0.0165217369
  -0.0130155094
  -0.0090271170
  -0.0049272396
  -0.0026377253
  -0.0014654067
  -0.0010407711
  -0.0032946941
  -0.0087491373
  -0.0150326997
  -0.0201497845
  -0.0226446004
  -0.0229628444
  -0.0230426755
  -0.0228313089
  -0.0223968625
  -0.0223322509
  -0.0235028982
  -0.0260565071
  -0.0267666853
  -0.0261729748
  -0.0252037058
  -0.0237825913
  -0.0218219348
  -0.0195891285
  -0.0172987082
  -0.0158597606
  -0.0149292832
  -0.0131995094
  -0.0122559770
  -0.0127744089
  -0.0137772158
  -0.0164614144
  -0.0198252481
  -0.0241294736
  -0.0281905669
  -0.0308841835
  -0.0326826571
  -0.0335887170
  -0.0344874232
  -0.0359785888
  -0.0385136614
  -0.0425072622
  -0.0465111357
  -0.0474763866
  -0.0449001286
  -0.0402774506
  -0.0337959708
  -0.0253508019
  -0.0163320092
  -0.0086528207
  -0.0030041048
   0.0013706037
   0.0051372909
   0.0078792590
   0.0105967642
   0.0133737144
   0.0137621252
   0.0136181639
   0.0142176968
   0.0149347190
   0.0147079396
   0.0127922439
   0.0099347880
   0.0079497727
   0.0075101427
   0.0078698355
   0.0089011006
   0.0112355019
   0.0154746743
   0.0219994698
   0.0294647179
   0.0368711920
   0.0434003582
   0.0481631196
   0.0512556641
   0.0520609497
   0.0507768861
   0.0480545744
   0.0452199836
   0.0430207436
   0.0401024363
   0.0367135010
   0.0329311720
   0.0283206052
   0.0227589454
   0.0168079556
   0.0104746143
   0.0052909885
   0.0026436254
   0.0019768540
   0.0031948674
   0.0052188998
   0.0071778392
   0.0097448651
   0.0134136659
   0.0167353457
   0.0182605912
   0.0176318021
   0.0165395264
   0.0154746780
   0.0144260309
   0.0137853107
   0.0127395331
   0.0112981424
   0.0116361376
   0.0130659667
   0.0134997270
   0.0131022224
   0.0139652642
   0.0168119869
   0.0201669751
   0.0223307536
   0.0239991132
   0.0261855977
   0.0293393232
   0.0320676242
   0.0344392251
   0.0359262779
   0.0360722747
   0.0351472805
   0.0325614131
   0.0281031925
   0.0230726595
   0.0185244564
   0.0146632933
   0.0111057764
   0.0074019916
   0.0040574846
   0.0015588657
  -0.0000281183
  -0.0005146260
  -0.0013052963
  -0.0030076927
  -0.0054498887
  -0.0084269017
  -0.0113487097
  -0.0139827448
  -0.0158487602
  -0.0165831379
  -0.0168016025
  -0.0175846274
  -0.0185350228
  -0.0200155955
  -0.0199568784
  -0.0183836603
  -0.0164274710
  -0.0153079918
  -0.0139025365
  -0.0118569505
  -0.0093350276
  -0.0059255981
  -0.0021802091
   0.0009966984
   0.0049883525
   0.0089246424
   0.0119656075
   0.0127052239
   0.0115754663
   0.0099107818
   0.0086129127
   0.0070894090
   0.0054882008
   0.0031796327
   0.0006887409
  -0.0020147359
  -0.0041873826
  -0.0060254817
  -0.0085783344
  -0.0122227178
  -0.0162174255
  -0.0192246007
  -0.0208154605
  -0.0212907321
  -0.0205602171
  -0.0181753793
  -0.0151436615
  -0.0111596378
  -0.0059912010
   0.0006754206
   0.0065968141
   0.0113495777
   0.0153050673
   0.0184326867
   0.0202691521
   0.0200469253
   0.0176427514
   0.0124138007
   0.0039108604
  -0.0058384208
  -0.0127246320
  -0.0163951046
  -0.0183459869
  -0.0193811166
  -0.0183815376
  -0.0152470495
  -0.0122538997
  -0.0108019312
  -0.0103340988
  -0.0099363668
  -0.0087993482
  -0.0088503154
  -0.0105098807
  -0.0110990575
  -0.0096492365
  -0.0062677403
  -0.0019747142
   0.0006214889
   0.0005990079
   0.0002840330
   0.0013664023
   0.0035471722
   0.0060636308
   0.0080825573
   0.0099721126
   0.0125796927
   0.0163707023
   0.0202515824
   0.0233666812
   0.0260955508
   0.0282381775
   0.0295458568
   0.0303389743
   0.0311234492
   0.0315061722
   0.0289328898
   0.0240283202
   0.0168231618
   0.0082560667
  -0.0002395211
  -0.0080073735
  -0.0133918110
  -0.0164855741
  -0.0189711958
  -0.0208032167
  -0.0229341113
  -0.0255917166
  -0.0285526687
  -0.0316458955
  -0.0343268702
  -0.0364053401
  -0.0391593796
  -0.0433315010
  -0.0466870408
  -0.0472703648
  -0.0453768217
  -0.0431471807
  -0.0422440585
  -0.0417885930
  -0.0402314511
  -0.0379445902
  -0.0358744218
  -0.0348799260
  -0.0350776462
  -0.0359152850
  -0.0355745246
  -0.0345784746
  -0.0338983183
  -0.0327900841
  -0.0303540422
  -0.0266971837
  -0.0232388416
  -0.0203519778
  -0.0171160236
  -0.0130362689
  -0.0087473102
  -0.0052077799
  -0.0027430428
   0.0001136434
   0.0044476031
   0.0094812879
   0.0141564949
   0.0172380237
   0.0186122308
   0.0187136856
   0.0184397828
   0.0170294792
   0.0133618364
   0.0087822543
   0.0049379975
   0.0022139440
  -0.0010671110
  -0.0039654704
  -0.0061512043
  -0.0076726724
  -0.0079719537
  -0.0068641174
  -0.0057055490
  -0.0045188389
  -0.0028365714
  -0.0028101847
  -0.0042658035
  -0.0054542441
  -0.0067211872
  -0.0079106001
  -0.0085444687
  -0.0082446397
  -0.0069521666
  -0.0061743709
  -0.0052856664
  -0.0035691087
  -0.0020224991
  -0.0019721574
  -0.0028909748
  -0.0030563286
  -0.0020898248
  -0.0005179907
   0.0007236365
   0.0014797678
   0.0025552711
   0.0042560009
   0.0065590175
   0.0083953181
   0.0094512584
   0.0094526723
   0.0100839538
   0.0108554836
   0.0108033641
   0.0097740095
   0.0079145045
   0.0060141041
   0.0047349533
   0.0036320884
   0.0023513853
   0.0020852514
   0.0030166140
   0.0031953279
   0.0033794625
   0.0043544573
   0.0057290738
   0.0068010164
   0.0073796116
   0.0079637223
   0.0102100194
   0.0128681896
   0.0155373451
   0.0179004018
   0.0198186523
   0.0214825769
   0.0231630855
   0.0240572618
   0.0234308190
   0.0219389521
   0.0196677466
   0.0185493250
   0.0192137216
   0.0198076026
   0.0193977007
   0.0198909400
   0.0217889751
   0.0237873296
   0.0249923392
   0.0248980468
   0.0233475764
   0.0204776757
   0.0170454057
   0.0127812188
   0.0092063900
   0.0070575827
   0.0066015524
   0.0074796336
   0.0086632468
   0.0099289902
   0.0114426495
   0.0123910947
   0.0118418580
   0.0096430425
   0.0067159770
   0.0038254722
   0.0007031552
  -0.0012079706
  -0.0021248580
  -0.0026518398
  -0.0015328063
   0.0016903228
   0.0052376104
   0.0077320681
   0.0096377242
   0.0110681770
   0.0113758981
   0.0107095019
   0.0092899094
   0.0078850796
   0.0061680177
   0.0042992693
   0.0040141916
   0.0058693089
   0.0083041643
   0.0105116945
   0.0126839489
   0.0148427275
   0.0167880604
   0.0177336056
   0.0174019390
   0.0178363626
   0.0193404051
   0.0200576907
   0.0192354230
   0.0177859469
   0.0159225300
   0.0137530314
   0.0121946954
   0.0117292624
   0.0116492077
   0.0107563430
   0.0100834876
   0.0087421663
   0.0056898178
   0.0021572264
  -0.0003533452
  -0.0015203904
  -0.0019928069
  -0.0022695471
  -0.0028747110
  -0.0033212609
  -0.0029637230
  -0.0027650191
  -0.0031475790
  -0.0038701905
  -0.0057058542
  -0.0084182079
  -0.0111103953
  -0.0131402274
  -0.0157907159
  -0.0199984049
  -0.0239519007
  -0.0259620820
  -0.0269864671
  -0.0277344760
  -0.0275031137
  -0.0256066328
  -0.0236311549
  -0.0221309295
  -0.0207193296
  -0.0193048488
  -0.0166543964
  -0.0132585867
  -0.0100406854
  -0.0069638684
  -0.0043108819
  -0.0025370437
  -0.0028691388
  -0.0061276985
  -0.0114723682
  -0.0161100496
  -0.0192483870
  -0.0220109176
  -0.0246655852
  -0.0260431072
  -0.0251056227
  -0.0222962966
  -0.0183465442
  -0.0142691245
  -0.0102912531
  -0.0068624268
  -0.0044197987
  -0.0033277846
  -0.0038584509
  -0.0054909376
  -0.0078350430
  -0.0093372224
  -0.0098434750
  -0.0106697399
  -0.0107788329
  -0.0096156153
  -0.0079300500
  -0.0058504902
  -0.0036449293
  -0.0007867667
   0.0019740470
   0.0037889095
   0.0043264558
   0.0047878290
   0.0060003535
   0.0074041049
   0.0084906226
   0.0096150467
   0.0104503731
   0.0103782219
   0.0088858110
   0.0067292670
   0.0046605769
   0.0022984660
  -0.0007054383
  -0.0029147516
  -0.0047928175
  -0.0072380953
  -0.0093077425
  -0.0113398699
  -0.0129993290
  -0.0145191918
  -0.0158915130
  -0.0180211302
  -0.0205844962
  -0.0221977018
  -0.0228689311
  -0.0226716846
  -0.0221373736
  -0.0212572607
  -0.0194534233
  -0.0169150168
  -0.0146364479
  -0.0120512288
  -0.0086000757
  -0.0047828197
  -0.0013884506
  -0.0001135553
  -0.0018343678
  -0.0039415173
  -0.0047501481
  -0.0049272756
  -0.0048217478
  -0.0041144884
  -0.0019763915
   0.0011523392
   0.0035630437
   0.0045166270
   0.0053191587
   0.0064335546
   0.0086292561
   0.0110109780
   0.0121408076
   0.0120991824
   0.0117892173
   0.0113855264
   0.0106565731
   0.0087274927
   0.0060980859
   0.0038509264
   0.0023072603
   0.0013628990
   0.0012166614
   0.0018180239
   0.0031740605
   0.0038447154
   0.0032768781
   0.0020746338
   0.0015254608
   0.0008168738
  -0.0002797617
  -0.0013338238
  -0.0024526468
  -0.0041467715
  -0.0065148224
  -0.0070017104
  -0.0052363633
  -0.0036776312
  -0.0028173282
  -0.0009946167
   0.0012212278
   0.0027676650
   0.0039292564
   0.0046466633
   0.0053223656
   0.0063932354
   0.0090102599
   0.0116283762
   0.0126520487
   0.0125306531
   0.0122604973
   0.0116080868
   0.0113812145
   0.0114577515
   0.0111172033
   0.0098154943
   0.0079452201
   0.0068353957
   0.0067636937
   0.0070470201
   0.0069304803
   0.0075930953
   0.0090706772
   0.0108626195
   0.0125108242
   0.0133346612
   0.0135689670
   0.0139012022
   0.0136608883
   0.0128519448
   0.0118807709
   0.0105595988
   0.0087843922
   0.0069382777
   0.0060679522
   0.0051584958
   0.0043837325
   0.0039942035
   0.0038070042
   0.0036652756
   0.0031609524
   0.0033991113
   0.0044669979
   0.0057339448
   0.0055400474
   0.0068730804
   0.0109158478
   0.0146254911
   0.0157829981
   0.0143410123
   0.0115937790
   0.0089052116
   0.0059791088
   0.0029123484
   0.0011015553
   0.0005654997
   0.0013574403
   0.0029119352
   0.0039492559
   0.0049981096
   0.0058005351
   0.0055889278
   0.0044493885
   0.0027852555
  -0.0000690502
  -0.0036535340
  -0.0071941503
  -0.0101847225
  -0.0131966607
  -0.0158927696
  -0.0175169890
  -0.0188615949
  -0.0205167004
  -0.0213503211
  -0.0213698998
  -0.0215346983
  -0.0218073976
  -0.0218989039
  -0.0214828991
  -0.0207225137
  -0.0195102262
  -0.0182152531
  -0.0161049986
  -0.0137236292
  -0.0109282433
  -0.0084083787
  -0.0069351561
  -0.0052386453
  -0.0031509148
  -0.0007339001
   0.0014302875
   0.0034184645
   0.0049139458
   0.0063058173
   0.0072012692
   0.0095851252
   0.0137983335
   0.0174413845
   0.0193728530
   0.0200385479
   0.0202205939
   0.0207720765
   0.0212991663
   0.0210680693
   0.0206566323
   0.0209214660
   0.0224913445
   0.0234545485
   0.0217275097
   0.0175867710
   0.0132579764
   0.0102421888
   0.0070478218
   0.0027361647
  -0.0025429875
  -0.0072959198
  -0.0106152076
  -0.0130261062
  -0.0156963761
  -0.0185699006
  -0.0212705090
  -0.0228306455
  -0.0229503163
  -0.0233995462
  -0.0241046259
  -0.0240597067
  -0.0228292809
  -0.0208951399
  -0.0189331472
  -0.0177544959
  -0.0164397603
  -0.0155674485
  -0.0149111563
  -0.0138811611
  -0.0131094834
  -0.0130997528
  -0.0130011466
  -0.0123908786
  -0.0124168104
  -0.0127653853
  -0.0127939554
  -0.0134272725
  -0.0145308405
  -0.0157138965
  -0.0173505226
  -0.0176640017
  -0.0162289301
  -0.0138496020
  -0.0109182833
  -0.0084897848
  -0.0067478961
  -0.0048672450
  -0.0025533644
  -0.0005529445
   0.0008007548
   0.0017200678
   0.0034781483
   0.0055891003
   0.0070524445
   0.0091694938
   0.0121059412
   0.0152042436
   0.0176820320
   0.0204721603
   0.0234660152
   0.0245252743
   0.0236216024
   0.0219375685
   0.0194331054
   0.0162144631
   0.0134127581
   0.0117034728
   0.0097167688
   0.0070566559
   0.0060480778
   0.0066618939
   0.0074037581
   0.0075027168
   0.0068249866
   0.0067009546
   0.0076872361
   0.0093968342
   0.0104590897
   0.0116127606
   0.0139122406
   0.0160690159
   0.0176058987
   0.0193764731
   0.0203824167
   0.0197545904
   0.0179665429
   0.0153288859
   0.0118508760
   0.0084622875
   0.0048665930
   0.0027814212
   0.0040639533
   0.0058536649
   0.0062091406
   0.0054360528
   0.0044550763
   0.0040351482
   0.0033911908
   0.0020630704
   0.0006842247
   0.0000392544
   0.0001318881
   0.0007449026
   0.0001456111
  -0.0018207401
  -0.0037373946
  -0.0041401662
  -0.0036640038
  -0.0030689420
  -0.0028472876
  -0.0043658255
  -0.0063988114
  -0.0079911799
  -0.0086649697
  -0.0086393999
  -0.0075243652
  -0.0054299404
  -0.0021439591
   0.0011428040
   0.0048228793
   0.0097666992
   0.0146959536
   0.0194363085
   0.0231255770
   0.0249484245
   0.0247939176
   0.0221352319
   0.0183095361
   0.0143105033
   0.0103359827
   0.0069700604
   0.0042282173
   0.0021265828
   0.0011638128
   0.0010284360
   0.0003311536
  -0.0006460753
  -0.0011716892
  -0.0022970843
  -0.0043638828
  -0.0054808052
  -0.0053686323
  -0.0045875747
  -0.0040258535
  -0.0040224780
  -0.0045958402
  -0.0049758054
  -0.0052540145
  -0.0058451928
  -0.0062063677
  -0.0065237361
  -0.0062170024
  -0.0060658408
  -0.0081766886
  -0.0109092426
  -0.0121632368
  -0.0120273383
  -0.0116583982
  -0.0112889690
  -0.0106917882
  -0.0099043756
  -0.0098325788
  -0.0101713359
  -0.0100173521
  -0.0099984690
  -0.0104866459
  -0.0108095637
  -0.0107175362
  -0.0101538629
  -0.0091064098
  -0.0080669474
  -0.0071846927
  -0.0061760805
  -0.0039173272
  -0.0009648073
   0.0006276929
   0.0006709106
   0.0004865471
   0.0002451949
   0.0000630636
  -0.0008130299
  -0.0021191569
  -0.0031511403
  -0.0036498893
  -0.0036922423
  -0.0041995790
  -0.0047269133
  -0.0033808821
  -0.0017201215
  -0.0021270206
  -0.0031529617
  -0.0038101447
  -0.0035710381
  -0.0036099131
  -0.0049540357
  -0.0073855914
  -0.0093455012
  -0.0102131676
  -0.0098936860
  -0.0092103987
  -0.0079554966
  -0.0054605897
  -0.0027569469
  -0.0013414115
  -0.0008314397
  -0.0007200439
  -0.0008591791
  -0.0013977701
  -0.0008110722
   0.0019477229
   0.0048840717
   0.0060779671
   0.0058579009
   0.0052917125
   0.0037264169
   0.0009013979
  -0.0025838734
  -0.0058117384
  -0.0089395700
  -0.0120652296
  -0.0145297374
  -0.0158867823
  -0.0157958351
  -0.0150683773
  -0.0136579089
  -0.0117026559
  -0.0099583487
  -0.0075679823
  -0.0053657723
  -0.0032001970
  -0.0014709446
   0.0004934794
   0.0037523942
   0.0071792682
   0.0104704086
   0.0130684799
   0.0148843318
   0.0164359697
   0.0178163422
   0.0175318199
   0.0158787423
   0.0140265078
   0.0127028737
   0.0112991507
   0.0087443004
   0.0058642692
   0.0040881813
   0.0036319160
   0.0041358809
   0.0045919264
   0.0049039897
   0.0063818824
   0.0092719152
   0.0110550310
   0.0104791120
   0.0094509855
   0.0096627558
   0.0102191113
   0.0106412721
   0.0108933712
   0.0102465897
   0.0086653525
   0.0070178226
   0.0055949000
   0.0032210001
  -0.0002752538
  -0.0031031223
  -0.0051187489
  -0.0072658088
  -0.0091113812
  -0.0107039903
  -0.0126039396
  -0.0143814623
  -0.0162335263
  -0.0177218849
  -0.0190439005
  -0.0205859935
  -0.0216675226
  -0.0223331796
  -0.0222223031
  -0.0218441101
  -0.0220545669
  -0.0221368050
  -0.0221702575
  -0.0222517754
  -0.0219541526
  -0.0212091005
  -0.0212753989
  -0.0212593266
  -0.0205908076
  -0.0183592732
  -0.0136722299
  -0.0076764233
  -0.0027793800
   0.0013827601
   0.0055949436
   0.0091274119
   0.0121035758
   0.0151660206
   0.0182145822
   0.0207210543
   0.0229403848
   0.0252210480
   0.0261017296
   0.0253955126
   0.0233747364
   0.0211348795
   0.0199581103
   0.0191784875
   0.0185489857
   0.0187108275
   0.0190268615
   0.0185530777
   0.0177991043
   0.0166409585
   0.0149465951
   0.0142335209
   0.0135314793
   0.0115898026
   0.0090784196
   0.0072386961
   0.0068046308
   0.0066184682
   0.0058070077
   0.0046448704
   0.0040576666
   0.0037995612
   0.0038183136
   0.0038148281
   0.0032301716
   0.0017990619
  -0.0005027239
  -0.0030171636
  -0.0047323832
  -0.0059460638
  -0.0065691424
  -0.0070571278
  -0.0073992472
  -0.0084674086
  -0.0104616863
  -0.0114015002
  -0.0108828900
  -0.0108407645
  -0.0117674817
  -0.0125862165
  -0.0124528292
  -0.0115967376
  -0.0104646487
  -0.0089757442
  -0.0070960218
  -0.0045486428
  -0.0021682837
  -0.0004403000
  -0.0005421000
  -0.0026136622
  -0.0053300151
  -0.0070969600
  -0.0081243492
  -0.0079969549
  -0.0071012264
  -0.0058530148
  -0.0036721935
  -0.0004707729
   0.0028221271
   0.0059485922
   0.0079756363
   0.0098637266
   0.0115454974
   0.0121243163
   0.0125504346
   0.0126984784
   0.0124531552
   0.0124156713
   0.0134435799
   0.0147032809
   0.0150991536
   0.0155219152
   0.0158819776
   0.0147064233
   0.0130027975
   0.0124725254
   0.0124252333
   0.0114733936
   0.0098495476
   0.0080468531
   0.0070215166
   0.0063949260
   0.0055137308
   0.0035915133
   0.0006300245
  -0.0008569387
  -0.0002816272
   0.0002337771
  -0.0012070641
  -0.0026196647
  -0.0028705659
  -0.0029414966
  -0.0035612166
  -0.0045843091
  -0.0056462690
  -0.0066875016
  -0.0079442042
  -0.0093063552
  -0.0122690528
  -0.0156219675
  -0.0176651996
  -0.0182392252
  -0.0180141535
  -0.0162483932
  -0.0139006204
  -0.0125431509
  -0.0116241913
  -0.0103946677
  -0.0098150944
  -0.0104670672
  -0.0108861595
  -0.0112490971
  -0.0120084950
  -0.0118099294
  -0.0109001356
  -0.0096000092
  -0.0070470239
  -0.0046614658
  -0.0036546637
  -0.0033371342
  -0.0031677074
  -0.0028418176
  -0.0021913612
  -0.0007253135
   0.0005277003
   0.0007032578
   0.0002659770
   0.0006128218
   0.0015972623
   0.0024329336
   0.0028484551
   0.0028577497
   0.0023644991
   0.0021343422
   0.0014469849
   0.0019568716
   0.0039302590
   0.0054133961
   0.0057755112
   0.0047124595
   0.0040179595
   0.0031684295
   0.0016182091
   0.0005180853
  -0.0008195502
  -0.0024016929
  -0.0030706194
  -0.0025560406
  -0.0025663474
  -0.0036980003
  -0.0058922025
  -0.0074844572
  -0.0079343201
  -0.0074958235
  -0.0068536154
  -0.0061495137
  -0.0054964644
  -0.0048300076
  -0.0029009707
  -0.0003582336
   0.0002829409
  -0.0007146223
  -0.0012741184
  -0.0010554409
  -0.0008246924
  -0.0009192918
  -0.0013487423
  -0.0020555536
  -0.0023110206
  -0.0020208293
  -0.0013109934
  -0.0004037548
   0.0005163391
   0.0012690175
   0.0012519433
   0.0004961966
  -0.0004300822
  -0.0002433675
   0.0002689415
   0.0008226348
   0.0011384999
   0.0014776329
   0.0027879582
   0.0031937908
   0.0020575020
   0.0011466417
   0.0010991581
   0.0014173972
   0.0012086925
   0.0007343259
  -0.0000374605
  -0.0009915454
  -0.0019155914
  -0.0018913476
  -0.0006268913
   0.0010636630
   0.0034099583
   0.0062161154
   0.0081693859
   0.0092997632
   0.0093743935
   0.0085372589
   0.0077611727
   0.0074454818
   0.0075724685
   0.0072777304
   0.0074586334
   0.0082032079
   0.0095398516
   0.0115463466
   0.0143220193
   0.0166839729
   0.0175754806
   0.0176969955
   0.0179619979
   0.0180760321
   0.0177593821
   0.0161042101
   0.0135207423
   0.0105608421
   0.0082056662
   0.0061074072
   0.0037839059
   0.0016419738
  -0.0005792192
  -0.0036747067
  -0.0065211243
  -0.0085224053
  -0.0099876846
  -0.0111265549
  -0.0120744371
  -0.0123039344
  -0.0123010990
  -0.0123707086
  -0.0131819644
  -0.0140465395
  -0.0136994165
  -0.0121729636
  -0.0107782624
  -0.0111632692
  -0.0119319977
  -0.0121173567
  -0.0116421723
  -0.0111498768
  -0.0114201558
  -0.0119037612
  -0.0120856688
  -0.0114334136
  -0.0116067126
  -0.0130177933
  -0.0135620907
  -0.0127434147
  -0.0117893006
  -0.0106287232
  -0.0079353114
  -0.0050970077
  -0.0030247070
  -0.0014150246
  -0.0002535165
  -0.0003328207
  -0.0002324904
  -0.0001175824
  -0.0000823736
  -0.0010240669
  -0.0018799049
  -0.0026777602
  -0.0033730904
  -0.0039960382
  -0.0044445459
  -0.0045982359
  -0.0045696260
  -0.0045246234
  -0.0042358631
  -0.0031614035
  -0.0025242560
  -0.0021926500
  -0.0019561381
  -0.0018440065
  -0.0022105267
  -0.0020059359
  -0.0009331032
   0.0000609196
  -0.0002859120
  -0.0008453012
  -0.0013990796
  -0.0011394577
  -0.0003215830
   0.0001538742
   0.0009452674
   0.0021721103
   0.0030635953
   0.0036241432
   0.0038271496
   0.0040919795
   0.0047388747
   0.0057065100
   0.0072172051
   0.0083887792
   0.0080535986
   0.0075758005
   0.0084480801
   0.0092862439
   0.0099154708
   0.0109474562
   0.0125242450
   0.0139485247
   0.0152920029
   0.0163303224
   0.0171777448
   0.0184497673
   0.0198889878
   0.0209761651
   0.0215643412
   0.0221117489
   0.0229065154
   0.0229015496
   0.0218997757
   0.0210585169
   0.0206330355
   0.0197760075
   0.0191196945
   0.0193504882
   0.0193739902
   0.0179306569
   0.0164271640
   0.0162657127
   0.0160845367
   0.0158616882
   0.0158776373
   0.0158241683
   0.0153030735
   0.0146059958
   0.0141923544
   0.0121468480
   0.0084003065
   0.0055519519
   0.0039649056
   0.0026790017
   0.0006548701
  -0.0015837187
  -0.0037443315
  -0.0060274984
  -0.0082865946
  -0.0095687970
  -0.0100331155
  -0.0105991656
  -0.0102208228
  -0.0093016149
  -0.0095659426
  -0.0105191128
  -0.0115996052
  -0.0132851876
  -0.0146126616
  -0.0150415433
  -0.0149566801
  -0.0155611352
  -0.0165966041
  -0.0168196497
  -0.0164486854
  -0.0161120056
  -0.0156127676
  -0.0146951935
  -0.0136836493
  -0.0125743024
  -0.0113852989
  -0.0100498095
  -0.0075265277
  -0.0050034014
  -0.0036608348
  -0.0030311227
  -0.0027871773
  -0.0024348024
  -0.0013573055
  -0.0003532375
  -0.0000671681
  -0.0004312554
  -0.0004096288
  -0.0000072566
   0.0015454087
   0.0026582251
   0.0028747015
   0.0031022087
   0.0036144278
   0.0026903111
  -0.0000505374
  -0.0015234159
  -0.0019172669
  -0.0023322198
  -0.0028774327
  -0.0036156806
  -0.0037893132
  -0.0043183078
  -0.0048195454
  -0.0048026201
  -0.0038457920
  -0.0025947697
  -0.0015619140
  -0.0003547652
  -0.0003368987
  -0.0017796657
  -0.0026000216
  -0.0024009632
  -0.0024426509
  -0.0029035029
  -0.0032799902
  -0.0030183179
  -0.0021811018
  -0.0027007145
  -0.0046480697
  -0.0061388828
  -0.0066788930
  -0.0070049912
  -0.0080941149
  -0.0100269822
  -0.0120748503
  -0.0131090778
  -0.0123622611
  -0.0115534995
  -0.0115062036
  -0.0111394829
  -0.0094879026
  -0.0074798213
  -0.0060791441
  -0.0038881752
  -0.0020814645
  -0.0011682006
  -0.0010190300
  -0.0018104104
  -0.0021837552
  -0.0012740890
   0.0000777028
   0.0015261261
   0.0031514095
   0.0037762487
   0.0031678798
   0.0030775657
   0.0031829135
   0.0036430700
   0.0048777584
   0.0062582845
   0.0069283576
   0.0072074972
   0.0065864562
   0.0061521975
   0.0058188421
   0.0052354877
   0.0044449932
   0.0035763602
   0.0015591667
  -0.0007424819
  -0.0016911431
  -0.0018690112
  -0.0018267445
  -0.0017258378
  -0.0014691871
  -0.0016671926
  -0.0016532540
  -0.0005140538
   0.0017157302
   0.0029020795
   0.0023732043
   0.0017826605
   0.0018492422
   0.0023488968
   0.0030476746
   0.0035915152
   0.0034186787
   0.0030763660
   0.0031085050
   0.0032237976
   0.0035238882
   0.0042862579
   0.0041229245
   0.0037812941
   0.0042267921
   0.0053444499
   0.0070640458
   0.0076565906
   0.0067231015
   0.0055029843
   0.0040944207
   0.0025651704
   0.0013556263
  -0.0007668647
  -0.0035490183
  -0.0046730993
  -0.0037920899
  -0.0031324183
  -0.0033594536
  -0.0044374801
  -0.0051877861
  -0.0050942519
  -0.0050771598
  -0.0051089804
  -0.0047427828
  -0.0051918023
  -0.0055027019
  -0.0048633710
  -0.0047225029
  -0.0056096911
  -0.0057977604
  -0.0044687587
  -0.0034635448
  -0.0028430117
  -0.0027936631
  -0.0025440072
  -0.0008515294
   0.0008321400
   0.0014810177
   0.0020887199
   0.0039160327
   0.0063610319
   0.0079971065
   0.0087939996
   0.0101523921
   0.0113705419
   0.0117624856
   0.0116029921
   0.0102018278
   0.0083472394
   0.0068761319
   0.0055730147
   0.0044909397
   0.0036772540
   0.0032437762
   0.0024216564
   0.0017250633
   0.0011412370
   0.0007745887
   0.0006102676
   0.0005646851
   0.0000433958
  -0.0012858577
  -0.0028972028
  -0.0044424838
  -0.0050343672
  -0.0048844887
  -0.0047994322
  -0.0059081801
  -0.0079621207
  -0.0091802952
  -0.0092396359
  -0.0089569767
  -0.0083922325
  -0.0080747447
  -0.0070619874
  -0.0051352610
  -0.0023206071
  -0.0006541700
  -0.0001642390
   0.0006198557
   0.0014567479
   0.0022607774
   0.0032642836
   0.0044617517
   0.0050395698
   0.0052140042
   0.0052649050
   0.0053129515
   0.0053517374
   0.0053597850
   0.0053494422
   0.0053397362
   0.0052472216
   0.0044166695
   0.0028815076
   0.0010912594
  -0.0000102852
  -0.0006294618
  -0.0006461628
  -0.0010284216
  -0.0020393523
  -0.0028099838
  -0.0029824451
  -0.0024547848
  -0.0018630377
  -0.0015144693
  -0.0017720043
  -0.0021594458
  -0.0026671047
  -0.0032011314
  -0.0043268614
  -0.0051820016
  -0.0053047637
  -0.0057967502
  -0.0053815793
  -0.0036778492
  -0.0011085218
   0.0008472937
   0.0017196861
   0.0015225915
   0.0011661942
   0.0018042307
   0.0022346807
   0.0024118177
   0.0032006690
   0.0044247132
   0.0055865814
   0.0056508272
   0.0054911044
   0.0057069459
   0.0057993221
   0.0057377222
   0.0058640058
   0.0059831250
   0.0060140871
   0.0051565322
   0.0041124642
   0.0027800661
   0.0013819339
   0.0008641801
   0.0003877144
  -0.0004971814
  -0.0027982536
  -0.0052861649
  -0.0063537292
  -0.0062044307
  -0.0055009506
  -0.0050189051
  -0.0045608961
  -0.0042718970
  -0.0041486857
  -0.0044450463
  -0.0052626609
  -0.0059416212
  -0.0065454243
  -0.0075753229
  -0.0087398767
  -0.0095809460
  -0.0094784848
  -0.0087755391
  -0.0083288623
  -0.0086553414
  -0.0090665473
  -0.0088704248
  -0.0080553404
  -0.0066614106
  -0.0053570310
  -0.0043604655
  -0.0025111934
  -0.0004818766
   0.0016440219
   0.0035719422
   0.0049592213
   0.0060393953
   0.0068073032
   0.0081660539
   0.0092768620
   0.0094565464
   0.0085138630
   0.0077313403
   0.0073771743
   0.0079676570
   0.0080517563
   0.0069940685
   0.0056420860
   0.0047478017
   0.0048251916
   0.0051919407
   0.0051278730
   0.0044839668
   0.0035561068
   0.0024508387
   0.0009351017
   0.0006230806
   0.0008810838
   0.0008426299
   0.0004446881
   0.0001695957
   0.0003271855
   0.0005929078
   0.0012946730
   0.0021875478
   0.0034876116
   0.0047738358
   0.0053749949
   0.0057169570
   0.0058967267
   0.0055962229
   0.0048079650
   0.0042426237
   0.0041508957
   0.0042744102
   0.0040828346
   0.0025220593
   0.0005756588
  -0.0007092982
  -0.0010402042
  -0.0015706364
  -0.0026734995
  -0.0041089029
  -0.0049255717
  -0.0049355127
  -0.0051239705
  -0.0048976479
  -0.0037262539
  -0.0016647532
   0.0003747233
   0.0009836296
   0.0002297727
  -0.0004060646
  -0.0000069203
   0.0008225827
   0.0009692706
   0.0005855725
   0.0000828648
   0.0001235024
   0.0001782521
  -0.0008787935
  -0.0028469616
  -0.0038349147
  -0.0043694797
  -0.0055786286
  -0.0078267150
  -0.0090644492
  -0.0091998095
  -0.0090097994
  -0.0086444888
  -0.0080792499
  -0.0069455539
  -0.0063113251
  -0.0064419623
  -0.0072237667
  -0.0079211173
  -0.0080733384
  -0.0082722470
  -0.0085775573
  -0.0094333609
  -0.0101394887
  -0.0109454983
  -0.0122263076
  -0.0136027966
  -0.0140702311
  -0.0139968270
  -0.0149628570
  -0.0156578593
  -0.0151766667
  -0.0141703933
  -0.0140316347
  -0.0141250078
  -0.0143332017
  -0.0151662992
  -0.0152544318
  -0.0140842167
  -0.0126550092
  -0.0112364155
  -0.0093558421
  -0.0077104785
  -0.0073676199
  -0.0080251934
  -0.0076959887
  -0.0056575158
  -0.0028727209
  -0.0006524051
   0.0008779680
   0.0012468395
   0.0009906783
   0.0014398018
   0.0024834155
   0.0037024675
   0.0047994796
   0.0055719286
   0.0056521274
   0.0055595844
   0.0068079343
   0.0086183011
   0.0100044772
   0.0107282353
   0.0108077878
   0.0111330900
   0.0124078607
   0.0138099063
   0.0142613348
   0.0138815932
   0.0134998786
   0.0136569972
   0.0139126234
   0.0128430443
   0.0112473060
   0.0103947890
   0.0107767537
   0.0111037446
   0.0109442303
   0.0096481163
   0.0074628410
   0.0068903089
   0.0079297448
   0.0081713400
   0.0067948357
   0.0047485693
   0.0036677168
   0.0041075723
   0.0051102351
   0.0045340924
   0.0033480665
   0.0027395990
   0.0032278517
   0.0038528123
   0.0034478989
   0.0020505992
   0.0010032494
   0.0007773172
   0.0006566315
   0.0008624044
   0.0009278073
   0.0007829221
   0.0005721028
   0.0000448416
  -0.0006046567
  -0.0005513924
  -0.0003290299
   0.0007134391
   0.0018896524
   0.0026263060
   0.0029529784
   0.0038902203
   0.0055281504
   0.0071726990
   0.0078895905
   0.0078290083
   0.0076131630
   0.0075182167
   0.0075407995
   0.0080108799
   0.0086314224
   0.0087001640
   0.0089563455
   0.0099106586
   0.0101727157
   0.0090208112
   0.0079739381
   0.0071617896
   0.0052394641
   0.0028466886
   0.0008271284
   0.0010053327
   0.0023448938
   0.0034040581
   0.0033424070
   0.0026934422
   0.0018894547
   0.0017349310
   0.0018321393
   0.0015163509
   0.0013256987
   0.0013137669
   0.0017678630
   0.0022203843
   0.0015987011
   0.0002925574
  -0.0008788221
  -0.0009645459
  -0.0007455540
  -0.0011274506
  -0.0017995276
  -0.0018949364
  -0.0018875973
  -0.0022197759
  -0.0021950457
  -0.0022838758
  -0.0025110058
  -0.0022531753
  -0.0018721860
  -0.0021184556
  -0.0022001232
  -0.0017479299
  -0.0014326742
  -0.0013940399
  -0.0015712109
  -0.0027254371
  -0.0033324471
  -0.0028298600
  -0.0022244611
  -0.0021203301
  -0.0022460697
  -0.0026968973
  -0.0029979242
  -0.0023402673
  -0.0020467630
  -0.0022824239
  -0.0025162160
  -0.0024760086
  -0.0027354880
  -0.0032440548
  -0.0043262398
  -0.0049118610
  -0.0033181734
  -0.0012467467
  -0.0008538015
  -0.0015228824
  -0.0018815269
  -0.0020283405
  -0.0021116647
  -0.0013923402
  -0.0001512645
   0.0011186070
   0.0023848094
   0.0034505486
   0.0036285840
   0.0021811908
   0.0003558923
  -0.0007803637
  -0.0011315102
  -0.0015686431
  -0.0025757122
  -0.0038658995
  -0.0046550672
  -0.0053755237
  -0.0058717861
  -0.0060700579
  -0.0061097820
  -0.0066250620
  -0.0072820043
  -0.0068164557
  -0.0051293533
  -0.0036302595
  -0.0030604869
  -0.0027161311
  -0.0018720056
  -0.0002534078
   0.0003906509
   0.0008420168
   0.0011527933
   0.0017581407
   0.0022554421
   0.0022052179
   0.0018488265
   0.0019061489
   0.0021786397
   0.0026231180
   0.0033860241
   0.0041993440
   0.0041467468
   0.0030327242
   0.0013089262
   0.0011316734
   0.0021869583
   0.0024336974
   0.0020414296
   0.0015972248
   0.0016040529
   0.0020005437
   0.0024128716
   0.0026202599
   0.0028359099
   0.0032474380
   0.0035454209
   0.0032930926
   0.0025668970
   0.0010306167
  -0.0001290163
  -0.0010108477
  -0.0022125281
  -0.0028957851
  -0.0031274260
  -0.0023988556
  -0.0016383456
  -0.0018598408
  -0.0028308892
  -0.0034692194
  -0.0032633549
  -0.0030497822
  -0.0028790835
  -0.0025661389
  -0.0019003397
  -0.0000942104
   0.0020276601
   0.0028331314
   0.0028916912
   0.0031255136
   0.0033317212
   0.0041688634
   0.0050616504
   0.0054061863
   0.0048928395
   0.0039751631
   0.0030878611
   0.0025474870
   0.0033544897
   0.0053080293
   0.0066780705
   0.0068794108
   0.0066018538
   0.0060458053
   0.0045317233
   0.0032415644
   0.0025172168
   0.0026751674
   0.0024242871
   0.0025535217
   0.0033150613
   0.0036348878
   0.0033328262
   0.0028219148
   0.0024886239
   0.0025002176
   0.0027202667
   0.0020378020
  -0.0004357914
  -0.0033403961
  -0.0055006872
  -0.0065601206
  -0.0066496141
  -0.0057421572
  -0.0053399693
  -0.0054201037
  -0.0055604468
  -0.0055663090
  -0.0047996710
  -0.0040426234
  -0.0037835514
  -0.0038422458
  -0.0038570635
  -0.0040136874
  -0.0041272667
  -0.0041639204
  -0.0043478465
  -0.0052497443
  -0.0064137030
  -0.0070659013
  -0.0072042638
  -0.0071873973
  -0.0075265543
  -0.0075933721
  -0.0070224206
  -0.0068913722
  -0.0073892759
  -0.0086667191
  -0.0103605063
  -0.0118157575
  -0.0120280452
  -0.0117236656
  -0.0118342236
  -0.0119568322
  -0.0126790153
  -0.0128869552
  -0.0105954925
  -0.0072255085
  -0.0045177623
  -0.0029310211
  -0.0024557741
  -0.0021143977
  -0.0015536445
  -0.0008293918
  -0.0005482498
  -0.0003585685
   0.0009900143
   0.0028356522
   0.0028395736
   0.0012405200
  -0.0000844460
  -0.0009662566
  -0.0013194352
  -0.0019148579
  -0.0026536934
  -0.0028360293
  -0.0029314381
  -0.0028210980
  -0.0026123564
  -0.0019861127
  -0.0009609095
   0.0001897256
   0.0014290763
   0.0018321446
   0.0019493926
   0.0019709254
   0.0021728135
   0.0020876812
   0.0014851548
   0.0005693535
   0.0004613525
   0.0008140617
   0.0002623905
  -0.0008001879
  -0.0009123236
  -0.0003200093
   0.0001359644
   0.0004975652
   0.0014381097
   0.0030586144
   0.0045334613
   0.0047244001
   0.0048549103
   0.0048637273
   0.0044621781
   0.0048894886
   0.0066789101
   0.0080363492
   0.0081909528
   0.0079445189
   0.0076632830
   0.0077902849
   0.0079735514
   0.0083485358
   0.0087221497
   0.0088794996
   0.0088974881
   0.0091406583
   0.0082616162
   0.0067157438
   0.0062822130
   0.0067275479
   0.0066526807
   0.0057804750
   0.0049728866
   0.0046308033
   0.0043129820
   0.0044027938
   0.0045852908
   0.0046669244
   0.0055348163
   0.0067890569
   0.0074378663
   0.0075041648
   0.0075008954
   0.0086359883
   0.0102024021
   0.0105843044
   0.0093853125
   0.0084732500
   0.0082319790
   0.0076625685
   0.0069525116
   0.0052757387
   0.0028221878
   0.0012162678
   0.0006606348
   0.0007836955
   0.0012952351
   0.0012428359
   0.0003731360
  -0.0010979119
  -0.0024402116
  -0.0044751838
  -0.0065157037
  -0.0064220519
  -0.0047061765
  -0.0035511922
  -0.0037479212
  -0.0039137659
  -0.0035949192
  -0.0028737671
  -0.0022644657
  -0.0028827320
  -0.0036381535
  -0.0033627685
  -0.0018343034
  -0.0005916906
  -0.0014952961
  -0.0029280985
  -0.0034675420
  -0.0037633283
  -0.0038328621
  -0.0031456742
  -0.0024457858
  -0.0025920214
  -0.0034251398
  -0.0044271696
  -0.0049893381
  -0.0049142984
  -0.0039808130
  -0.0036410742
  -0.0037472844
  -0.0037890554
  -0.0032855113
  -0.0020293109
  -0.0010007036
  -0.0013846151
  -0.0018320396
  -0.0015549259
  -0.0009348911
  -0.0006425048
  -0.0010554459
  -0.0019191850
  -0.0024310420
  -0.0018689552
  -0.0009738510
  -0.0005403404
  -0.0012874357
  -0.0023505192
  -0.0034353120
  -0.0045783862
  -0.0052217011
  -0.0056016966
  -0.0066213017
  -0.0076735159
  -0.0081492424
  -0.0081274480
  -0.0080548760
  -0.0081314509
  -0.0082408567
  -0.0085214614
  -0.0088835783
  -0.0087476703
  -0.0084572042
  -0.0082958097
  -0.0075565971
  -0.0059660595
  -0.0052055700
  -0.0055279230
  -0.0060231240
  -0.0061344478
  -0.0059903254
  -0.0058918860
  -0.0059167261
  -0.0056011261
  -0.0047914415
  -0.0048994257
  -0.0055543666
  -0.0052462342
  -0.0044523016
  -0.0036120094
  -0.0028143165
  -0.0031082548
  -0.0027363561
  -0.0011796882
   0.0001378437
   0.0005829903
   0.0004634238
  -0.0000377937
   0.0002611816
   0.0016397368
   0.0032866333
   0.0048961089
   0.0062476081
   0.0063964044
   0.0058976288
   0.0056651104
   0.0058032549
   0.0056230797
   0.0052031724
   0.0046221303
   0.0046526355
   0.0044774923
   0.0032421197
   0.0032150791
   0.0046283716
   0.0057474300
   0.0056430848
   0.0056067344
   0.0057809678
   0.0052270819
   0.0048000558
   0.0051911352
   0.0062200823
   0.0071077652
   0.0076481602
   0.0073545232
   0.0063098165
   0.0045477862
   0.0035617927
   0.0037989036
   0.0043219582
   0.0044758036
   0.0043397553
   0.0040489481
   0.0036493586
   0.0031637727
   0.0022978614
   0.0021030864
   0.0021872028
   0.0022365116
   0.0017822690
   0.0003168299
  -0.0008371517
  -0.0010831368
  -0.0010660847
  -0.0019911504
  -0.0031038937
  -0.0035373942
  -0.0034004703
  -0.0032516267
  -0.0036661550
  -0.0031640778
  -0.0016577251
  -0.0001174117
   0.0006428993
   0.0005996898
   0.0001591458
  -0.0000592338
   0.0003290524
   0.0010124328
   0.0005921618
  -0.0007733459
  -0.0029476336
  -0.0047386529
  -0.0054353459
  -0.0058336502
  -0.0071585732
  -0.0086846071
  -0.0090800572
  -0.0091151794
  -0.0088309641
  -0.0084339201
  -0.0078159836
  -0.0074045409
  -0.0063107433
  -0.0053586042
  -0.0052951866
  -0.0052751966
  -0.0054982289
  -0.0057566299
  -0.0055104178
  -0.0048474616
  -0.0043232072
  -0.0037596969
  -0.0033502309
  -0.0032154013
  -0.0032423225
  -0.0028496795
  -0.0016715892
  -0.0006210617
   0.0004926243
   0.0015854901
   0.0025693571
   0.0030019991
   0.0029576542
   0.0032881685
   0.0030978988
   0.0027776249
   0.0025334332
   0.0020264736
   0.0021238288
   0.0030692869
   0.0039160782
   0.0043682534
   0.0042284543
   0.0040924931
   0.0045455554
   0.0054586413
   0.0057521778
   0.0050479680
   0.0034953199
   0.0022840748
   0.0012223167
   0.0007846982
   0.0011829283
   0.0019609352
   0.0025632769
   0.0028978965
   0.0032747572
   0.0035338064
   0.0031038880
   0.0034845412
   0.0046210613
   0.0055714415
   0.0062280616
   0.0068835047
   0.0064714043
   0.0055904706
   0.0055124685
   0.0060981978
   0.0059224026
   0.0043263497
   0.0030033258
   0.0020673614
   0.0014338886
   0.0013244237
   0.0016813031
   0.0015908406
   0.0011685632
   0.0008794926
   0.0008653871
   0.0007444572
  -0.0003235823
  -0.0017380975
  -0.0018089038
  -0.0024939554
  -0.0038374715
  -0.0047034776
  -0.0048222292
  -0.0046753131
  -0.0044400199
  -0.0038697413
  -0.0027875962
  -0.0023996081
  -0.0030684606
  -0.0037602370
  -0.0033130295
  -0.0025402791
  -0.0022340230
  -0.0023751262
  -0.0029902159
  -0.0038176711
  -0.0044915196
  -0.0043171801
  -0.0032849749
  -0.0019269653
  -0.0008152379
  -0.0002467885
  -0.0005340830
  -0.0006744960
  -0.0004954582
  -0.0005094838
   0.0003403277
   0.0018841413
   0.0034274332
   0.0042537455
   0.0040089813
   0.0029237658
   0.0014474699
   0.0008993594
   0.0009459645
   0.0006138979
   0.0007798249
   0.0017721940
   0.0025138488
   0.0028088485
   0.0034650876
   0.0040548709
   0.0043911016
   0.0049072572
   0.0049203046
   0.0041876953
   0.0033264654
   0.0031694359
   0.0034194747
   0.0033285598
   0.0026924831
   0.0026394993
   0.0031476510
   0.0037465149
   0.0043398671
   0.0042420172
   0.0041480906
   0.0043937247
   0.0046047539
   0.0041921057
   0.0033461294
   0.0031270792
   0.0036226744
   0.0035242615
   0.0036973085
   0.0032292808
   0.0013495095
   0.0003872281
   0.0014965438
   0.0025819042
   0.0031676657
   0.0033606666
   0.0033517415
   0.0034781388
   0.0036999733
   0.0042059056
   0.0050511029
   0.0062862254
   0.0081137695
   0.0093568144
   0.0093243209
   0.0087922597
   0.0088015771
   0.0084253305
   0.0075030011
   0.0068437901
   0.0063751995
   0.0053424503
   0.0043675578
   0.0040348866
   0.0040474640
   0.0033274074
   0.0021280346
   0.0011434894
   0.0007963269
   0.0012099243
   0.0015751439
   0.0011680850
   0.0005753209
  -0.0004160224
  -0.0012067470
  -0.0014547227
  -0.0014109142
  -0.0018181209
  -0.0026081715
  -0.0024897744
  -0.0023317782
  -0.0027509747
  -0.0031281064
  -0.0031232411
  -0.0027953443
  -0.0034380603
  -0.0046142552
  -0.0055974663
  -0.0063999278
  -0.0074015652
  -0.0095965047
  -0.0111581594
  -0.0102511802
  -0.0086423907
  -0.0076406225
  -0.0072633903
  -0.0072364464
  -0.0071805438
  -0.0067139243
  -0.0067059109
  -0.0071013230
  -0.0076643273
  -0.0066413751
  -0.0050661612
  -0.0054734457
  -0.0065401894
  -0.0062740555
  -0.0049722290
  -0.0037235492
  -0.0027287767
  -0.0016249898
  -0.0015117191
  -0.0016816016
  -0.0004983694
   0.0014853821
   0.0026343914
   0.0028459968
   0.0031453482
   0.0034464774
   0.0031311219
   0.0025874783
   0.0023058805
   0.0023303510
   0.0022696475
   0.0013196778
   0.0001962760
  -0.0002699204
  -0.0003172916
  -0.0005952091
  -0.0005226926
  -0.0003926504
  -0.0008339304
  -0.0013955958
  -0.0019929188
  -0.0026774494
  -0.0040556973
  -0.0056499743
  -0.0061929166
  -0.0063579141
  -0.0069005626
  -0.0075289632
  -0.0066223384
  -0.0047483229
  -0.0031985784
  -0.0026906162
  -0.0024720815
  -0.0024159117
  -0.0026370828
  -0.0025025034
  -0.0022262238
  -0.0020570907
  -0.0015586741
  -0.0001140991
   0.0008029422
  -0.0004297497
  -0.0016271442
  -0.0012884429
  -0.0006521056
   0.0000795556
   0.0002545434
   0.0007209652
   0.0011624824
   0.0015137100
   0.0014280341
   0.0011702993
   0.0009018537
   0.0014177082
   0.0028929080
   0.0033032041
   0.0030932780
   0.0032376581
   0.0039837261
   0.0046310819
   0.0051964174
   0.0052214604
   0.0050956790
   0.0052424075
   0.0055443517
   0.0057980314
   0.0051511893
   0.0036701560
   0.0029360039
   0.0028386487
   0.0025329934
   0.0021343612
   0.0019311065
   0.0015308557
   0.0010495167
   0.0008140617
   0.0002194198
  -0.0006322445
  -0.0000513763
   0.0016337896
   0.0023882702
   0.0021186849
   0.0018717920
   0.0023811969
   0.0026731717
   0.0029189896
   0.0035175521
   0.0047044234
   0.0052475154
   0.0058241831
   0.0065386864
   0.0064844801
   0.0056438828
   0.0046575634
   0.0041143728
   0.0035844949
   0.0026414591
   0.0018617881
   0.0008043739
   0.0000807696
  -0.0001333029
  -0.0005099997
  -0.0013092327
  -0.0022920294
  -0.0030075505
  -0.0028128419
  -0.0020023518
  -0.0014515041
  -0.0015807687
  -0.0015260065
  -0.0011871579
  -0.0014256902
  -0.0008813338
   0.0000920138
   0.0005824807
   0.0007024587
   0.0002088269
  -0.0004886490
  -0.0012206151
  -0.0015439905
  -0.0019586684
  -0.0018660497
  -0.0013715455
   0.0000380652
   0.0005287001
   0.0001475153
  -0.0002760406
  -0.0015790532
  -0.0024391313
  -0.0008130556
   0.0012142151
   0.0017868970
   0.0014627314
   0.0010675750
   0.0013945202
   0.0018997105
   0.0020781856
   0.0019809517
   0.0018782596
   0.0018808024
   0.0018834804
   0.0009181394
  -0.0009734672
  -0.0026291698
  -0.0033252069
  -0.0032910210
  -0.0031360346
  -0.0035089852
  -0.0047765120
  -0.0058311787
  -0.0063398384
  -0.0067800048
  -0.0075068846
  -0.0076539940
  -0.0070456554
  -0.0062833047
  -0.0056159551
  -0.0052161933
  -0.0043553273
  -0.0043145968
  -0.0051637648
  -0.0051444401
  -0.0045744458
  -0.0042498070
  -0.0039078165
  -0.0040460747
  -0.0043313552
  -0.0043316452
  -0.0039551484
  -0.0030005852
  -0.0023685645
  -0.0019997704
  -0.0009737714
   0.0004066853
   0.0012650508
   0.0015790578
   0.0008651033
   0.0002400569
   0.0010071198
   0.0030336245
   0.0043356045
   0.0039738401
   0.0032033281
   0.0034372946
   0.0041131048
   0.0040726889
   0.0041009311
   0.0052021698
   0.0061741946
   0.0068967417
   0.0072716900
   0.0067363498
   0.0062611673
   0.0064673748
   0.0067270855
   0.0062838354
   0.0048814675
   0.0036097009
   0.0025053160
   0.0013826500
   0.0005979363
  -0.0000595856
  -0.0008153749
  -0.0018213633
  -0.0022918134
  -0.0025004242
  -0.0023818925
  -0.0023771769
  -0.0028917538
  -0.0033906904
  -0.0035336946
  -0.0034483462
  -0.0033458395
  -0.0024765507
  -0.0011052891
   0.0000936050
   0.0002994613
  -0.0008652117
  -0.0023062084
  -0.0029357784
  -0.0031927332
  -0.0033448160
  -0.0034512612
  -0.0032236194
  -0.0022026895
  -0.0016854380
  -0.0024475389
  -0.0038109635
  -0.0032097078
  -0.0007317777
   0.0010266549
   0.0016101197
   0.0015536689
   0.0014171851
   0.0009469165
   0.0004715392
   0.0006965280
   0.0012354799
   0.0015805568
   0.0027526521
   0.0046932694
   0.0051701179
   0.0041820453
   0.0032497541
   0.0034124203
   0.0036045626
   0.0026495919
   0.0015089393
   0.0011096921
   0.0010444649
   0.0009656986
   0.0011918088
   0.0017463346
   0.0021703344
   0.0019127162
   0.0010849218
  -0.0002414316
  -0.0011470446
  -0.0010239224
  -0.0005314635
  -0.0005957146
  -0.0005475930
  -0.0006483288
  -0.0001180230
   0.0009241165
   0.0015662556
   0.0013020617
   0.0004151491
  -0.0006205574
  -0.0011582625
  -0.0011548160
  -0.0010783880
  -0.0018938585
  -0.0035316988
  -0.0050586216
  -0.0053753664
  -0.0049067190
  -0.0055512961
  -0.0064034929
  -0.0060273941
  -0.0052066408
  -0.0047721016
  -0.0046919275
  -0.0053883077
  -0.0061282368
  -0.0056632492
  -0.0047552920
  -0.0048482387
  -0.0054499569
  -0.0054123745
  -0.0053796442
  -0.0066202119
  -0.0078728453
  -0.0086936687
  -0.0091205470
  -0.0088094541
  -0.0078835140
  -0.0067773571
  -0.0054613270
  -0.0042619617
  -0.0034360247
  -0.0030549924
  -0.0028654618
  -0.0023694914
  -0.0016238990
  -0.0012541710
  -0.0012643914
  -0.0007038743
   0.0000865832
   0.0011839912
   0.0017014082
   0.0014911698
   0.0013953995
   0.0016752371
   0.0018366176
   0.0019349958
   0.0020143416
   0.0019929984
   0.0019262223
   0.0018062122
   0.0025041276
   0.0034040695
   0.0038404339
   0.0038030183
   0.0029536191
   0.0016497369
  -0.0000280047
  -0.0013700569
  -0.0006448113
   0.0007493125
   0.0009392117
   0.0006604706
   0.0007182672
   0.0010397971
   0.0016283563
   0.0016996161
   0.0013006281
   0.0012352402
   0.0018627867
   0.0030933234
   0.0038615668
   0.0023371742
   0.0007000069
   0.0004144529
   0.0009029968
   0.0012132965
   0.0011291317
   0.0006551618
   0.0002773690
   0.0005450239
   0.0009548536
   0.0010940417
   0.0007293810
   0.0000459202
  -0.0000737923
   0.0005053946
   0.0010110274
   0.0014155473
   0.0015460349
   0.0012327700
   0.0008244934
   0.0002074312
  -0.0005910422
  -0.0014306032
  -0.0022552886
  -0.0027797382
  -0.0035397103
  -0.0041524366
  -0.0043498119
  -0.0042843777
  -0.0042136404
  -0.0043642770
  -0.0048366469
  -0.0053227958
  -0.0061744732
  -0.0069813528
  -0.0086247585
  -0.0104108954
  -0.0106719063
  -0.0087839620
  -0.0068898844
  -0.0063327651
  -0.0062053670
  -0.0058557175
  -0.0053491143
  -0.0046976741
  -0.0046856009
  -0.0047399967
  -0.0042027574
  -0.0028556118
  -0.0017655101
  -0.0014965232
  -0.0016845959
  -0.0018655238
  -0.0022911102
  -0.0023529660
  -0.0020846752
  -0.0018840199
  -0.0022501579
  -0.0034698657
  -0.0038597567
  -0.0035319963
  -0.0029261255
  -0.0026153813
  -0.0014657958
   0.0006551944
   0.0015211453
   0.0010802524
   0.0009335778
   0.0015783332
   0.0021831809
   0.0023955881
   0.0026054062
   0.0030144912
   0.0038290335
   0.0058727982
   0.0077822184
   0.0083950148
   0.0080925020
   0.0075890981
   0.0074501860
   0.0078964288
   0.0081353477
   0.0082641995
   0.0083484050
   0.0076882255
   0.0071492520
   0.0065676223
   0.0056082601
   0.0057453243
   0.0067702060
   0.0065983019
   0.0061701633
   0.0061923253
   0.0060682441
   0.0061158963
   0.0063314175
   0.0064440888
   0.0063691344
   0.0065108592
   0.0074625624
   0.0076864552
   0.0067352505
   0.0053745135
   0.0042965400
   0.0033315942
   0.0024177596
   0.0023383455
   0.0027477546
   0.0025255846
   0.0022145353
   0.0018838184
   0.0012611314
   0.0003923178
  -0.0002847140
  -0.0005733907
  -0.0007013026
  -0.0003199096
   0.0001952781
   0.0000334401
  -0.0001430765
  -0.0003777756
  -0.0002176955
   0.0002032285
   0.0004531301
   0.0002184422
  -0.0005099970
  -0.0011956214
  -0.0007941630
  -0.0003334945
  -0.0002404496
  -0.0006124715
  -0.0007290260
  -0.0001848848
   0.0005924696
   0.0010565994
   0.0004438492
  -0.0008218867
  -0.0005005615
   0.0010513965
   0.0017313024
   0.0018296352
   0.0015006539
   0.0007835449
   0.0001996658
  -0.0000410958
  -0.0004499800
  -0.0004674128
  -0.0002737812
  -0.0002269060
   0.0004104472
  -0.0002892436
  -0.0019074112
  -0.0021788482
  -0.0011265859
  -0.0010599998
  -0.0022127347
  -0.0027867187
  -0.0031336313
  -0.0031250739
  -0.0030803348
  -0.0032698805
  -0.0034438694
  -0.0031202276
  -0.0028470393
  -0.0029089463
  -0.0034626521
  -0.0039441120
  -0.0041196683
  -0.0041154209
  -0.0041305968
  -0.0042707181
  -0.0044560486
  -0.0048992438
  -0.0051852445
  -0.0050428336
  -0.0054310378
  -0.0063901460
  -0.0064696966
  -0.0050232321
  -0.0037324516
  -0.0035817429
  -0.0041204511
  -0.0047725887
  -0.0050235733
  -0.0049708681
  -0.0056678965
  -0.0069325766
  -0.0062278475
  -0.0041387466
  -0.0027962597
  -0.0015549094
  -0.0004007755
   0.0002127129
   0.0002854878
   0.0001075193
  -0.0008088482
  -0.0018371561
  -0.0026795835
  -0.0021326611
  -0.0006489044
   0.0000076202
  -0.0009408149
  -0.0021139997
  -0.0019879814
  -0.0014037732
  -0.0010755695
  -0.0011726126
  -0.0009461010
  -0.0002243293
   0.0006992859
   0.0011539573
   0.0008444394
   0.0009861172
   0.0024310212
   0.0036708895
   0.0045169378
   0.0053980762
   0.0059460923
   0.0055722774
   0.0049574473
   0.0053692218
   0.0066689862
   0.0083123313
   0.0089788734
   0.0087309042
   0.0090123221
   0.0097241909
   0.0100347265
   0.0100370388
   0.0098277590
   0.0100090430
   0.0105732319
   0.0111325005
   0.0109664530
   0.0105037607
   0.0099983856
   0.0092548838
   0.0093979069
   0.0105689409
   0.0126734147
   0.0139104343
   0.0135713740
   0.0129046234
   0.0131410766
   0.0133627120
   0.0127861220
   0.0119400718
   0.0122527075
   0.0128306754
   0.0130777253
   0.0121196046
   0.0098725853
   0.0082156470
   0.0074940722
   0.0072858348
   0.0067344431
   0.0049643956
   0.0037845465
   0.0037527714
   0.0040722397
   0.0033792408
   0.0020104392
   0.0011297307
   0.0006367353
  -0.0006252295
  -0.0019185443
  -0.0022485640
  -0.0031103795
  -0.0037918416
  -0.0037268509
  -0.0037311571
  -0.0040743075
  -0.0044957974
  -0.0043870323
  -0.0040300081
  -0.0038474845
  -0.0035269681
  -0.0044123311
  -0.0059036162
  -0.0066125320
  -0.0061599550
  -0.0062041388
  -0.0067116291
  -0.0064108467
  -0.0058987982
  -0.0064779204
  -0.0081980602
  -0.0090840336
  -0.0084366513
  -0.0077699557
  -0.0078397017
  -0.0078744961
  -0.0077431671
  -0.0076900166
  -0.0066346107
  -0.0053969826
  -0.0045451573
  -0.0039554271
  -0.0032199899
  -0.0029573889
  -0.0036028891
  -0.0043342968
  -0.0049112166
  -0.0050647018
  -0.0045448806
  -0.0036686739
  -0.0031412941
  -0.0031341639
  -0.0035566716
  -0.0039486759
  -0.0033908989
  -0.0029130231
  -0.0026284742
  -0.0027455465
  -0.0027626784
  -0.0021889825
  -0.0017562301
  -0.0013693003
  -0.0003516311
   0.0009764055
   0.0013651484
   0.0009259635
   0.0011449488
   0.0015251566
   0.0015741542
   0.0019287507
   0.0019928392
   0.0019178393
   0.0026464116
   0.0029666362
   0.0023997294
   0.0020752706
   0.0024652318
   0.0022078960
   0.0013463939
   0.0009371683
   0.0005850551
   0.0004087321
   0.0019247364
   0.0039247152
   0.0049717987
   0.0052239508
   0.0052193698
   0.0059736238
   0.0063608386
   0.0061417637
   0.0057175995
   0.0053661097
   0.0071453855
   0.0088553247
   0.0077436182
   0.0054670319
   0.0038222729
   0.0030366286
   0.0025566092
   0.0022139781
   0.0018559780
   0.0013358730
  -0.0002634530
  -0.0013813301
  -0.0008683667
  -0.0001097625
  -0.0009291062
  -0.0027316045
  -0.0034164953
  -0.0031215808
  -0.0029370805
  -0.0030491340
  -0.0025011482
  -0.0019423098
  -0.0026795646
  -0.0029344232
  -0.0033143259
  -0.0044096606
  -0.0054461644
  -0.0064900372
  -0.0072048115
  -0.0075228224
  -0.0074485048
  -0.0068329318
  -0.0059722421
  -0.0049572559
  -0.0044050038
  -0.0049975922
  -0.0059794822
  -0.0055887212
  -0.0057083731
  -0.0065236413
  -0.0069960434
  -0.0060859748
  -0.0048271987
  -0.0040983687
  -0.0032146697
  -0.0029837092
  -0.0035735494
  -0.0032885362
  -0.0027855625
  -0.0025556634
  -0.0024494570
  -0.0013884832
  -0.0009800546
  -0.0016833806
  -0.0028026299
  -0.0033225592
  -0.0030007937
  -0.0022519395
  -0.0024646367
  -0.0029488372
  -0.0028825785
  -0.0031256065
  -0.0032854260
  -0.0032154544
  -0.0023806226
  -0.0007176149
  -0.0004089842
  -0.0017191603
  -0.0024816112
  -0.0016550709
  -0.0007502209
  -0.0004344952
  -0.0000482992
   0.0005945099
   0.0018543622
   0.0028416679
   0.0029739748
   0.0037826644
   0.0049854015
   0.0058889312
   0.0062675090
   0.0059424741
   0.0059365891
   0.0058871230
   0.0054047705
   0.0053369046
   0.0049336515
   0.0041027753
   0.0031325320
   0.0026489665
   0.0030412835
   0.0033138994
   0.0041610091
   0.0048157964
   0.0046715982
   0.0044314833
   0.0046955779
   0.0054166731
   0.0062601646
   0.0062307890
   0.0064191085
   0.0067070746
   0.0063839331
   0.0050425057
   0.0038378563
   0.0032860116
   0.0035155904
   0.0037645337
   0.0027676536
   0.0015899077
   0.0017604405
   0.0029730329
   0.0040183803
   0.0038253395
   0.0030806039
   0.0023747338
   0.0016980286
   0.0013831883
   0.0017584377
   0.0021391677
   0.0020917922
   0.0018287346
   0.0017318717
   0.0014342673
   0.0010892018
   0.0009209392
   0.0009277406
   0.0005278476
  -0.0003447251
  -0.0007252377
  -0.0006309921
  -0.0007177183
  -0.0008692433
  -0.0013340006
  -0.0021180367
  -0.0026871118
  -0.0033930880
  -0.0047361966
  -0.0063662137
  -0.0066114498
  -0.0066828486
  -0.0066688194
  -0.0064118020
  -0.0065319561
  -0.0073034802
  -0.0082314142
  -0.0081107730
  -0.0068088574
  -0.0060059087
  -0.0062378624
  -0.0051753111
  -0.0029357556
  -0.0018319608
  -0.0018037769
  -0.0024571615
  -0.0029121001
  -0.0023534607
  -0.0014813416
  -0.0014265436
  -0.0018667840
  -0.0020446251
  -0.0023264372
  -0.0027624566
  -0.0030682161
  -0.0027442691
  -0.0027061181
  -0.0034933204
  -0.0036328030
  -0.0029542294
  -0.0021206959
  -0.0019706260
  -0.0019903108
  -0.0017618935
  -0.0020158389
  -0.0015165850
  -0.0008371920
  -0.0017240571
  -0.0024895791
  -0.0023487868
  -0.0016781487
  -0.0016414016
  -0.0016021288
  -0.0012329474
  -0.0015986755
  -0.0023688223
  -0.0032731537
  -0.0035400818
  -0.0034031086
  -0.0042497482
  -0.0044915443
  -0.0040424376
  -0.0034053451
  -0.0027373909
  -0.0020370514
  -0.0022566551
  -0.0027955755
  -0.0030785740
  -0.0028085945
  -0.0023870951
  -0.0021082398
  -0.0014546031
   0.0001190158
   0.0013381451
   0.0013470262
   0.0012907569
   0.0019385135
   0.0032167887
   0.0038663544
   0.0033518855
   0.0027665752
   0.0027101646
   0.0031296777
   0.0035566621
   0.0037326411
   0.0039448853
   0.0040818736
   0.0049636602
   0.0065596373
   0.0077145288
   0.0073038802
   0.0064433705
   0.0061310911
   0.0067050428
   0.0072447024
   0.0079556255
   0.0084450836
   0.0083294650
   0.0078287259
   0.0075084539
   0.0077028327
   0.0080557896
   0.0079381828
   0.0074021831
   0.0075251688
   0.0077545448
   0.0072846938
   0.0064981947
   0.0058290351
   0.0048056830
   0.0045539024
   0.0051272419
   0.0055317326
   0.0058068902
   0.0054346882
   0.0045062368
   0.0033298543
   0.0029448437
   0.0032736352
   0.0029405735
   0.0029801403
   0.0050319961
   0.0063484564
   0.0049430940
   0.0026117991
   0.0018131523
   0.0019829171
   0.0020711047
   0.0014758242
   0.0008022167
   0.0002067951
  -0.0001147840
   0.0002894290
   0.0007651111
   0.0007399242
   0.0008940412
   0.0008594242
   0.0001704930
  -0.0009808882
  -0.0027295045
  -0.0039881934
  -0.0047420835
  -0.0049965573
  -0.0053939330
  -0.0058342151
  -0.0060951596
  -0.0060602136
  -0.0055319430
  -0.0051109288
  -0.0054304180
  -0.0055798682
  -0.0051774566
  -0.0048499104
  -0.0046863950
  -0.0049561395
  -0.0050374793
  -0.0057030112
  -0.0063021688
  -0.0068222535
  -0.0080137778
  -0.0082830656
  -0.0069342179
  -0.0044187051
  -0.0033252354
  -0.0032341935
  -0.0034208545
  -0.0036099757
  -0.0032426428
  -0.0022845638
  -0.0019150304
  -0.0020870595
  -0.0010524499
  -0.0001362993
  -0.0012591671
  -0.0035937953
  -0.0054487288
  -0.0055205407
  -0.0048686134
  -0.0054436891
  -0.0068115942
  -0.0073162377
  -0.0070431669
  -0.0070765530
  -0.0075356935
  -0.0078239629
  -0.0081826759
  -0.0084472310
  -0.0085313076
  -0.0085070133
  -0.0084386471
  -0.0077436770
  -0.0068273330
  -0.0065011457
  -0.0062987724
  -0.0060746370
  -0.0052169533
  -0.0039438902
  -0.0028081169
  -0.0026474502
  -0.0030889339
  -0.0030609608
  -0.0026563639
  -0.0019807659
  -0.0014773031
  -0.0010520057
  -0.0011342112
  -0.0017489446
  -0.0026859632
  -0.0034493829
  -0.0044904355
  -0.0044826002
  -0.0036633651
  -0.0023454113
  -0.0010558280
   0.0002680008
   0.0011520966
   0.0013305996
   0.0011472018
   0.0005389564
   0.0000937833
   0.0004209689
   0.0016724523
   0.0030102855
   0.0028272445
   0.0011363103
  -0.0006370971
  -0.0017639488
  -0.0020304784
  -0.0011124305
  -0.0008301534
  -0.0013490002
  -0.0015847856
  -0.0018992916
  -0.0025097321
  -0.0025571607
  -0.0015266894
  -0.0002869984
   0.0007208703
   0.0016776152
   0.0025121278
   0.0028063808
   0.0027799031
   0.0024987089
   0.0025105206
   0.0030599127
   0.0035392554
   0.0034125719
   0.0027026970
   0.0024035674
   0.0029472034
   0.0035783200
   0.0041945772
   0.0043422154
   0.0033217404
   0.0017596689
   0.0007990716
   0.0006889464
   0.0008526679
   0.0001814218
  -0.0011149682
  -0.0009632313
   0.0012498662
   0.0031791722
   0.0035810303
   0.0027163851
   0.0022657147
   0.0024373648
   0.0024763517
   0.0032528131
   0.0046140334
   0.0056591818
   0.0065153796
   0.0060759865
   0.0048091457
   0.0038101353
   0.0033641218
   0.0027836198
   0.0016358862
   0.0003707373
   0.0001734572
   0.0005605900
   0.0002327995
   0.0001921234
   0.0010282252
   0.0018201641
   0.0020236685
   0.0018631218
   0.0017085751
   0.0010493253
   0.0000439121
  -0.0001505413
   0.0002473547
   0.0015656741
   0.0033147713
   0.0042679718
   0.0049186216
   0.0054492481
   0.0059611089
   0.0062142940
   0.0053799171
   0.0042298909
   0.0038678498
   0.0044189723
   0.0045102720
   0.0040483529
   0.0036379317
   0.0035753917
   0.0036685280
   0.0029749453
   0.0019164405
   0.0032184452
   0.0055401763
   0.0075101446
   0.0084243298
   0.0084940645
   0.0083229678
   0.0082291928
   0.0080810277
   0.0072306126
   0.0064272792
   0.0059126133
   0.0065207377
   0.0064821034
   0.0045647967
   0.0025216385
   0.0009352269
  -0.0005247108
  -0.0017912196
  -0.0022428931
  -0.0019128716
  -0.0009262327
  -0.0002917572
  -0.0004877129
  -0.0013469889
  -0.0023915757
  -0.0030826357
  -0.0032449968
  -0.0031761036
  -0.0031568528
  -0.0032243814
  -0.0033238764
  -0.0033703668
  -0.0033650599
  -0.0031562653
  -0.0023438647
  -0.0023027172
  -0.0027723199
  -0.0028478599
  -0.0030105717
  -0.0030354706
  -0.0023431880
  -0.0019412693
  -0.0023967670
  -0.0024695266
  -0.0015964163
  -0.0010615752
  -0.0019745379
  -0.0031995223
  -0.0039831367
  -0.0053439742
  -0.0056207560
  -0.0044278765
  -0.0033235106
  -0.0030905354
  -0.0031154476
  -0.0029227423
  -0.0029868403
  -0.0025914471
  -0.0020554000
  -0.0019361519
  -0.0020176926
  -0.0009788355
   0.0007682924
   0.0010989720
  -0.0000775489
  -0.0010981972
  -0.0009321614
   0.0008630426
   0.0021857491
   0.0028472970
   0.0026985254
   0.0019497907
   0.0014391439
   0.0013896108
   0.0015168907
   0.0015651963
   0.0015218159
   0.0011107575
  -0.0004175958
  -0.0025255865
  -0.0034143858
  -0.0027691680
  -0.0026421092
  -0.0029505865
  -0.0031502419
  -0.0034638310
  -0.0036834044
  -0.0037343924
  -0.0037607184
  -0.0038039489
  -0.0038375208
  -0.0037834472
  -0.0033628310
  -0.0033920967
  -0.0037669939
  -0.0040257038
  -0.0040998186
  -0.0041455414
  -0.0046228012
  -0.0053660168
  -0.0046003985
  -0.0019414152
   0.0000563934
   0.0004404524
   0.0001321190
   0.0002393367
   0.0006050750
   0.0007994559
   0.0007275172
   0.0005812047
   0.0010492247
   0.0029277611
   0.0032649603
   0.0016863936
   0.0002993745
   0.0003602895
   0.0008960043
   0.0009625765
   0.0020250161
   0.0041248388
   0.0054965990
   0.0055965925
   0.0052036481
   0.0050351935
   0.0051381627
   0.0052492553
   0.0052456239
   0.0050439632
   0.0045294527
   0.0045039416
   0.0043936148
   0.0043952864
   0.0046749852
   0.0049133696
   0.0047835797
   0.0036709938
   0.0020573655
   0.0008248565
   0.0004593846
   0.0003142562
  -0.0000479499
  -0.0003971886
  -0.0005308437
  -0.0004486296
  -0.0005200780
  -0.0011659052
  -0.0022647766
  -0.0036418873
  -0.0057703805
  -0.0073361310
  -0.0066065693
  -0.0048643452
  -0.0039469568
  -0.0042976867
  -0.0052623103
  -0.0057875161
  -0.0057447425
  -0.0055674291
  -0.0052478736
  -0.0041959987
  -0.0024997513
  -0.0002224446
   0.0012191684
   0.0006360761
  -0.0005975464
  -0.0010926352
  -0.0004818747
  -0.0002035357
  -0.0005835464
  -0.0009755962
  -0.0010252143
  -0.0006381642
  -0.0002671191
  -0.0000298168
   0.0000480052
  -0.0004023579
  -0.0009778033
  -0.0012852479
  -0.0017165080
  -0.0024466709
  -0.0032971069
  -0.0031871193
  -0.0023385938
  -0.0021585815
  -0.0029034195
  -0.0028204763
  -0.0018286485
  -0.0011084386
  -0.0009644853
  -0.0006597633
  -0.0004204852
  -0.0008107246
  -0.0013705764
  -0.0014873159
  -0.0005100122
   0.0006154316
   0.0013380820
   0.0013567870
   0.0007225220
  -0.0006045601
  -0.0007741221
   0.0012945960
   0.0034713346
   0.0037716772
   0.0033663488
   0.0029873521
   0.0027303005
   0.0025890988
   0.0025147471
   0.0028536881
   0.0035826318
   0.0050437585
   0.0064179883
   0.0055096009
   0.0028133252
   0.0012437106
   0.0014277684
   0.0014583500
   0.0008343797
   0.0001625063
   0.0001552551
   0.0005276910
   0.0005905311
  -0.0000295823
  -0.0004559469
   0.0003536754
   0.0016898351
   0.0029750969
   0.0030294510
   0.0025107897
   0.0018658336
   0.0015331293
   0.0020564519
   0.0026647867
   0.0022470344
   0.0014774928
   0.0007660679
   0.0007700860
   0.0012386284
   0.0015185207
   0.0014725399
   0.0013071846
   0.0006190508
  -0.0004344010
  -0.0004685671
   0.0001698776
   0.0008938101
   0.0011881421
   0.0000597052
  -0.0016081796
  -0.0013738092
   0.0003079474
   0.0014378598
   0.0015209323
   0.0018516911
   0.0028178854
   0.0032808980
   0.0023753574
   0.0012127893
   0.0007404022
   0.0011866224
   0.0030128745
   0.0041159364
   0.0028207303
   0.0010438279
   0.0003988595
   0.0009148025
   0.0021223012
   0.0026314442
   0.0026605943
   0.0023537298
   0.0027076950
   0.0033149741
   0.0029449726
   0.0024635033
   0.0021370393
   0.0027170465
   0.0031240637
   0.0029367298
   0.0024908225
   0.0018679513
   0.0011548172
   0.0004375088
   0.0000114143
  -0.0004520234
  -0.0004947889
  -0.0004911283
  -0.0006345403
  -0.0005142401
  -0.0002951534
   0.0000858156
   0.0006669958
   0.0004228792
  -0.0002481602
  -0.0006486283
  -0.0006873613
  -0.0006277230
  -0.0006705826
  -0.0015444666
  -0.0031769243
  -0.0030043986
  -0.0015575957
  -0.0003285879
   0.0001410749
  -0.0001157272
   0.0003121391
   0.0012255316
   0.0014832218
   0.0012532857
   0.0010005122
   0.0007594953
   0.0017369178
   0.0028040817
   0.0023860641
   0.0008706794
  -0.0001946064
  -0.0007855020
  -0.0007521247
  -0.0008848035
  -0.0012385098
  -0.0014748564
  -0.0014858506
  -0.0014313841
  -0.0010336767
  -0.0004537195
  -0.0003152924
  -0.0003167389
  -0.0007827691
  -0.0014388291
  -0.0017920695
  -0.0018469729
  -0.0018598838
  -0.0019064199
  -0.0018377584
  -0.0015426124
  -0.0016323924
  -0.0018279846
  -0.0016865498
  -0.0017658312
  -0.0020192486
  -0.0021799153
  -0.0021849284
  -0.0020290418
  -0.0017314293
  -0.0018469143
  -0.0021648437
  -0.0023619082
  -0.0023579033
  -0.0024370275
  -0.0030503204
  -0.0031383658
  -0.0026694246
  -0.0022690031
  -0.0022212694
  -0.0023891402
  -0.0025084054
  -0.0025245573
  -0.0024901326
  -0.0023223887
  -0.0015931694
  -0.0006881736
   0.0003553148
   0.0010244113
   0.0011519450
   0.0010367595
   0.0009551699
   0.0009519541
   0.0009860349
   0.0009969815
   0.0009594670
   0.0006152946
   0.0003622720
  -0.0001066505
  -0.0004791606
  -0.0003195366
   0.0003117764
   0.0008748085
   0.0010319444
   0.0009399618
   0.0008578971
   0.0009894804
   0.0012986115
   0.0013498696
   0.0017442855
   0.0022864155
   0.0025569181
   0.0021011323
   0.0011726622
   0.0006188233
   0.0005908514
   0.0006913305
   0.0007073738
   0.0006811602
   0.0006601338
   0.0006182045
   0.0005694135
   0.0005391899
   0.0005186090
   0.0000036286
  -0.0008641761
  -0.0006107428
   0.0004971238
   0.0010713723
   0.0008222182
   0.0004311142
   0.0003340807
   0.0003208157
   0.0001343169
   0.0001804071
   0.0003595662
   0.0005115036
   0.0010116419
   0.0010792170
   0.0006591564
   0.0002972440
   0.0002473355
   0.0003451223
   0.0003903923
   0.0004854982
   0.0006408015
   0.0005376962
   0.0003413091
   0.0002432534
   0.0002520844
   0.0002788495
   0.0002734584
   0.0002265961
  -0.0001939289
  -0.0008529517
  -0.0012218010
  -0.0012603633
  -0.0015081519
  -0.0017161843
  -0.0017079307
  -0.0014341577
  -0.0011731982
  -0.0012890970
  -0.0011431524
  -0.0003979738
   0.0002437179
   0.0004071345
   0.0002636603
   0.0001286478
   0.0001179893
   0.0001666026
   0.0001537421
  -0.0001407938
  -0.0006355306
  -0.0014359992
  -0.0021413833
  -0.0023697605
  -0.0019057395
  -0.0012302392
  -0.0009246152
  -0.0010747719
  -0.0011028229
  -0.0011444778
  -0.0016151462
  -0.0019431949
  -0.0019638597
  -0.0015820402
  -0.0006192257
  -0.0001099191
  -0.0007947786
  -0.0015754346
  -0.0016046770
  -0.0013197561
  -0.0015270845
  -0.0019347911
  -0.0021070685
  -0.0020213657
  -0.0018905830
  -0.0018374934
  -0.0017803799
  -0.0011899794
  -0.0002590236
   0.0003223462
   0.0004978537
   0.0003263525
   0.0001429707
   0.0000995579
   0.0001123797
   0.0001051763
   0.0000815285
   0.0000633632
   0.0000496116
   0.0000365632
   0.0000303957
   0.0000155839
  -0.0000177230
  -0.0000353081
  -0.0000336825
  -0.0000267386
  -0.0000313952
  -0.0000445547
  -0.0000599101
  -0.0000665713
  -0.0000741175
  -0.0001796064
  -0.0005555350
  -0.0005698684
  -0.0002814042
  -0.0000749193
  -0.0000693754
  -0.0001365262
  -0.0001639658
  -0.0001436660
  -0.0001206641
  -0.0001295726
  -0.0001531036
  -0.0001437309
   0.0002364560
   0.0008794377
   0.0009781215
   0.0004406692
  -0.0001136517
  -0.0002618198
  -0.0000666143
   0.0000409160
   0.0001329800
   0.0002131893
   0.0001013566
   0.0000965755
   0.0002634825
   0.0003937241
   0.0004749739
   0.0006426540
   0.0007153469
   0.0007306325
   0.0005861112
   0.0003108228
   0.0001475412
   0.0001851560
   0.0002677783
   0.0002695635
   0.0001723116
   0.0001900525
   0.0000963029
  -0.0000975584
  -0.0002068628
  -0.0001491726
  -0.0001177774
  -0.0001605199
  -0.0002059083
  -0.0002138374
  -0.0002022446
  -0.0001751050
  -0.0001237064
  -0.0002390982
  -0.0004073972
  -0.0003791557
  -0.0002166297
  -0.0001091011
  -0.0001041549
  -0.0001279237
  -0.0001282313
  -0.0000992543
   0.0000101206
   0.0001239423
   0.0001332603
   0.0001509816
   0.0002627854
   0.0003599362
   0.0003456238
   0.0002905582
   0.0002503606
   0.0002494156
   0.0002749597
   0.0002840349
   0.0002968010
   0.0002884368
   0.0002521800
   0.0002177002
   0.0001740862
   0.0001265783
   0.0001133152
   0.0000818614
   0.0000234303
  -0.0000624532
  -0.0001027142
  -0.0000746302
  -0.0000177256
  -0.0000194669
  -0.0000806318
  -0.0001060143
  -0.0001001266
  -0.0000769129
  -0.0000718983
  -0.0000856495
  -0.0000925421
  -0.0000688132
  -0.0000511183
  -0.0000323828
   0.0000185271
   0.0000709419
   0.0000906096
   0.0000731262
   0.0000472779
  -0.0000010902
  -0.0000502748
  -0.0000399200
   0.0000229190
   0.0000723141
   0.0000853694
   0.0000878178
   0.0000905167
   0.0000921009
   0.0000901519
   0.0000853765
   0.0000812966
   0.0000829854
   0.0001099849
   0.0001221413
   0.0000956402
   0.0000663202
   0.0000594458
   0.0000665784
   0.0000643046
   0.0000491120
   0.0000316510
   0.0000107682
  -0.0000062922
  -0.0000114139
  -0.0000085490
  -0.0000042472
   0.0000032525
   0.0000131614
   0.0000230645
   0.0000315216
   0.0000349961
   0.0000402129
   0.0000450116
   0.0000461775
   0.0000447490
   0.0000431430
   0.0000420887
   0.0000413452
   0.0000406202
   0.0000384348
   0.0000322472
   0.0000269368
   0.0000244647
   0.0000212838
   0.0000189157
   0.0000189736
   0.0000206694
   0.0000224942
   0.0000238349
   0.0000245362
   0.0000222848
   0.0000235816
   0.0000286053
   0.0000333027
   0.0000351351
   0.0000343815
   0.0000330890
   0.0000330575
   0.0000340354
   0.0000350850
   0.0000358241
   0.0000364119
   0.0000370431
   0.0000377683
   0.0000385768
   0.0000381039
   0.0000380458
   0.0000392357
   0.0000405734
   0.0000413420
   0.0000417110
   0.0000420638
   0.0000425031
   0.0000431200
   0.0000437880
   0.0000443472
   0.0000448052
   0.0000450680
   0.0000454789
   0.0000457898
   0.0000462450
   0.0000468663
   0.0000474428
   0.0000478917
   0.0000482805
   0.0000486721
   0.0000489484
   0.0000491091
   0.0000492420
   0.0000494071
   0.0000496057
   0.0000497806
   0.0000499715
   0.0000501647
   0.0000503872
   0.0000506780
   0.0000510226
   0.0000513392
   0.0000516569
   0.0000520030
   0.0000523412
   0.0000527134
   0.0000531270
   0.0000535281
   0.0000538864
   0.0000542550
   0.0000546578
   0.0000550721
   0.0000554944
   0.0000559243
   0.0000563669
   0.0000568145
   0.0000572688
   0.0000577277
   0.0000581947
   0.0000586729
   0.0000591608
   0.0000596565
   0.0000601587
   0.0000606676
   0.0000611847
   0.0000617101
   0.0000622427
   0.0000627820
   0.0000633280
   0.0000638808
   0.0000644405
   0.0000650070
   0.0000655802
   0.0000661599
   0.0000667462
   0.0000673390
   0.0000679382
   0.0000685438
   0.0000691556
   0.0000697737
   0.0000703980
   0.0000710285
   0.0000716650
   0.0000723075
   0.0000729559
   0.0000736102
   0.0000742703
   0.0000749362
