     0.000    0.0011956592
     0.010    0.0011396165
     0.020    0.0010826199
     0.030    0.0010019169
     0.040    0.0008982475
     0.050    0.0007216669
     0.060    0.0005490703
     0.070    0.0005256100
     0.080    0.0008410901
     0.090    0.0011181902
     0.100    0.0007924170
     0.110    0.0000529837
     0.120   -0.0004052042
     0.130   -0.0006306093
     0.140   -0.0007738391
     0.150   -0.0010017819
     0.160   -0.0011252363
     0.170   -0.0010601340
     0.180   -0.0006887784
     0.190   -0.0008440794
     0.200   -0.0008038697
     0.210   -0.0009387646
     0.220   -0.0009565739
     0.230   -0.0014634379
     0.240   -0.0021327879
     0.250   -0.0021594842
     0.260   -0.0017968624
     0.270   -0.0011331108
     0.280   -0.0014777999
     0.290   -0.0020459947
     0.300   -0.0022327782
     0.310   -0.0023437818
     0.320   -0.0021717333
     0.330   -0.0016407645
     0.340   -0.0007230949
     0.350   -0.0010455409
     0.360   -0.0012510358
     0.370   -0.0010350853
     0.380   -0.0000013427
     0.390    0.0003665148
     0.400   -0.0000924408
     0.410   -0.0005722479
     0.420   -0.0017275669
     0.430   -0.0024078703
     0.440   -0.0023559123
     0.450   -0.0014774866
     0.460   -0.0002785191
     0.470   -0.0009622917
     0.480   -0.0021243873
     0.490   -0.0023344748
     0.500   -0.0023925898
     0.510   -0.0023044633
     0.520   -0.0023177882
     0.530   -0.0019580041
     0.540   -0.0013465632
     0.550   -0.0012660101
     0.560   -0.0013420862
     0.570   -0.0017931477
     0.580   -0.0022482483
     0.590   -0.0018021252
     0.600   -0.0016103657
     0.610   -0.0025347759
     0.620   -0.0034381834
     0.630   -0.0013064377
     0.640   -0.0009652360
     0.650   -0.0031589646
     0.660   -0.0037209446
     0.670   -0.0039606898
     0.680   -0.0042611403
     0.690   -0.0006463470
     0.700    0.0040196827
     0.710    0.0034957722
     0.720    0.0018244082
     0.730    0.0004708149
     0.740   -0.0060245218
     0.750   -0.0068439202
     0.760   -0.0002093419
     0.770   -0.0001776112
     0.780   -0.0024179143
     0.790    0.0007685948
     0.800   -0.0023413284
     0.810   -0.0082064736
     0.820   -0.0012970740
     0.830    0.0036128041
     0.840    0.0001345700
     0.850    0.0034079469
     0.860   -0.0000598107
     0.870   -0.0157029597
     0.880   -0.0149508880
     0.890   -0.0015176202
     0.900    0.0071277894
     0.910    0.0163399410
     0.920    0.0070349902
     0.930   -0.0150075512
     0.940   -0.0165208089
     0.950   -0.0091622223
     0.960   -0.0056953109
     0.970    0.0036362591
     0.980    0.0076310401
     0.990    0.0010920444
     1.000   -0.0080180364
     1.010   -0.0107712995
     1.020   -0.0055807498
     1.030   -0.0060607907
     1.040   -0.0041704418
     1.050    0.0172518638
     1.060    0.0091027894
     1.070   -0.0177632616
     1.080   -0.0083103905
     1.090    0.0047546480
     1.100   -0.0034389722
     1.110    0.0061641510
     1.120    0.0190858274
     1.130   -0.0028175847
     1.140   -0.0158270732
     1.150   -0.0097804123
     1.160   -0.0072188793
     1.170    0.0061545115
     1.180    0.0191630916
     1.190    0.0071026210
     1.200    0.0008994718
     1.210    0.0042843956
     1.220    0.0019047281
     1.230   -0.0048285960
     1.240   -0.0076826462
     1.250   -0.0047027113
     1.260   -0.0011643064
     1.270    0.0106993274
     1.280    0.0068816490
     1.290   -0.0002563585
     1.300   -0.0061523389
     1.310   -0.0137779742
     1.320    0.0042532547
     1.330    0.0229808938
     1.340   -0.0016657403
     1.350   -0.0152699515
     1.360    0.0042977782
     1.370    0.0029372656
     1.380    0.0064843480
     1.390    0.0292526287
     1.400    0.0010255755
     1.410   -0.0179151744
     1.420    0.0099323007
     1.430    0.0017736942
     1.440   -0.0149394216
     1.450    0.0051624026
     1.460    0.0049171472
     1.470   -0.0033966203
     1.480    0.0280031806
     1.490    0.0279648577
     1.500   -0.0148217561
     1.510   -0.0039676721
     1.520    0.0162288148
     1.530   -0.0011100096
     1.540   -0.0068584078
     1.550   -0.0053837072
     1.560   -0.0000621364
     1.570    0.0194389050
     1.580    0.0161122848
     1.590   -0.0002986114
     1.600   -0.0068243147
     1.610   -0.0176083174
     1.620   -0.0224708038
     1.630    0.0022912805
     1.640    0.0070112189
     1.650    0.0005499980
     1.660    0.0256626755
     1.670    0.0277663796
     1.680   -0.0088744589
     1.690   -0.0101702585
     1.700   -0.0024163378
     1.710   -0.0174144015
     1.720   -0.0017432093
     1.730    0.0272528933
     1.740    0.0242001905
     1.750    0.0115633263
     1.760   -0.0150794725
     1.770   -0.0570353716
     1.780   -0.0819004036
     1.790   -0.0421222590
     1.800    0.0042008902
     1.810    0.0323855460
     1.820    0.0307569343
     1.830   -0.0014549582
     1.840    0.0010579888
     1.850   -0.0009426049
     1.860   -0.0226428716
     1.870   -0.0253220883
     1.880   -0.0127622349
     1.890   -0.0057421419
     1.900    0.0128347442
     1.910    0.0339024738
     1.920    0.0218229441
     1.930   -0.0029264004
     1.940   -0.0222572094
     1.950   -0.0476283166
     1.960   -0.0206547851
     1.970    0.0460118304
     1.980    0.0677035540
     1.990    0.0355016944
     2.000    0.0091406135
     2.010    0.0070627105
     2.020   -0.0156504330
     2.030   -0.0260544714
     2.040    0.0059532950
     2.050    0.0168344382
     2.060   -0.0120617774
     2.070   -0.0086860238
     2.080    0.0132062938
     2.090    0.0077345443
     2.100    0.0241782512
     2.110    0.0238220510
     2.120   -0.0222649551
     2.130   -0.0269594291
     2.140   -0.0039133387
     2.150   -0.0096786193
     2.160    0.0218642578
     2.170    0.0430744715
     2.180   -0.0040649605
     2.190   -0.0274262283
     2.200   -0.0209775592
     2.210   -0.0240985943
     2.220   -0.0033727385
     2.230    0.0173886705
     2.240   -0.0011148435
     2.250   -0.0001071671
     2.260    0.0293660159
     2.270    0.0070829141
     2.280   -0.0159652485
     2.290    0.0111252489
     2.300    0.0272386286
     2.310    0.0084407076
     2.320   -0.0022361087
     2.330   -0.0073088550
     2.340   -0.0176346264
     2.350   -0.0108425517
     2.360    0.0069042666
     2.370   -0.0066459814
     2.380   -0.0150544714
     2.390   -0.0056454171
     2.400    0.0074398838
     2.410    0.0290892698
     2.420    0.0155509151
     2.430   -0.0306403536
     2.440   -0.0349264961
     2.450    0.0037925354
     2.460    0.0093764544
     2.470   -0.0004638084
     2.480    0.0165844472
     2.490    0.0042434114
     2.500   -0.0199987336
     2.510   -0.0011917722
     2.520    0.0210364933
     2.530    0.0003128301
     2.540   -0.0144969340
     2.550    0.0198713961
     2.560    0.0530738180
     2.570    0.0227530449
     2.580   -0.0083807880
     2.590    0.0064572533
     2.600   -0.0130054535
     2.610   -0.0445557326
     2.620    0.0069988815
     2.630    0.0578482631
     2.640    0.0227994075
     2.650    0.0055424796
     2.660    0.0494350284
     2.670    0.0673778905
     2.680    0.0304889376
     2.690    0.0349313929
     2.700    0.0772218671
     2.710    0.0347946268
     2.720   -0.0369835334
     2.730   -0.0093141858
     2.740    0.0603109453
     2.750    0.0614471584
     2.760    0.0344514442
     2.770    0.0630823802
     2.780    0.0579159568
     2.790   -0.0026385194
     2.800   -0.0218403922
     2.810   -0.0085255938
     2.820   -0.0018207290
     2.830   -0.0131743074
     2.840   -0.0357936682
     2.850   -0.0311372029
     2.860   -0.0377310023
     2.870   -0.0715843659
     2.880   -0.0463884999
     2.890    0.0143802824
     2.900    0.0142067243
     2.910   -0.0158205644
     2.920   -0.0100203775
     2.930   -0.0304812021
     2.940   -0.0540337863
     2.950   -0.0342411650
     2.960   -0.0160207356
     2.970   -0.0111782623
     2.980    0.0037038067
     2.990    0.0187325876
     3.000    0.0033006843
     3.010   -0.0429597461
     3.020   -0.0733114411
     3.030   -0.0557737777
     3.040   -0.0250864126
     3.050   -0.0259647877
     3.060   -0.0185752914
     3.070   -0.0158577923
     3.080   -0.0417688063
     3.090   -0.0200995187
     3.100    0.0158452512
     3.110    0.0060144819
     3.120    0.0344125029
     3.130    0.0523579706
     3.140    0.0070195465
     3.150    0.0131402122
     3.160    0.0650753737
     3.170    0.0565988656
     3.180    0.0791408406
     3.190    0.1238609257
     3.200    0.0346480873
     3.210   -0.0506258972
     3.220   -0.0116708737
     3.230    0.0046833603
     3.240    0.0060118276
     3.250    0.0573997737
     3.260    0.0674318873
     3.270    0.0150191190
     3.280    0.0328959502
     3.290    0.0561976208
     3.300   -0.0021285095
     3.310   -0.0569681341
     3.320   -0.1174435637
     3.330   -0.1799052245
     3.340   -0.1608697948
     3.350   -0.1055022297
     3.360   -0.0338159532
     3.370    0.0716459056
     3.380    0.0886048020
     3.390   -0.0022974912
     3.400   -0.0249747997
     3.410   -0.0072911839
     3.420   -0.0448249662
     3.430   -0.1256869408
     3.440   -0.0901713874
     3.450    0.0202686059
     3.460    0.0242341134
     3.470    0.0092754452
     3.480    0.0183394230
     3.490   -0.0423204431
     3.500   -0.0850042745
     3.510   -0.0262197465
     3.520   -0.0128836110
     3.530   -0.0075019132
     3.540    0.0848482354
     3.550    0.1139512122
     3.560    0.0330915288
     3.570   -0.0188419701
     3.580   -0.0315373629
     3.590   -0.0455859596
     3.600   -0.0161125382
     3.610    0.0367576209
     3.620    0.0730335798
     3.630    0.0807063614
     3.640    0.0260525147
     3.650   -0.0349830173
     3.660   -0.0339745472
     3.670   -0.0124587641
     3.680    0.0213757524
     3.690    0.0667039550
     3.700    0.0628251200
     3.710    0.0482551799
     3.720    0.0780498343
     3.730    0.0794434597
     3.740    0.0395838232
     3.750    0.0029867661
     3.760   -0.0559760577
     3.770   -0.0770947324
     3.780   -0.0467855474
     3.790   -0.0239395746
     3.800    0.0167713474
     3.810    0.0696421047
     3.820    0.0674593419
     3.830    0.0315541520
     3.840    0.0257645860
     3.850    0.0137753483
     3.860   -0.0053887865
     3.870    0.0212368065
     3.880    0.0413813800
     3.890    0.0227412033
     3.900    0.0388233367
     3.910    0.0726675759
     3.920    0.0594338274
     3.930    0.0375300504
     3.940    0.0648495829
     3.950    0.0940507292
     3.960    0.0566524772
     3.970    0.0006526385
     3.980    0.0097947428
     3.990    0.0385229784
     4.000    0.0385029147
     4.010    0.0482548757
     4.020    0.0341642050
     4.030   -0.0209641259
     4.040   -0.0389922210
     4.050   -0.0402819691
     4.060   -0.0590670631
     4.070   -0.0514737559
     4.080   -0.0621459633
     4.090   -0.0974040436
     4.100   -0.0614841126
     4.110   -0.0065657588
     4.120    0.0133595854
     4.130    0.0373445087
     4.140    0.0409877694
     4.150    0.0012884402
     4.160   -0.0387107201
     4.170   -0.0613771836
     4.180   -0.0625577316
     4.190   -0.0626852110
     4.200   -0.0853497179
     4.210   -0.0791022338
     4.220   -0.0158896166
     4.230    0.0118586357
     4.240   -0.0044587395
     4.250   -0.0139670034
     4.260   -0.0202843000
     4.270   -0.0157108676
     4.280   -0.0248523489
     4.290   -0.0686647694
     4.300   -0.0835143146
     4.310   -0.0699027612
     4.320   -0.0979928882
     4.330   -0.1135882599
     4.340   -0.0848008285
     4.350   -0.0626212990
     4.360   -0.0385637548
     4.370   -0.0213466148
     4.380   -0.0361795839
     4.390   -0.0356778581
     4.400   -0.0373209168
     4.410   -0.0808152978
     4.420   -0.0950150165
     4.430   -0.0497705768
     4.440   -0.0198597979
     4.450   -0.0324426045
     4.460   -0.0402130081
     4.470   -0.0247034270
     4.480   -0.0064690249
     4.490   -0.0119177421
     4.500   -0.0557578808
     4.510   -0.0920915775
     4.520   -0.1010533771
     4.530   -0.0861709634
     4.540   -0.0291839111
     4.550    0.0440334767
     4.560    0.0893246439
     4.570    0.1049393494
     4.580    0.0820051630
     4.590    0.0615657667
     4.600    0.0622763625
     4.610    0.0417989171
     4.620   -0.0445498625
     4.630   -0.1014642331
     4.640   -0.0658687490
     4.650   -0.0138410346
     4.660    0.0667781270
     4.670    0.1345928580
     4.680    0.1477025335
     4.690    0.1240961350
     4.700    0.0514260956
     4.710    0.0056352018
     4.720    0.0133401908
     4.730    0.0007938713
     4.740    0.0119817353
     4.750    0.0770220811
     4.760    0.1225160758
     4.770    0.0996051568
     4.780    0.0501961637
     4.790    0.0139032738
     4.800   -0.0047529194
     4.810   -0.0142805110
     4.820   -0.0058092212
     4.830    0.0317364493
     4.840    0.0545661603
     4.850    0.0305061525
     4.860    0.0025175224
     4.870   -0.0066967694
     4.880   -0.0120030055
     4.890   -0.0170093650
     4.900   -0.0100444976
     4.910    0.0178558144
     4.920    0.0300381062
     4.930    0.0208876423
     4.940    0.0255804232
     4.950    0.0358548125
     4.960    0.0489095383
     4.970    0.0815577076
     4.980    0.0988095512
     4.990    0.0910891093
     5.000    0.0728454935
     5.010    0.0709699728
     5.020    0.0776709040
     5.030    0.0415980869
     5.040   -0.0085778113
     5.050   -0.0294401778
     5.060   -0.0690355586
     5.070   -0.1007438133
     5.080   -0.0636583085
     5.090   -0.0175412726
     5.100    0.0220976524
     5.110    0.0868296712
     5.120    0.0911101362
     5.130    0.0088943747
     5.140   -0.0403582803
     5.150   -0.0394282606
     5.160   -0.0486117146
     5.170   -0.0734165046
     5.180   -0.0460668308
     5.190   -0.0091452974
     5.200   -0.0223964696
     5.210   -0.0039516971
     5.220    0.0283104937
     5.230   -0.0000376144
     5.240   -0.0515039681
     5.250   -0.0659997666
     5.260   -0.0613421354
     5.270   -0.0212019104
     5.280    0.0311967352
     5.290    0.0321270996
     5.300    0.0301563902
     5.310    0.0518029273
     5.320    0.0112406232
     5.330   -0.0413358995
     5.340   -0.0409719130
     5.350   -0.0613783394
     5.360   -0.0947096499
     5.370   -0.0393314091
     5.380    0.0052813699
     5.390   -0.0403645154
     5.400   -0.0507531232
     5.410    0.0246946674
     5.420    0.0865670782
     5.430    0.0472762630
     5.440   -0.0010360383
     5.450   -0.0207244050
     5.460   -0.0541341862
     5.470   -0.0729315983
     5.480   -0.0707301607
     5.490   -0.0700796143
     5.500   -0.0293977793
     5.510    0.0583647503
     5.520    0.1053762102
     5.530    0.0649740411
     5.540    0.0109520963
     5.550   -0.0139303432
     5.560   -0.0257462964
     5.570   -0.0081401841
     5.580   -0.0017638408
     5.590   -0.0405256743
     5.600   -0.0246228374
     5.610    0.0428477581
     5.620    0.0321124700
     5.630   -0.0062604388
     5.640   -0.0054751013
     5.650    0.0247466670
     5.660    0.0167041911
     5.670    0.0124361962
     5.680    0.0576140879
     5.690    0.0642705422
     5.700    0.0324461428
     5.710    0.0153404129
     5.720   -0.0164977442
     5.730   -0.0577611039
     5.740   -0.0689890845
     5.750   -0.0710236046
     5.760   -0.0612708528
     5.770   -0.0331235659
     5.780    0.0037742803
     5.790    0.0316455693
     5.800   -0.0091408305
     5.810   -0.0937580964
     5.820   -0.1042775191
     5.830   -0.0651472748
     5.840   -0.0381800797
     5.850    0.0254281961
     5.860    0.0789053778
     5.870    0.0422206819
     5.880    0.0152603404
     5.890    0.0264966852
     5.900    0.0036965720
     5.910    0.0043805313
     5.920    0.0414867477
     5.930    0.0292808539
     5.940    0.0276142133
     5.950    0.0814339287
     5.960    0.0685334070
     5.970   -0.0094832750
     5.980   -0.0241548012
     5.990   -0.0290647147
     6.000   -0.0781517144
     6.010   -0.0840420858
     6.020   -0.0624935763
     6.030   -0.0548730476
     6.040   -0.0307955208
     6.050    0.0031933741
     6.060    0.0401770069
     6.070    0.0485579612
     6.080   -0.0037311022
     6.090   -0.0479540308
     6.100   -0.0446206686
     6.110   -0.0548174288
     6.120   -0.0730256314
     6.130   -0.0278458539
     6.140    0.0110251126
     6.150   -0.0203959230
     6.160   -0.0138601352
     6.170    0.0577647841
     6.180    0.0969204148
     6.190    0.0734725696
     6.200    0.0220124802
     6.210   -0.0153032965
     6.220   -0.0246169774
     6.230   -0.0423051646
     6.240   -0.0452814142
     6.250    0.0004382532
     6.260    0.0263673403
     6.270    0.0188872377
     6.280    0.0258213505
     6.290    0.0174053784
     6.300   -0.0139475986
     6.310   -0.0215780729
     6.320   -0.0049290486
     6.330    0.0468812026
     6.340    0.0881902557
     6.350    0.0392080560
     6.360   -0.0143050458
     6.370   -0.0136294273
     6.380   -0.0506198446
     6.390   -0.1018312407
     6.400   -0.0760395955
     6.410   -0.0365990067
     6.420   -0.0311868402
     6.430   -0.0260207107
     6.440   -0.0248544476
     6.450   -0.0283070974
     6.460   -0.0137295332
     6.470   -0.0134361298
     6.480   -0.0439395653
     6.490   -0.0466473011
     6.500   -0.0271290637
     6.510   -0.0338999797
     6.520   -0.0386961918
     6.530   -0.0243726639
     6.540   -0.0302976577
     6.550   -0.0527510135
     6.560   -0.0488688836
     6.570   -0.0302533228
     6.580   -0.0405772581
     6.590   -0.0445537860
     6.600    0.0121890946
     6.610    0.0612565679
     6.620    0.0352372968
     6.630    0.0050946704
     6.640    0.0168108159
     6.650    0.0279080323
     6.660    0.0128583564
     6.670   -0.0045756730
     6.680   -0.0326319176
     6.690   -0.0917499968
     6.700   -0.0975443784
     6.710   -0.0426499288
     6.720   -0.0299965999
     6.730   -0.0053785275
     6.740    0.0484869523
     6.750    0.0205436588
     6.760   -0.0286721179
     6.770   -0.0268800764
     6.780   -0.0462843589
     6.790   -0.0204623291
     6.800    0.0441073243
     6.810    0.0418977253
     6.820    0.0242895904
     6.830    0.0177256991
     6.840   -0.0176815061
     6.850   -0.0249050379
     6.860   -0.0118531508
     6.870   -0.0266462864
     6.880    0.0220344906
     6.890    0.0507940313
     6.900   -0.0239824394
     6.910   -0.0455885144
     6.920    0.0182418720
     6.930    0.0209240694
     6.940   -0.0000367713
     6.950    0.0297363083
     6.960    0.0227392973
     6.970   -0.0246752018
     6.980   -0.0671858705
     6.990   -0.0566319572
     7.000    0.0233100956
     7.010    0.0470757572
     7.020    0.0308035402
     7.030    0.0700647008
     7.040    0.0943980685
     7.050    0.0801996881
     7.060    0.0770452776
     7.070    0.0649587829
     7.080    0.0641910678
     7.090    0.0728219522
     7.100    0.0555751779
     7.110    0.0602427042
     7.120    0.0975918056
     7.130    0.1185035264
     7.140    0.1289464149
     7.150    0.1336625646
     7.160    0.0957981418
     7.170    0.0835698119
     7.180    0.1092927496
     7.190    0.1426370169
     7.200    0.1383368430
     7.210    0.1432607271
     7.220    0.1309738787
     7.230    0.0727678338
     7.240    0.0622126431
     7.250    0.0975474605
     7.260    0.0868057853
     7.270    0.0888432252
     7.280    0.1094806129
     7.290    0.0634431021
     7.300    0.0235495123
     7.310    0.0179014268
     7.320   -0.0306464772
     7.330   -0.0077362141
     7.340    0.0913016695
     7.350    0.1173303186
     7.360    0.0882587807
     7.370    0.0624010032
     7.380    0.0148796764
     7.390   -0.0087328548
     7.400   -0.0000785261
     7.410    0.0083738230
     7.420    0.0412763773
     7.430    0.0685790092
     7.440    0.0417994646
     7.450    0.0239220656
     7.460    0.0426124778
     7.470    0.0402643588
     7.480    0.0438110619
     7.490    0.0999821913
     7.500    0.1364635832
     7.510    0.1196923474
     7.520    0.1116101697
     7.530    0.0947252325
     7.540    0.0597183293
     7.550    0.0679075677
     7.560    0.0754964445
     7.570    0.0695120400
     7.580    0.0953699088
     7.590    0.1031358414
     7.600    0.0749658345
     7.610    0.0736096095
     7.620    0.1016359764
     7.630    0.1191075683
     7.640    0.1195859962
     7.650    0.0868322869
     7.660    0.0528856708
     7.670    0.0799794835
     7.680    0.1171830086
     7.690    0.0534031212
     7.700    0.0031729880
     7.710    0.0273924069
     7.720    0.0886260317
     7.730    0.0923733623
     7.740    0.0571582076
     7.750    0.0724354080
     7.760    0.0276162308
     7.770   -0.0525705309
     7.780   -0.0498016710
     7.790   -0.0521608510
     7.800   -0.1013862693
     7.810   -0.0807282501
     7.820   -0.0605909863
     7.830   -0.1002534323
     7.840   -0.1056032075
     7.850   -0.1105558845
     7.860   -0.1426674319
     7.870   -0.1270756897
     7.880   -0.1176320353
     7.890   -0.1460755339
     7.900   -0.1543762940
     7.910   -0.1472809817
     7.920   -0.1385231855
     7.930   -0.1315115145
     7.940   -0.1585514622
     7.950   -0.1939885856
     7.960   -0.1925477257
     7.970   -0.1787016017
     7.980   -0.1845915675
     7.990   -0.1854972248
     8.000   -0.1589925811
     8.010   -0.1441988271
     8.020   -0.1475159882
     8.030   -0.1511733918
     8.040   -0.1570776528
     8.050   -0.1572839678
     8.060   -0.1567359909
     8.070   -0.1678601754
     8.080   -0.1632462200
     8.090   -0.1645185808
     8.100   -0.1737500399
     8.110   -0.1480033379
     8.120   -0.1392862979
     8.130   -0.1502919652
     8.140   -0.1115503536
     8.150   -0.0763203361
     8.160   -0.0853246661
     8.170   -0.0643745919
     8.180   -0.0242471412
     8.190   -0.0176196217
     8.200   -0.0149696034
     8.210   -0.0064713091
     8.220   -0.0032046581
     8.230    0.0049879645
     8.240    0.0294802951
     8.250    0.0515814250
     8.260    0.0601232847
     8.270    0.0529234057
     8.280    0.0321197392
     8.290    0.0166886186
     8.300    0.0228033209
     8.310    0.0232292728
     8.320    0.0185980823
     8.330   -0.0007891963
     8.340   -0.0059026114
     8.350    0.0242743322
     8.360    0.0366261876
     8.370   -0.0038193341
     8.380   -0.0310950578
     8.390   -0.0612868206
     8.400   -0.0979041879
     8.410   -0.0736094777
     8.420   -0.0711098413
     8.430   -0.0993476736
     8.440   -0.0954901190
     8.450   -0.0894699668
     8.460   -0.0896837133
     8.470   -0.0875134916
     8.480   -0.0929823618
     8.490   -0.0768847371
     8.500   -0.0526209184
     8.510   -0.0654170153
     8.520   -0.0711451835
     8.530   -0.0340664512
     8.540   -0.0141340020
     8.550   -0.0106513224
     8.560    0.0144475604
     8.570    0.0285835292
     8.580    0.0323846538
     8.590    0.0605298724
     8.600    0.0713580378
     8.610    0.0489217144
     8.620    0.0363979433
     8.630    0.0350667295
     8.640    0.0268813943
     8.650    0.0143232644
     8.660   -0.0003970645
     8.670   -0.0193025241
     8.680   -0.0449919040
     8.690   -0.0512493236
     8.700   -0.0476673188
     8.710   -0.0385245093
     8.720    0.0038450834
     8.730    0.0255678821
     8.740    0.0118168759
     8.750    0.0244175361
     8.760    0.0431824751
     8.770    0.0403032291
     8.780    0.0040287292
     8.790   -0.0011981492
     8.800    0.0344608222
     8.810    0.0274910630
     8.820    0.0296017828
     8.830    0.0833214531
     8.840    0.0837529913
     8.850    0.0564384164
     8.860    0.0875401757
     8.870    0.1074402734
     8.880    0.1145886092
     8.890    0.1287673719
     8.900    0.1139436084
     8.910    0.1000756566
     8.920    0.1097170388
     8.930    0.0745435324
     8.940    0.0307885254
     8.950    0.0413785413
     8.960    0.0688057835
     8.970    0.0942794399
     8.980    0.1054928010
     8.990    0.1050400231
     9.000    0.0819857176
     9.010    0.0500320444
     9.020   -0.0019308070
     9.030   -0.0608005963
     9.040   -0.1003742305
     9.050   -0.1099466721
     9.060   -0.0916252243
     9.070   -0.0453261749
     9.080    0.0291050248
     9.090    0.0781127731
     9.100    0.0679250969
     9.110    0.0339958072
     9.120   -0.0040050734
     9.130   -0.0291072755
     9.140   -0.0227938720
     9.150   -0.0142961748
     9.160    0.0056163921
     9.170    0.0499581663
     9.180    0.0791126256
     9.190    0.0680546547
     9.200    0.0356780203
     9.210    0.0035593284
     9.220    0.0095431722
     9.230    0.0538423949
     9.240    0.0919899103
     9.250    0.1249772575
     9.260    0.1691648774
     9.270    0.1792965190
     9.280    0.1443047727
     9.290    0.1133991800
     9.300    0.1026447406
     9.310    0.1047253292
     9.320    0.1213786563
     9.330    0.1437471643
     9.340    0.1571571373
     9.350    0.1406076268
     9.360    0.1013040981
     9.370    0.0601562951
     9.380    0.0202275355
     9.390   -0.0084522734
     9.400   -0.0239020627
     9.410   -0.0348350280
     9.420   -0.0340920809
     9.430   -0.0423703744
     9.440   -0.0579408058
     9.450   -0.0505747392
     9.460   -0.0463081739
     9.470   -0.0785663013
     9.480   -0.1006684652
     9.490   -0.0950244755
     9.500   -0.0989479800
     9.510   -0.1061313132
     9.520   -0.1067101107
     9.530   -0.1090447660
     9.540   -0.1053462007
     9.550   -0.0954194650
     9.560   -0.1207839417
     9.570   -0.1585379782
     9.580   -0.1554559250
     9.590   -0.1511643687
     9.600   -0.1641160890
     9.610   -0.1458146746
     9.620   -0.1121989027
     9.630   -0.1145535306
     9.640   -0.1231886528
     9.650   -0.1187098415
     9.660   -0.1092915330
     9.670   -0.0996722726
     9.680   -0.1045870424
     9.690   -0.1230984217
     9.700   -0.1350899405
     9.710   -0.1438851471
     9.720   -0.1495850192
     9.730   -0.1381662148
     9.740   -0.1254621740
     9.750   -0.0940153059
     9.760   -0.0299154628
     9.770    0.0033774508
     9.780    0.0004531013
     9.790    0.0264943533
     9.800    0.0606056362
     9.810    0.0556104897
     9.820    0.0596757382
     9.830    0.0926211330
     9.840    0.0908301357
     9.850    0.0478328068
     9.860    0.0307720303
     9.870    0.0296394264
     9.880    0.0397899253
     9.890    0.0657033116
     9.900    0.0852676379
     9.910    0.1065730404
     9.920    0.1332421279
     9.930    0.1398038598
     9.940    0.1380314764
     9.950    0.1390911349
     9.960    0.1179863701
     9.970    0.1099790134
     9.980    0.1297445044
     9.990    0.1465527452
    10.000    0.1499389484
    10.010    0.1582318006
    10.020    0.1552280153
    10.030    0.1324952369
    10.040    0.1230487439
    10.050    0.1223109774
    10.060    0.1146053374
    10.070    0.0983110189
    10.080    0.0618942893
    10.090    0.0218923410
    10.100   -0.0062326081
    10.110   -0.0336464707
    10.120   -0.0445006308
    10.130   -0.0205023451
    10.140    0.0173656564
    10.150    0.0336492689
    10.160    0.0120064019
    10.170   -0.0317829843
    10.180   -0.0685754710
    10.190   -0.1017002535
    10.200   -0.1380054209
    10.210   -0.1526392934
    10.220   -0.1449460222
    10.230   -0.1384395443
    10.240   -0.1328444011
    10.250   -0.1259679754
    10.260   -0.1114562698
    10.270   -0.0684869836
    10.280   -0.0296603418
    10.290   -0.0244865173
    10.300   -0.0211792613
    10.310   -0.0311811424
    10.320   -0.0716344189
    10.330   -0.1096927068
    10.340   -0.1213309047
    10.350   -0.1031982935
    10.360   -0.0417604523
    10.370    0.0181069207
    10.380    0.0378626080
    10.390    0.0315127267
    10.400    0.0268040490
    10.410   -0.0040379044
    10.420   -0.0571880143
    10.430   -0.0909610418
    10.440   -0.1046165449
    10.450   -0.1161193961
    10.460   -0.1101848215
    10.470   -0.0789822061
    10.480   -0.0416670681
    10.490   -0.0144114172
    10.500   -0.0148259939
    10.510   -0.0520670308
    10.520   -0.0892401206
    10.530   -0.1007756274
    10.540   -0.0856598191
    10.550   -0.0488431626
    10.560   -0.0064823984
    10.570    0.0346073718
    10.580    0.0668823998
    10.590    0.0727890939
    10.600    0.0715515786
    10.610    0.0766513425
    10.620    0.0800327604
    10.630    0.0580905591
    10.640    0.0341344794
    10.650    0.0239436704
    10.660    0.0085196984
    10.670    0.0027324733
    10.680    0.0141965454
    10.690    0.0208071642
    10.700    0.0413339630
    10.710    0.0672213040
    10.720    0.0658408483
    10.730    0.0502528775
    10.740    0.0373195178
    10.750    0.0217634321
    10.760    0.0144552756
    10.770    0.0089752755
    10.780    0.0128361433
    10.790    0.0377965567
    10.800    0.0588087079
    10.810    0.0607846589
    10.820    0.0616715298
    10.830    0.0581900973
    10.840    0.0341889425
    10.850    0.0170396482
    10.860    0.0307162492
    10.870    0.0567067679
    10.880    0.0825260300
    10.890    0.0934759263
    10.900    0.0754002925
    10.910    0.0492020697
    10.920    0.0355721355
    10.930    0.0370109170
    10.940    0.0530296960
    10.950    0.0796593352
    10.960    0.1025507582
    10.970    0.1116840782
    10.980    0.1066155200
    10.990    0.0909801526
    11.000    0.0682043674
    11.010    0.0413404718
    11.020    0.0212914724
    11.030    0.0285849790
    11.040    0.0459760015
    11.050    0.0582035407
    11.060    0.0754195452
    11.070    0.0940066477
    11.080    0.0978274914
    11.090    0.0820533403
    11.100    0.0681170561
    11.110    0.0623631872
    11.120    0.0628260730
    11.130    0.0699702420
    11.140    0.0667889142
    11.150    0.0523955432
    11.160    0.0399646899
    11.170    0.0249096001
    11.180    0.0013008819
    11.190   -0.0149055190
    11.200   -0.0211091548
    11.210   -0.0282920116
    11.220   -0.0334067498
    11.230   -0.0371050819
    11.240   -0.0456795972
    11.250   -0.0560545690
    11.260   -0.0686550467
    11.270   -0.0703768702
    11.280   -0.0604318145
    11.290   -0.0566185847
    11.300   -0.0574921744
    11.310   -0.0442465134
    11.320   -0.0217479103
    11.330   -0.0048091010
    11.340   -0.0012832372
    11.350   -0.0085256709
    11.360   -0.0128570283
    11.370   -0.0130824237
    11.380   -0.0142244461
    11.390   -0.0128387793
    11.400   -0.0039107991
    11.410    0.0077836189
    11.420    0.0236597464
    11.430    0.0350515017
    11.440    0.0252055887
    11.450    0.0017615282
    11.460   -0.0099149246
    11.470   -0.0124538268
    11.480   -0.0078777594
    11.490    0.0117701584
    11.500    0.0258717685
    11.510    0.0233674583
    11.520    0.0105175775
    11.530   -0.0124754620
    11.540   -0.0403010494
    11.550   -0.0613925837
    11.560   -0.0717785049
    11.570   -0.0744183950
    11.580   -0.0722281602
    11.590   -0.0776924277
    11.600   -0.0826200427
    11.610   -0.0780859775
    11.620   -0.0620088322
    11.630   -0.0508788892
    11.640   -0.0484749282
    11.650   -0.0462883940
    11.660   -0.0458543922
    11.670   -0.0521875148
    11.680   -0.0504881781
    11.690   -0.0436723594
    11.700   -0.0453919524
    11.710   -0.0427149054
    11.720   -0.0337661943
    11.730   -0.0297864323
    11.740   -0.0231825756
    11.750   -0.0187754423
    11.760   -0.0301640953
    11.770   -0.0473974262
    11.780   -0.0622205206
    11.790   -0.0730850623
    11.800   -0.0780670593
    11.810   -0.0766759280
    11.820   -0.0709334343
    11.830   -0.0541774566
    11.840   -0.0317987291
    11.850   -0.0218362456
    11.860   -0.0182658289
    11.870   -0.0100660192
    11.880   -0.0012001738
    11.890   -0.0028403229
    11.900   -0.0042505153
    11.910    0.0084323567
    11.920    0.0330586806
    11.930    0.0470629829
    11.940    0.0505445574
    11.950    0.0419044876
    11.960    0.0115543944
    11.970    0.0009086875
    11.980    0.0156729300
    11.990    0.0222887194
    12.000    0.0388368612
    12.010    0.0580619994
    12.020    0.0470088543
    12.030    0.0201187917
    12.040   -0.0001435272
    12.050   -0.0146567649
    12.060   -0.0153081629
    12.070   -0.0054603044
    12.080   -0.0080218474
    12.090   -0.0128555177
    12.100   -0.0049493648
    12.110    0.0022340192
    12.120    0.0079677665
    12.130    0.0245558838
    12.140    0.0311000155
    12.150    0.0239782117
    12.160    0.0301686474
    12.170    0.0366864397
    12.180    0.0360245992
    12.190    0.0360154848
    12.200    0.0268732026
    12.210    0.0182355558
    12.220    0.0244707320
    12.230    0.0214431317
    12.240    0.0057421612
    12.250    0.0017687457
    12.260    0.0009521573
    12.270   -0.0024301858
    12.280    0.0062378395
    12.290    0.0262578564
    12.300    0.0422625127
    12.310    0.0559564603
    12.320    0.0708333487
    12.330    0.0694977348
    12.340    0.0459853592
    12.350    0.0148235708
    12.360   -0.0066800624
    12.370   -0.0180572834
    12.380   -0.0170219264
    12.390   -0.0034288977
    12.400    0.0142816364
    12.410    0.0376065137
    12.420    0.0475889393
    12.430    0.0309612623
    12.440    0.0245956464
    12.450    0.0264784159
    12.460    0.0160275587
    12.470    0.0181362103
    12.480    0.0421293558
    12.490    0.0503702287
    12.500    0.0456478034
    12.510    0.0383937857
    12.520    0.0156697060
    12.530   -0.0044951929
    12.540   -0.0097969641
    12.550   -0.0168415350
    12.560   -0.0203416323
    12.570   -0.0098548996
    12.580   -0.0155226089
    12.590   -0.0306004593
    12.600   -0.0259731011
    12.610   -0.0178403737
    12.620   -0.0141874209
    12.630   -0.0018192985
    12.640    0.0058911237
    12.650    0.0069060600
    12.660    0.0066613734
    12.670    0.0045092355
    12.680   -0.0014201179
    12.690   -0.0046946088
    12.700   -0.0097975967
    12.710   -0.0174268818
    12.720   -0.0199881289
    12.730   -0.0167450992
    12.740   -0.0123672961
    12.750   -0.0001461445
    12.760    0.0157074104
    12.770    0.0110844421
    12.780   -0.0068988426
    12.790   -0.0177340226
    12.800   -0.0222159059
    12.810   -0.0230371413
    12.820   -0.0133917037
    12.830   -0.0082135288
    12.840   -0.0123726593
    12.850   -0.0187622726
    12.860   -0.0327136123
    12.870   -0.0436572533
    12.880   -0.0480562861
    12.890   -0.0596162464
    12.900   -0.0646744635
    12.910   -0.0490663073
    12.920   -0.0408672043
    12.930   -0.0510310858
    12.940   -0.0618042710
    12.950   -0.0695411167
    12.960   -0.0778505552
    12.970   -0.0811627486
    12.980   -0.0794506985
    12.990   -0.0754328771
    13.000   -0.0672060458
    13.010   -0.0549181227
    13.020   -0.0488648992
    13.030   -0.0465048068
    13.040   -0.0417406014
    13.050   -0.0423950511
    13.060   -0.0483416396
    13.070   -0.0521552850
    13.080   -0.0531826733
    13.090   -0.0502648205
    13.100   -0.0426406117
    13.110   -0.0309558383
    13.120   -0.0152240046
    13.130   -0.0087169853
    13.140   -0.0123025730
    13.150   -0.0103933931
    13.160   -0.0121843093
    13.170   -0.0145203637
    13.180   -0.0034920879
    13.190    0.0162491827
    13.200    0.0267206916
    13.210    0.0498150435
    13.220    0.0657084721
    13.230    0.0552205491
    13.240    0.0449850910
    13.250    0.0358446438
    13.260    0.0237800580
    13.270    0.0292478029
    13.280    0.0379373680
    13.290    0.0356398799
    13.300    0.0369706476
    13.310    0.0410429827
    13.320    0.0425440339
    13.330    0.0489275541
    13.340    0.0608888303
    13.350    0.0729702558
    13.360    0.0886184077
    13.370    0.0962359353
    13.380    0.0949449809
    13.390    0.0981699136
    13.400    0.0962321537
    13.410    0.0874401002
    13.420    0.0824717493
    13.430    0.0650540934
    13.440    0.0288853169
    13.450    0.0045565156
    13.460   -0.0077830532
    13.470   -0.0138087744
    13.480   -0.0096041452
    13.490   -0.0077919070
    13.500   -0.0110941040
    13.510   -0.0056978354
    13.520   -0.0017386562
    13.530   -0.0088780013
    13.540   -0.0206214604
    13.550   -0.0248589693
    13.560   -0.0284279463
    13.570   -0.0386378255
    13.580   -0.0373199436
    13.590   -0.0326570404
    13.600   -0.0358824902
    13.610   -0.0307831520
    13.620   -0.0283192127
    13.630   -0.0350430463
    13.640   -0.0286930333
    13.650   -0.0248542955
    13.660   -0.0269752550
    13.670   -0.0187219728
    13.680   -0.0083665670
    13.690    0.0009149200
    13.700    0.0173034476
    13.710    0.0124168320
    13.720   -0.0036497542
    13.730   -0.0035863440
    13.740   -0.0051114423
    13.750   -0.0118045071
    13.760   -0.0110038221
    13.770   -0.0109877529
    13.780   -0.0155418109
    13.790   -0.0134266100
    13.800   -0.0076652366
    13.810   -0.0036748436
    13.820    0.0072769426
    13.830    0.0254379289
    13.840    0.0352195851
    13.850    0.0403599024
    13.860    0.0358284934
    13.870    0.0241776023
    13.880    0.0274070568
    13.890    0.0256913061
    13.900    0.0130763204
    13.910    0.0052262021
    13.920   -0.0003324190
    13.930   -0.0060033459
    13.940   -0.0093176602
    13.950   -0.0185690563
    13.960   -0.0243531983
    13.970   -0.0143436323
    13.980   -0.0038865380
    13.990    0.0064933761
    14.000    0.0195027258
    14.010    0.0104380423
    14.020   -0.0042968283
    14.030   -0.0047902356
    14.040   -0.0038635585
    14.050    0.0058000409
    14.060    0.0290017253
    14.070    0.0417539232
    14.080    0.0392994632
    14.090    0.0314557290
    14.100    0.0049201735
    14.110   -0.0199958847
    14.120   -0.0201302886
    14.130   -0.0152048938
    14.140   -0.0139086370
    14.150   -0.0064959391
    14.160   -0.0001130327
    14.170    0.0032852548
    14.180    0.0171890974
    14.190    0.0274575051
    14.200    0.0240896422
    14.210    0.0317416706
    14.220    0.0398388732
    14.230    0.0359004959
    14.240    0.0333696739
    14.250    0.0259132545
    14.260    0.0199964727
    14.270    0.0290443063
    14.280    0.0324773587
    14.290    0.0251876135
    14.300    0.0307832027
    14.310    0.0326645326
    14.320    0.0184776998
    14.330    0.0078736493
    14.340    0.0048604415
    14.350    0.0035817848
    14.360    0.0038350992
    14.370   -0.0003900117
    14.380   -0.0058110167
    14.390   -0.0078624100
    14.400   -0.0077937856
    14.410   -0.0013510008
    14.420    0.0108445084
    14.430    0.0089377120
    14.440   -0.0011089481
    14.450   -0.0034223869
    14.460   -0.0101040278
    14.470   -0.0150753868
    14.480   -0.0153614297
    14.490   -0.0260162803
    14.500   -0.0297207054
    14.510   -0.0202038422
    14.520   -0.0177402374
    14.530   -0.0170012341
    14.540   -0.0113188201
    14.550   -0.0095652515
    14.560   -0.0033559453
    14.570    0.0005916188
    14.580   -0.0086211811
    14.590   -0.0144348672
    14.600   -0.0130813997
    14.610   -0.0151818798
    14.620   -0.0146412938
    14.630   -0.0107506375
    14.640   -0.0134103481
    14.650   -0.0136199378
    14.660   -0.0137997412
    14.670   -0.0170163098
    14.680   -0.0158853787
    14.690   -0.0113152413
    14.700   -0.0053987606
    14.710   -0.0006165338
    14.720    0.0031685220
    14.730    0.0051561868
    14.740    0.0063915822
    14.750    0.0023247867
    14.760   -0.0114645485
    14.770   -0.0166295831
    14.780   -0.0130658678
    14.790   -0.0184609715
    14.800   -0.0259691877
    14.810   -0.0199611508
    14.820   -0.0170700429
    14.830   -0.0163138551
    14.840   -0.0121839038
    14.850   -0.0146694074
    14.860   -0.0234717615
    14.870   -0.0234054061
    14.880   -0.0185850951
    14.890   -0.0146842904
    14.900   -0.0147739133
    14.910   -0.0163615965
    14.920   -0.0214334800
    14.930   -0.0265269684
    14.940   -0.0213553743
    14.950   -0.0167492052
    14.960   -0.0131725231
    14.970   -0.0023033005
    14.980    0.0063305079
    14.990    0.0130466455
    15.000    0.0223690860
    15.010    0.0201642419
    15.020    0.0059711303
    15.030    0.0008982372
    15.040    0.0022409903
    15.050   -0.0000782399
    15.060    0.0021679943
    15.070    0.0002769833
    15.080   -0.0046029431
    15.090    0.0026684670
    15.100    0.0146102400
    15.110    0.0171725618
    15.120    0.0187789502
    15.130    0.0101304423
    15.140   -0.0039796373
    15.150   -0.0093386760
    15.160   -0.0046075763
    15.170    0.0082915514
    15.180    0.0197997181
    15.190    0.0165375675
    15.200    0.0094470558
    15.210    0.0052261484
    15.220   -0.0024012895
    15.230   -0.0082120020
    15.240   -0.0082547493
    15.250   -0.0094067245
    15.260   -0.0097459855
    15.270   -0.0005272669
    15.280    0.0119535203
    15.290    0.0295746628
    15.300    0.0382187068
    15.310    0.0339057890
    15.320    0.0249544825
    15.330    0.0099402552
    15.340   -0.0055338823
    15.350   -0.0151875877
    15.360   -0.0199665342
    15.370   -0.0178032168
    15.380   -0.0110908901
    15.390   -0.0040977023
    15.400    0.0027938802
    15.410    0.0045568430
    15.420    0.0035831596
    15.430    0.0142124930
    15.440    0.0300406307
    15.450    0.0397519269
    15.460    0.0477957715
    15.470    0.0605063616
    15.480    0.0700278378
    15.490    0.0778049429
    15.500    0.0844336688
    15.510    0.0833934252
    15.520    0.0727602706
    15.530    0.0617239957
    15.540    0.0495262328
    15.550    0.0415113332
    15.560    0.0417122546
    15.570    0.0417061311
    15.580    0.0349663600
    15.590    0.0181037068
    15.600    0.0069204271
    15.610    0.0044376061
    15.620    0.0019775254
    15.630   -0.0026821396
    15.640   -0.0023754114
    15.650    0.0011968870
    15.660   -0.0042990141
    15.670   -0.0106113064
    15.680   -0.0123071555
    15.690   -0.0157303231
    15.700   -0.0196711032
    15.710   -0.0258955023
    15.720   -0.0399572281
    15.730   -0.0467659703
    15.740   -0.0493820353
    15.750   -0.0638932745
    15.760   -0.0720784677
    15.770   -0.0647596660
    15.780   -0.0668021346
    15.790   -0.0696116593
    15.800   -0.0606944581
    15.810   -0.0433179030
    15.820   -0.0333145620
    15.830   -0.0300145650
    15.840   -0.0241242646
    15.850   -0.0192849037
    15.860   -0.0132139686
    15.870   -0.0066558906
    15.880   -0.0103628260
    15.890   -0.0195769181
    15.900   -0.0284005120
    15.910   -0.0324575991
    15.920   -0.0347576219
    15.930   -0.0392643542
    15.940   -0.0440542704
    15.950   -0.0389257845
    15.960   -0.0290894320
    15.970   -0.0249208739
    15.980   -0.0178842930
    15.990   -0.0128595324
    16.000   -0.0246968168
    16.010   -0.0352604325
    16.020   -0.0293249556
    16.030   -0.0224173748
    16.040   -0.0205455648
    16.050   -0.0183858262
    16.060   -0.0124201371
    16.070   -0.0007489482
    16.080    0.0062554883
    16.090    0.0044112799
    16.100    0.0005167151
    16.110   -0.0046768880
    16.120   -0.0120518926
    16.130   -0.0183882493
    16.140   -0.0182794852
    16.150   -0.0108021808
    16.160   -0.0019632578
    16.170    0.0054500910
    16.180    0.0089522980
    16.190    0.0094624964
    16.200    0.0073138289
    16.210    0.0004292557
    16.220   -0.0077030182
    16.230   -0.0093001270
    16.240   -0.0100192734
    16.250   -0.0142670271
    16.260   -0.0129487092
    16.270   -0.0065517060
    16.280   -0.0002686078
    16.290    0.0048665032
    16.300    0.0011256429
    16.310   -0.0109913317
    16.320   -0.0214168734
    16.330   -0.0331572657
    16.340   -0.0429457856
    16.350   -0.0431827793
    16.360   -0.0434627696
    16.370   -0.0398778044
    16.380   -0.0259250657
    16.390   -0.0099679897
    16.400    0.0063610790
    16.410    0.0274629899
    16.420    0.0402154514
    16.430    0.0448453746
    16.440    0.0469914772
    16.450    0.0415560736
    16.460    0.0317352125
    16.470    0.0284112282
    16.480    0.0331043132
    16.490    0.0383284340
    16.500    0.0469558511
    16.510    0.0620984550
    16.520    0.0666724653
    16.530    0.0605652856
    16.540    0.0549187715
    16.550    0.0426678939
    16.560    0.0245722268
    16.570    0.0174589088
    16.580    0.0113604380
    16.590    0.0110645406
    16.600    0.0275979413
    16.610    0.0419742292
    16.620    0.0503234403
    16.630    0.0587050942
    16.640    0.0517653140
    16.650    0.0316695668
    16.660    0.0288084988
    16.670    0.0230627406
    16.680    0.0085116475
    16.690    0.0072800723
    16.700    0.0160190729
    16.710    0.0212398277
    16.720    0.0315032069
    16.730    0.0347638062
    16.740    0.0234022936
    16.750    0.0190552907
    16.760    0.0128185533
    16.770    0.0072160467
    16.780    0.0072654366
    16.790    0.0077169807
    16.800    0.0075166452
    16.810    0.0071952590
    16.820    0.0055969600
    16.830    0.0028585080
    16.840    0.0029557448
    16.850   -0.0011888807
    16.860   -0.0087484040
    16.870   -0.0095197882
    16.880   -0.0125419187
    16.890   -0.0171227623
    16.900   -0.0159025024
    16.910   -0.0139839547
    16.920   -0.0146030216
    16.930   -0.0157178225
    16.940   -0.0176144613
    16.950   -0.0183799054
    16.960   -0.0120153946
    16.970   -0.0032733483
    16.980    0.0036797343
    16.990    0.0081658199
    17.000    0.0100120083
    17.010    0.0081191024
    17.020    0.0006435321
    17.030   -0.0093330228
    17.040   -0.0118440060
    17.050   -0.0103564389
    17.060   -0.0107514080
    17.070   -0.0082025541
    17.080   -0.0035531217
    17.090   -0.0031594969
    17.100   -0.0028464485
    17.110   -0.0016221059
    17.120    0.0007649090
    17.130    0.0058846858
    17.140    0.0075169524
    17.150    0.0037643225
    17.160   -0.0007163509
    17.170   -0.0070674755
    17.180   -0.0155922086
    17.190   -0.0187023247
    17.200   -0.0157813696
    17.210   -0.0099136005
    17.220   -0.0036260903
    17.230   -0.0024452564
    17.240   -0.0087542396
    17.250   -0.0158580052
    17.260   -0.0197110077
    17.270   -0.0236599593
    17.280   -0.0298658458
    17.290   -0.0303146191
    17.300   -0.0224117683
    17.310   -0.0165128503
    17.320   -0.0148495250
    17.330   -0.0143758012
    17.340   -0.0126007616
    17.350   -0.0096061992
    17.360   -0.0043097506
    17.370   -0.0061548380
    17.380   -0.0141816927
    17.390   -0.0196042713
    17.400   -0.0212949194
    17.410   -0.0193108376
    17.420   -0.0148507314
    17.430   -0.0122208377
    17.440   -0.0116917688
    17.450   -0.0096536395
    17.460   -0.0088424188
    17.470   -0.0073521801
    17.480   -0.0041905522
    17.490   -0.0032865910
    17.500    0.0002345672
    17.510    0.0036795325
    17.520   -0.0028905908
    17.530   -0.0119294114
    17.540   -0.0141971942
    17.550   -0.0143285870
    17.560   -0.0132032422
    17.570   -0.0079456913
    17.580   -0.0069316877
    17.590   -0.0088613247
    17.600   -0.0051824370
    17.610   -0.0015717802
    17.620   -0.0005721671
    17.630   -0.0004250893
    17.640   -0.0009760035
    17.650   -0.0021440384
    17.660   -0.0037828269
    17.670   -0.0012662332
    17.680    0.0026803461
    17.690    0.0017749707
    17.700   -0.0002447864
    17.710    0.0028946167
    17.720    0.0019001953
    17.730   -0.0032271257
    17.740   -0.0037640274
    17.750   -0.0030995023
    17.760    0.0005165131
    17.770    0.0033906843
    17.780   -0.0033751088
    17.790   -0.0105217140
    17.800   -0.0078913296
    17.810   -0.0077613024
    17.820   -0.0095110580
    17.830   -0.0004066986
    17.840    0.0051738285
    17.850    0.0029695360
    17.860    0.0056145408
    17.870    0.0049738235
    17.880   -0.0047960742
    17.890   -0.0108177939
    17.900   -0.0093676016
    17.910   -0.0092965917
    17.920   -0.0042318780
    17.930   -0.0004592222
    17.940   -0.0064189354
    17.950   -0.0146060022
    17.960   -0.0211792918
    17.970   -0.0273792777
    17.980   -0.0285201241
    17.990   -0.0209071485
    18.000   -0.0159758228
    18.010   -0.0115719540
    18.020   -0.0041531843
    18.030   -0.0035424238
    18.040   -0.0119226390
    18.050   -0.0163394037
    18.060   -0.0189078591
    18.070   -0.0194572554
    18.080   -0.0182577588
    18.090   -0.0172651653
    18.100   -0.0137762202
    18.110   -0.0077695905
    18.120   -0.0055963841
    18.130   -0.0014163991
    18.140    0.0026259732
    18.150    0.0038408111
    18.160    0.0118522688
    18.170    0.0293970594
    18.180    0.0369716209
    18.190    0.0402661634
    18.200    0.0371033482
    18.210    0.0213388286
    18.220    0.0161072967
    18.230    0.0242064966
    18.240    0.0168733289
    18.250    0.0094169135
    18.260    0.0070649013
    18.270    0.0006672541
    18.280   -0.0039468773
    18.290   -0.0018068466
    18.300    0.0060978179
    18.310    0.0155827799
    18.320    0.0139551415
    18.330    0.0070169197
    18.340    0.0065855458
    18.350    0.0045077127
    18.360    0.0015951308
    18.370    0.0095283155
    18.380    0.0300730226
    18.390    0.0440191208
    18.400    0.0485934758
    18.410    0.0465991035
    18.420    0.0358570227
    18.430    0.0173096726
    18.440    0.0113231391
    18.450    0.0237090897
    18.460    0.0373620988
    18.470    0.0427668136
    18.480    0.0434835633
    18.490    0.0430586151
    18.500    0.0423737505
    18.510    0.0397463305
    18.520    0.0297693390
    18.530    0.0152272184
    18.540    0.0068247009
    18.550    0.0070692314
    18.560    0.0154370211
    18.570    0.0294319454
    18.580    0.0275989754
    18.590    0.0114005554
    18.600   -0.0001491903
    18.610   -0.0077680677
    18.620   -0.0141299061
    18.630   -0.0149162758
    18.640   -0.0116934011
    18.650   -0.0079822055
    18.660    0.0014532094
    18.670    0.0085091687
    18.680    0.0099448023
    18.690    0.0097451410
    18.700    0.0092117156
    18.710    0.0089341251
    18.720    0.0084746730
    18.730    0.0093251900
    18.740    0.0128967503
    18.750    0.0181834651
    18.760    0.0154365953
    18.770    0.0137568459
    18.780    0.0185979505
    18.790    0.0151049603
    18.800    0.0102781203
    18.810    0.0091731839
    18.820    0.0087469917
    18.830    0.0081234883
    18.840    0.0075828120
    18.850    0.0090523664
    18.860    0.0139348243
    18.870    0.0207695510
    18.880    0.0147134990
    18.890    0.0019888702
    18.900   -0.0061332281
    18.910   -0.0161720908
    18.920   -0.0264079646
    18.930   -0.0263173786
    18.940   -0.0199719684
    18.950   -0.0098881249
    18.960    0.0018650315
    18.970    0.0017820320
    18.980   -0.0049815145
    18.990   -0.0110482179
    19.000   -0.0165212854
    19.010   -0.0214434764
    19.020   -0.0287101671
    19.030   -0.0341553643
    19.040   -0.0321649257
    19.050   -0.0250988321
    19.060   -0.0226251295
    19.070   -0.0258674698
    19.080   -0.0215309297
    19.090   -0.0168759547
    19.100   -0.0169608531
    19.110   -0.0190208305
    19.120   -0.0221753019
    19.130   -0.0249043383
    19.140   -0.0212347788
    19.150   -0.0160191135
    19.160   -0.0143235787
    19.170   -0.0080761210
    19.180   -0.0010364550
    19.190   -0.0001750444
    19.200   -0.0032811914
    19.210   -0.0062774489
    19.220   -0.0090374590
    19.230   -0.0114399631
    19.240   -0.0144652416
    19.250   -0.0156176355
    19.260   -0.0131021630
    19.270   -0.0120790937
    19.280   -0.0091315660
    19.290   -0.0033943929
    19.300    0.0015467000
    19.310    0.0026478882
    19.320    0.0061173089
    19.330    0.0091591646
    19.340    0.0096518825
    19.350    0.0097281309
    19.360    0.0097780257
    19.370    0.0096817754
    19.380    0.0082627971
    19.390    0.0053947651
    19.400    0.0052413579
    19.410    0.0066765667
    19.420    0.0085822945
    19.430    0.0156284328
    19.440    0.0280500602
    19.450    0.0285058594
    19.460    0.0205194688
    19.470    0.0201527754
    19.480    0.0140787988
    19.490    0.0051531636
    19.500    0.0002254798
    19.510   -0.0026762816
    19.520   -0.0038205507
    19.530   -0.0020156952
    19.540    0.0001560401
    19.550   -0.0008081241
    19.560   -0.0064178172
    19.570   -0.0135510985
    19.580   -0.0180268582
    19.590   -0.0196307222
    19.600   -0.0178960433
    19.610   -0.0134882307
    19.620   -0.0081831615
    19.630   -0.0039428980
    19.640    0.0019803611
    19.650    0.0047729436
    19.660    0.0073450255
    19.670    0.0086446969
    19.680    0.0094596060
    19.690    0.0127675980
    19.700    0.0181204046
    19.710    0.0154131453
    19.720    0.0097092807
    19.730    0.0046336571
    19.740   -0.0011153200
    19.750   -0.0083418325
    19.760   -0.0151856715
    19.770   -0.0210599940
    19.780   -0.0281951905
    19.790   -0.0296504873
    19.800   -0.0238042684
    19.810   -0.0187637224
    19.820   -0.0170097401
    19.830   -0.0145416441
    19.840   -0.0094840515
    19.850   -0.0074545033
    19.860   -0.0100107075
    19.870   -0.0150847951
    19.880   -0.0190515193
    19.890   -0.0202569366
    19.900   -0.0198397848
    19.910   -0.0145957118
    19.920   -0.0044269740
    19.930    0.0059828949
    19.940    0.0100289383
    19.950    0.0108177330
    19.960    0.0105275435
    19.970    0.0083273337
    19.980    0.0014569595
    19.990   -0.0046657287
    20.000   -0.0039368465
    20.010   -0.0005762342
    20.020    0.0014722390
    20.030    0.0068641745
    20.040    0.0101523441
    20.050    0.0085983506
    20.060    0.0025492858
    20.070   -0.0019273782
    20.080   -0.0039632041
    20.090   -0.0034116139
    20.100   -0.0013963485
    20.110    0.0016363442
    20.120    0.0057506054
    20.130    0.0083761315
    20.140    0.0098895524
    20.150    0.0090594217
    20.160    0.0044615011
    20.170   -0.0007390577
    20.180   -0.0039612575
    20.190   -0.0045654839
    20.200   -0.0002073839
    20.210    0.0038618400
    20.220    0.0028666765
    20.230    0.0015588518
    20.240   -0.0021445200
    20.250   -0.0101296261
    20.260   -0.0162628593
    20.270   -0.0191690834
    20.280   -0.0172148589
    20.290   -0.0065277309
    20.300    0.0056785127
    20.310    0.0136200088
    20.320    0.0186496864
    20.330    0.0091971388
    20.340   -0.0087374302
    20.350   -0.0154314653
    20.360   -0.0139470410
    20.370   -0.0074945690
    20.380    0.0028994963
    20.390    0.0089220706
    20.400    0.0135048373
    20.410    0.0222449116
    20.420    0.0249409377
    20.430    0.0172133584
    20.440    0.0105805062
    20.450    0.0068108966
    20.460    0.0015126494
    20.470    0.0003534413
    20.480    0.0042743688
    20.490    0.0078264027
    20.500    0.0097868288
    20.510    0.0133173897
    20.520    0.0183733155
    20.530    0.0148061329
    20.540    0.0070438978
    20.550    0.0004960426
    20.560   -0.0001387636
    20.570    0.0107218447
    20.580    0.0164523751
    20.590    0.0262305134
    20.600    0.0391584491
    20.610    0.0415489058
    20.620    0.0316672755
    20.630    0.0175168190
    20.640    0.0086137122
    20.650   -0.0005719944
    20.660   -0.0121576557
    20.670   -0.0153710611
    20.680   -0.0103399742
    20.690   -0.0012053941
    20.700    0.0069638516
    20.710    0.0069597040
    20.720    0.0008088768
    20.730   -0.0023528719
    20.740   -0.0049031148
    20.750   -0.0086974974
    20.760   -0.0102940577
    20.770   -0.0115442257
    20.780   -0.0112081095
    20.790   -0.0103396802
    20.800   -0.0103817442
    20.810   -0.0102674344
    20.820   -0.0094808722
    20.830   -0.0130246048
    20.840   -0.0161719387
    20.850   -0.0142403024
    20.860   -0.0119577581
    20.870   -0.0097718271
    20.880   -0.0052863123
    20.890   -0.0041004346
    20.900   -0.0049018698
    20.910   -0.0042281694
    20.920   -0.0039055768
    20.930   -0.0067813636
    20.940   -0.0105668194
    20.950   -0.0114484590
    20.960   -0.0102106598
    20.970   -0.0068589360
    20.980   -0.0060229514
    20.990   -0.0077970776
    21.000   -0.0088875272
    21.010   -0.0074146221
    21.020   -0.0071994826
    21.030   -0.0077207055
    21.040   -0.0075465482
    21.050   -0.0078042302
    21.060   -0.0104813330
    21.070   -0.0127921734
    21.080   -0.0149496816
    21.090   -0.0131932053
    21.100   -0.0078782075
    21.110   -0.0032801015
    21.120   -0.0011038313
    21.130    0.0012527178
    21.140   -0.0019800590
    21.150   -0.0058724519
    21.160   -0.0050546747
    21.170   -0.0026996181
    21.180    0.0002448094
    21.190    0.0052241765
    21.200    0.0091483298
    21.210    0.0099217244
    21.220    0.0097878984
    21.230    0.0096436755
    21.240    0.0101180238
    21.250    0.0099798343
    21.260    0.0077825615
    21.270    0.0032382616
    21.280   -0.0001679264
    21.290   -0.0000617778
    21.300    0.0013899289
    21.310    0.0007528196
    21.320   -0.0014680843
    21.330   -0.0032434058
    21.340   -0.0026656992
    21.350   -0.0029974600
    21.360   -0.0061121028
    21.370   -0.0073066631
    21.380   -0.0067751123
    21.390   -0.0075602532
    21.400   -0.0083128196
    21.410   -0.0089727511
    21.420   -0.0085258564
    21.430   -0.0065415282
    21.440   -0.0087812583
    21.450   -0.0138691380
    21.460   -0.0142510592
    21.470   -0.0125611512
    21.480   -0.0077921179
    21.490    0.0004411987
    21.500    0.0059108711
    21.510    0.0047773984
    21.520   -0.0009515248
    21.530   -0.0080022450
    21.540   -0.0133814031
    21.550   -0.0132433089
    21.560   -0.0109430428
    21.570   -0.0072196468
    21.580   -0.0030731812
    21.590   -0.0001112208
    21.600    0.0012975403
    21.610   -0.0011413877
    21.620   -0.0073108847
    21.630   -0.0091236521
    21.640   -0.0091793135
    21.650   -0.0095976141
    21.660   -0.0091871880
    21.670   -0.0117109708
    21.680   -0.0153836225
    21.690   -0.0158427065
    21.700   -0.0131476537
    21.710   -0.0075365761
    21.720   -0.0030068836
    21.730    0.0017222584
    21.740    0.0071926859
    21.750    0.0098700128
    21.760    0.0102952033
    21.770    0.0097707352
    21.780    0.0078746176
    21.790    0.0054756153
    21.800    0.0043209291
    21.810    0.0070031548
    21.820    0.0095814799
    21.830    0.0102987112
    21.840    0.0099270997
    21.850    0.0076639775
    21.860    0.0034817083
    21.870   -0.0014114699
    21.880   -0.0056795418
    21.890   -0.0040043019
    21.900   -0.0013122267
    21.910    0.0002140161
    21.920    0.0046921229
    21.930    0.0118095560
    21.940    0.0258149127
    21.950    0.0371233410
    21.960    0.0330856891
    21.970    0.0183979415
    21.980    0.0069418200
    21.990   -0.0005721563
    22.000   -0.0022404469
    22.010    0.0045874588
    22.020    0.0094771261
    22.030    0.0103448812
    22.040    0.0103509845
    22.050    0.0099933771
    22.060    0.0072013481
    22.070    0.0004021179
    22.080   -0.0077826487
    22.090   -0.0118760533
    22.100   -0.0120305311
    22.110   -0.0108879917
    22.120   -0.0090715948
    22.130   -0.0048982443
    22.140   -0.0049214601
    22.150   -0.0097639486
    22.160   -0.0127208400
    22.170   -0.0142116920
    22.180   -0.0147524099
    22.190   -0.0110181374
    22.200   -0.0033949333
    22.210    0.0036969046
    22.220    0.0091770821
    22.230    0.0134771698
    22.240    0.0180513423
    22.250    0.0136692304
    22.260    0.0090983235
    22.270    0.0126857411
    22.280    0.0222269871
    22.290    0.0245767181
    22.300    0.0162020901
    22.310    0.0096076905
    22.320    0.0059177236
    22.330    0.0027154937
    22.340    0.0009381768
    22.350   -0.0010752229
    22.360   -0.0019808711
    22.370    0.0003858457
    22.380    0.0047179482
    22.390    0.0040373032
    22.400   -0.0000903381
    22.410   -0.0047989191
    22.420   -0.0094392604
    22.430   -0.0110871896
    22.440   -0.0124487880
    22.450   -0.0102250562
    22.460   -0.0040747663
    22.470    0.0016260254
    22.480    0.0030505686
    22.490    0.0065705725
    22.500    0.0076941552
    22.510    0.0023807736
    22.520   -0.0038293051
    22.530   -0.0056798256
    22.540   -0.0095140245
    22.550   -0.0112911323
    22.560   -0.0080173612
    22.570   -0.0067373014
    22.580   -0.0084803900
    22.590   -0.0089118349
    22.600   -0.0088453832
    22.610   -0.0080726050
    22.620   -0.0047155191
    22.630   -0.0031362477
    22.640   -0.0006421596
    22.650    0.0014546348
    22.660    0.0003215524
    22.670   -0.0022183646
    22.680   -0.0005344430
    22.690    0.0034831723
    22.700    0.0028834514
    22.710    0.0003841040
    22.720   -0.0021727664
    22.730   -0.0032488501
    22.740    0.0012225522
    22.750    0.0075571549
    22.760    0.0106789392
    22.770    0.0110242610
    22.780    0.0073958936
    22.790   -0.0006385417
    22.800   -0.0063224925
    22.810   -0.0050377559
    22.820   -0.0068554099
    22.830   -0.0105184596
    22.840   -0.0088916637
    22.850   -0.0033607702
    22.860   -0.0015941292
    22.870   -0.0038738246
    22.880   -0.0057029329
    22.890   -0.0054990044
    22.900   -0.0045524643
    22.910   -0.0044873296
    22.920   -0.0081298683
    22.930   -0.0081887011
    22.940   -0.0050451994
    22.950   -0.0019668518
    22.960   -0.0013248307
    22.970   -0.0041797133
    22.980   -0.0057427887
    22.990   -0.0042590062
    23.000   -0.0030386023
    23.010   -0.0000764653
    23.020    0.0036138676
    23.030    0.0020421198
    23.040   -0.0003690263
    23.050   -0.0000588825
    23.060    0.0030255219
    23.070    0.0100119211
    23.080    0.0237517011
    23.090    0.0371051833
    23.100    0.0427426844
    23.110    0.0403746030
    23.120    0.0298933106
    23.130    0.0159909897
    23.140    0.0079465105
    23.150    0.0030516240
    23.160   -0.0003347141
    23.170   -0.0013611290
    23.180   -0.0023249549
    23.190   -0.0046675496
    23.200   -0.0067954032
    23.210   -0.0066691495
    23.220   -0.0050498539
    23.230   -0.0022561430
    23.240   -0.0003562704
    23.250    0.0002763211
    23.260    0.0019354574
    23.270    0.0049910506
    23.280    0.0084711023
    23.290    0.0127703861
    23.300    0.0185121397
    23.310    0.0159625213
    23.320    0.0089094382
    23.330    0.0000270061
    23.340   -0.0089651727
    23.350   -0.0116964021
    23.360   -0.0124046660
    23.370   -0.0105268541
    23.380   -0.0033916972
    23.390    0.0033978907
    23.400    0.0045721864
    23.410    0.0048577183
    23.420    0.0009024628
    23.430   -0.0055728297
    23.440   -0.0086878822
    23.450   -0.0101280283
    23.460   -0.0109757491
    23.470   -0.0083303944
    23.480   -0.0052119365
    23.490   -0.0021529044
    23.500    0.0001518500
    23.510    0.0013301756
    23.520    0.0018036490
    23.530    0.0019054622
    23.540    0.0022505741
    23.550    0.0016776467
    23.560   -0.0013869047
    23.570   -0.0087995843
    23.580   -0.0147740755
    23.590   -0.0139279505
    23.600   -0.0095395528
    23.610   -0.0064620315
    23.620   -0.0027626876
    23.630    0.0002242581
    23.640    0.0014740801
    23.650    0.0058413019
    23.660    0.0080436885
    23.670    0.0085603217
    23.680    0.0129414704
    23.690    0.0229067927
    23.700    0.0260215319
    23.710    0.0171964173
    23.720    0.0080350820
    23.730    0.0006158050
    23.740   -0.0037912326
    23.750   -0.0045302107
    23.760   -0.0073775462
    23.770   -0.0078024620
    23.780   -0.0066638208
    23.790   -0.0078842368
    23.800   -0.0107592044
    23.810   -0.0116429325
    23.820   -0.0113661154
    23.830   -0.0121466758
    23.840   -0.0127942821
    23.850   -0.0125213075
    23.860   -0.0120476040
    23.870   -0.0096363820
    23.880   -0.0067889592
    23.890   -0.0029626338
    23.900   -0.0023067404
    23.910   -0.0072744435
    23.920   -0.0096995509
    23.930   -0.0115138817
    23.940   -0.0143673256
    23.950   -0.0145947588
    23.960   -0.0141159862
    23.970   -0.0124283491
    23.980   -0.0073265504
    23.990   -0.0009503785
    24.000    0.0028642048
    24.010    0.0053136990
    24.020    0.0053970635
    24.030    0.0021855103
    24.040   -0.0008105588
    24.050   -0.0015954796
    24.060   -0.0006723580
    24.070    0.0040131760
    24.080    0.0085626058
    24.090    0.0089711523
    24.100    0.0048613894
    24.110    0.0002506829
    24.120   -0.0040995302
    24.130   -0.0077569338
    24.140   -0.0079988953
    24.150   -0.0057917133
    24.160   -0.0043546107
    24.170   -0.0049535215
    24.180   -0.0050308932
    24.190   -0.0008548766
    24.200    0.0051234917
    24.210    0.0128133625
    24.220    0.0237085625
    24.230    0.0300427699
    24.240    0.0219945252
    24.250    0.0212917461
    24.260    0.0285029396
    24.270    0.0377808220
    24.280    0.0425941882
    24.290    0.0362561384
    24.300    0.0202922180
    24.310    0.0098564102
    24.320    0.0068863278
    24.330    0.0004689198
    24.340   -0.0059015307
    24.350   -0.0091433579
    24.360   -0.0099077386
    24.370   -0.0088507200
    24.380   -0.0034924225
    24.390    0.0023057033
    24.400    0.0058434076
    24.410    0.0083581917
    24.420    0.0086011467
    24.430    0.0039713016
    24.440   -0.0001111660
    24.450   -0.0016572808
    24.460    0.0010851828
    24.470    0.0054264606
    24.480    0.0085081407
    24.490    0.0086551587
    24.500    0.0092135618
    24.510    0.0124724306
    24.520    0.0180905371
    24.530    0.0149161136
    24.540    0.0084938690
    24.550    0.0043536678
    24.560    0.0047923251
    24.570    0.0080561535
    24.580    0.0094485380
    24.590    0.0100517931
    24.600    0.0099503216
    24.610    0.0084730104
    24.620    0.0036268254
    24.630   -0.0011859183
    24.640   -0.0034596980
    24.650   -0.0033532556
    24.660   -0.0053116186
    24.670   -0.0071312507
    24.680   -0.0045057874
    24.690   -0.0021052208
    24.700    0.0003378661
    24.710    0.0037531206
    24.720    0.0057701186
    24.730    0.0033481642
    24.740    0.0021706739
    24.750    0.0034965762
    24.760    0.0026140505
    24.770    0.0001443567
    24.780   -0.0022244445
    24.790   -0.0059316943
    24.800   -0.0091557784
    24.810   -0.0109436004
    24.820   -0.0123357051
    24.830   -0.0163410461
    24.840   -0.0190170591
    24.850   -0.0167618477
    24.860   -0.0123821386
    24.870   -0.0101776899
    24.880   -0.0121382509
    24.890   -0.0136908656
    24.900   -0.0130067410
    24.910   -0.0120448870
    24.920   -0.0121350370
    24.930   -0.0106398661
    24.940   -0.0091005478
    24.950   -0.0081245863
    24.960   -0.0092292215
    24.970   -0.0114930271
    24.980   -0.0124766076
    24.990   -0.0097913596
    25.000   -0.0054273274
    25.010   -0.0035906660
    25.020   -0.0019921905
    25.030   -0.0000458964
    25.040    0.0016107581
    25.050    0.0034066887
    25.060    0.0022695459
    25.070   -0.0015659081
    25.080   -0.0071602767
    25.090   -0.0103128440
    25.100   -0.0118109348
    25.110   -0.0127510421
    25.120   -0.0131602151
    25.130   -0.0121346721
    25.140   -0.0110329293
    25.150   -0.0096357636
    25.160   -0.0100067931
    25.170   -0.0121958366
    25.180   -0.0140672005
    25.190   -0.0123870354
    25.200   -0.0065620846
    25.210    0.0013495845
    25.220    0.0094992834
    25.230    0.0180209881
    25.240    0.0180928182
    25.250    0.0182040763
    25.260    0.0131405974
    25.270    0.0090328288
    25.280    0.0117259553
    25.290    0.0186439887
    25.300    0.0194562618
    25.310    0.0197008896
    25.320    0.0151810992
    25.330    0.0098536516
    25.340    0.0091323193
    25.350    0.0062509291
    25.360    0.0018551760
    25.370   -0.0013760131
    25.380   -0.0020948635
    25.390   -0.0018760549
    25.400    0.0014760723
    25.410    0.0045352960
    25.420    0.0054672532
    25.430    0.0041643426
    25.440    0.0042065302
    25.450    0.0017206728
    25.460   -0.0016696638
    25.470   -0.0048254207
    25.480   -0.0063736566
    25.490   -0.0063199255
    25.500   -0.0045823014
    25.510   -0.0018458356
    25.520   -0.0020543497
    25.530   -0.0058487556
    25.540   -0.0081787199
    25.550   -0.0077713698
    25.560   -0.0046408584
    25.570   -0.0016602767
    25.580   -0.0014786201
    25.590   -0.0041794943
    25.600   -0.0063354848
    25.610   -0.0064749477
    25.620   -0.0053863381
    25.630   -0.0036815602
    25.640   -0.0032185942
    25.650   -0.0018220227
    25.660    0.0020678651
    25.670    0.0044189962
    25.680    0.0073759951
    25.690    0.0078639632
    25.700    0.0036084669
    25.710    0.0001185649
    25.720   -0.0005712782
    25.730   -0.0000629710
    25.740   -0.0019442595
    25.750   -0.0050336681
    25.760   -0.0050983588
    25.770   -0.0022663817
    25.780   -0.0014821432
    25.790   -0.0046344925
    25.800   -0.0069068863
    25.810   -0.0081830307
    25.820   -0.0087352829
    25.830   -0.0070983112
    25.840   -0.0053676805
    25.850   -0.0045241165
    25.860   -0.0051920197
    25.870   -0.0051036074
    25.880   -0.0025888943
    25.890   -0.0009007457
    25.900   -0.0012187655
    25.910   -0.0018302844
    25.920   -0.0017498570
    25.930   -0.0015357344
    25.940   -0.0007674129
    25.950   -0.0000474717
    25.960    0.0007177218
    25.970    0.0019196650
    25.980    0.0044311561
    25.990    0.0075165377
    26.000    0.0090531035
    26.010    0.0093897600
    26.020    0.0083647816
    26.030    0.0054431787
    26.040    0.0021237577
    26.050    0.0035052181
    26.060    0.0051627372
    26.070    0.0030422866
    26.080    0.0014370671
    26.090    0.0018838361
    26.100    0.0035161736
    26.110    0.0028680857
    26.120    0.0008828282
    26.130   -0.0010333861
    26.140   -0.0020480872
    26.150   -0.0021137339
    26.160   -0.0031371490
    26.170   -0.0022189293
    26.180   -0.0010788149
    26.190   -0.0001511496
    26.200    0.0021564112
    26.210    0.0046160681
    26.220    0.0031092067
    26.230    0.0006505682
    26.240    0.0003461319
    26.250   -0.0003085810
    26.260   -0.0017757341
    26.270   -0.0033930435
    26.280   -0.0027030468
    26.290   -0.0012457913
    26.300    0.0006114485
    26.310    0.0036993418
    26.320    0.0040710668
    26.330    0.0051314097
    26.340    0.0061880015
    26.350    0.0066001166
    26.360    0.0070397177
    26.370    0.0068412923
    26.380    0.0068051877
    26.390    0.0065901810
    26.400    0.0064839394
    26.410    0.0061943977
    26.420    0.0061690134
    26.430    0.0063613142
    26.440    0.0065973427
    26.450    0.0051636750
    26.460    0.0009562922
    26.470   -0.0035220346
    26.480   -0.0045321167
    26.490   -0.0049315487
    26.500   -0.0035853261
    26.510   -0.0025042392
    26.520   -0.0028695973
    26.530   -0.0032719340
    26.540   -0.0042945360
    26.550   -0.0046590739
    26.560   -0.0065051123
    26.570   -0.0080144039
    26.580   -0.0088925194
    26.590   -0.0101867435
    26.600   -0.0101244515
    26.610   -0.0078140400
    26.620   -0.0054722372
    26.630   -0.0038066875
    26.640   -0.0040807449
    26.650   -0.0043273264
    26.660   -0.0025095669
    26.670   -0.0003577887
    26.680    0.0005007496
    26.690    0.0005421730
    26.700    0.0013014679
    26.710    0.0027801580
    26.720    0.0025678877
    26.730   -0.0000932804
    26.740   -0.0013268411
    26.750   -0.0008619490
    26.760   -0.0011689326
    26.770   -0.0034496043
    26.780   -0.0060341087
    26.790   -0.0064150890
    26.800   -0.0045750819
    26.810   -0.0018492289
    26.820   -0.0002026892
    26.830    0.0014664531
    26.840    0.0017890802
    26.850    0.0020584283
    26.860    0.0025426128
    26.870    0.0024275093
    26.880    0.0007210436
    26.890   -0.0020331281
    26.900   -0.0030617208
    26.910   -0.0038701575
    26.920   -0.0055171358
    26.930   -0.0069521327
    26.940   -0.0078445108
    26.950   -0.0087400895
    26.960   -0.0084344867
    26.970   -0.0078307835
    26.980   -0.0082361252
    26.990   -0.0085291281
    27.000   -0.0079966547
    27.010   -0.0072810820
    27.020   -0.0065672947
    27.030   -0.0036590683
    27.040   -0.0005057726
    27.050    0.0013233252
    27.060    0.0017700059
    27.070    0.0015189849
    27.080    0.0011195487
    27.090    0.0012068073
    27.100    0.0020502386
    27.110    0.0033278054
    27.120    0.0039137757
    27.130    0.0047522351
    27.140    0.0051516783
    27.150    0.0050845494
    27.160    0.0065397053
    27.170    0.0095748069
    27.180    0.0101621377
    27.190    0.0069061077
    27.200    0.0044480101
    27.210    0.0033285698
    27.220    0.0023864875
    27.230    0.0022817008
    27.240    0.0022137151
    27.250    0.0013079990
    27.260    0.0007608848
    27.270    0.0004405112
    27.280    0.0005880666
    27.290    0.0014508654
    27.300    0.0015207844
    27.310    0.0010941218
    27.320    0.0010076786
    27.330    0.0009404426
    27.340    0.0008697261
    27.350    0.0003818813
    27.360   -0.0001769805
    27.370   -0.0012019024
    27.380   -0.0022343112
    27.390   -0.0032948000
    27.400   -0.0034052339
    27.410   -0.0024133501
    27.420   -0.0017708971
    27.430   -0.0013396094
    27.440   -0.0007400147
    27.450   -0.0001075130
    27.460    0.0001470278
    27.470   -0.0000197569
    27.480   -0.0000928519
    27.490    0.0002766273
    27.500    0.0007212399
    27.510    0.0013528277
    27.520    0.0019930178
    27.530    0.0025580089
    27.540    0.0028407011
    27.550    0.0027246810
    27.560    0.0026395302
    27.570    0.0024626751
    27.580    0.0022214274
    27.590    0.0017486799
    27.600    0.0015492549
    27.610    0.0012172671
    27.620    0.0008944488
    27.630    0.0006823737
    27.640    0.0007327616
    27.650    0.0007165794
    27.660    0.0006458433
    27.670    0.0009413306
    27.680    0.0012769798
    27.690    0.0011368640
    27.700    0.0007687537
    27.710    0.0006545980
    27.720    0.0006247826
    27.730    0.0006203565
    27.740    0.0007844895
    27.750    0.0008538559
    27.760    0.0008150440
    27.770    0.0007040744
    27.780    0.0006854473
    27.790    0.0006216803
    27.800    0.0005253686
    27.810    0.0004849094
    27.820    0.0004803324
    27.830    0.0006063309
    27.840    0.0008188890
    27.850    0.0009209289
    27.860    0.0009521313
    27.870    0.0008975661
    27.880    0.0007472966
    27.890    0.0006454990
    27.900    0.0006272323
    27.910    0.0006205439
    27.920    0.0005863790
    27.930    0.0005430441
    27.940    0.0004883718
    27.950    0.0004357942
    27.960    0.0003733394
    27.970    0.0003263010
    27.980    0.0002899383
    27.990    0.0002810940
    28.000    0.0003121491
    28.010    0.0003401808
    28.020    0.0003622822
    28.030    0.0003623263
    28.040    0.0003736153
    28.050    0.0003841660
    28.060    0.0003651438
    28.070    0.0003436300
    28.080    0.0003266896
    28.090    0.0002999482
    28.100    0.0002779389
    28.110    0.0002597358
    28.120    0.0002332762
    28.130    0.0001976870
    28.140    0.0001588870
    28.150    0.0001168291
    28.160    0.0000800626
    28.170    0.0000477125
    28.180    0.0000227008
    28.190   -0.0000020790
    28.200   -0.0000301502
    28.210   -0.0000596228
    28.220   -0.0000864561
    28.230   -0.0001121386
    28.240   -0.0001380300
    28.250   -0.0001641507
    28.260   -0.0001899414
    28.270   -0.0002160710
    28.280   -0.0002418196
    28.290   -0.0002677571
    28.300   -0.0002936408
    28.310   -0.0003193300
    28.320   -0.0003443844
    28.330   -0.0003692801
    28.340   -0.0003936716
    28.350   -0.0004178235
    28.360   -0.0004416429
    28.370   -0.0004652650
    28.380   -0.0004885537
    28.390   -0.0005115427
    28.400   -0.0005341824
    28.410   -0.0005564987
    28.420   -0.0005784730
    28.430   -0.0006001068
