     0.000    0.0015153202
     0.020    0.0012151346
     0.040    0.0005983070
     0.060    0.0020130804
     0.080    0.0022105736
     0.100    0.0003120780
     0.120   -0.0011367619
     0.140   -0.0016068034
     0.160   -0.0003660188
     0.180    0.0005060313
     0.200   -0.0005945319
     0.220    0.0001404760
     0.240   -0.0005789532
     0.260   -0.0009241235
     0.280    0.0009199529
     0.300   -0.0006589296
     0.320   -0.0016675234
     0.340   -0.0017850538
     0.360    0.0007376664
     0.380    0.0023337218
     0.400    0.0018365300
     0.420   -0.0006483572
     0.440   -0.0027576140
     0.460   -0.0016755441
     0.480   -0.0010088193
     0.500    0.0025874031
     0.520    0.0031486129
     0.540    0.0006501341
     0.560    0.0001188246
     0.580   -0.0016325106
     0.600   -0.0021582990
     0.620   -0.0018615680
     0.640   -0.0008218236
     0.660    0.0019465639
     0.680    0.0019403965
     0.700    0.0024565353
     0.720   -0.0013139135
     0.740   -0.0060206273
     0.760   -0.0034522909
     0.780    0.0005801154
     0.800    0.0028235970
     0.820    0.0034933770
     0.840    0.0023947966
     0.860    0.0021488913
     0.880    0.0008392345
     0.900   -0.0021565344
     0.920   -0.0024106123
     0.940   -0.0013719737
     0.960    0.0021081412
     0.980    0.0076582369
     1.000    0.0099375310
     1.020    0.0089665889
     1.040   -0.0005556145
     1.060   -0.0057226544
     1.080   -0.0018407864
     1.100   -0.0020590719
     1.120   -0.0019976934
     1.140   -0.0043078448
     1.160   -0.0081135616
     1.180   -0.0075435529
     1.200   -0.0049967843
     1.220    0.0021395616
     1.240    0.0054869310
     1.260   -0.0012879411
     1.280   -0.0058955062
     1.300   -0.0077600107
     1.320   -0.0135793602
     1.340   -0.0101304763
     1.360    0.0017600387
     1.380    0.0060766959
     1.400    0.0092857318
     1.420    0.0138450606
     1.440    0.0146030661
     1.460    0.0080778352
     1.480   -0.0046394502
     1.500   -0.0060898142
     1.520    0.0007040461
     1.540   -0.0048341252
     1.560    0.0088893436
     1.580    0.0104233448
     1.600   -0.0013205606
     1.620    0.0036433035
     1.640    0.0017804144
     1.660    0.0002712155
     1.680    0.0038025961
     1.700    0.0061495881
     1.720    0.0022921867
     1.740   -0.0037667662
     1.760   -0.0066110937
     1.780   -0.0054854634
     1.800   -0.0083092028
     1.820   -0.0137484838
     1.840   -0.0048446887
     1.860   -0.0002836917
     1.880   -0.0027879740
     1.900    0.0107109033
     1.920    0.0174337498
     1.940    0.0082261127
     1.960   -0.0057588754
     1.980   -0.0213381345
     2.000   -0.0228882417
     2.020   -0.0122255502
     2.040   -0.0101456522
     2.060   -0.0147005971
     2.080    0.0077540691
     2.100    0.0239618353
     2.120    0.0280500600
     2.140    0.0342233272
     2.160    0.0143178246
     2.180   -0.0201363677
     2.200   -0.0333850875
     2.220   -0.0180175515
     2.240   -0.0116221522
     2.260    0.0006322202
     2.280    0.0147440876
     2.300    0.0192436574
     2.320    0.0175306088
     2.340    0.0203289971
     2.360    0.0047335044
     2.380   -0.0050784136
     2.400   -0.0090135468
     2.420   -0.0283404220
     2.440   -0.0215226868
     2.460   -0.0107226656
     2.480    0.0044462241
     2.500    0.0032994265
     2.520    0.0113249091
     2.540    0.0157875900
     2.560    0.0057262751
     2.580    0.0101793856
     2.600    0.0188231465
     2.620    0.0204043797
     2.640   -0.0143388172
     2.660   -0.0391105212
     2.680   -0.0476419233
     2.700   -0.0139392183
     2.720    0.0008788563
     2.740   -0.0171688692
     2.760   -0.0025810745
     2.780    0.0261016710
     2.800    0.0472845784
     2.820    0.0160686383
     2.840   -0.0292134568
     2.860   -0.0248849594
     2.880    0.0176295778
     2.900    0.0022742489
     2.920   -0.0243548353
     2.940   -0.0088717969
     2.960   -0.0096564759
     2.980   -0.0057090160
     3.000    0.0184637722
     3.020    0.0180560962
     3.040    0.0350292851
     3.060    0.0170735423
     3.080   -0.0059241217
     3.100    0.0097097705
     3.120    0.0112720338
     3.140   -0.0063834555
     3.160   -0.0254947532
     3.180   -0.0271224202
     3.200   -0.0240604280
     3.220    0.0174576453
     3.240    0.0090484977
     3.260   -0.0162822604
     3.280   -0.0206145343
     3.300   -0.0080292981
     3.320    0.0290994086
     3.340    0.0157045468
     3.360   -0.0122088233
     3.380    0.0112814455
     3.400    0.0017372963
     3.420   -0.0384546431
     3.440    0.0024411631
     3.460    0.0399537471
     3.480   -0.0075598027
     3.500   -0.0186515903
     3.520    0.0068127330
     3.540   -0.0029657769
     3.560    0.0135415144
     3.580    0.0424466539
     3.600    0.0421228273
     3.620    0.0015676888
     3.640   -0.0095761395
     3.660   -0.0005165720
     3.680    0.0002014612
     3.700   -0.0047749534
     3.720    0.0053305817
     3.740    0.0522499370
     3.760    0.0729547987
     3.780    0.0856320409
     3.800    0.0914181006
     3.820    0.0747018763
     3.840    0.0128947308
     3.860   -0.0673830599
     3.880   -0.0723731205
     3.900   -0.0636315235
     3.920   -0.1199278746
     3.940   -0.1505813013
     3.960   -0.0497428111
     3.980    0.0154101126
     4.000    0.0390664529
     4.020    0.0758183959
     4.040    0.0977461246
     4.060    0.1257521699
     4.080    0.0988520538
     4.100    0.0297960086
     4.120   -0.0216886521
     4.140   -0.0885266835
     4.160   -0.1445954489
     4.180   -0.1097845434
     4.200   -0.0581205719
     4.220    0.0018602549
     4.240    0.0755686483
     4.260    0.1309722756
     4.280    0.0462297733
     4.300   -0.0173689307
     4.320    0.0252543864
     4.340   -0.0198297707
     4.360   -0.0864785729
     4.380   -0.1584255781
     4.400   -0.1653210210
     4.420   -0.0878757108
     4.440   -0.0377826643
     4.460    0.0454818744
     4.480    0.1503973135
     4.500    0.1647691920
     4.520    0.1563768493
     4.540    0.1387396916
     4.560    0.0102086046
     4.580   -0.0819527825
     4.600   -0.1207735599
     4.620   -0.1354675582
     4.640   -0.1447536327
     4.660   -0.1290356732
     4.680   -0.0573066578
     4.700    0.0052117006
     4.720    0.0548976543
     4.740    0.0842856508
     4.760    0.1048194133
     4.780    0.1216930419
     4.800    0.0836660326
     4.820   -0.0267096236
     4.840   -0.0909758041
     4.860   -0.1546456976
     4.880   -0.1285326030
     4.900   -0.0458724822
     4.920   -0.0107804088
     4.940   -0.0152410831
     4.960   -0.0122156129
     4.980   -0.0448003670
     5.000   -0.0881215072
     5.020   -0.0682936852
     5.040   -0.0214370632
     5.060    0.0583031754
     5.080    0.1160058572
     5.100    0.1581152583
     5.120    0.1580042475
     5.140    0.1559905959
     5.160    0.1181309094
     5.180    0.0096621447
     5.200   -0.0506532214
     5.220   -0.0646713300
     5.240   -0.1012739593
     5.260   -0.0857381867
     5.280   -0.0025995996
     5.300    0.0108936318
     5.320   -0.0069723938
     5.340   -0.0074370147
     5.360   -0.0308782304
     5.380   -0.0159675324
     5.400    0.0313853593
     5.420    0.0161349089
     5.440    0.0115139327
     5.460    0.0501442109
     5.480    0.0878190226
     5.500    0.0904826658
     5.520    0.0715200165
     5.540    0.0690361680
     5.560    0.0216697829
     5.580   -0.0365988797
     5.600   -0.0428264697
     5.620   -0.0165885214
     5.640   -0.0517133485
     5.660   -0.0774739768
     5.680   -0.0082575572
     5.700   -0.0091347556
     5.720   -0.0568342433
     5.740   -0.0670290212
     5.760   -0.0962167278
     5.780   -0.0703475211
     5.800    0.0136081478
     5.820    0.0409263288
     5.840    0.0250521880
     5.860   -0.0113365236
     5.880   -0.0708183363
     5.900   -0.0226647953
     5.920    0.0181204852
     5.940   -0.0498618857
     5.960   -0.1047129987
     5.980   -0.1901104519
     6.000   -0.2177806557
     6.020   -0.1943226835
     6.040   -0.1534455435
     6.060   -0.0152609736
     6.080    0.1353393446
     6.100    0.2337668960
     6.120    0.3008216405
     6.140    0.2868639697
     6.160    0.1054091822
     6.180   -0.0482655464
     6.200   -0.0861018347
     6.220   -0.1209866981
     6.240   -0.1030984757
     6.260    0.0102233021
     6.280    0.0983614286
     6.300    0.1275755305
     6.320    0.2017420010
     6.340    0.2183088310
     6.360    0.1526323149
     6.380    0.0299562621
     6.400   -0.0809565605
     6.420   -0.2045414645
     6.440   -0.2718053289
     6.460   -0.2075801525
     6.480   -0.1250418884
     6.500   -0.0553140795
     6.520   -0.0381496185
     6.540   -0.0431762884
     6.560   -0.0437408581
     6.580   -0.0269821916
     6.600    0.0311483524
     6.620    0.1288001043
     6.640    0.1914186601
     6.660    0.1020925101
     6.680   -0.0801874405
     6.700   -0.1213630600
     6.720   -0.0415787799
     6.740    0.0834239052
     6.760    0.2011323819
     6.780    0.2692577230
     6.800    0.3319859995
     6.820    0.3436054530
     6.840    0.2952891050
     6.860    0.2167910997
     6.880    0.1196017768
     6.900    0.0311240806
     6.920   -0.0132167833
     6.940   -0.0859737152
     6.960   -0.1517119727
     6.980   -0.1368929595
     7.000   -0.1220109954
     7.020   -0.1112716458
     7.040   -0.1209673451
     7.060   -0.0447458830
     7.080    0.0330520683
     7.100    0.0332099295
     7.120    0.0862217695
     7.140    0.1411184964
     7.160    0.1331171646
     7.180    0.0730514293
     7.200    0.0483848227
     7.220    0.0056259083
     7.240   -0.0840224770
     7.260   -0.1502404737
     7.280   -0.2102843294
     7.300   -0.2412815001
     7.320   -0.2404903123
     7.340   -0.1944366511
     7.360   -0.0771491423
     7.380   -0.0002436099
     7.400    0.0574373173
     7.420    0.0772433806
     7.440   -0.0084487715
     7.460   -0.1069705652
     7.480   -0.1650691634
     7.500   -0.1417825458
     7.520   -0.0765140283
     7.540   -0.0564872603
     7.560   -0.0667902403
     7.580   -0.0638043430
     7.600   -0.0343078219
     7.620   -0.0038517258
     7.640    0.0334188074
     7.660    0.0563503783
     7.680    0.0637873822
     7.700    0.0680892962
     7.720    0.0686638918
     7.740    0.0365111461
     7.760   -0.0011482597
     7.780    0.0550617515
     7.800    0.1185591077
     7.820    0.1370409293
     7.840    0.1607361099
     7.860    0.1999928403
     7.880    0.0867305380
     7.900   -0.0530945740
     7.920   -0.0823411593
     7.940   -0.0968896204
     7.960   -0.1067813628
     7.980   -0.0660974705
     8.000    0.0113865511
     8.020    0.0743150181
     8.040    0.0625658055
     8.060   -0.0419273890
     8.080   -0.0733152078
     8.100   -0.0857608323
     8.120   -0.1404282398
     8.140   -0.1741383231
     8.160   -0.1316228989
     8.180   -0.0714977875
     8.200   -0.0769247283
     8.220   -0.0549129888
     8.240    0.0233551325
     8.260    0.0852678150
     8.280    0.1038538336
     8.300    0.1115033307
     8.320    0.0549126394
     8.340   -0.0256320250
     8.360   -0.0520711503
     8.380    0.0062252529
     8.400    0.0729015780
     8.420    0.1103653750
     8.440    0.1539403887
     8.460    0.1805581394
     8.480    0.1361734047
     8.500    0.0139031599
     8.520   -0.0243813650
     8.540   -0.0560145905
     8.560   -0.1129932151
     8.580   -0.0812266153
     8.600    0.0090212383
     8.620    0.0600659101
     8.640    0.1473555344
     8.660    0.1792809765
     8.680    0.1474572720
     8.700    0.0962924195
     8.720    0.0296795547
     8.740    0.0361747670
     8.760    0.1018256807
     8.780    0.1427137740
     8.800    0.1452253618
     8.820    0.1285644279
     8.840    0.1100240635
     8.860    0.0781166439
     8.880   -0.0579770910
     8.900   -0.1284228285
     8.920   -0.1303966452
     8.940   -0.1460486701
     8.960   -0.1600172270
     8.980   -0.1628602348
     9.000   -0.0408775432
     9.020    0.0745909460
     9.040    0.0953730181
     9.060    0.1156547214
     9.080    0.1329041339
     9.100    0.0711179582
     9.120   -0.0510302687
     9.140   -0.1377917983
     9.160   -0.1861121782
     9.180   -0.2019027383
     9.200   -0.1889754797
     9.220   -0.0817512292
     9.240    0.0339502888
     9.260    0.0638538812
     9.280    0.0365223144
     9.300    0.0069000688
     9.320   -0.0597087131
     9.340   -0.1697044728
     9.360   -0.2348985082
     9.380   -0.2369342007
     9.400   -0.1692680898
     9.420   -0.1456690021
     9.440   -0.1313901792
     9.460   -0.0708552414
     9.480   -0.0261726723
     9.500    0.0370449929
     9.520    0.1252735598
     9.540    0.1170651510
     9.560    0.0029061294
     9.580   -0.0817497374
     9.600   -0.1324486130
     9.620   -0.1408873357
     9.640   -0.0862168506
     9.660   -0.0002487995
     9.680    0.0521365070
     9.700    0.0742975735
     9.720    0.1012387745
     9.740    0.1434002675
     9.760    0.1370358222
     9.780    0.0329468633
     9.800   -0.0373234609
     9.820   -0.0450315411
     9.840   -0.0580886260
     9.860   -0.0779875568
     9.880   -0.0324742875
     9.900   -0.0021238265
     9.920   -0.0203421142
     9.940   -0.0013284823
     9.960    0.0349563217
     9.980    0.0559960439
    10.000    0.0539481483
    10.020    0.0315282355
    10.040    0.0228413510
    10.060    0.0305195416
    10.080    0.0347747261
    10.100    0.0092841459
    10.120   -0.0626202358
    10.140   -0.0926578879
    10.160   -0.0587693271
    10.180    0.0201800194
    10.200    0.0980888875
    10.220    0.1611077142
    10.240    0.2025455532
    10.260    0.1990513981
    10.280    0.1014053849
    10.300   -0.0683452126
    10.320   -0.1777241362
    10.340   -0.1783656071
    10.360   -0.0653674462
    10.380    0.0875796369
    10.400    0.2145109414
    10.420    0.2641709782
    10.440    0.2401842931
    10.460    0.2088511331
    10.480    0.1479079010
    10.500    0.0422932546
    10.520   -0.0466026678
    10.540   -0.1142547477
    10.560   -0.1447338765
    10.580   -0.1033934206
    10.600   -0.0761561727
    10.620   -0.0792706330
    10.640   -0.0781204204
    10.660   -0.0727274683
    10.680   -0.0209769325
    10.700    0.0746088475
    10.720    0.1417415551
    10.740    0.1280209180
    10.760    0.0707090591
    10.780   -0.0002919851
    10.800   -0.0922654523
    10.820   -0.1567098820
    10.840   -0.1880689804
    10.860   -0.2024858815
    10.880   -0.1595074639
    10.900   -0.0869394159
    10.920   -0.0427257401
    10.940    0.0061898853
    10.960    0.0532439145
    10.980    0.0402155500
    11.000   -0.0143107822
    11.020   -0.0514275022
    11.040   -0.0904688634
    11.060   -0.1234072866
    11.080   -0.1361231407
    11.100   -0.0801888113
    11.120    0.0187349426
    11.140    0.0914167432
    11.160    0.1575391038
    11.180    0.1887612529
    11.200    0.1831643418
    11.220    0.1376881792
    11.240    0.0740265511
    11.260    0.0396432794
    11.280    0.0109832375
    11.300    0.0270645628
    11.320    0.0736812749
    11.340    0.0718786650
    11.360   -0.0293740328
    11.380   -0.1193680626
    11.400   -0.1441335307
    11.420   -0.0828406680
    11.440    0.0364468243
    11.460    0.1341272025
    11.480    0.2330523138
    11.500    0.2859104318
    11.520    0.2993281005
    11.540    0.2745832891
    11.560    0.1890979143
    11.580    0.0972710356
    11.600    0.0347129444
    11.620   -0.0376096432
    11.640   -0.0881784103
    11.660   -0.1047970499
    11.680   -0.0709949458
    11.700   -0.0374203871
    11.720   -0.0548519328
    11.740   -0.0910077366
    11.760   -0.1160597767
    11.780   -0.1158472702
    11.800   -0.1087929447
    11.820   -0.1016618389
    11.840   -0.0975410904
    11.860   -0.0744465916
    11.880   -0.0650495062
    11.900   -0.0789113932
    11.920   -0.0948213236
    11.940   -0.1083460116
    11.960   -0.1276775503
    11.980   -0.1378067163
    12.000   -0.0753499595
    12.020    0.0119778077
    12.040    0.0778218334
    12.060    0.1161613934
    12.080    0.1086930752
    12.100    0.0551851940
    12.120    0.0197737142
    12.140    0.0238176824
    12.160    0.0517141952
    12.180    0.0964349865
    12.200    0.1131921074
    12.220    0.0809362802
    12.240    0.0109756240
    12.260   -0.0284880423
    12.280   -0.0474028601
    12.300   -0.0862523848
    12.320   -0.1215542111
    12.340   -0.1471382165
    12.360   -0.1673854741
    12.380   -0.1624407856
    12.400   -0.1288375604
    12.420   -0.0889516966
    12.440   -0.0454125800
    12.460   -0.0161370323
    12.480   -0.0091828008
    12.500   -0.0155846389
    12.520   -0.0324445860
    12.540   -0.0424051122
    12.560   -0.0306049904
    12.580   -0.0027468839
    12.600    0.0145187731
    12.620    0.0221419555
    12.640    0.0184598479
    12.660   -0.0203156785
    12.680   -0.0627993047
    12.700   -0.0715973747
    12.720   -0.0637247001
    12.740   -0.0520342452
    12.760   -0.0089269677
    12.780    0.0307230705
    12.800    0.0302295290
    12.820    0.0276879440
    12.840    0.0311629613
    12.860    0.0341458615
    12.880    0.0137984791
    12.900   -0.0057387349
    12.920   -0.0163518102
    12.940   -0.0493794184
    12.960   -0.0722272070
    12.980   -0.0364909196
    13.000    0.0281206581
    13.020    0.0616128858
    13.040    0.0565270280
    13.060   -0.0016252935
    13.080   -0.0427586805
    13.100   -0.0388504789
    13.120   -0.0316029326
    13.140   -0.0079711384
    13.160    0.0258020894
    13.180    0.0490678756
    13.200    0.0474392545
    13.220    0.0382847400
    13.240    0.0296689778
    13.260    0.0425383118
    13.280    0.0739564503
    13.300    0.0884516100
    13.320    0.0926188863
    13.340    0.0868955760
    13.360    0.0622780104
    13.380    0.0535374886
    13.400    0.0670497450
    13.420    0.0743068737
    13.440    0.0737283135
    13.460    0.0713087061
    13.480    0.0744780133
    13.500    0.0728932320
    13.520    0.0458876824
    13.540    0.0046761416
    13.560   -0.0351124761
    13.580   -0.0587594893
    13.600   -0.0623963862
    13.620   -0.0628091021
    13.640   -0.0496765674
    13.660   -0.0366701632
    13.680   -0.0322246205
    13.700   -0.0277968987
    13.720   -0.0017140780
    13.740    0.0578719935
    13.760    0.1117389399
    13.780    0.1449049623
    13.800    0.1611574406
    13.820    0.1289248370
    13.840    0.0647791826
    13.860    0.0451322708
    13.880    0.0521851314
    13.900    0.0637219853
    13.920    0.0823556875
    13.940    0.0859800856
    13.960    0.0504040382
    13.980    0.0274396748
    14.000    0.0346967900
    14.020    0.0552619877
    14.040    0.0806648680
    14.060    0.1090177888
    14.080    0.1029023789
    14.100    0.0353803403
    14.120   -0.0150240474
    14.140   -0.0272547462
    14.160   -0.0222691208
    14.180   -0.0205954233
    14.200   -0.0338419255
    14.220   -0.0551242724
    14.240   -0.0791167499
    14.260   -0.1143089898
    14.280   -0.1445648066
    14.300   -0.1579113800
    14.320   -0.1536824833
    14.340   -0.1219655427
    14.360   -0.1044120732
    14.380   -0.0964750364
    14.400   -0.0683675088
    14.420   -0.0231793698
    14.440    0.0181457650
    14.460    0.0602605017
    14.480    0.0922351595
    14.500    0.0995059697
    14.520    0.0878509954
    14.540    0.0565903284
    14.560    0.0416275252
    14.580    0.0320562361
    14.600    0.0044954492
    14.620   -0.0256932289
    14.640   -0.0393592206
    14.660   -0.0544892659
    14.680   -0.0725117497
    14.700   -0.0976817893
    14.720   -0.1271165421
    14.740   -0.1396639312
    14.760   -0.1333389983
    14.780   -0.1084543211
    14.800   -0.0924156396
    14.820   -0.0890339065
    14.840   -0.0955413757
    14.860   -0.1091237464
    14.880   -0.1208034092
    14.900   -0.1187006802
    14.920   -0.0932978133
    14.940   -0.0534038455
    14.960   -0.0044020388
    14.980    0.0446353962
    15.000    0.0847308905
    15.020    0.1014549635
    15.040    0.0984156976
    15.060    0.0843192632
    15.080    0.0568352378
    15.100    0.0290208408
    15.120    0.0215304683
    15.140    0.0302296634
    15.160    0.0406533845
    15.180    0.0600355098
    15.200    0.0848804192
    15.220    0.0923294382
    15.240    0.0671113924
    15.260    0.0256585548
    15.280   -0.0050798543
    15.300   -0.0187856098
    15.320   -0.0224129645
    15.340   -0.0281404411
    15.360   -0.0308932155
    15.380   -0.0123390702
    15.400    0.0065838288
    15.420    0.0157299207
    15.440    0.0230034457
    15.460    0.0210731867
    15.480    0.0109672525
    15.500    0.0017098607
    15.520    0.0166518622
    15.540    0.0460918161
    15.560    0.0778251798
    15.580    0.0993211487
    15.600    0.1012634899
    15.620    0.0755821013
    15.640    0.0294697764
    15.660   -0.0156349970
    15.680   -0.0520459242
    15.700   -0.0628852642
    15.720   -0.0656051385
    15.740   -0.0561094739
    15.760   -0.0286462664
    15.780   -0.0152492140
    15.800   -0.0168216846
    15.820   -0.0213154216
    15.840   -0.0174141549
    15.860   -0.0034248997
    15.880    0.0080570966
    15.900    0.0112400490
    15.920    0.0032849507
    15.940   -0.0105551494
    15.960   -0.0043440201
    15.980    0.0192479446
    16.000    0.0481190148
    16.020    0.0776535430
    16.040    0.0971892020
    16.060    0.0891271906
    16.080    0.0533537024
    16.100    0.0169030209
    16.120   -0.0154790173
    16.140   -0.0347297976
    16.160   -0.0514555103
    16.180   -0.0678467387
    16.200   -0.0785339158
    16.220   -0.0785559567
    16.240   -0.0629422749
    16.260   -0.0481784983
    16.280   -0.0414437121
    16.300   -0.0424774439
    16.320   -0.0486408600
    16.340   -0.0509193250
    16.360   -0.0498008566
    16.380   -0.0412209109
    16.400   -0.0265846221
    16.420   -0.0216634529
    16.440   -0.0313992693
    16.460   -0.0381315826
    16.480   -0.0349952292
    16.500   -0.0414012834
    16.520   -0.0537677220
    16.540   -0.0579982718
    16.560   -0.0485478447
    16.580   -0.0291876528
    16.600   -0.0065977589
    16.620    0.0074271393
    16.640    0.0115779051
    16.660   -0.0066845101
    16.680   -0.0262478398
    16.700   -0.0220559691
    16.720    0.0092030999
    16.740    0.0484075221
    16.760    0.0853075827
    16.780    0.1187805515
    16.800    0.1270849323
    16.820    0.1156273719
    16.840    0.0905231055
    16.860    0.0630678543
    16.880    0.0445628091
    16.900    0.0392972910
    16.920    0.0408448581
    16.940    0.0514179870
    16.960    0.0634538120
    16.980    0.0686902737
    17.000    0.0522401127
    17.020    0.0194920610
    17.040   -0.0045909132
    17.060   -0.0186969489
    17.080   -0.0219007151
    17.100   -0.0051834883
    17.120    0.0244771892
    17.140    0.0359317660
    17.160    0.0418413220
    17.180    0.0276242539
    17.200   -0.0033787092
    17.220   -0.0246322819
    17.240   -0.0419680034
    17.260   -0.0533076853
    17.280   -0.0519589030
    17.300   -0.0290646807
    17.320   -0.0152645889
    17.340   -0.0126258492
    17.360   -0.0046312494
    17.380    0.0107686115
    17.400    0.0182258380
    17.420    0.0140131494
    17.440    0.0098319753
    17.460    0.0102047246
    17.480    0.0133712403
    17.500    0.0137248033
    17.520    0.0148240934
    17.540    0.0196424633
    17.560    0.0258673251
    17.580    0.0192529172
    17.600   -0.0001363054
    17.620   -0.0143259421
    17.640   -0.0342936700
    17.660   -0.0511029768
    17.680   -0.0625728881
    17.700   -0.0718343682
    17.720   -0.0715232958
    17.740   -0.0548691086
    17.760   -0.0413198799
    17.780   -0.0442741404
    17.800   -0.0557330717
    17.820   -0.0660350168
    17.840   -0.0679200247
    17.860   -0.0537594029
    17.880   -0.0142999634
    17.900    0.0229592564
    17.920    0.0471009669
    17.940    0.0530283437
    17.960    0.0486580089
    17.980    0.0389441662
    18.000    0.0298019355
    18.020    0.0301075380
    18.040    0.0359787239
    18.060    0.0438636824
    18.080    0.0522818829
    18.100    0.0616528283
    18.120    0.0702286750
    18.140    0.0689468352
    18.160    0.0617347693
    18.180    0.0538454968
    18.200    0.0457040037
    18.220    0.0324451774
    18.240    0.0093711578
    18.260   -0.0046498578
    18.280   -0.0152410293
    18.300   -0.0211192845
    18.320   -0.0213332291
    18.340   -0.0208919137
    18.360   -0.0214636467
    18.380   -0.0201710418
    18.400   -0.0141819505
    18.420   -0.0027095111
    18.440    0.0136787459
    18.460    0.0270210051
    18.480    0.0370239062
    18.500    0.0405071216
    18.520    0.0420245437
    18.540    0.0381395119
    18.560    0.0319034818
    18.580    0.0243514485
    18.600    0.0121934215
    18.620   -0.0005321409
    18.640   -0.0107463300
    18.660   -0.0175046435
    18.680   -0.0207042569
    18.700   -0.0213362933
    18.720   -0.0191183602
    18.740   -0.0170512326
    18.760   -0.0166235987
    18.780   -0.0164728873
    18.800   -0.0191666755
    18.820   -0.0159096347
    18.840   -0.0033405166
    18.860    0.0007444988
    18.880   -0.0057231853
    18.900   -0.0129338642
    18.920   -0.0176907413
    18.940   -0.0217937361
    18.960   -0.0312361263
    18.980   -0.0358531714
    19.000   -0.0330622286
    19.020   -0.0293254085
    19.040   -0.0306839614
    19.060   -0.0327498929
    19.080   -0.0348336318
    19.100   -0.0436975423
    19.120   -0.0517814200
    19.140   -0.0516649660
    19.160   -0.0376167125
    19.180   -0.0184593372
    19.200   -0.0063836947
    19.220   -0.0034981481
    19.240   -0.0057189680
    19.260   -0.0037436555
    19.280    0.0097220113
    19.300    0.0275880611
    19.320    0.0386300968
    19.340    0.0464054152
    19.360    0.0454745633
    19.380    0.0367148498
    19.400    0.0236424975
    19.420    0.0131637669
    19.440    0.0052471287
    19.460   -0.0121173145
    19.480   -0.0284371735
    19.500   -0.0374806502
    19.520   -0.0442402996
    19.540   -0.0546024943
    19.560   -0.0625342090
    19.580   -0.0636884938
    19.600   -0.0585040433
    19.620   -0.0477210958
    19.640   -0.0402857315
    19.660   -0.0267912556
    19.680   -0.0140822826
    19.700   -0.0077147906
    19.720   -0.0011197396
    19.740    0.0062333838
    19.760    0.0119744048
    19.780    0.0135782313
    19.800    0.0130888104
    19.820    0.0108255187
    19.840    0.0104347899
    19.860    0.0109255091
    19.880    0.0124196821
    19.900    0.0090021500
    19.920    0.0012760784
    19.940   -0.0128819592
    19.960   -0.0266753527
    19.980   -0.0318365931
    20.000   -0.0315679360
    20.020   -0.0108655915
    20.040    0.0063589377
    20.060    0.0102849830
    20.080    0.0085152033
    20.100   -0.0010258490
    20.120   -0.0143421905
    20.140   -0.0275611954
    20.160   -0.0319163570
    20.180   -0.0290335143
    20.200   -0.0109508400
    20.220    0.0125973681
    20.240    0.0278067768
    20.260    0.0324429195
    20.280    0.0251898092
    20.300    0.0112511191
    20.320   -0.0019294943
    20.340   -0.0121847449
    20.360   -0.0169593731
    20.380   -0.0133650675
    20.400   -0.0014717061
    20.420    0.0091947593
    20.440    0.0150578210
    20.460    0.0180955816
    20.480    0.0172086234
    20.500    0.0126176860
    20.520    0.0088574690
    20.540    0.0081418815
    20.560    0.0114880857
    20.580    0.0167753853
    20.600    0.0178569754
    20.620    0.0194361793
    20.640    0.0190016106
    20.660    0.0147479044
    20.680    0.0090890826
    20.700   -0.0036240594
    20.720   -0.0167525649
    20.740   -0.0184469190
    20.760   -0.0133035425
    20.780   -0.0039105683
    20.800    0.0062007230
    20.820    0.0102364675
    20.840    0.0051945342
    20.860   -0.0085138298
    20.880   -0.0207170111
    20.900   -0.0264443667
    20.920   -0.0272065385
    20.940   -0.0182138499
    20.960    0.0060129587
    20.980    0.0294405587
    21.000    0.0395025133
    21.020    0.0401701242
    21.040    0.0336559218
    21.060    0.0275611820
    21.080    0.0240107419
    21.100    0.0241327463
    21.120    0.0275900233
    21.140    0.0287689563
    21.160    0.0244069674
    21.180    0.0183917496
    21.200    0.0148714679
    21.220    0.0140654293
    21.240    0.0144136487
    21.260    0.0132841008
    21.280    0.0105136614
    21.300    0.0101942793
    21.320    0.0125055341
    21.340    0.0140998481
    21.360    0.0130141629
    21.380    0.0105014462
    21.400    0.0047933105
    21.420   -0.0052548954
    21.440   -0.0144367245
    21.460   -0.0177883933
    21.480   -0.0188315731
    21.500   -0.0167972112
    21.520   -0.0059716898
    21.540    0.0107758554
    21.560    0.0316660717
    21.580    0.0427547965
    21.600    0.0439981856
    21.620    0.0431770814
    21.640    0.0381118936
    21.660    0.0321432976
    21.680    0.0292015224
    21.700    0.0313990140
    21.720    0.0316718642
    21.740    0.0290892348
    21.760    0.0293524758
    21.780    0.0286204893
    21.800    0.0278679537
    21.820    0.0287645212
    21.840    0.0292553345
    21.860    0.0259269834
    21.880    0.0139705997
    21.900   -0.0059914822
    21.920   -0.0306294773
    21.940   -0.0506765525
    21.960   -0.0619310678
    21.980   -0.0640420891
    22.000   -0.0574647610
    22.020   -0.0369528915
    22.040   -0.0160256451
    22.060   -0.0041226166
    22.080    0.0070127435
    22.100    0.0116544529
    22.120    0.0086290741
    22.140    0.0046770098
    22.160    0.0086182244
    22.180    0.0122222118
    22.200    0.0178920527
    22.220    0.0246763772
    22.240    0.0277539727
    22.260    0.0296855487
    22.280    0.0302517581
    22.300    0.0284601417
    22.320    0.0209014155
    22.340    0.0137895821
    22.360    0.0102323281
    22.380    0.0094414225
    22.400    0.0057566821
    22.420   -0.0029850748
    22.440   -0.0107782114
    22.460   -0.0202053799
    22.480   -0.0266427617
    22.500   -0.0324344795
    22.520   -0.0320245187
    22.540   -0.0253909728
    22.560   -0.0191220561
    22.580   -0.0117564821
    22.600   -0.0079468504
    22.620   -0.0059330161
    22.640   -0.0082606188
    22.660   -0.0117548035
    22.680   -0.0132119263
    22.700   -0.0117861755
    22.720   -0.0121205804
    22.740   -0.0156366904
    22.760   -0.0212186701
    22.780   -0.0273421035
    22.800   -0.0297560662
    22.820   -0.0312748726
    22.840   -0.0301630300
    22.860   -0.0299737873
    22.880   -0.0338188901
    22.900   -0.0371088175
    22.920   -0.0394816417
    22.940   -0.0437873590
    22.960   -0.0470649354
    22.980   -0.0487893673
    23.000   -0.0478475085
    23.020   -0.0447945611
    23.040   -0.0379114961
    23.060   -0.0243606950
    23.080   -0.0071963496
    23.100    0.0031234016
    23.120    0.0035621634
    23.140   -0.0018840766
    23.160   -0.0094976080
    23.180   -0.0157923879
    23.200   -0.0182570581
    23.220   -0.0173576952
    23.240   -0.0162156942
    23.260   -0.0150051513
    23.280   -0.0154930751
    23.300   -0.0110308956
    23.320   -0.0071924521
    23.340   -0.0028426879
    23.360    0.0039663600
    23.380    0.0109193457
    23.400    0.0134979970
    23.420    0.0140217507
    23.440    0.0159794130
    23.460    0.0203483636
    23.480    0.0284980951
    23.500    0.0365477555
    23.520    0.0417858300
    23.540    0.0394719652
    23.560    0.0324999974
    23.580    0.0071067237
    23.600   -0.0162659313
    23.620   -0.0248733073
    23.640   -0.0282468288
    23.660   -0.0237174769
    23.680   -0.0171003408
    23.700   -0.0078964264
    23.720   -0.0045432497
    23.740   -0.0034300188
    23.760   -0.0011364982
    23.780    0.0018191379
    23.800    0.0077138485
    23.820    0.0110204208
    23.840    0.0106668578
    23.860    0.0079006236
    23.880    0.0069767953
    23.900    0.0074416245
    23.920    0.0094801742
    23.940    0.0129142370
    23.960    0.0148609312
    23.980    0.0153120575
    24.000    0.0152011406
    24.020    0.0152684326
    24.040    0.0152383952
    24.060    0.0155263784
    24.080    0.0153016821
    24.100    0.0133634467
    24.120    0.0117418679
    24.140    0.0075376328
    24.160    0.0014389014
    24.180   -0.0070642775
    24.200   -0.0120992397
    24.220   -0.0111422720
    24.240   -0.0066416929
    24.260    0.0013435538
    24.280    0.0069613667
    24.300    0.0071863075
    24.320    0.0012095837
    24.340   -0.0087809494
    24.360   -0.0160023947
    24.380   -0.0110864480
    24.400    0.0011141253
    24.420    0.0133270362
    24.440    0.0202759377
    24.460    0.0258210930
    24.480    0.0293045099
    24.500    0.0313704952
    24.520    0.0332925291
    24.540    0.0323413029
    24.560    0.0345772585
    24.580    0.0335355570
    24.600    0.0298303064
    24.620    0.0248035827
    24.640    0.0202868103
    24.660    0.0188077985
    24.680    0.0180663237
    24.700    0.0187203337
    24.720    0.0187848840
    24.740    0.0196596122
    24.760    0.0214103050
    24.780    0.0202836117
    24.800    0.0172432169
    24.820    0.0117504101
    24.840    0.0053624429
    24.860   -0.0009857696
    24.880   -0.0049638063
    24.900   -0.0030609520
    24.920   -0.0006495181
    24.940   -0.0012182827
    24.960   -0.0050756840
    24.980   -0.0105205143
    25.000   -0.0156856911
    25.020   -0.0187342975
    25.040   -0.0193346030
    25.060   -0.0150327831
    25.080   -0.0145898684
    25.100   -0.0179510256
    25.120   -0.0213752412
    25.140   -0.0252024828
    25.160   -0.0186579741
    25.180   -0.0096637763
    25.200   -0.0044037416
    25.220   -0.0014631639
    25.240   -0.0039757717
    25.260   -0.0052642238
    25.280   -0.0029679380
    25.300   -0.0000465506
    25.320   -0.0008798846
    25.340   -0.0049100090
    25.360   -0.0076282438
    25.380   -0.0048740985
    25.400   -0.0007874996
    25.420    0.0026027149
    25.440    0.0043849383
    25.460    0.0052925652
    25.480    0.0030225954
    25.500    0.0017848643
    25.520    0.0000865328
    25.540   -0.0040176172
    25.560   -0.0058406956
    25.580   -0.0080147055
    25.600   -0.0086204822
    25.620   -0.0113702448
    25.640   -0.0133180694
    25.660   -0.0115975349
    25.680   -0.0116398965
    25.700   -0.0139907456
    25.720   -0.0167747805
    25.740   -0.0211777735
    25.760   -0.0196752021
    25.780   -0.0116447105
    25.800   -0.0044764698
    25.820   -0.0017483718
    25.840   -0.0048874534
    25.860   -0.0117277940
    25.880   -0.0164145461
    25.900   -0.0147008793
    25.920   -0.0085635051
    25.940   -0.0027455399
    25.960    0.0023842626
    25.980    0.0088136197
    26.000    0.0124505824
    26.020    0.0164028403
    26.040    0.0189732800
    26.060    0.0236054849
    26.080    0.0273507317
    26.100    0.0244145339
    26.120    0.0181403489
    26.140    0.0070997580
    26.160    0.0004472181
    26.180   -0.0069483155
    26.200   -0.0135652218
    26.220   -0.0137364285
    26.240   -0.0118239931
    26.260   -0.0070766540
    26.280    0.0001752009
    26.300    0.0076258260
    26.320    0.0130133445
    26.340    0.0133109437
    26.360    0.0058071128
    26.380   -0.0009811437
    26.400   -0.0048714509
    26.420   -0.0052496741
    26.440   -0.0013193592
    26.460    0.0025670892
    26.480    0.0058010193
    26.500    0.0074187315
    26.520    0.0093613321
    26.540    0.0094752365
    26.560    0.0109448971
    26.580    0.0098990737
    26.600    0.0030422723
    26.620   -0.0026534304
    26.640   -0.0095294235
    26.660   -0.0137364017
    26.680   -0.0122475494
    26.700   -0.0074522404
    26.720   -0.0012038461
    26.740    0.0015036775
    26.760    0.0020548734
    26.780    0.0012037037
    26.800   -0.0006276147
    26.820   -0.0015678904
    26.840   -0.0013265044
    26.860   -0.0022654084
    26.880   -0.0012111190
    26.900    0.0007945320
    26.920    0.0053979180
    26.940    0.0126058928
    26.960    0.0217563338
    26.980    0.0295003111
    27.000    0.0336869538
    27.020    0.0334718534
    27.040    0.0240447306
    27.060    0.0169301958
    27.080    0.0118362782
    27.100    0.0101296968
    27.120    0.0101037611
    27.140    0.0101079838
    27.160    0.0107016663
    27.180    0.0054226831
    27.200   -0.0014382455
    27.220   -0.0083773133
    27.240   -0.0111572639
    27.260   -0.0095203787
    27.280   -0.0063440440
    27.300   -0.0024521338
    27.320   -0.0003615037
    27.340   -0.0020859121
    27.360   -0.0076226193
    27.380   -0.0163410317
    27.400   -0.0216090629
    27.420   -0.0230483473
    27.440   -0.0279407559
    27.460   -0.0324575552
    27.480   -0.0357145691
    27.500   -0.0354389368
    27.520   -0.0319898177
    27.540   -0.0293878622
    27.560   -0.0231943280
    27.580   -0.0169870855
    27.600   -0.0122356769
    27.620   -0.0093787592
    27.640   -0.0086397855
    27.660   -0.0028191216
    27.680    0.0006354782
    27.700    0.0013004242
    27.720    0.0024629836
    27.740    0.0022396246
    27.760   -0.0014067136
    27.780   -0.0060140070
    27.800   -0.0096891354
    27.820   -0.0120098759
    27.840   -0.0122853307
    27.860   -0.0126869012
    27.880   -0.0133736084
    27.900   -0.0100944851
    27.920   -0.0047042747
    27.940    0.0010930730
    27.960    0.0070137958
    27.980    0.0110304265
    28.000    0.0130360358
    28.020    0.0071936065
    28.040   -0.0022061452
    28.060   -0.0087339942
    28.080   -0.0104282758
    28.100   -0.0090820416
    28.120   -0.0035862861
    28.140    0.0016092561
    28.160    0.0036546129
    28.180    0.0030665925
    28.200   -0.0010252875
    28.220   -0.0074475903
    28.240   -0.0167088997
    28.260   -0.0203662248
    28.280   -0.0177547137
    28.300   -0.0102356154
    28.320   -0.0054074682
    28.340   -0.0041503518
    28.360   -0.0028548520
    28.380   -0.0013112307
    28.400    0.0017348247
    28.420    0.0068851159
    28.440    0.0149758396
    28.460    0.0213914090
    28.480    0.0242085455
    28.500    0.0241071439
    28.520    0.0223840560
    28.540    0.0155875016
    28.560    0.0103742554
    28.580    0.0065167694
    28.600    0.0057491465
    28.620    0.0057245172
    28.640    0.0044332334
    28.660    0.0093559495
    28.680    0.0144979955
    28.700    0.0137358506
    28.720    0.0053943525
    28.740   -0.0003699773
    28.760   -0.0054255861
    28.780   -0.0097902938
    28.800   -0.0084249068
    28.820   -0.0048168311
    28.840   -0.0019544919
    28.860   -0.0007673171
    28.880   -0.0012032135
    28.900   -0.0002956912
    28.920    0.0014261069
    28.940    0.0040156416
    28.960    0.0077320053
    28.980    0.0117609172
    29.000    0.0136636667
    29.020    0.0149742000
    29.040    0.0151798524
    29.060    0.0134704325
    29.080    0.0136047879
    29.100    0.0134704594
    29.120    0.0133553279
    29.140    0.0125794478
    29.160    0.0107439096
    29.180    0.0093648586
    29.200    0.0082709404
    29.220    0.0035717203
    29.240   -0.0063640971
    29.260   -0.0089865037
    29.280   -0.0040802752
    29.300   -0.0003022476
    29.320    0.0036868881
    29.340    0.0057280639
    29.360    0.0076883576
    29.380    0.0070125325
    29.400    0.0058582826
    29.420    0.0037444484
    29.440    0.0018403482
    29.460    0.0021885327
    29.480    0.0003488587
    29.500   -0.0008287014
    29.520    0.0029054440
    29.540    0.0039212205
    29.560    0.0025531094
    29.580    0.0017100287
    29.600   -0.0007287096
    29.620   -0.0039666463
    29.640   -0.0061517814
    29.660   -0.0084013473
    29.680   -0.0126879777
    29.700   -0.0135804220
    29.720   -0.0085796340
    29.740   -0.0058407305
    29.760   -0.0025123713
    29.780   -0.0010195614
    29.800   -0.0072651266
    29.820   -0.0161577696
    29.840   -0.0210119426
    29.860   -0.0219235893
    29.880   -0.0201730712
    29.900   -0.0181799150
    29.920   -0.0159030090
    29.940   -0.0134451392
    29.960   -0.0096328841
    29.980   -0.0061811644
    30.000   -0.0054354776
    30.020   -0.0028898836
    30.040   -0.0030791115
    30.060   -0.0057564079
    30.080   -0.0038797890
    30.100   -0.0007077290
    30.120    0.0022559617
    30.140    0.0089921926
    30.160    0.0161437790
    30.180    0.0206208778
    30.200    0.0194679370
    30.220    0.0147453375
    30.240    0.0127986862
    30.260    0.0134785500
    30.280    0.0152331537
    30.300    0.0181077176
    30.320    0.0207314318
    30.340    0.0207450595
    30.360    0.0176660797
    30.380    0.0132409490
    30.400    0.0064607089
    30.420    0.0019272700
    30.440   -0.0022538665
    30.460   -0.0034109387
    30.480   -0.0029750999
    30.500   -0.0027078742
    30.520    0.0015580795
    30.540    0.0026409464
    30.560    0.0020870357
    30.580   -0.0013483765
    30.600   -0.0074788548
    30.620   -0.0115640475
    30.640   -0.0131008536
    30.660   -0.0092009267
    30.680   -0.0029925109
    30.700    0.0003069872
    30.720    0.0001670547
    30.740   -0.0021429134
    30.760   -0.0035124908
    30.780   -0.0024323830
    30.800    0.0023311615
    30.820    0.0072893608
    30.840    0.0096128107
    30.860    0.0091411260
    30.880    0.0113631326
    30.900    0.0133945876
    30.920    0.0162046737
    30.940    0.0204089088
    30.960    0.0214300612
    30.980    0.0176642385
    31.000    0.0111032838
    31.020    0.0067699347
    31.040    0.0041377939
    31.060    0.0036222236
    31.080    0.0063144084
    31.100    0.0090463461
    31.120    0.0091517594
    31.140    0.0047101074
    31.160    0.0001395920
    31.180   -0.0048065337
    31.200   -0.0087656565
    31.220   -0.0072496617
    31.240   -0.0046068404
    31.260   -0.0000859752
    31.280   -0.0002602266
    31.300   -0.0018464417
    31.320   -0.0069104710
    31.340   -0.0133796092
    31.360   -0.0156704372
    31.380   -0.0172689940
    31.400   -0.0141135027
    31.420   -0.0127346036
    31.440   -0.0138177245
    31.460   -0.0164965275
    31.480   -0.0162211641
    31.500   -0.0134536061
    31.520   -0.0106188973
    31.540   -0.0076224258
    31.560   -0.0053854004
    31.580   -0.0027480921
    31.600   -0.0043740872
    31.620   -0.0073668091
    31.640   -0.0105747537
    31.660   -0.0099772571
    31.680   -0.0113441721
    31.700   -0.0118995518
    31.720   -0.0107016354
    31.740   -0.0092117294
    31.760   -0.0059274037
    31.780   -0.0065156929
    31.800   -0.0065433099
    31.820   -0.0063639332
    31.840   -0.0079145524
    31.860   -0.0123124034
    31.880   -0.0141618717
    31.900   -0.0155945977
    31.920   -0.0162733768
    31.940   -0.0136539230
    31.960   -0.0097911203
    31.980   -0.0054457844
    32.000   -0.0013924394
    32.020   -0.0000711727
    32.040   -0.0032311736
    32.060   -0.0063884335
    32.080   -0.0082571097
    32.100   -0.0078515692
    32.120   -0.0065714362
    32.140   -0.0093051143
    32.160   -0.0105761124
    32.180   -0.0100910688
    32.200   -0.0081063338
    32.220   -0.0044971587
    32.240   -0.0012800441
    32.260    0.0001399018
    32.280   -0.0021797956
    32.300   -0.0052753894
    32.320   -0.0075512242
    32.340   -0.0056981017
    32.360   -0.0025892928
    32.380    0.0021096840
    32.400    0.0069676765
    32.420    0.0097707835
    32.440    0.0090001166
    32.460    0.0059415220
    32.480    0.0024401457
    32.500    0.0013528115
    32.520    0.0009741970
    32.540    0.0018485262
    32.560    0.0046735545
    32.580    0.0060592016
    32.600    0.0065236464
    32.620    0.0049428002
    32.640    0.0057417252
    32.660    0.0113851843
    32.680    0.0169011528
    32.700    0.0201826670
    32.720    0.0236985674
    32.740    0.0252075764
    32.760    0.0251209449
    32.780    0.0246545782
    32.800    0.0217316722
    32.820    0.0147154210
    32.840    0.0099076199
    32.860    0.0046967781
    32.880    0.0003029549
    32.900   -0.0037783188
    32.920   -0.0072331229
    32.940   -0.0098503485
    32.960   -0.0108595826
    32.980   -0.0075781007
    33.000   -0.0025460603
    33.020    0.0032605001
    33.040    0.0063404650
    33.060    0.0090023234
    33.080    0.0092953720
    33.100    0.0105411548
    33.120    0.0121913317
    33.140    0.0126721822
    33.160    0.0172340108
    33.180    0.0202042913
    33.200    0.0206659542
    33.220    0.0184846305
    33.240    0.0133272271
    33.260    0.0070512142
    33.280    0.0032317394
    33.300    0.0002923415
    33.320   -0.0024894125
    33.340   -0.0030682322
    33.360   -0.0019033516
    33.380    0.0011861848
    33.400    0.0051557960
    33.420    0.0117012078
    33.440    0.0162355982
    33.460    0.0162270372
    33.480    0.0160841342
    33.500    0.0146622406
    33.520    0.0137201263
    33.540    0.0099760367
    33.560    0.0078152541
    33.580    0.0079958605
    33.600    0.0052881127
    33.620    0.0051972907
    33.640    0.0048775377
    33.660    0.0058326601
    33.680    0.0082161956
    33.700    0.0092535668
    33.720    0.0116124220
    33.740    0.0126264863
    33.760    0.0126384677
    33.780    0.0092439186
    33.800    0.0026210491
    33.820   -0.0022073978
    33.840   -0.0078802815
    33.860   -0.0112912846
    33.880   -0.0140813015
    33.900   -0.0146601574
    33.920   -0.0176503151
    33.940   -0.0179289712
    33.960   -0.0156633411
    33.980   -0.0132880494
    34.000   -0.0122506969
    34.020   -0.0154492218
    34.040   -0.0179239583
    34.060   -0.0190662550
    34.080   -0.0190446844
    34.100   -0.0177701826
    34.120   -0.0150096939
    34.140   -0.0113622779
    34.160   -0.0070171033
    34.180   -0.0066391327
    34.200   -0.0047011500
    34.220   -0.0022079811
    34.240   -0.0031103746
    34.260   -0.0062239291
    34.280   -0.0096692260
    34.300   -0.0133599054
    34.320   -0.0140361176
    34.340   -0.0148178708
    34.360   -0.0135996002
    34.380   -0.0109611227
    34.400   -0.0105009113
    34.420   -0.0102312476
    34.440   -0.0104084766
    34.460   -0.0098084439
    34.480   -0.0099239880
    34.500   -0.0102383033
    34.520   -0.0129008660
    34.540   -0.0141089601
    34.560   -0.0156337337
    34.580   -0.0173915361
    34.600   -0.0159594149
    34.620   -0.0145519688
    34.640   -0.0148320227
    34.660   -0.0147707383
    34.680   -0.0123954734
    34.700   -0.0097241133
    34.720   -0.0070239669
    34.740   -0.0070504159
    34.760   -0.0089110458
    34.780   -0.0131062092
    34.800   -0.0142704501
    34.820   -0.0121721090
    34.840   -0.0082313595
    34.860   -0.0031624113
    34.880    0.0013636855
    34.900    0.0049466440
    34.920    0.0065501157
    34.940    0.0081179442
    34.960    0.0091484049
    34.980    0.0080705187
    35.000    0.0079755210
    35.020    0.0073787972
    35.040    0.0057128207
    35.060    0.0090435439
    35.080    0.0133009514
    35.100    0.0181779797
    35.120    0.0199843258
    35.140    0.0199373141
    35.160    0.0206867452
    35.180    0.0196869886
    35.200    0.0157701051
    35.220    0.0116599214
    35.240    0.0072796870
    35.260    0.0058248154
    35.280    0.0068059218
    35.300    0.0058363277
    35.320    0.0043540407
    35.340    0.0020931184
    35.360   -0.0008422555
    35.380   -0.0027919978
    35.400   -0.0032941366
    35.420   -0.0035426707
    35.440   -0.0019762183
    35.460   -0.0015544119
    35.480   -0.0004951678
    35.500    0.0011768407
    35.520    0.0024005863
    35.540    0.0065140546
    35.560    0.0096158467
    35.580    0.0112535853
    35.600    0.0112257573
    35.620    0.0092527107
    35.640    0.0088616124
    35.660    0.0100291540
    35.680    0.0110555007
    35.700    0.0075347836
    35.720    0.0026363743
    35.740   -0.0031201761
    35.760   -0.0068451493
    35.780   -0.0058983097
    35.800   -0.0029884293
    35.820    0.0025219255
    35.840    0.0050712759
    35.860    0.0047309025
    35.880    0.0051952116
    35.900    0.0040433043
    35.920    0.0010462510
    35.940    0.0011966400
    35.960    0.0029111544
    35.980    0.0058635348
    36.000    0.0093124268
    36.020    0.0078249239
    36.040    0.0056482436
    36.060    0.0031820412
    36.080   -0.0008329951
    36.100   -0.0013488522
    36.120    0.0011509500
    36.140    0.0022764544
    36.160    0.0060861923
    36.180    0.0059326801
    36.200    0.0052925598
    36.220    0.0054933041
    36.240    0.0058385506
    36.260    0.0067942899
    36.280    0.0069318117
    36.300    0.0080864674
    36.320    0.0082309899
    36.340    0.0071071350
    36.360    0.0063311930
    36.380    0.0052271749
    36.400    0.0032529726
    36.420    0.0062950728
    36.440    0.0080651818
    36.460    0.0112492873
    36.480    0.0125320585
    36.500    0.0106777492
    36.520    0.0075327784
    36.540    0.0065777205
    36.560    0.0083679862
    36.580    0.0097457483
    36.600    0.0093138837
    36.620    0.0074555412
    36.640    0.0072155211
    36.660    0.0073345944
    36.680    0.0088992741
    36.700    0.0090010896
    36.720    0.0080699488
    36.740    0.0048413570
    36.760   -0.0004229713
    36.780   -0.0058605028
    36.800   -0.0094157852
    36.820   -0.0110856820
    36.840   -0.0134577724
    36.860   -0.0164032300
    36.880   -0.0174964588
    36.900   -0.0164748629
    36.920   -0.0138632175
    36.940   -0.0106823644
    36.960   -0.0081502234
    36.980   -0.0078146184
    37.000   -0.0093567613
    37.020   -0.0118581068
    37.040   -0.0130038978
    37.060   -0.0118219046
    37.080   -0.0095758546
    37.100   -0.0093337151
    37.120   -0.0088116857
    37.140   -0.0100566124
    37.160   -0.0110683167
    37.180   -0.0103712355
    37.200   -0.0102820559
    37.220   -0.0095204755
    37.240   -0.0103831484
    37.260   -0.0126720774
    37.280   -0.0142277122
    37.300   -0.0153818626
    37.320   -0.0155817225
    37.340   -0.0135835399
    37.360   -0.0106344953
    37.380   -0.0083065808
    37.400   -0.0064794168
    37.420   -0.0047043634
    37.440   -0.0027896311
    37.460   -0.0021170946
    37.480   -0.0018326205
    37.500   -0.0022040245
    37.520   -0.0030324291
    37.540   -0.0029981717
    37.560   -0.0035388485
    37.580   -0.0043138228
    37.600   -0.0048811301
    37.620   -0.0043322659
    37.640   -0.0043437554
    37.660   -0.0035822301
    37.680   -0.0025380060
    37.700   -0.0014333979
    37.720   -0.0004829075
    37.740   -0.0000116863
    37.760    0.0007932473
    37.780    0.0007817271
    37.800    0.0017582620
    37.820    0.0019537446
    37.840    0.0023434251
    37.860    0.0032470323
    37.880    0.0037606888
    37.900    0.0046158329
    37.920    0.0045663228
    37.940    0.0045330357
    37.960    0.0044716302
    37.980    0.0042762632
    38.000    0.0040610768
    38.020    0.0039681864
    38.040    0.0034818808
    38.060    0.0037769158
    38.080    0.0042903949
    38.100    0.0042228207
    38.120    0.0041827049
    38.140    0.0036046338
    38.160    0.0033366931
    38.180    0.0032929607
    38.200    0.0035022041
    38.220    0.0040173578
    38.240    0.0042140971
    38.260    0.0041444572
    38.280    0.0042513475
    38.300    0.0043247343
    38.320    0.0045159889
    38.340    0.0048288461
    38.360    0.0048449978
    38.380    0.0047316350
    38.400    0.0044085892
    38.420    0.0039341225
    38.440    0.0035697165
    38.460    0.0032781718
    38.480    0.0030095093
    38.500    0.0027523739
    38.520    0.0024136550
    38.540    0.0020224209
    38.560    0.0014192541
    38.580    0.0009550438
    38.600    0.0007590919
    38.620    0.0006346546
    38.640    0.0005316439
    38.660    0.0005902936
    38.680    0.0006121276
    38.700    0.0004255859
    38.720    0.0002439748
    38.740    0.0000103754
    38.760   -0.0002174753
    38.780   -0.0004460178
    38.800   -0.0006370872
    38.820   -0.0007133365
    38.840   -0.0007910174
    38.860   -0.0008781558
    38.880   -0.0008338701
    38.900   -0.0007522716
    38.920   -0.0006762532
    38.940   -0.0005825494
    38.960   -0.0005079412
    38.980   -0.0004289144
    39.000   -0.0004065852
    39.020   -0.0004166608
    39.040   -0.0004617470
    39.060   -0.0004868639
    39.080   -0.0004836512
    39.100   -0.0004648859
    39.120   -0.0004426594
    39.140   -0.0004364549
    39.160   -0.0004095133
    39.180   -0.0004013958
    39.200   -0.0003893187
    39.220   -0.0003696570
    39.240   -0.0003521966
    39.260   -0.0003306501
    39.280   -0.0002993157
    39.300   -0.0002579842
    39.320   -0.0002260551
    39.340   -0.0002030741
    39.360   -0.0001842876
    39.380   -0.0001704623
    39.400   -0.0001615468
    39.420   -0.0001505263
    39.440   -0.0001355776
    39.460   -0.0001179195
    39.480   -0.0001031334
    39.500   -0.0000881272
    39.520   -0.0000735017
    39.540   -0.0000612379
    39.560   -0.0000504311
    39.580   -0.0000405417
    39.600   -0.0000318254
    39.620   -0.0000258729
    39.640   -0.0000205430
    39.660   -0.0000164452
    39.680   -0.0000136272
    39.700   -0.0000114607
    39.720   -0.0000097429
    39.740   -0.0000087215
    39.760   -0.0000083928
    39.780   -0.0000087152
    39.800   -0.0000095749
    39.820   -0.0000109210
    39.840   -0.0000126225
    39.860   -0.0000146517
    39.880   -0.0000169269
    39.900   -0.0000193621
    39.920   -0.0000218891
    39.940   -0.0000244561
    39.960   -0.0000270133
    39.980   -0.0000295043
