   0.0000138179
   0.0000127831
   0.0000117429
   0.0000106988
   0.0000096479
   0.0000085861
   0.0000075185
   0.0000064384
   0.0000053359
   0.0000042169
   0.0000030304
   0.0000017721
   0.0000005512
  -0.0000005859
  -0.0000017479
  -0.0000029733
  -0.0000042857
  -0.0000055509
  -0.0000069098
  -0.0000086741
  -0.0000096680
  -0.0000094394
  -0.0000098501
  -0.0000118094
  -0.0000133719
  -0.0000156066
  -0.0000186330
  -0.0000219067
  -0.0000262554
  -0.0000325231
  -0.0000393362
  -0.0000429430
  -0.0000427315
  -0.0000395962
  -0.0000413269
  -0.0000467406
  -0.0000466866
  -0.0000381620
  -0.0000225421
  -0.0000021198
   0.0000126936
   0.0000087621
  -0.0000038317
  -0.0000101514
  -0.0000131402
  -0.0000106201
  -0.0000100136
  -0.0000167255
  -0.0000160877
   0.0000031588
   0.0000284190
   0.0000488193
   0.0000792190
   0.0000911559
   0.0000947507
   0.0001056130
   0.0001096369
   0.0000774260
   0.0000327379
  -0.0000191050
  -0.0000909784
  -0.0001431310
  -0.0001203059
  -0.0000973691
  -0.0001384017
  -0.0001495632
  -0.0001032511
  -0.0000523494
  -0.0000648457
  -0.0000897245
  -0.0000998041
  -0.0000213136
   0.0000852440
   0.0001374406
   0.0001968886
   0.0002129363
   0.0001321462
   0.0001462768
   0.0003504129
   0.0003793923
   0.0001193830
  -0.0001370217
  -0.0003608775
  -0.0006880649
  -0.0008219891
  -0.0007515979
  -0.0005261293
  -0.0002961162
   0.0000992171
   0.0004265689
   0.0006113718
   0.0003833602
  -0.0000634087
  -0.0003662350
  -0.0006055361
  -0.0004719638
  -0.0000698486
   0.0000542350
   0.0000905719
   0.0000377379
  -0.0001011058
  -0.0000976348
  -0.0001547540
  -0.0007948977
  -0.0014561017
  -0.0016372208
  -0.0016407695
  -0.0016605105
  -0.0014018209
  -0.0016326836
  -0.0026000016
  -0.0034852095
  -0.0034378474
  -0.0026367534
  -0.0018798083
  -0.0015727549
  -0.0013162070
  -0.0004468305
   0.0003540876
   0.0007739459
   0.0007919828
   0.0004169104
   0.0002131049
   0.0000483377
   0.0008658886
   0.0023585215
   0.0027243382
   0.0022149776
   0.0022110732
   0.0021150184
   0.0024526422
   0.0026012513
   0.0020013839
   0.0014653296
   0.0012843125
   0.0012170730
   0.0018380970
   0.0030144257
   0.0035752826
   0.0033745908
   0.0040827447
   0.0051418480
   0.0065120166
   0.0072911213
   0.0063144012
   0.0048649348
   0.0025157182
  -0.0001461835
  -0.0012929164
  -0.0005754277
  -0.0005120970
  -0.0008919667
  -0.0003100805
   0.0008227138
   0.0004536650
  -0.0017008093
  -0.0028936355
  -0.0026545791
  -0.0033312362
  -0.0047911303
  -0.0046681192
  -0.0039635139
  -0.0031579380
  -0.0029021875
  -0.0016515398
   0.0001692954
   0.0010915348
   0.0022653832
   0.0046208305
   0.0058991551
   0.0048377462
   0.0047930127
   0.0035816225
   0.0002838258
  -0.0044323775
  -0.0065009741
  -0.0059405650
  -0.0061135202
  -0.0059867821
  -0.0032177527
  -0.0005730134
   0.0012564091
   0.0028585745
   0.0021838105
  -0.0020565186
  -0.0054243771
  -0.0053204436
  -0.0063741069
  -0.0112799258
  -0.0143517404
  -0.0122669510
  -0.0089877372
  -0.0074787835
  -0.0055724137
  -0.0030666241
  -0.0013897922
  -0.0043209814
  -0.0101625115
  -0.0123054983
  -0.0115740833
  -0.0103944060
  -0.0080871206
  -0.0048931926
  -0.0023935781
  -0.0020541473
   0.0009077282
   0.0057157923
   0.0058013521
   0.0002869842
  -0.0028434398
   0.0009924373
   0.0045962260
   0.0038635679
   0.0010428614
  -0.0019402493
  -0.0048180850
  -0.0054294561
  -0.0054206613
  -0.0046811420
  -0.0079883886
  -0.0126282411
  -0.0102758100
  -0.0054503805
  -0.0053527869
  -0.0089860063
  -0.0163111038
  -0.0233667931
  -0.0281371394
  -0.0262860021
  -0.0180053495
  -0.0091414143
  -0.0039922084
   0.0014620035
   0.0063682370
   0.0063643854
   0.0076143430
   0.0134013557
   0.0179815381
   0.0171306583
   0.0160518760
   0.0148422234
   0.0081561422
   0.0025656556
   0.0026953853
   0.0110110478
   0.0256029806
   0.0354805839
   0.0410023629
   0.0433333372
   0.0415775213
   0.0317930341
   0.0237532691
   0.0179708721
   0.0106211768
   0.0045355046
   0.0006257874
  -0.0023646587
  -0.0030653321
   0.0000050216
   0.0033672307
   0.0022440645
  -0.0039963139
  -0.0010120471
   0.0061057724
   0.0108330804
   0.0159985637
   0.0193390358
   0.0203462369
   0.0194612561
   0.0212051652
   0.0243142819
   0.0271019033
   0.0268425151
   0.0243398331
   0.0156898485
   0.0030077984
  -0.0091019179
  -0.0203049027
  -0.0325739611
  -0.0446486788
  -0.0525040162
  -0.0544154561
  -0.0507317825
  -0.0501615472
  -0.0501914201
  -0.0448221686
  -0.0362485459
  -0.0276834996
  -0.0223800976
  -0.0193594345
  -0.0120640272
  -0.0010823069
   0.0155582966
   0.0271306846
   0.0312954204
   0.0357741666
   0.0377342808
   0.0334544420
   0.0267321347
   0.0174306099
   0.0012357657
  -0.0139971689
  -0.0214665962
  -0.0257224721
  -0.0268111719
  -0.0248134772
  -0.0209091900
  -0.0203083422
  -0.0169783825
  -0.0112310688
  -0.0088278316
  -0.0089230973
  -0.0041472242
  -0.0022885775
   0.0017985755
   0.0130734381
   0.0248627307
   0.0308399317
   0.0306648602
   0.0263583118
   0.0244995114
   0.0213182187
   0.0181816640
   0.0149733031
   0.0188383702
   0.0208009526
   0.0142382502
   0.0055769269
  -0.0015484517
  -0.0083768339
  -0.0144794897
  -0.0188440953
  -0.0211146043
  -0.0165095256
  -0.0121030223
  -0.0090921920
  -0.0045629181
   0.0020031376
   0.0077696106
   0.0129243032
   0.0163265771
   0.0210563645
   0.0256001961
   0.0303529884
   0.0319127929
   0.0352488631
   0.0330502339
   0.0253196897
   0.0183015408
   0.0119730475
   0.0036141262
  -0.0083937819
  -0.0166010533
  -0.0191386938
  -0.0175299611
  -0.0175079942
  -0.0241404356
  -0.0301990797
  -0.0304369488
  -0.0277650095
  -0.0240022319
  -0.0273708704
  -0.0304636806
  -0.0237180053
  -0.0171277980
  -0.0136931206
  -0.0116605631
  -0.0080327969
  -0.0080576643
  -0.0127701673
  -0.0138614111
  -0.0055673681
   0.0008961950
   0.0025855953
   0.0020879088
   0.0007891884
  -0.0050054419
  -0.0100191707
  -0.0095796186
  -0.0084049959
  -0.0079714785
  -0.0061907597
  -0.0051612197
  -0.0143564006
  -0.0246438190
  -0.0314119268
  -0.0328148820
  -0.0322595943
  -0.0298640626
  -0.0211542610
  -0.0126725180
  -0.0063183286
   0.0049993315
   0.0210341904
   0.0326336177
   0.0433726553
   0.0528520651
   0.0558637887
   0.0550158538
   0.0498290251
   0.0377064128
   0.0291564255
   0.0259788975
   0.0239311919
   0.0201712545
   0.0190168789
   0.0194777029
   0.0192925959
   0.0217854873
   0.0246054142
   0.0194576228
   0.0166322605
   0.0177168748
   0.0156054427
   0.0102211567
   0.0078556471
   0.0053789351
   0.0068019615
   0.0057257343
   0.0004057508
  -0.0016438221
   0.0000201673
   0.0032449569
   0.0028220721
   0.0001917302
  -0.0037776094
  -0.0036383297
  -0.0053778436
  -0.0080173504
  -0.0095619867
  -0.0092242541
  -0.0087318910
  -0.0045497326
  -0.0024615483
   0.0014912689
   0.0090368437
   0.0142313044
   0.0124752435
   0.0087349117
   0.0073982693
   0.0092124342
   0.0126047304
   0.0081401521
   0.0018540940
  -0.0032993785
  -0.0079849759
  -0.0142750511
  -0.0185256007
  -0.0179033474
  -0.0171658709
  -0.0157774934
  -0.0101025920
  -0.0044908802
  -0.0034091641
  -0.0029399106
  -0.0013631824
  -0.0031310034
  -0.0045339965
  -0.0011444944
   0.0044374165
   0.0055015141
   0.0019218740
  -0.0004794374
   0.0005380087
  -0.0001092571
   0.0021317533
   0.0067221424
   0.0075510531
  -0.0005868650
  -0.0101783033
  -0.0175996489
  -0.0232407523
  -0.0269325792
  -0.0267614061
  -0.0264358788
  -0.0230345605
  -0.0152947382
  -0.0099549341
  -0.0074757449
  -0.0046298792
  -0.0030038310
  -0.0014808185
   0.0017343063
   0.0035460023
   0.0040611699
   0.0078776407
   0.0112757957
   0.0075342610
   0.0027414377
   0.0022944608
   0.0022856058
  -0.0024359615
  -0.0102599402
  -0.0169821450
  -0.0202432858
  -0.0217286331
  -0.0247086660
  -0.0246502123
  -0.0179350180
  -0.0139873449
  -0.0144298910
  -0.0091870968
  -0.0020412969
   0.0024198043
   0.0087572840
   0.0150246037
   0.0139577772
   0.0086634262
   0.0038881323
   0.0008491195
   0.0001400883
   0.0012213423
   0.0109069049
   0.0283635806
   0.0446321273
   0.0572029661
   0.0627702339
   0.0673385541
   0.0689466542
   0.0626205578
   0.0535354653
   0.0432955339
   0.0350128653
   0.0256574914
   0.0168975475
   0.0080727923
   0.0028217535
  -0.0001903982
  -0.0028272715
  -0.0061284945
  -0.0113340044
  -0.0149693044
  -0.0129917455
  -0.0080749642
  -0.0037283982
  -0.0034533607
  -0.0044640927
  -0.0081577818
  -0.0149521314
  -0.0222073518
  -0.0216984283
  -0.0204286958
  -0.0216428862
  -0.0153028758
  -0.0093796509
  -0.0050976736
   0.0040451531
   0.0176228989
   0.0356599992
   0.0503009316
   0.0551870046
   0.0594765783
   0.0586335666
   0.0514070963
   0.0374514799
   0.0205269889
   0.0037410090
  -0.0086950055
  -0.0160349124
  -0.0230002769
  -0.0323662545
  -0.0417157028
  -0.0419590519
  -0.0360746328
  -0.0296773628
  -0.0261203759
  -0.0244172218
  -0.0261501151
  -0.0275050644
  -0.0261735946
  -0.0237088051
  -0.0219114144
  -0.0170321046
  -0.0117976374
  -0.0063422269
   0.0016597883
   0.0088994931
   0.0134968397
   0.0143076974
   0.0082099045
  -0.0080286468
  -0.0229529392
  -0.0332036748
  -0.0445008515
  -0.0516675983
  -0.0529576783
  -0.0483241546
  -0.0421949161
  -0.0377805046
  -0.0407223689
  -0.0548185281
  -0.0703734676
  -0.0788962775
  -0.0818013186
  -0.0853126385
  -0.0772796010
  -0.0574562506
  -0.0425947580
  -0.0305813454
  -0.0168119877
  -0.0136270261
  -0.0157427932
  -0.0177517332
  -0.0215114790
  -0.0252861857
  -0.0300568439
  -0.0390935962
  -0.0516931941
  -0.0631077460
  -0.0697187596
  -0.0752933119
  -0.0794191751
  -0.0792765829
  -0.0805804965
  -0.0867382713
  -0.0905102714
  -0.0868010689
  -0.0786316097
  -0.0670492931
  -0.0585730634
  -0.0473205066
  -0.0289232568
  -0.0086771953
   0.0049057321
   0.0127571332
   0.0196275038
   0.0245533761
   0.0262064525
   0.0272422233
   0.0263422282
   0.0242170670
   0.0182671882
   0.0120984177
   0.0074524704
   0.0047962472
   0.0062602224
   0.0070990907
   0.0066339473
   0.0086119228
   0.0158009930
   0.0239874402
   0.0304358349
   0.0367162421
   0.0433244043
   0.0478557900
   0.0512179015
   0.0591930868
   0.0660498554
   0.0653730268
   0.0601966234
   0.0525814941
   0.0444674367
   0.0396107242
   0.0346940655
   0.0335207593
   0.0337238769
   0.0330563599
   0.0313735443
   0.0312785571
   0.0360328420
   0.0448757660
   0.0500363084
   0.0575686135
   0.0692213241
   0.0803003911
   0.0927901433
   0.1033283578
   0.1092303754
   0.1136182332
   0.1189136380
   0.1219352969
   0.1225934132
   0.1243200913
   0.1231104966
   0.1159667392
   0.1019735868
   0.0879068103
   0.0731548070
   0.0577079979
   0.0435710949
   0.0361784193
   0.0330106039
   0.0319993373
   0.0322721137
   0.0354166279
   0.0449823147
   0.0562474578
   0.0614248191
   0.0655686149
   0.0730600871
   0.0812034604
   0.0885646147
   0.0963551942
   0.1065460727
   0.1145557198
   0.1206126041
   0.1260904983
   0.1259968254
   0.1252597833
   0.1205111121
   0.1070822471
   0.0872089749
   0.0620020715
   0.0336789228
   0.0063245148
  -0.0231691555
  -0.0518839260
  -0.0810351833
  -0.1059449175
  -0.1253140044
  -0.1411112014
  -0.1499366606
  -0.1513980918
  -0.1503281043
  -0.1510121505
  -0.1492709703
  -0.1434300796
  -0.1371817283
  -0.1363012029
  -0.1313037026
  -0.1233168220
  -0.1161020470
  -0.1091412024
  -0.1036705702
  -0.1015229097
  -0.1000063664
  -0.0979313497
  -0.0960930660
  -0.0940498603
  -0.0898249555
  -0.0809067367
  -0.0625067691
  -0.0387215332
  -0.0159001927
   0.0044581693
   0.0222680888
   0.0390322689
   0.0546401597
   0.0662581634
   0.0704143228
   0.0660635332
   0.0563111910
   0.0444842555
   0.0339502290
   0.0185751415
  -0.0001933582
  -0.0228634543
  -0.0414737349
  -0.0526783748
  -0.0666291127
  -0.0828527053
  -0.0901464730
  -0.0862062403
  -0.0782274685
  -0.0683610035
  -0.0569844108
  -0.0439992726
  -0.0270074730
  -0.0148304569
  -0.0099116396
  -0.0083572929
  -0.0127906550
  -0.0186112184
  -0.0283206982
  -0.0391942863
  -0.0519855962
  -0.0641170077
  -0.0720797181
  -0.0798309795
  -0.0883747962
  -0.0953474474
  -0.1014893613
  -0.1167770043
  -0.1376169677
  -0.1558502843
  -0.1722191424
  -0.1834393091
  -0.1872283062
  -0.1878526958
  -0.1845057101
  -0.1737544426
  -0.1588395754
  -0.1429457427
  -0.1227701108
  -0.1023877748
  -0.0818354686
  -0.0598020610
  -0.0361622242
  -0.0088338441
   0.0245864568
   0.0553895654
   0.0831678963
   0.1109099386
   0.1353417293
   0.1554284778
   0.1779519695
   0.1992642404
   0.2126249391
   0.2252999654
   0.2395070619
   0.2513045033
   0.2610836887
   0.2655191738
   0.2605768970
   0.2514934085
   0.2401018459
   0.2258118807
   0.2048531388
   0.1842874667
   0.1689820914
   0.1576753135
   0.1480935652
   0.1473338010
   0.1502074545
   0.1494519005
   0.1488778336
   0.1500259451
   0.1542995910
   0.1506771779
   0.1424513813
   0.1327383573
   0.1232274485
   0.1157392287
   0.1079692996
   0.0969805863
   0.0804430502
   0.0624494293
   0.0474502230
   0.0329349972
   0.0196719768
   0.0062109912
  -0.0104908879
  -0.0263476859
  -0.0416626623
  -0.0537277788
  -0.0654264682
  -0.0768019693
  -0.0875801692
  -0.0995270640
  -0.1074916902
  -0.1108153747
  -0.1061965535
  -0.1001348798
  -0.0939495267
  -0.0866248613
  -0.0821430410
  -0.0858244424
  -0.0913363530
  -0.0915418765
  -0.0978048189
  -0.1064035473
  -0.1057309067
  -0.0990132998
  -0.0890375683
  -0.0808265634
  -0.0721419143
  -0.0597568619
  -0.0489679916
  -0.0411303640
  -0.0337090184
  -0.0273121940
  -0.0242725133
  -0.0159181030
  -0.0090689353
  -0.0035146235
   0.0034244658
   0.0130052918
   0.0241467844
   0.0347720557
   0.0425935105
   0.0504034706
   0.0570515301
   0.0634124893
   0.0631949588
   0.0561962663
   0.0467514074
   0.0339046957
   0.0200466707
   0.0039096292
  -0.0128166183
  -0.0272432257
  -0.0393938174
  -0.0555615181
  -0.0701863668
  -0.0840510726
  -0.0988788162
  -0.1113460022
  -0.1235294295
  -0.1336154076
  -0.1420201072
  -0.1481875946
  -0.1501874278
  -0.1514640973
  -0.1565209423
  -0.1632392175
  -0.1657090639
  -0.1677570368
  -0.1731503024
  -0.1746431213
  -0.1766897353
  -0.1781243901
  -0.1745288648
  -0.1689104055
  -0.1645947460
  -0.1598234195
  -0.1537433454
  -0.1507793159
  -0.1472331332
  -0.1429079171
  -0.1346681531
  -0.1219125970
  -0.1055014358
  -0.0851432030
  -0.0578120072
  -0.0281266917
   0.0004100994
   0.0291376241
   0.0544887905
   0.0759827935
   0.0876521447
   0.0904029875
   0.0918909947
   0.0954939158
   0.0967131785
   0.0963302222
   0.0971283690
   0.0993716627
   0.1000573574
   0.0986044136
   0.0943244857
   0.0888324903
   0.0813708019
   0.0723433612
   0.0666679852
   0.0617144366
   0.0607297459
   0.0639708289
   0.0655812680
   0.0644322432
   0.0631819493
   0.0621240579
   0.0583654014
   0.0545112453
   0.0535790605
   0.0558260522
   0.0619717753
   0.0702677653
   0.0772230631
   0.0829313638
   0.0870306511
   0.0851361191
   0.0819984884
   0.0756870945
   0.0690816947
   0.0663501211
   0.0670133833
   0.0659768105
   0.0620976824
   0.0632426529
   0.0620915118
   0.0601472808
   0.0575335948
   0.0610480111
   0.0725801164
   0.0844774013
   0.0942905139
   0.1034852516
   0.1097718517
   0.1131906347
   0.1137866663
   0.1133753297
   0.1100350269
   0.1046804334
   0.0977601544
   0.0918772946
   0.0839629243
   0.0745887044
   0.0586386233
   0.0412177104
   0.0220178429
   0.0024259749
  -0.0173469748
  -0.0337231863
  -0.0507256564
  -0.0692696197
  -0.0820541130
  -0.0922403133
  -0.1004517193
  -0.1058968224
  -0.1041896363
  -0.0937490377
  -0.0812992051
  -0.0663945405
  -0.0449102724
  -0.0193227873
   0.0070230229
   0.0281718240
   0.0411346188
   0.0530459157
   0.0596774014
   0.0578559588
   0.0520902737
   0.0429217778
   0.0307559713
   0.0180324556
   0.0064021619
  -0.0103856669
  -0.0314754595
  -0.0528297440
  -0.0739339964
  -0.0968596469
  -0.1136254063
  -0.1214169660
  -0.1291980556
  -0.1378387753
  -0.1382876257
  -0.1313172913
  -0.1219518929
  -0.1080115136
  -0.0923506046
  -0.0809137315
  -0.0720519838
  -0.0682633876
  -0.0662937391
  -0.0610089158
  -0.0580283348
  -0.0518343161
  -0.0397552322
  -0.0276674828
  -0.0147711433
   0.0013947766
   0.0181126847
   0.0300179936
   0.0340024007
   0.0296149216
   0.0205219232
   0.0083912134
   0.0007556299
  -0.0037729915
  -0.0082562887
  -0.0091301668
  -0.0085845717
  -0.0092881522
  -0.0034289857
   0.0083697054
   0.0169400601
   0.0236100085
   0.0354225757
   0.0551484439
   0.0718661528
   0.0871582067
   0.1036066365
   0.1188895124
   0.1319045681
   0.1402361338
   0.1442823583
   0.1444642241
   0.1417561969
   0.1373880538
   0.1307312173
   0.1200859863
   0.1043582475
   0.0885020622
   0.0719273911
   0.0516863775
   0.0253982145
   0.0007603399
  -0.0228618281
  -0.0465301121
  -0.0677641032
  -0.0852076046
  -0.1015757720
  -0.1150536231
  -0.1217465476
  -0.1279407445
  -0.1334537244
  -0.1341854647
  -0.1303406648
  -0.1184252467
  -0.1041705453
  -0.0891526936
  -0.0715505831
  -0.0492297634
  -0.0283479424
  -0.0094429230
   0.0081328321
   0.0257306253
   0.0420319408
   0.0582963663
   0.0773320623
   0.0951435501
   0.1089669329
   0.1158583192
   0.1191912707
   0.1193249300
   0.1191580563
   0.1170007501
   0.1066839423
   0.0926605160
   0.0773812266
   0.0577484967
   0.0387339858
   0.0216139489
   0.0031158553
  -0.0149068298
  -0.0283412818
  -0.0389825030
  -0.0443520441
  -0.0445613101
  -0.0394206383
  -0.0342925974
  -0.0279346009
  -0.0188781896
  -0.0068427811
   0.0007222608
   0.0024084076
  -0.0020027802
  -0.0097707448
  -0.0180954337
  -0.0254668263
  -0.0292578507
  -0.0371955891
  -0.0497469805
  -0.0597635003
  -0.0690751676
  -0.0765738129
  -0.0795255457
  -0.0779620210
  -0.0771683073
  -0.0757129799
  -0.0786772321
  -0.0807536968
  -0.0799306894
  -0.0810861521
  -0.0804952219
  -0.0771473896
  -0.0710365516
  -0.0631425643
  -0.0542809503
  -0.0449243957
  -0.0331991749
  -0.0212143766
  -0.0097194642
   0.0020766645
   0.0165981261
   0.0318480572
   0.0413061706
   0.0505804801
   0.0621891945
   0.0702388504
   0.0724143788
   0.0720086337
   0.0677469057
   0.0596499344
   0.0491240389
   0.0373294489
   0.0257591170
   0.0167976595
   0.0113605291
   0.0083213184
   0.0076494887
   0.0048053717
   0.0045777833
   0.0084086002
   0.0084715270
   0.0095783867
   0.0137962433
   0.0204767441
   0.0322507283
   0.0432841951
   0.0531075549
   0.0617738704
   0.0683659489
   0.0736023876
   0.0772171152
   0.0770326876
   0.0754095064
   0.0714740854
   0.0648313500
   0.0600047777
   0.0537605922
   0.0443610216
   0.0358035048
   0.0302018420
   0.0262341423
   0.0236810708
   0.0234434245
   0.0241627122
   0.0258203998
   0.0217033982
   0.0189350081
   0.0200935584
   0.0200595109
   0.0140932722
   0.0054636217
  -0.0050355197
  -0.0169947624
  -0.0297817730
  -0.0457761398
  -0.0616842296
  -0.0789160145
  -0.0924627002
  -0.0972592660
  -0.0994155921
  -0.1004858692
  -0.0990468037
  -0.0946243281
  -0.0905457134
  -0.0834245667
  -0.0755666007
  -0.0700212752
  -0.0651177152
  -0.0555737925
  -0.0498633087
  -0.0506168800
  -0.0482554537
  -0.0397728530
  -0.0330328136
  -0.0307806315
  -0.0314058453
  -0.0330523056
  -0.0327277361
  -0.0338619025
  -0.0384002607
  -0.0396469013
  -0.0431023962
  -0.0438418442
  -0.0409189150
  -0.0372518151
  -0.0325913591
  -0.0312588869
  -0.0307930172
  -0.0266889628
  -0.0199428976
  -0.0112854860
  -0.0050068899
  -0.0006298398
  -0.0007006378
  -0.0013492077
  -0.0022987579
  -0.0016729638
   0.0010996432
   0.0025607369
   0.0035377533
   0.0050191197
   0.0091685048
   0.0138329283
   0.0209782050
   0.0334566028
   0.0467023322
   0.0569851905
   0.0666902173
   0.0757452364
   0.0858710004
   0.0931875125
   0.0961104863
   0.0954018245
   0.0937172490
   0.0870981936
   0.0795956723
   0.0675500923
   0.0538754501
   0.0482866186
   0.0439591525
   0.0353868218
   0.0281611758
   0.0211453237
   0.0132884558
   0.0092278339
   0.0060233803
   0.0022794909
  -0.0012149589
  -0.0048877638
  -0.0100981456
  -0.0174166871
  -0.0246610833
  -0.0351781350
  -0.0446698415
  -0.0546543053
  -0.0668106443
  -0.0788350392
  -0.0898173814
  -0.0956312284
  -0.0996720398
  -0.0991050123
  -0.0916472669
  -0.0794241873
  -0.0619040101
  -0.0436219746
  -0.0260277277
  -0.0109866549
   0.0008605986
   0.0144321810
   0.0250081966
   0.0349085442
   0.0491761660
   0.0590320273
   0.0630471538
   0.0661832919
   0.0697527314
   0.0679381054
   0.0654043922
   0.0653303449
   0.0631209115
   0.0615830049
   0.0589666011
   0.0560439837
   0.0551852893
   0.0513178341
   0.0472728793
   0.0441375432
   0.0387684031
   0.0368532652
   0.0361853473
   0.0286578093
   0.0189575386
   0.0069335024
  -0.0089837698
  -0.0222274185
  -0.0356738107
  -0.0509689387
  -0.0639761085
  -0.0794345014
  -0.0894620704
  -0.0961578462
  -0.1021727169
  -0.1068372495
  -0.1083053860
  -0.1058671501
  -0.1079293354
  -0.1067234832
  -0.1037942497
  -0.1000053416
  -0.0959344347
  -0.0932355853
  -0.0879935107
  -0.0785302737
  -0.0706259278
  -0.0613054167
  -0.0488888430
  -0.0369721775
  -0.0243198287
  -0.0114545539
   0.0000247033
   0.0079127018
   0.0145843989
   0.0194402026
   0.0239684606
   0.0288378262
   0.0315573482
   0.0278197430
   0.0243325041
   0.0252897277
   0.0275781538
   0.0288459349
   0.0334034955
   0.0384893001
   0.0459187098
   0.0539446411
   0.0600132651
   0.0661435951
   0.0700614622
   0.0736695291
   0.0784754511
   0.0809906302
   0.0799906133
   0.0774149088
   0.0724309526
   0.0640804296
   0.0609748549
   0.0597123756
   0.0561492405
   0.0537467139
   0.0499094880
   0.0456525718
   0.0429505146
   0.0433289933
   0.0433899419
   0.0430206858
   0.0429638360
   0.0431513823
   0.0417493404
   0.0374327899
   0.0341855808
   0.0271460331
   0.0171286980
   0.0055290813
  -0.0025795717
  -0.0100433274
  -0.0169577054
  -0.0195651028
  -0.0182391598
  -0.0177081624
  -0.0185936021
  -0.0209379289
  -0.0216449668
  -0.0248237244
  -0.0280575007
  -0.0309268548
  -0.0312539415
  -0.0321141730
  -0.0329349081
  -0.0307359893
  -0.0209898155
  -0.0121587716
  -0.0053921318
   0.0007512334
   0.0069328831
   0.0131708401
   0.0138955588
   0.0136980838
   0.0116808904
   0.0121439020
   0.0127141061
   0.0097029617
   0.0069487106
   0.0033192536
   0.0024616953
   0.0004272973
  -0.0011177509
  -0.0016804890
   0.0014244557
   0.0050041788
   0.0049957160
   0.0049442104
   0.0039258198
   0.0020938510
   0.0005426917
   0.0012304418
   0.0039682522
   0.0089038838
   0.0176624242
   0.0273197012
   0.0355918107
   0.0429318246
   0.0508940004
   0.0540563135
   0.0513839064
   0.0471803648
   0.0417544417
   0.0363322166
   0.0290242587
   0.0253100439
   0.0230546094
   0.0206336891
   0.0209304752
   0.0216142341
   0.0194778433
   0.0164861441
   0.0143832038
   0.0087913783
   0.0041856780
   0.0036335959
   0.0010933091
  -0.0030283241
  -0.0040611766
  -0.0055570763
  -0.0102178063
  -0.0149275582
  -0.0183878135
  -0.0187936812
  -0.0186536218
  -0.0115191337
  -0.0017683433
   0.0046583019
   0.0085016605
   0.0131396885
   0.0170771166
   0.0216490634
   0.0258548394
   0.0324486332
   0.0366529099
   0.0375209159
   0.0397980032
   0.0367862128
   0.0299589607
   0.0250982607
   0.0189005129
   0.0108307101
   0.0024590578
  -0.0037225261
  -0.0061431524
  -0.0076059091
  -0.0096598699
  -0.0126987731
  -0.0169215706
  -0.0215919954
  -0.0271317539
  -0.0324323936
  -0.0377393821
  -0.0415091546
  -0.0453505908
  -0.0498155255
  -0.0557995654
  -0.0634152962
  -0.0713906820
  -0.0792273740
  -0.0861077556
  -0.0872151233
  -0.0881073662
  -0.0915263497
  -0.0885552363
  -0.0826565825
  -0.0769917433
  -0.0741321241
  -0.0718171667
  -0.0675208432
  -0.0644526931
  -0.0599338046
  -0.0563391036
  -0.0567004293
  -0.0562555665
  -0.0514784704
  -0.0473549685
  -0.0448828276
  -0.0442938132
  -0.0401685069
  -0.0383887214
  -0.0361249110
  -0.0327499459
  -0.0319939241
  -0.0269942184
  -0.0211607257
  -0.0180729856
  -0.0156857652
  -0.0200093352
  -0.0233441824
  -0.0262833067
  -0.0293676964
  -0.0387763781
  -0.0451800414
  -0.0443997382
  -0.0401970209
  -0.0336479361
  -0.0325638030
  -0.0337400497
  -0.0321413949
  -0.0296559104
  -0.0281133926
  -0.0273789568
  -0.0231307507
  -0.0192081544
  -0.0162524697
  -0.0131040327
  -0.0086026758
  -0.0069902586
  -0.0025622250
   0.0025735237
   0.0083841361
   0.0173847202
   0.0248062151
   0.0308432732
   0.0412119185
   0.0520735663
   0.0587831091
   0.0654174462
   0.0680321347
   0.0705238789
   0.0732375867
   0.0727845707
   0.0720110618
   0.0688152448
   0.0675110638
   0.0697278707
   0.0681377033
   0.0657548247
   0.0651348235
   0.0645750360
   0.0632072331
   0.0616978182
   0.0594774471
   0.0547544607
   0.0500382019
   0.0452625093
   0.0380179282
   0.0323672346
   0.0288963690
   0.0232881346
   0.0187336392
   0.0156480867
   0.0151550018
   0.0171763943
   0.0198996521
   0.0232060677
   0.0300059420
   0.0366427963
   0.0396706259
   0.0428553269
   0.0449686369
   0.0461228744
   0.0462132504
   0.0462623925
   0.0407004488
   0.0352197699
   0.0302618773
   0.0240054174
   0.0187111666
   0.0172270223
   0.0129344658
   0.0072670114
   0.0002312266
  -0.0036372582
  -0.0062910108
  -0.0116548068
  -0.0164630010
  -0.0183359581
  -0.0183922332
  -0.0167434784
  -0.0138108455
  -0.0133341295
  -0.0151221261
  -0.0196044677
  -0.0216349847
  -0.0232788230
  -0.0258312931
  -0.0279616892
  -0.0308369021
  -0.0333578285
  -0.0376157918
  -0.0397655685
  -0.0415305401
  -0.0447085804
  -0.0466058970
  -0.0481793570
  -0.0494822459
  -0.0537028291
  -0.0591987896
  -0.0626650663
  -0.0642438059
  -0.0673859141
  -0.0695293198
  -0.0727491509
  -0.0738420165
  -0.0738197845
  -0.0749181524
  -0.0757928191
  -0.0734155987
  -0.0668774963
  -0.0612640269
  -0.0562527596
  -0.0499544421
  -0.0438659697
  -0.0369975505
  -0.0318477899
  -0.0271966677
  -0.0228158048
  -0.0203375000
  -0.0151273610
  -0.0041723678
   0.0034179321
   0.0056691296
   0.0105268111
   0.0175828011
   0.0247607263
   0.0322892221
   0.0404826732
   0.0485795776
   0.0534385623
   0.0576267108
   0.0645715163
   0.0700331264
   0.0698010715
   0.0739813341
   0.0774584595
   0.0739388304
   0.0685427802
   0.0608923648
   0.0530454479
   0.0460791233
   0.0375433707
   0.0300156545
   0.0245615294
   0.0195633852
   0.0142411373
   0.0093830592
   0.0054704539
   0.0014234472
  -0.0026858042
  -0.0043334273
  -0.0025365000
  -0.0012272705
   0.0013239461
   0.0034109885
   0.0050532274
   0.0071183265
   0.0074467654
   0.0072250557
   0.0075026261
   0.0088998250
   0.0090865983
   0.0075318774
   0.0065960549
   0.0048378398
   0.0036874049
   0.0039609610
   0.0050756220
   0.0069544958
   0.0093307405
   0.0123774761
   0.0184980334
   0.0200794417
   0.0191464037
   0.0228701373
   0.0262460603
   0.0279751220
   0.0317718046
   0.0309665293
   0.0290246819
   0.0283604396
   0.0278378984
   0.0264629448
   0.0216055484
   0.0181469661
   0.0209443891
   0.0234540281
   0.0213145743
   0.0232101666
   0.0259361488
   0.0256185965
   0.0271626292
   0.0294764282
   0.0294518795
   0.0288426825
   0.0287606825
   0.0260301113
   0.0220160697
   0.0194286299
   0.0142280899
   0.0103797769
   0.0077981580
   0.0067384644
   0.0054346131
   0.0050218976
   0.0048874787
   0.0046856397
   0.0058735014
   0.0057854154
   0.0053317757
   0.0053928357
   0.0038463259
  -0.0005577003
  -0.0024191627
  -0.0048842575
  -0.0068011752
  -0.0044561511
  -0.0032023240
   0.0001211847
   0.0051311864
   0.0091306747
   0.0131923280
   0.0148527557
   0.0179402485
   0.0220648598
   0.0223134461
   0.0216822800
   0.0202872597
   0.0185140080
   0.0146729549
   0.0128223835
   0.0135475790
   0.0113461785
   0.0066467986
   0.0062904517
   0.0080726453
   0.0056758616
   0.0013074873
  -0.0015777228
  -0.0017279045
  -0.0038250540
  -0.0056408762
  -0.0062587321
  -0.0083557513
  -0.0094908443
  -0.0097963138
  -0.0084471142
  -0.0073943018
  -0.0054906097
  -0.0047817007
  -0.0041788213
  -0.0011576442
   0.0019805380
   0.0011030927
   0.0006425479
  -0.0004079103
  -0.0062140698
  -0.0129551005
  -0.0197966609
  -0.0274090302
  -0.0324906690
  -0.0399562336
  -0.0464399589
  -0.0483493716
  -0.0505586491
  -0.0540787014
  -0.0549898348
  -0.0574124326
  -0.0611678590
  -0.0640325795
  -0.0642240911
  -0.0658609279
  -0.0701648699
  -0.0734266701
  -0.0709327428
  -0.0692152649
  -0.0692225271
  -0.0683638326
  -0.0660012256
  -0.0616888408
  -0.0594977410
  -0.0581494970
  -0.0581423462
  -0.0566179838
  -0.0531139483
  -0.0509467067
  -0.0512413810
  -0.0513080770
  -0.0498824442
  -0.0477729880
  -0.0449180023
  -0.0441439811
  -0.0391391741
  -0.0332501437
  -0.0298935345
  -0.0251857853
  -0.0210215195
  -0.0175417276
  -0.0154513446
  -0.0133438933
  -0.0115327692
  -0.0111725929
  -0.0122895439
  -0.0127818758
  -0.0102140104
  -0.0080646970
  -0.0064599941
  -0.0042225680
  -0.0020011799
   0.0028323951
   0.0044412280
   0.0072970201
   0.0118497133
   0.0138844562
   0.0166263995
   0.0210463311
   0.0250078402
   0.0290278452
   0.0326862126
   0.0327803757
   0.0367169773
   0.0394973142
   0.0376015570
   0.0394718076
   0.0409387188
   0.0442992041
   0.0494496999
   0.0530785286
   0.0545519668
   0.0572805331
   0.0593200409
   0.0613058177
   0.0603964218
   0.0558293714
   0.0544448166
   0.0551807449
   0.0548367281
   0.0543515001
   0.0522818076
   0.0504439248
   0.0507287083
   0.0488268028
   0.0464323181
   0.0448228146
   0.0439274530
   0.0428420500
   0.0435354524
   0.0446837198
   0.0457292477
   0.0465877193
   0.0477220193
   0.0488537129
   0.0488369832
   0.0488110533
   0.0487933880
   0.0466026000
   0.0455945413
   0.0433305304
   0.0376728197
   0.0316098095
   0.0272743906
   0.0208667019
   0.0120712358
   0.0054468964
  -0.0017557738
  -0.0072793570
  -0.0118247970
  -0.0162028197
  -0.0216416364
  -0.0267241820
  -0.0281038805
  -0.0285957023
  -0.0347495118
  -0.0406437995
  -0.0422205341
  -0.0450510825
  -0.0487991130
  -0.0507342775
  -0.0527317272
  -0.0553540342
  -0.0586844685
  -0.0600890722
  -0.0607818285
  -0.0658204291
  -0.0653123454
  -0.0628786539
  -0.0628284649
  -0.0643541194
  -0.0646911637
  -0.0665053441
  -0.0681900532
  -0.0678708302
  -0.0679094800
  -0.0709068352
  -0.0745613265
  -0.0742967256
  -0.0739282045
  -0.0743282023
  -0.0724940621
  -0.0703152590
  -0.0670814381
  -0.0597642355
  -0.0532779483
  -0.0453946983
  -0.0371606149
  -0.0320278959
  -0.0273267628
  -0.0227033973
  -0.0194713652
  -0.0162098079
  -0.0119806215
  -0.0096480010
  -0.0097921838
  -0.0092715405
  -0.0060080941
  -0.0033429693
  -0.0030621711
  -0.0005711941
   0.0028737448
   0.0056817938
   0.0100940445
   0.0141747732
   0.0143731504
   0.0166976644
   0.0199898855
   0.0215495674
   0.0242243960
   0.0249223205
   0.0233860846
   0.0214661150
   0.0200933735
   0.0196241289
   0.0190417774
   0.0146743539
   0.0196532088
   0.0277259587
   0.0321029010
   0.0358848588
   0.0426776936
   0.0489355569
   0.0528587481
   0.0574117866
   0.0623203143
   0.0647008985
   0.0666843362
   0.0707048314
   0.0746271760
   0.0764372130
   0.0762660622
   0.0765220421
   0.0766371451
   0.0729168488
   0.0723313764
   0.0730376992
   0.0727616926
   0.0723583310
   0.0724355193
   0.0708384462
   0.0691083151
   0.0667727296
   0.0606389467
   0.0544965205
   0.0484671924
   0.0415573611
   0.0325457590
   0.0245195603
   0.0158537238
   0.0088284220
   0.0018317112
  -0.0043806469
  -0.0082637759
  -0.0132966759
  -0.0196239374
  -0.0241468958
  -0.0268097462
  -0.0267157837
  -0.0266660847
  -0.0271230660
  -0.0253557777
  -0.0238987795
  -0.0220311331
  -0.0186598994
  -0.0177656449
  -0.0185233441
  -0.0139170646
  -0.0102325155
  -0.0114158217
  -0.0099447982
  -0.0062668987
  -0.0037224148
  -0.0015031403
   0.0022074512
   0.0071666555
   0.0075071281
   0.0064910632
   0.0079639891
   0.0090198444
   0.0092198968
   0.0089933621
   0.0119583873
   0.0160317313
   0.0174320646
   0.0192107273
   0.0235678836
   0.0275368976
   0.0312046880
   0.0330253732
   0.0368585002
   0.0380829757
   0.0373607475
   0.0375880574
   0.0399909627
   0.0409568742
   0.0404558076
   0.0426287743
   0.0438594649
   0.0430984978
   0.0419988156
   0.0375207600
   0.0332814200
   0.0304712324
   0.0235634505
   0.0128920245
   0.0050801909
  -0.0023882763
  -0.0095209600
  -0.0153948936
  -0.0179714468
  -0.0202608998
  -0.0227348072
  -0.0238349349
  -0.0242444894
  -0.0225140688
  -0.0250584525
  -0.0231636309
  -0.0186932184
  -0.0173257809
  -0.0162376157
  -0.0141776691
  -0.0121547752
  -0.0117265930
  -0.0097646678
  -0.0094396951
  -0.0111122435
  -0.0136022300
  -0.0156515819
  -0.0140876919
  -0.0144523324
  -0.0153181887
  -0.0127168461
  -0.0119244734
  -0.0122498470
  -0.0101063946
  -0.0126233447
  -0.0135706085
  -0.0144102208
  -0.0151286063
  -0.0148281691
  -0.0164476257
  -0.0199545192
  -0.0212012779
  -0.0205574164
  -0.0206273915
  -0.0213760442
  -0.0248890616
  -0.0261371502
  -0.0265892752
  -0.0284670552
  -0.0319392574
  -0.0333319655
  -0.0328984414
  -0.0355312630
  -0.0412304971
  -0.0445254671
  -0.0453109162
  -0.0457570043
  -0.0469295531
  -0.0502869865
  -0.0516941074
  -0.0524816951
  -0.0531971512
  -0.0533960363
  -0.0544354605
  -0.0576974834
  -0.0583607233
  -0.0569614883
  -0.0574960365
  -0.0562260946
  -0.0547392904
  -0.0533917815
  -0.0523527138
  -0.0509183041
  -0.0497423693
  -0.0482915863
  -0.0463611222
  -0.0443396138
  -0.0424914616
  -0.0414371790
  -0.0397200353
  -0.0357175396
  -0.0323620219
  -0.0302061636
  -0.0268378815
  -0.0227357428
  -0.0177966293
  -0.0121788049
  -0.0081293770
  -0.0044305375
  -0.0011413200
   0.0024745244
   0.0058133881
   0.0075415476
   0.0086992491
   0.0105426676
   0.0138001973
   0.0148196973
   0.0155839213
   0.0166285180
   0.0175128906
   0.0173285031
   0.0182502201
   0.0215820199
   0.0183012112
   0.0149024235
   0.0158533362
   0.0167193195
   0.0153152816
   0.0159976259
   0.0171058333
   0.0165126510
   0.0151587732
   0.0109585820
   0.0096821420
   0.0095149810
   0.0080954520
   0.0043362386
   0.0030977489
   0.0048282052
   0.0032593520
   0.0022723001
   0.0025489994
   0.0022207837
  -0.0012996802
  -0.0047079452
  -0.0051115942
  -0.0069959413
  -0.0109039733
  -0.0110540460
  -0.0114493769
  -0.0130560891
  -0.0143152581
  -0.0144529985
  -0.0153227933
  -0.0177565315
  -0.0178663126
  -0.0173421519
  -0.0155307984
  -0.0137485135
  -0.0111347428
  -0.0070763664
  -0.0050318508
  -0.0027020416
   0.0018390725
   0.0050801664
   0.0056316604
   0.0079504739
   0.0119505571
   0.0143427095
   0.0180174568
   0.0216950022
   0.0231829892
   0.0259474430
   0.0263012616
   0.0259503613
   0.0281093605
   0.0303673791
   0.0326783045
   0.0362516868
   0.0408473404
   0.0434510911
   0.0464390679
   0.0491433972
   0.0502872538
   0.0475788701
   0.0492344861
   0.0524377657
   0.0531381629
   0.0535488535
   0.0557007243
   0.0552401565
   0.0552167661
   0.0547019326
   0.0526937234
   0.0502293571
   0.0493925382
   0.0472517166
   0.0459102224
   0.0424708335
   0.0422358159
   0.0407521749
   0.0389932403
   0.0367960145
   0.0365863253
   0.0366790626
   0.0356008550
   0.0354008338
   0.0365893326
   0.0357526474
   0.0347444773
   0.0351099020
   0.0342944241
   0.0329594123
   0.0320997600
   0.0322417731
   0.0302039137
   0.0286722891
   0.0271513572
   0.0250625737
   0.0211751230
   0.0190006972
   0.0154604223
   0.0124173088
   0.0058119624
  -0.0001553144
  -0.0033766737
  -0.0090437182
  -0.0135014264
  -0.0151945783
  -0.0183783237
  -0.0202658653
  -0.0205917713
  -0.0229589094
  -0.0225304866
  -0.0231148898
  -0.0264948003
  -0.0246326584
  -0.0261637038
  -0.0293582734
  -0.0323192732
  -0.0340587604
  -0.0379917755
  -0.0425771150
  -0.0459774085
  -0.0460990831
  -0.0474450103
  -0.0490014064
  -0.0500127621
  -0.0488761676
  -0.0481584393
  -0.0464123137
  -0.0457731325
  -0.0452543115
  -0.0443560539
  -0.0437141327
  -0.0442077366
  -0.0447991123
  -0.0452608831
  -0.0465162338
  -0.0460986598
  -0.0456238573
  -0.0470945555
  -0.0491884850
  -0.0502391810
  -0.0500538401
  -0.0521290795
  -0.0555576642
  -0.0565217268
  -0.0559529840
  -0.0561124842
  -0.0555739039
  -0.0505355483
  -0.0459543077
  -0.0425704766
  -0.0406084689
  -0.0358105888
  -0.0273538957
  -0.0196104044
  -0.0135568015
  -0.0078827109
  -0.0023952756
   0.0031467707
   0.0095120806
   0.0143087533
   0.0173412497
   0.0172084859
   0.0196679959
   0.0242714663
   0.0260273713
   0.0254536163
   0.0253809279
   0.0256024460
   0.0272930361
   0.0303042473
   0.0330880817
   0.0363226377
   0.0407378288
   0.0436645896
   0.0463904604
   0.0496197145
   0.0520348942
   0.0527203884
   0.0522387247
   0.0521005209
   0.0518759287
   0.0514990316
   0.0512527198
   0.0488940334
   0.0474005017
   0.0477301948
   0.0475422029
   0.0470744175
   0.0461646875
   0.0462288440
   0.0484556531
   0.0491002030
   0.0494312994
   0.0514779135
   0.0525931224
   0.0520892713
   0.0518131534
   0.0498300943
   0.0486752331
   0.0461024023
   0.0418584064
   0.0369688137
   0.0332833135
   0.0307767999
   0.0285727797
   0.0265491551
   0.0245647149
   0.0217059912
   0.0197408782
   0.0176499850
   0.0132477120
   0.0095643414
   0.0092024164
   0.0085956988
   0.0048882516
   0.0006575777
  -0.0046138268
  -0.0093254097
  -0.0134501235
  -0.0210888459
  -0.0292383809
  -0.0332384262
  -0.0371349300
  -0.0409673665
  -0.0436233334
  -0.0455454884
  -0.0459702800
  -0.0483505746
  -0.0503728849
  -0.0499394499
  -0.0503204236
  -0.0499205594
  -0.0500497412
  -0.0492021182
  -0.0486313037
  -0.0493974168
  -0.0500685203
  -0.0496910886
  -0.0518777108
  -0.0507197086
  -0.0496991305
  -0.0514330262
  -0.0498785458
  -0.0494398536
  -0.0497723312
  -0.0467803892
  -0.0441939697
  -0.0446793758
  -0.0419672720
  -0.0393510018
  -0.0432013263
  -0.0404073784
  -0.0380197326
  -0.0389264998
  -0.0390849752
  -0.0385872501
  -0.0383527002
  -0.0361961737
  -0.0338586946
  -0.0324078002
  -0.0325261779
  -0.0322225930
  -0.0286497898
  -0.0258897022
  -0.0263934865
  -0.0243869925
  -0.0237763921
  -0.0251816196
  -0.0227317108
  -0.0208064438
  -0.0217236810
  -0.0205597243
  -0.0170353236
  -0.0140110784
  -0.0110693143
  -0.0078951367
  -0.0044639545
  -0.0000644313
   0.0041128849
   0.0085298270
   0.0135396663
   0.0188341087
   0.0217492255
   0.0249193800
   0.0280243086
   0.0313479263
   0.0338363958
   0.0386396446
   0.0432198604
   0.0435926141
   0.0449682582
   0.0473968038
   0.0521992952
   0.0551158979
   0.0534723113
   0.0504783644
   0.0540847384
   0.0543864298
   0.0503590512
   0.0494344181
   0.0457885479
   0.0410369139
   0.0371171979
   0.0359282312
   0.0339202225
   0.0307185913
   0.0264416261
   0.0256850029
   0.0231327110
   0.0192253229
   0.0168904524
   0.0124869654
   0.0100007012
   0.0119305059
   0.0136410135
   0.0144349656
   0.0140668767
   0.0140667853
   0.0140060283
   0.0137168451
   0.0134708162
   0.0132753594
   0.0130477042
   0.0127185569
   0.0124570658
   0.0113276266
   0.0088612197
   0.0084668846
   0.0077132620
   0.0070926973
   0.0077250953
   0.0060948903
   0.0066694650
   0.0071085137
   0.0065265832
   0.0060800830
   0.0057841947
   0.0033696410
   0.0020627358
   0.0001725078
  -0.0019969384
  -0.0037873465
  -0.0036989085
  -0.0022395758
  -0.0006490390
   0.0005450545
   0.0021263699
   0.0023025605
   0.0059642138
   0.0082810870
   0.0065160932
   0.0076515738
   0.0083363195
   0.0080256373
   0.0080579004
   0.0077284836
   0.0055157555
   0.0052610788
   0.0057017558
   0.0037402115
   0.0014359522
  -0.0000590667
   0.0019396066
   0.0026449668
  -0.0003585040
  -0.0006568358
   0.0006339972
   0.0018964237
   0.0016089969
   0.0021794322
   0.0010601010
  -0.0007158743
  -0.0007549612
  -0.0016930784
  -0.0029552592
  -0.0053774069
  -0.0049717085
  -0.0038487629
  -0.0023995527
  -0.0018550190
  -0.0011994003
  -0.0004678097
  -0.0021614036
  -0.0032240971
  -0.0018732436
  -0.0013284553
  -0.0031541955
  -0.0034627993
  -0.0032618269
  -0.0061414795
  -0.0091036666
  -0.0097127522
  -0.0094552197
  -0.0109227034
  -0.0116605720
  -0.0100334300
  -0.0094060241
  -0.0063771053
  -0.0014622202
  -0.0017223877
  -0.0028445915
  -0.0003987459
   0.0027562471
   0.0026767599
   0.0022303800
   0.0025759629
   0.0026833493
   0.0025545708
   0.0025516013
   0.0011119158
  -0.0035478022
  -0.0038456598
  -0.0031231264
  -0.0037818976
  -0.0072712684
  -0.0106539702
  -0.0110719006
  -0.0109687089
  -0.0106887461
  -0.0123694454
  -0.0159603127
  -0.0179289276
  -0.0178925477
  -0.0183395625
  -0.0203611310
  -0.0238689512
  -0.0252855843
  -0.0242019857
  -0.0257232963
  -0.0264098821
  -0.0263009051
  -0.0264748850
  -0.0268883602
  -0.0270162499
  -0.0270980940
  -0.0272415996
  -0.0239180933
  -0.0207313228
  -0.0194066318
  -0.0155833265
  -0.0112504896
  -0.0084593128
  -0.0048529945
  -0.0018542201
   0.0022151170
   0.0033278324
   0.0070030654
   0.0090549099
   0.0124095789
   0.0159450042
   0.0141752187
   0.0135833262
   0.0143261312
   0.0142139398
   0.0137081573
   0.0114805373
   0.0090689954
   0.0074378703
   0.0059238264
   0.0014935462
   0.0001973923
  -0.0027674411
  -0.0061910537
  -0.0059363926
  -0.0058657670
  -0.0066602514
  -0.0070422276
  -0.0072710256
  -0.0076548195
  -0.0078825616
  -0.0081596508
  -0.0084850467
  -0.0084095470
  -0.0066446868
  -0.0070788480
  -0.0054192045
  -0.0042570321
  -0.0036763290
  -0.0008861950
   0.0026959913
   0.0038903109
   0.0074387436
   0.0082356718
   0.0105073370
   0.0132185030
   0.0151386285
   0.0158372859
   0.0155615801
   0.0152744286
   0.0150691168
   0.0139598913
   0.0141589034
   0.0138527188
   0.0114654026
   0.0093268644
   0.0080923333
   0.0064790628
   0.0051098811
   0.0034488186
   0.0012376318
  -0.0028463224
  -0.0043466529
  -0.0069584566
  -0.0097506380
  -0.0104776378
  -0.0103729937
  -0.0109117589
  -0.0144968499
  -0.0179458221
  -0.0176794792
  -0.0208704421
  -0.0280789307
  -0.0301813253
  -0.0292987504
  -0.0308787820
  -0.0316351825
  -0.0316499964
  -0.0333136541
  -0.0345836851
  -0.0339658894
  -0.0329847185
  -0.0325576769
  -0.0307451226
  -0.0275932573
  -0.0251926687
  -0.0213308963
  -0.0200385665
  -0.0194782019
  -0.0163823398
  -0.0153530337
  -0.0159378668
  -0.0134703239
  -0.0099482466
  -0.0085200832
  -0.0047209636
  -0.0015054699
   0.0024144156
   0.0055015564
   0.0082364849
   0.0080168358
   0.0078375429
   0.0084180767
   0.0116516502
   0.0148313435
   0.0142221042
   0.0138266396
   0.0152047543
   0.0184083903
   0.0203406878
   0.0198127312
   0.0197397354
   0.0230321769
   0.0260928198
   0.0253420999
   0.0270164950
   0.0306052482
   0.0308562827
   0.0298242098
   0.0299667575
   0.0310560365
   0.0317213259
   0.0302710553
   0.0340906159
   0.0351066273
   0.0347166539
   0.0353592657
   0.0353794928
   0.0351738580
   0.0352430712
   0.0360499281
   0.0378278423
   0.0383385769
   0.0377090860
   0.0375658923
   0.0376602112
   0.0372909996
   0.0371116510
   0.0371326133
   0.0368487877
   0.0354933706
   0.0342407598
   0.0325258883
   0.0316322419
   0.0309044891
   0.0297296236
   0.0274248465
   0.0249775440
   0.0253917098
   0.0258263699
   0.0253416989
   0.0228522047
   0.0209104330
   0.0204737122
   0.0200364925
   0.0199933228
   0.0197899512
   0.0162745391
   0.0134986017
   0.0143319677
   0.0115867542
   0.0068022689
   0.0028169374
   0.0014935647
  -0.0016570706
  -0.0050674955
  -0.0074100558
  -0.0101294709
  -0.0155051603
  -0.0171173525
  -0.0189008894
  -0.0229097673
  -0.0279176262
  -0.0280769036
  -0.0287466705
  -0.0314024370
  -0.0342518981
  -0.0343134928
  -0.0365708653
  -0.0398365194
  -0.0426137599
  -0.0431187694
  -0.0435580408
  -0.0463906832
  -0.0470072314
  -0.0470835286
  -0.0481982252
  -0.0473560823
  -0.0456704821
  -0.0427582456
  -0.0412128764
  -0.0394335142
  -0.0379972332
  -0.0336359291
  -0.0323707543
  -0.0309080534
  -0.0286999566
  -0.0272617598
  -0.0264101939
  -0.0254212262
  -0.0243153289
  -0.0240016304
  -0.0217362472
  -0.0212164483
  -0.0215243704
  -0.0213746452
  -0.0212326366
  -0.0194675448
  -0.0156004728
  -0.0103506704
  -0.0089071473
  -0.0097047572
  -0.0072670604
  -0.0030201642
  -0.0004106601
   0.0013472973
   0.0021926623
   0.0036518939
   0.0067322203
   0.0083124546
   0.0086105907
   0.0079670521
   0.0089394617
   0.0126200188
   0.0128122187
   0.0125289344
   0.0148016555
   0.0176463896
   0.0165938735
   0.0159676617
   0.0161565892
   0.0158369651
   0.0172955472
   0.0183715093
   0.0177653553
   0.0186950139
   0.0190164668
   0.0184818139
   0.0189016111
   0.0180303327
   0.0174928239
   0.0154794598
   0.0139618048
   0.0132561660
   0.0108005722
   0.0088824181
   0.0085274479
   0.0066349096
   0.0063665618
   0.0078169104
   0.0077104396
   0.0073819049
   0.0083687475
   0.0127513881
   0.0141406299
   0.0138542559
   0.0143662936
   0.0137058918
   0.0137121938
   0.0136760256
   0.0092775730
   0.0049014171
   0.0028075077
   0.0021790335
  -0.0007100761
  -0.0028809357
  -0.0034456798
  -0.0043296960
  -0.0061267948
  -0.0053095236
  -0.0063710416
  -0.0120608171
  -0.0131724707
  -0.0091136866
  -0.0096829997
  -0.0131010677
  -0.0149467828
  -0.0164600003
  -0.0170257001
  -0.0194432812
  -0.0218567767
  -0.0237188963
  -0.0239300113
  -0.0240302112
  -0.0243832724
  -0.0248106258
  -0.0250664052
  -0.0242367594
  -0.0213658126
  -0.0187184956
  -0.0182804850
  -0.0155099230
  -0.0143801162
  -0.0142018191
  -0.0154349624
  -0.0156561619
  -0.0144456450
  -0.0151134761
  -0.0136898682
  -0.0106907309
  -0.0099545598
  -0.0100306922
  -0.0089624021
  -0.0100953231
  -0.0085951307
  -0.0041581687
  -0.0037996298
  -0.0042547599
  -0.0000323395
   0.0037927953
   0.0033568231
   0.0032657008
   0.0054648046
   0.0078472822
   0.0094525754
   0.0112808837
   0.0134120529
   0.0157924544
   0.0196801255
   0.0206308756
   0.0245500347
   0.0255905949
   0.0238299450
   0.0255308046
   0.0284234600
   0.0299054301
   0.0309121300
   0.0307392639
   0.0305777366
   0.0305490221
   0.0302577339
   0.0300204217
   0.0285595029
   0.0289447091
   0.0290143233
   0.0250526160
   0.0233139308
   0.0227947089
   0.0237135500
   0.0225921036
   0.0214918868
   0.0216413936
   0.0214237383
   0.0209945916
   0.0207998522
   0.0206260037
   0.0204703574
   0.0202871416
   0.0179755324
   0.0155277933
   0.0152485076
   0.0120809328
   0.0096863679
   0.0078404344
   0.0069212458
   0.0034975129
   0.0028198667
   0.0041286055
   0.0030375399
  -0.0003522685
  -0.0005966842
  -0.0015018966
  -0.0031667105
  -0.0041486566
  -0.0042400284
  -0.0042085204
  -0.0054892486
  -0.0047073660
  -0.0071556976
  -0.0097240598
  -0.0100666042
  -0.0122570223
  -0.0159441132
  -0.0145504762
  -0.0148910937
  -0.0159172922
  -0.0157087792
  -0.0194349854
  -0.0222797863
  -0.0220107345
  -0.0260547492
  -0.0280415061
  -0.0260571773
  -0.0277391464
  -0.0299759577
  -0.0287670313
  -0.0276873534
  -0.0284618647
  -0.0288253513
  -0.0281358919
  -0.0273796919
  -0.0285614187
  -0.0287323467
  -0.0296613682
  -0.0297552862
  -0.0275476794
  -0.0268823901
  -0.0253828437
  -0.0241538238
  -0.0249168182
  -0.0246232577
  -0.0213820344
  -0.0200210482
  -0.0203277696
  -0.0195071436
  -0.0163721371
  -0.0150578404
  -0.0139744156
  -0.0118680224
  -0.0086917018
  -0.0096701795
  -0.0079465599
  -0.0038069944
  -0.0047156596
  -0.0057200828
  -0.0028350148
  -0.0009929011
   0.0016654916
   0.0023150042
   0.0030291661
   0.0034297476
   0.0014989171
   0.0014984724
   0.0040684989
   0.0057745801
   0.0052473119
   0.0063998296
   0.0078891844
   0.0084766462
   0.0104558001
   0.0115220809
   0.0143452690
   0.0145894981
   0.0152655202
   0.0175913620
   0.0195469139
   0.0194279104
   0.0193146007
   0.0195388276
   0.0195522069
   0.0193189089
   0.0201205509
   0.0201742440
   0.0190352081
   0.0191190949
   0.0191870184
   0.0188177577
   0.0186953258
   0.0186125773
   0.0184167485
   0.0193481024
   0.0209003194
   0.0194578857
   0.0191293354
   0.0184447190
   0.0168822859
   0.0164370443
   0.0161754841
   0.0148275832
   0.0156042219
   0.0152853998
   0.0101491745
   0.0082397573
   0.0092071880
   0.0076596468
   0.0060831929
   0.0050375135
   0.0036152244
   0.0014130619
  -0.0024303121
  -0.0046225970
  -0.0069955715
  -0.0105976394
  -0.0104442319
  -0.0103369503
  -0.0130157952
  -0.0147803213
  -0.0150617477
  -0.0160820095
  -0.0174530090
  -0.0182480125
  -0.0190847222
  -0.0195433252
  -0.0200882499
  -0.0189459972
  -0.0188151692
  -0.0186132589
  -0.0160837359
  -0.0151209543
  -0.0128696766
  -0.0095065382
  -0.0053068660
  -0.0037567697
  -0.0021981209
   0.0020277197
   0.0056267574
   0.0079636862
   0.0074132547
   0.0085706822
   0.0099494072
   0.0106826802
   0.0091871169
   0.0081851330
   0.0090099158
   0.0093846698
   0.0084556394
   0.0100247889
   0.0111850566
   0.0099742545
   0.0126651489
   0.0137939109
   0.0117348710
   0.0104177295
   0.0095219045
   0.0083692910
   0.0081992407
   0.0067249515
   0.0053677946
   0.0056478800
   0.0046725299
   0.0037876116
   0.0011586518
  -0.0006330570
   0.0019581175
   0.0019690709
   0.0003054996
   0.0003144396
  -0.0024350058
  -0.0041463421
  -0.0044464741
  -0.0086673736
  -0.0106837985
  -0.0111872731
  -0.0121337505
  -0.0146307097
  -0.0147399806
  -0.0138732399
  -0.0139415421
  -0.0131187330
  -0.0118134137
  -0.0109287960
  -0.0102636158
  -0.0103905254
  -0.0095257428
  -0.0085481562
  -0.0087290975
  -0.0065444713
  -0.0053166922
  -0.0066224414
  -0.0062383647
  -0.0046260811
  -0.0038102178
  -0.0029077366
  -0.0027149508
  -0.0009355236
   0.0022385489
   0.0021114174
   0.0028327938
   0.0060511302
   0.0112715899
   0.0100288811
   0.0101469424
   0.0140841031
   0.0140618622
   0.0164297443
   0.0200688559
   0.0196311327
   0.0202751568
   0.0227314880
   0.0246708404
   0.0249901971
   0.0245911572
   0.0246005802
   0.0258069448
   0.0265239826
   0.0249610594
   0.0235984693
   0.0237431332
   0.0231674848
   0.0192796398
   0.0174888097
   0.0150366865
   0.0116146377
   0.0103626396
   0.0094308513
   0.0056204063
   0.0039176064
   0.0032309672
   0.0008025798
  -0.0034358959
  -0.0037020874
  -0.0032594611
  -0.0045360147
  -0.0058638935
  -0.0055741089
  -0.0060909161
  -0.0044866009
  -0.0041189865
  -0.0046238423
  -0.0045999507
  -0.0044427027
  -0.0044959481
  -0.0046256422
  -0.0067189123
  -0.0077760463
  -0.0074035733
  -0.0083502847
  -0.0082970459
  -0.0074840563
  -0.0045672977
  -0.0041694651
  -0.0069571445
  -0.0063117882
  -0.0035234985
  -0.0038547152
  -0.0040696016
  -0.0025253439
  -0.0009793826
   0.0017459142
   0.0021814066
   0.0017166463
   0.0019125116
   0.0020842356
   0.0041722364
   0.0080236279
   0.0079743611
   0.0078515326
   0.0105673879
   0.0105345366
   0.0095609531
   0.0100833027
   0.0100544969
   0.0113579918
   0.0095376518
   0.0075763548
   0.0066904473
   0.0063333341
   0.0068185420
   0.0078670638
   0.0068159958
   0.0072862583
   0.0080769691
   0.0075620176
   0.0083052459
   0.0071405028
   0.0055804132
   0.0045282291
   0.0030076848
   0.0004215475
  -0.0006724978
  -0.0027354074
  -0.0041500333
  -0.0063247754
  -0.0084517455
  -0.0084589720
  -0.0094041351
  -0.0102891069
  -0.0101176420
  -0.0101100769
  -0.0090855914
  -0.0096226079
  -0.0121344478
  -0.0152067190
  -0.0162634298
  -0.0175122869
  -0.0203971522
  -0.0216414827
  -0.0261920619
  -0.0265296631
  -0.0245990876
  -0.0262130241
  -0.0277544282
  -0.0269176984
  -0.0254896152
  -0.0239000047
  -0.0222060308
  -0.0225357216
  -0.0229349175
  -0.0229848838
  -0.0235140411
  -0.0246524623
  -0.0236961074
  -0.0233764611
  -0.0234492164
  -0.0235910735
  -0.0227992087
  -0.0207083156
  -0.0199612557
  -0.0212445234
  -0.0206655847
  -0.0171472410
  -0.0155375838
  -0.0165096214
  -0.0156991312
  -0.0134148820
  -0.0106765073
  -0.0101833311
  -0.0098330835
  -0.0077718872
  -0.0070417152
  -0.0053463935
  -0.0021598995
  -0.0006698030
  -0.0014556818
  -0.0003671600
   0.0039242359
   0.0046014944
   0.0069061468
   0.0088501683
   0.0115766673
   0.0118344294
   0.0097308052
   0.0080229507
   0.0094114551
   0.0089359197
   0.0075303336
   0.0076705712
   0.0073989732
   0.0053360706
   0.0053225866
   0.0046032120
   0.0032536715
   0.0041186412
   0.0053521409
   0.0072868620
   0.0075592642
   0.0072385954
   0.0080975415
   0.0085694370
   0.0073257235
   0.0074434840
   0.0078153354
   0.0076771918
   0.0076955455
   0.0070160949
   0.0069310943
   0.0050743522
   0.0045442727
   0.0048439480
   0.0047006519
   0.0027901698
   0.0017228308
   0.0022230174
   0.0021496338
   0.0017782711
   0.0018345515
   0.0018259652
   0.0013993894
  -0.0007387017
  -0.0005946228
   0.0008758616
   0.0008792004
   0.0002180508
   0.0001344376
   0.0003723119
   0.0009109721
  -0.0006842812
  -0.0012534729
  -0.0011587694
  -0.0015637844
  -0.0020214331
  -0.0022633984
  -0.0024842192
  -0.0027235273
  -0.0030396962
  -0.0012801472
   0.0011949517
   0.0014472299
   0.0019818617
   0.0020906107
   0.0018025046
   0.0008613473
  -0.0018057644
   0.0012313939
   0.0024435734
   0.0025990637
   0.0029317530
   0.0018204930
   0.0037033104
   0.0050613004
   0.0052877394
   0.0062430583
   0.0068855699
   0.0068957748
   0.0077843020
   0.0069702364
   0.0057816618
   0.0048819986
   0.0049399288
   0.0051114338
   0.0050076985
   0.0037945819
   0.0018610492
   0.0020611482
   0.0023421192
   0.0019861392
  -0.0010798781
  -0.0042339179
  -0.0017718454
  -0.0018262528
  -0.0020682867
  -0.0028219897
  -0.0017511639
  -0.0014846068
   0.0002512094
   0.0006692815
   0.0004746945
   0.0013901865
   0.0041331477
   0.0090719426
   0.0112533810
   0.0100515809
   0.0102304683
   0.0144247696
   0.0160590891
   0.0165378413
   0.0197809136
   0.0209053294
   0.0218996858
   0.0231857515
   0.0240063085
   0.0208434697
   0.0190770702
   0.0217325159
   0.0248209176
   0.0233389697
   0.0214742482
   0.0221614064
   0.0203640893
   0.0185925618
   0.0192009791
   0.0193537940
   0.0163396891
   0.0127695925
   0.0126149242
   0.0109169182
   0.0103096080
   0.0086822388
   0.0052599516
   0.0036207312
   0.0019537048
  -0.0004345073
  -0.0034472325
  -0.0040014064
  -0.0035069871
  -0.0038016658
  -0.0068650554
  -0.0079957065
  -0.0075242521
  -0.0087133591
  -0.0097892188
  -0.0094265386
  -0.0093224425
  -0.0097335474
  -0.0098862733
  -0.0098686703
  -0.0098706329
  -0.0088690901
  -0.0091122632
  -0.0063370609
  -0.0083784734
  -0.0117296249
  -0.0115573402
  -0.0112762457
  -0.0119174140
  -0.0125470898
  -0.0126909385
  -0.0128661035
  -0.0133192933
  -0.0126622618
  -0.0131686191
  -0.0157675046
  -0.0166252166
  -0.0144505079
  -0.0147135317
  -0.0154202465
  -0.0156036628
  -0.0177014416
  -0.0165408308
  -0.0164685723
  -0.0179610103
  -0.0159298651
  -0.0155740706
  -0.0162312557
  -0.0161298083
  -0.0160003347
  -0.0160437963
  -0.0160572625
  -0.0160374987
  -0.0159611235
  -0.0158939530
  -0.0157620580
  -0.0170524453
  -0.0178515410
  -0.0154780698
  -0.0153885603
  -0.0144833703
  -0.0099337646
  -0.0091577073
  -0.0073172539
  -0.0032040371
  -0.0031930057
  -0.0012521416
   0.0021620206
   0.0028127137
   0.0043269894
   0.0056394372
   0.0075791661
   0.0098198735
   0.0131575321
   0.0097762070
   0.0069087865
   0.0101070629
   0.0111097485
   0.0122688289
   0.0127006354
   0.0121877667
   0.0119192852
   0.0134991096
   0.0161465558
   0.0162705427
   0.0142505914
   0.0156695546
   0.0165067633
   0.0155083748
   0.0154722511
   0.0162970384
   0.0147283857
   0.0142134319
   0.0143750216
   0.0140891087
   0.0138574370
   0.0138167199
   0.0124858694
   0.0114048616
   0.0092962631
   0.0093407627
   0.0095375538
   0.0093291611
   0.0098347632
   0.0104196921
   0.0102591204
   0.0119096684
   0.0136927820
   0.0133474976
   0.0132421429
   0.0135320077
   0.0135279823
   0.0135183388
   0.0114178310
   0.0087165870
   0.0080494219
   0.0074176410
   0.0050643255
   0.0047295111
   0.0035331732
   0.0018004169
   0.0020801213
   0.0023093215
   0.0020619065
  -0.0002290293
  -0.0034682482
  -0.0022628659
  -0.0026453967
  -0.0043068447
  -0.0042484355
  -0.0039568911
  -0.0042729954
  -0.0053083385
  -0.0084084309
  -0.0110420679
  -0.0136084675
  -0.0152824170
  -0.0122410768
  -0.0112049028
  -0.0124972193
  -0.0126728187
  -0.0132565135
  -0.0138645187
  -0.0132290376
  -0.0135791983
  -0.0140912717
  -0.0143719385
  -0.0145489414
  -0.0147889579
  -0.0150250248
  -0.0142172434
  -0.0130212352
  -0.0133184512
  -0.0126933644
  -0.0113926786
  -0.0105880070
  -0.0100284289
  -0.0102075235
  -0.0102172828
  -0.0091564799
  -0.0084333495
  -0.0085194439
  -0.0061354046
  -0.0038518571
  -0.0041637356
  -0.0044950927
  -0.0042546240
  -0.0038439423
  -0.0029084673
  -0.0040990556
  -0.0033948491
  -0.0031883811
  -0.0018920573
   0.0023040865
   0.0006275301
  -0.0042006367
  -0.0043128059
  -0.0030363124
  -0.0022428371
  -0.0014336728
  -0.0021775040
  -0.0041273959
  -0.0038156377
  -0.0035308676
  -0.0038775910
  -0.0068008388
  -0.0099770057
  -0.0071111490
  -0.0062183068
  -0.0085143738
  -0.0080146883
  -0.0071411978
  -0.0080655078
  -0.0065881044
  -0.0064256815
  -0.0066326864
  -0.0064015003
  -0.0054729711
  -0.0046261301
  -0.0058345620
  -0.0063732782
  -0.0056799783
  -0.0048664073
  -0.0025462015
  -0.0019843892
  -0.0016698676
   0.0009534976
   0.0034663346
   0.0030570452
   0.0024494276
   0.0031650175
   0.0065924461
   0.0058622874
   0.0049305014
   0.0071239112
   0.0069569128
   0.0075255174
   0.0076339463
   0.0074503318
   0.0074088440
   0.0074590932
   0.0074481242
   0.0082034443
   0.0123884741
   0.0113112422
   0.0080133985
   0.0075199127
   0.0084729171
   0.0085679912
   0.0072108388
   0.0074351080
   0.0078247361
   0.0076747615
   0.0068857637
   0.0053756360
   0.0048765164
   0.0025124436
   0.0032848653
   0.0031989313
   0.0017474127
   0.0018503429
   0.0021517696
   0.0020390924
   0.0019129447
   0.0000007322
  -0.0020670793
  -0.0019818704
  -0.0008929517
  -0.0023657502
  -0.0016925759
   0.0009997161
   0.0018610873
   0.0010814190
   0.0029875557
   0.0044706910
   0.0024611563
   0.0042608659
   0.0047288584
   0.0044985946
   0.0037118512
   0.0044760574
   0.0057493697
   0.0050653993
   0.0046129847
   0.0046449761
   0.0051880763
   0.0059538039
   0.0060316137
   0.0056095175
   0.0062962325
   0.0048143581
   0.0043190099
   0.0076522220
   0.0091655153
   0.0081439146
   0.0079245329
   0.0081598624
   0.0080076244
   0.0091777696
   0.0100599524
   0.0094826109
   0.0101799005
   0.0114374879
   0.0122458640
   0.0124731963
   0.0084874548
   0.0076562697
   0.0141917501
   0.0158585333
   0.0137383643
   0.0139945135
   0.0143373453
   0.0164704837
   0.0166413226
   0.0162898208
   0.0152587571
   0.0144296593
   0.0148900266
   0.0151787085
   0.0137759137
   0.0143135227
   0.0140040924
   0.0111771195
   0.0104969873
   0.0091498482
   0.0077890781
   0.0076736543
   0.0076872809
   0.0062209333
   0.0063740289
   0.0059641848
   0.0065096263
   0.0073009608
   0.0056400565
   0.0056134137
   0.0052099563
   0.0058547089
   0.0066310112
   0.0060547078
   0.0054682485
   0.0032008092
  -0.0000857119
   0.0020435967
   0.0024806883
  -0.0028681512
  -0.0073833886
  -0.0079231161
  -0.0088669114
  -0.0113954676
  -0.0137227885
  -0.0135151287
  -0.0145684378
  -0.0162907208
  -0.0172860017
  -0.0201512636
  -0.0222009718
  -0.0229526496
  -0.0209244249
  -0.0210359748
  -0.0227284361
  -0.0244753636
  -0.0229949528
  -0.0218871508
  -0.0231427578
  -0.0221709007
  -0.0211349606
  -0.0215283223
  -0.0206984515
  -0.0199288344
  -0.0208729527
  -0.0206172290
  -0.0191398388
  -0.0182635638
  -0.0174302735
  -0.0162022828
  -0.0155421282
  -0.0157780927
  -0.0143438144
  -0.0113312643
  -0.0107536444
  -0.0101114781
  -0.0098804947
  -0.0088292239
  -0.0077754760
  -0.0052778062
  -0.0035638725
  -0.0040038367
  -0.0040979151
  -0.0037990662
  -0.0019053542
   0.0009164704
   0.0006022516
   0.0020673874
   0.0063631936
   0.0040321213
   0.0023013955
   0.0040791649
   0.0056472986
   0.0072945274
   0.0074029340
   0.0070712272
   0.0071073375
   0.0069381760
   0.0062207795
   0.0053399111
   0.0041504655
   0.0016878245
   0.0040150597
   0.0048998377
   0.0037173112
   0.0021214120
   0.0006116986
   0.0014807534
   0.0012370780
  -0.0001612869
  -0.0004868227
   0.0018075213
   0.0012263605
   0.0022486045
   0.0027439549
   0.0030063059
   0.0051248131
   0.0070554108
   0.0078420606
   0.0074228158
   0.0080302641
   0.0085479067
   0.0072816827
   0.0072063634
   0.0074545666
   0.0054134883
   0.0059451116
   0.0079841605
   0.0068855365
   0.0050456511
   0.0069490937
   0.0065264094
   0.0047140356
   0.0039606180
   0.0035625671
   0.0043550378
   0.0031971982
   0.0019395048
   0.0045515482
   0.0048193258
   0.0009342877
  -0.0021450898
  -0.0037411672
  -0.0036674050
  -0.0038025413
  -0.0041594964
  -0.0051220040
  -0.0070752035
  -0.0093956276
  -0.0095732676
  -0.0117426656
  -0.0137387720
  -0.0115336936
  -0.0116242456
  -0.0136497393
  -0.0134894372
  -0.0125734942
  -0.0133025569
  -0.0139051132
  -0.0139902698
  -0.0132881328
  -0.0124288459
  -0.0094584587
  -0.0088236726
  -0.0096746571
  -0.0096459850
  -0.0096304270
  -0.0098789108
  -0.0100007859
  -0.0102007492
  -0.0091396567
  -0.0085503259
  -0.0088232404
  -0.0073145273
  -0.0049885073
  -0.0041613944
  -0.0044554872
  -0.0043644184
  -0.0037800821
  -0.0011090680
   0.0017717229
   0.0020146153
   0.0031132779
   0.0040463716
   0.0033151770
   0.0044494837
   0.0057408846
   0.0077349015
   0.0081627205
   0.0078722298
   0.0079107860
   0.0080225943
   0.0085194729
   0.0113283974
   0.0127210207
   0.0132842879
   0.0135339880
   0.0133019822
   0.0132417241
   0.0123042353
   0.0078022613
   0.0068195957
   0.0097755254
   0.0088391214
   0.0064085197
   0.0053755936
   0.0053523636
   0.0047517654
   0.0008811329
  -0.0014507505
  -0.0017806329
  -0.0019513238
  -0.0024994385
  -0.0027629234
  -0.0029721381
  -0.0032666476
  -0.0034926789
  -0.0036300049
  -0.0037902647
  -0.0038655639
  -0.0040169420
  -0.0041508754
  -0.0041074584
  -0.0038009708
  -0.0012832791
   0.0016282135
   0.0017903448
   0.0019601224
   0.0045652884
   0.0066809909
   0.0076680072
   0.0074424192
   0.0075715274
   0.0078224149
   0.0085972559
   0.0089859373
   0.0078540966
   0.0105291234
   0.0143513773
   0.0116665644
   0.0078914210
   0.0077911966
   0.0084296716
   0.0080265729
   0.0076887534
   0.0077639657
   0.0063371389
   0.0029142725
   0.0029370436
   0.0022113761
   0.0006716181
  -0.0001906296
   0.0016706535
   0.0012129941
  -0.0002030980
  -0.0001816378
  -0.0002170991
  -0.0007132122
  -0.0011301436
  -0.0014493669
  -0.0017222745
  -0.0019808877
  -0.0022900411
  -0.0025079237
  -0.0027175928
  -0.0030398767
  -0.0032082384
  -0.0033320471
  -0.0035060158
  -0.0037525015
  -0.0038282306
  -0.0039337213
  -0.0040452622
  -0.0046805963
  -0.0051139042
  -0.0058736484
  -0.0072161941
  -0.0070836553
  -0.0068346011
  -0.0048140017
  -0.0036822769
  -0.0041557762
  -0.0041724747
  -0.0047743984
  -0.0047786733
  -0.0037897189
  -0.0038396407
  -0.0038119108
  -0.0016343899
  -0.0029293538
  -0.0043279406
  -0.0037513030
  -0.0035876750
  -0.0038533942
  -0.0038429799
  -0.0026281168
  -0.0019894540
  -0.0035088962
  -0.0041136936
  -0.0036625109
  -0.0047114048
  -0.0044066860
  -0.0035348150
  -0.0038008349
  -0.0041406036
  -0.0029212897
  -0.0020152716
  -0.0014204174
  -0.0017515000
  -0.0019250551
  -0.0020954487
  -0.0024380220
  -0.0038192599
  -0.0012035540
   0.0004515743
  -0.0007391738
  -0.0012279602
  -0.0010702524
  -0.0006085251
   0.0011876543
   0.0017679971
   0.0032404214
   0.0033235731
   0.0028841747
   0.0026900100
   0.0026273349
   0.0023917492
   0.0022007382
   0.0029957245
   0.0029884223
   0.0031165548
   0.0033470459
   0.0037892088
   0.0033882219
   0.0034032095
   0.0030877913
   0.0032174943
   0.0063787381
   0.0079421960
   0.0060524156
   0.0041704876
   0.0057356830
   0.0071615720
   0.0078225219
   0.0077121883
   0.0077351554
   0.0078644619
   0.0080226678
   0.0079541451
   0.0072971827
   0.0028253378
   0.0050419376
   0.0091799349
   0.0081051133
   0.0074685652
   0.0076375017
   0.0065486949
   0.0041686030
   0.0045506928
   0.0046097256
   0.0030451852
   0.0016700055
   0.0015423127
   0.0021281939
   0.0021230126
   0.0006859573
   0.0018445060
   0.0020038861
   0.0008913492
   0.0004633141
  -0.0003883871
   0.0005639361
  -0.0008356128
  -0.0016866213
  -0.0006117303
  -0.0001587572
  -0.0007336122
   0.0002720881
   0.0012896602
   0.0018541072
   0.0026343097
   0.0024938493
   0.0021633499
   0.0021157692
   0.0020378631
   0.0019022878
   0.0017697831
   0.0017029665
   0.0017724088
   0.0017221021
   0.0017523719
   0.0018103246
   0.0017950442
   0.0017864437
   0.0017994744
   0.0019463388
   0.0027565211
   0.0050702578
   0.0072726317
   0.0074234173
   0.0030295426
   0.0035894148
   0.0078666606
   0.0085291944
   0.0075882371
   0.0078931630
   0.0081247501
   0.0078913141
   0.0098624552
   0.0095593091
   0.0086682981
   0.0091704629
   0.0092457109
   0.0097419925
   0.0073664873
   0.0070983556
   0.0073164230
   0.0054597389
   0.0049098710
   0.0049795165
   0.0045214169
   0.0041926662
   0.0051362009
   0.0067462635
   0.0063033365
   0.0057113882
   0.0056747990
   0.0044156612
   0.0035113377
   0.0033354688
   0.0020267491
   0.0018612849
   0.0030176580
   0.0026064573
   0.0028282850
   0.0038066602
   0.0018844804
   0.0029417640
   0.0063017125
   0.0033769833
  -0.0004995796
  -0.0007673739
  -0.0035711725
  -0.0043537368
  -0.0037864354
  -0.0037964041
  -0.0039748661
  -0.0050868093
  -0.0060288581
  -0.0074267343
  -0.0093670825
  -0.0094475343
  -0.0091582754
  -0.0086846870
  -0.0077637229
  -0.0085299339
  -0.0086306128
  -0.0081597689
  -0.0089410344
  -0.0092198678
  -0.0102094103
  -0.0090245024
  -0.0080197028
  -0.0075869718
  -0.0065618648
  -0.0059795289
  -0.0066256359
  -0.0060568130
  -0.0059183820
  -0.0063778605
  -0.0066099265
  -0.0057277281
  -0.0084175131
  -0.0080933469
  -0.0076130086
  -0.0082220007
  -0.0085432932
  -0.0085221394
  -0.0088345035
  -0.0091327866
  -0.0091513095
  -0.0093732263
  -0.0109417498
  -0.0120804071
  -0.0115216019
  -0.0126073345
  -0.0130748081
  -0.0106441462
  -0.0106447031
  -0.0155924844
  -0.0164750882
  -0.0153268832
  -0.0156460350
  -0.0159375505
  -0.0167462028
  -0.0174913202
  -0.0164979618
  -0.0165616594
  -0.0171257486
  -0.0210720071
  -0.0219421450
  -0.0211485204
  -0.0212947125
  -0.0214390824
  -0.0212777689
  -0.0212457464
  -0.0200943091
  -0.0180142089
  -0.0170122540
  -0.0153514097
  -0.0141191219
  -0.0112674687
  -0.0094096173
  -0.0097068400
  -0.0064454052
  -0.0035200011
  -0.0031604107
  -0.0014211550
   0.0008883140
   0.0023945003
   0.0040972067
   0.0060489961
   0.0063397408
   0.0056059889
   0.0054285383
   0.0055797449
   0.0076238172
   0.0103749697
   0.0102433731
   0.0096948486
   0.0119127114
   0.0127933505
   0.0141523830
   0.0147971668
   0.0144969835
   0.0152957139
   0.0144954152
   0.0185861818
   0.0200825649
   0.0153332633
   0.0138176733
   0.0148522122
   0.0151988487
   0.0136188617
   0.0130753917
   0.0136213522
   0.0135816977
   0.0133987025
   0.0124303183
   0.0101523489
   0.0074210114
   0.0081402011
   0.0098380200
   0.0105976662
   0.0093722907
   0.0075830890
   0.0080228883
   0.0082561863
   0.0079761766
   0.0079569965
   0.0080233094
   0.0078306350
   0.0073550127
   0.0061000272
   0.0049896545
   0.0044601207
   0.0044520633
   0.0024551193
   0.0005466578
   0.0007966620
   0.0007407826
   0.0003377012
  -0.0003282406
  -0.0016213517
  -0.0030346016
  -0.0035867661
  -0.0036093234
  -0.0038940111
  -0.0041931808
  -0.0039000391
  -0.0030348578
  -0.0039354455
  -0.0042351810
  -0.0032693564
  -0.0037804897
  -0.0051410549
  -0.0039781452
   0.0000986677
  -0.0017243986
  -0.0042215722
  -0.0046500729
  -0.0036232574
  -0.0034809837
  -0.0038317035
  -0.0038089570
  -0.0038423473
  -0.0051395557
  -0.0048773317
  -0.0045854977
  -0.0062957357
  -0.0080879492
  -0.0057671799
  -0.0034894109
  -0.0038450361
  -0.0042762768
  -0.0040307201
  -0.0051427747
  -0.0051717542
  -0.0049679393
  -0.0042132430
  -0.0056993277
  -0.0049157409
  -0.0045576208
  -0.0051304090
  -0.0053826687
  -0.0054701977
  -0.0057138587
  -0.0059726254
  -0.0062428378
  -0.0065319363
  -0.0068403908
  -0.0070771928
  -0.0073507935
  -0.0063751182
  -0.0078293897
  -0.0075757021
  -0.0076412486
  -0.0088793662
  -0.0089325270
  -0.0088505582
  -0.0091902913
  -0.0094684631
  -0.0095425928
  -0.0093041267
  -0.0083784110
  -0.0087391554
  -0.0078754755
  -0.0041219225
  -0.0024678682
  -0.0042784176
  -0.0042885801
  -0.0026136281
  -0.0018563112
  -0.0007734022
   0.0016872304
   0.0023269712
   0.0021941127
   0.0046132275
   0.0053459012
   0.0033238515
   0.0019848218
   0.0063519684
   0.0088251451
   0.0075781814
   0.0078594252
   0.0097687176
   0.0111087349
   0.0135404416
   0.0140750856
   0.0134887466
   0.0135833930
   0.0136880883
   0.0135256655
   0.0134197115
   0.0133359071
   0.0130967616
   0.0129898275
   0.0129984552
   0.0123022638
   0.0114116047
   0.0119768412
   0.0096006366
   0.0088634140
   0.0105099233
   0.0094431413
   0.0082559412
   0.0080441936
   0.0060691475
   0.0059877445
   0.0050901040
   0.0036324375
   0.0032187686
   0.0037912092
   0.0015724941
   0.0008905900
   0.0012750343
   0.0010158386
   0.0026577179
   0.0031661335
  -0.0009159739
  -0.0022257949
  -0.0005185220
   0.0004791335
  -0.0002829617
  -0.0004745802
  -0.0002140941
  -0.0001813798
   0.0008319770
   0.0016735339
   0.0003341172
  -0.0023410054
   0.0010052354
   0.0044503814
   0.0042697698
   0.0048144494
   0.0051300347
   0.0050138313
   0.0050623496
   0.0050162394
   0.0051266754
   0.0064285173
   0.0068111484
   0.0069713881
   0.0067288454
   0.0056855162
   0.0067995779
   0.0064050913
   0.0055321355
   0.0078351883
   0.0059076380
   0.0030732091
   0.0060849594
   0.0047945164
   0.0026604312
   0.0027830993
   0.0027901164
   0.0015474479
   0.0028253534
   0.0018194609
   0.0011165409
   0.0021397750
   0.0021718268
   0.0008843820
   0.0020944064
   0.0011042375
   0.0003564563
   0.0006288563
   0.0028267947
   0.0048043982
   0.0029197348
   0.0011476802
   0.0006727689
   0.0009497269
  -0.0004017822
  -0.0001619310
   0.0001826726
   0.0001989509
   0.0000172642
  -0.0006322722
  -0.0017318559
  -0.0048859794
  -0.0038485959
  -0.0013969120
  -0.0041717953
  -0.0059322358
  -0.0052332019
  -0.0060138125
  -0.0065145360
  -0.0069071136
  -0.0080000348
  -0.0075321692
  -0.0072571518
  -0.0066595319
  -0.0059324986
  -0.0061095460
  -0.0063506229
  -0.0053335689
  -0.0043358086
  -0.0034052189
  -0.0034563347
  -0.0033969053
  -0.0022652117
  -0.0034931734
  -0.0038631892
  -0.0046632718
  -0.0066752213
  -0.0065966452
  -0.0062569522
  -0.0064669333
  -0.0065210475
  -0.0072739550
  -0.0081368908
  -0.0072656703
  -0.0073029724
  -0.0065194948
  -0.0063762699
  -0.0059585110
  -0.0028367301
  -0.0049076367
  -0.0074186523
  -0.0057077772
  -0.0044997730
  -0.0051793750
  -0.0062108732
  -0.0066839448
  -0.0056389025
  -0.0045622187
  -0.0029941719
  -0.0015871173
  -0.0028505326
  -0.0025221138
  -0.0000328390
   0.0011720318
   0.0010665957
   0.0020833044
   0.0032682960
   0.0033526774
   0.0029785137
   0.0029736841
   0.0029466092
   0.0027524712
   0.0025461413
   0.0023364677
   0.0020707957
   0.0012669029
   0.0000688396
   0.0006977826
   0.0015806304
   0.0011247558
   0.0008568174
   0.0012232939
   0.0024008737
   0.0011753750
   0.0028843306
   0.0039950241
   0.0033379570
   0.0031181498
   0.0032021926
   0.0034548265
   0.0041855666
   0.0043390588
   0.0059042586
   0.0068564188
   0.0074457362
   0.0085021840
   0.0083506188
   0.0080493640
   0.0102085326
   0.0106621746
   0.0072496067
   0.0072772296
   0.0082538383
   0.0083439826
   0.0068097360
   0.0076410659
   0.0087258228
   0.0079267650
   0.0070377856
   0.0082158011
   0.0065117181
   0.0045103098
   0.0053621720
   0.0082386568
   0.0088927322
   0.0073027229
   0.0074789550
   0.0080640643
   0.0081331528
   0.0087469187
   0.0086531924
   0.0085648792
   0.0085876503
   0.0073143156
   0.0068930325
   0.0084149134
   0.0056240886
   0.0040198246
   0.0036954913
   0.0025929577
   0.0027059288
   0.0029576272
   0.0028191962
   0.0015864307
   0.0019053713
   0.0001293178
  -0.0002198775
  -0.0007312761
  -0.0029931293
  -0.0021531748
  -0.0020221098
  -0.0033129783
  -0.0032821365
  -0.0032392140
  -0.0033161149
  -0.0015051369
  -0.0027743490
  -0.0030844699
  -0.0005202933
   0.0008980422
  -0.0012725505
  -0.0038128353
  -0.0024689107
  -0.0034676222
  -0.0039405178
  -0.0031774701
  -0.0035685350
  -0.0040053515
  -0.0041835684
  -0.0039952603
  -0.0048584256
  -0.0078198732
  -0.0054767626
  -0.0041843437
  -0.0040620832
  -0.0041353508
  -0.0034287919
  -0.0052199496
  -0.0047239375
  -0.0039060738
  -0.0059778225
  -0.0048628831
  -0.0039147951
  -0.0051068092
  -0.0045292204
  -0.0029393225
  -0.0026943517
  -0.0029379547
  -0.0027826225
  -0.0026366398
  -0.0014239792
  -0.0016771718
  -0.0000251720
   0.0007318192
   0.0004020591
   0.0004161927
   0.0005151209
  -0.0007585383
  -0.0012006471
  -0.0003971598
  -0.0011963391
  -0.0028203434
  -0.0024238943
  -0.0020194917
  -0.0035559242
  -0.0030813779
  -0.0007293218
   0.0004982629
   0.0041962594
   0.0036193233
   0.0004273018
   0.0002508686
   0.0006218258
   0.0011262831
  -0.0004119314
  -0.0001705956
  -0.0001217911
  -0.0015312820
  -0.0017438182
  -0.0017952706
  -0.0050946128
  -0.0084151985
  -0.0048137744
  -0.0038759782
  -0.0057326200
  -0.0048285037
  -0.0076729437
  -0.0088280834
  -0.0068444697
  -0.0059824471
  -0.0070607772
  -0.0071564439
  -0.0079183511
  -0.0085906197
  -0.0083813070
  -0.0081946896
  -0.0082307642
  -0.0081100142
  -0.0080341625
  -0.0080969022
  -0.0082698507
  -0.0083323030
  -0.0084261452
  -0.0097603840
  -0.0090792114
  -0.0085889601
  -0.0092172593
  -0.0095273222
  -0.0096006967
  -0.0098336092
  -0.0101679403
  -0.0106020836
  -0.0108790681
  -0.0112195118
  -0.0115682357
  -0.0119352263
  -0.0122205467
  -0.0121581768
  -0.0080269649
  -0.0079967513
  -0.0135459840
  -0.0139581960
  -0.0117477513
  -0.0109865926
  -0.0088544076
  -0.0082641368
  -0.0086448943
  -0.0085416180
  -0.0083956553
  -0.0084519549
  -0.0084768199
  -0.0084249846
  -0.0061987659
  -0.0021506919
  -0.0022040583
  -0.0028024821
  -0.0021969189
  -0.0019670085
  -0.0001738574
   0.0001377147
   0.0017578938
   0.0021885275
   0.0038848621
   0.0040313616
   0.0036986011
   0.0037721427
   0.0036224643
   0.0033124816
   0.0031005402
   0.0039541711
   0.0047341803
   0.0053797193
   0.0063149247
   0.0078634394
   0.0073744289
   0.0067291796
   0.0066962481
   0.0079695449
   0.0107118647
   0.0118519699
   0.0109618388
   0.0107376921
   0.0108124857
   0.0105286177
   0.0102289847
   0.0099791888
   0.0097488536
   0.0110389670
   0.0154417055
   0.0149640761
   0.0118017675
   0.0110844156
   0.0116049073
   0.0122993545
   0.0119901180
   0.0112572973
   0.0107303854
   0.0107427177
   0.0096032296
   0.0113934917
   0.0111976117
   0.0092684396
   0.0109153521
   0.0133573884
   0.0129656062
   0.0126602391
   0.0129943652
   0.0129629107
   0.0113369827
   0.0093882853
   0.0096208102
   0.0097530082
   0.0093432176
   0.0091312049
   0.0086855000
   0.0076619970
   0.0081919451
   0.0056683588
   0.0044938898
   0.0030812910
   0.0011022228
   0.0009271821
   0.0008079379
   0.0003410708
   0.0000149280
  -0.0002641340
  -0.0006290690
  -0.0027307204
  -0.0032747050
  -0.0020321176
  -0.0014311322
  -0.0019847886
  -0.0021054560
  -0.0032689576
  -0.0031108297
  -0.0030819950
  -0.0041495432
  -0.0045957115
  -0.0021599728
  -0.0030838862
  -0.0071197188
  -0.0076700566
  -0.0064400321
  -0.0077538321
  -0.0081798913
  -0.0076752181
  -0.0076123225
  -0.0064904417
  -0.0043739127
  -0.0046059364
  -0.0071358314
  -0.0077453069
  -0.0072388070
  -0.0074620983
  -0.0077177463
  -0.0078087483
  -0.0080043075
  -0.0080747593
  -0.0082419270
  -0.0084951513
  -0.0087103852
  -0.0089176017
  -0.0091419868
  -0.0094817199
  -0.0099647157
  -0.0097561737
  -0.0080611461
  -0.0082631610
  -0.0055229887
  -0.0053088531
  -0.0062036890
  -0.0062184160
  -0.0062800820
  -0.0067127595
  -0.0069189825
  -0.0070015394
  -0.0071893731
  -0.0062505054
  -0.0073162604
  -0.0053874559
  -0.0026162122
  -0.0020923750
  -0.0020503641
  -0.0007750947
  -0.0017122195
  -0.0021150895
   0.0005065874
   0.0038744033
   0.0042784978
   0.0038124878
   0.0041709955
   0.0044220189
   0.0042942094
   0.0041668610
   0.0042136217
   0.0042346798
   0.0041383002
   0.0039914844
   0.0038539333
   0.0036873047
   0.0034412378
   0.0031163454
   0.0031959752
   0.0052981135
   0.0055261141
   0.0046477673
   0.0045500378
   0.0044311300
   0.0040182630
   0.0040886948
   0.0061091361
   0.0061297063
   0.0053005306
   0.0052633577
   0.0052052916
   0.0048842151
   0.0045923455
   0.0043586288
   0.0042237620
   0.0041396747
   0.0047117545
   0.0056366459
   0.0047904665
   0.0048621992
   0.0051228126
   0.0077056301
   0.0058019513
   0.0032904612
   0.0042082330
   0.0045253576
   0.0040781335
   0.0040863647
   0.0043310125
   0.0042961296
   0.0041410202
   0.0041640764
   0.0041980972
   0.0040884988
   0.0039149733
   0.0037465046
   0.0020638993
  -0.0010360428
  -0.0003407914
   0.0004576003
  -0.0003332889
  -0.0047751090
  -0.0048152269
   0.0014269803
   0.0005654418
  -0.0014720041
  -0.0037045712
  -0.0054655575
  -0.0038331716
  -0.0023735069
  -0.0049850255
  -0.0070170060
  -0.0064032981
  -0.0052670667
  -0.0066066607
  -0.0075614718
  -0.0073376036
  -0.0069320143
  -0.0046650450
  -0.0044136808
  -0.0037240120
  -0.0030744989
  -0.0027936227
  -0.0018323599
  -0.0018480034
  -0.0019629270
  -0.0017882200
  -0.0017023341
   0.0002947137
   0.0023761400
   0.0029836640
   0.0041331143
   0.0045863642
   0.0044329255
   0.0057457454
   0.0068348551
   0.0073672759
   0.0060352715
   0.0068653161
   0.0081515845
   0.0087766290
   0.0096321869
   0.0097831105
   0.0121519037
   0.0155708138
   0.0129869226
   0.0108069722
   0.0123074520
   0.0131992961
   0.0135710295
   0.0133797919
   0.0138872964
   0.0135462491
   0.0120355934
   0.0119859634
   0.0118531818
   0.0093656367
   0.0100744745
   0.0115019451
   0.0107542213
   0.0102828182
   0.0103441478
   0.0102390715
   0.0100109017
   0.0098585211
   0.0076127658
   0.0064401234
   0.0057036248
   0.0056009165
   0.0060213130
   0.0040872290
   0.0037724167
   0.0043785329
   0.0042511533
   0.0027845250
   0.0010053989
  -0.0005232395
  -0.0014253873
  -0.0014219616
  -0.0012886569
  -0.0013828883
  -0.0014798354
  -0.0014408621
  -0.0015266264
  -0.0016318551
  -0.0017766745
  -0.0019346102
  -0.0032844822
  -0.0023600162
  -0.0029565713
  -0.0045249411
  -0.0058364243
  -0.0060973786
  -0.0053713923
  -0.0044797531
  -0.0079454483
  -0.0107706726
  -0.0103938490
  -0.0105459222
  -0.0112580346
  -0.0116192312
  -0.0117882189
  -0.0120954126
  -0.0124420581
  -0.0126605800
  -0.0130450377
  -0.0174237733
  -0.0165644952
  -0.0123044001
  -0.0130901121
  -0.0148206797
  -0.0152768947
  -0.0149751810
  -0.0163647725
  -0.0175306918
  -0.0173302095
  -0.0174543901
  -0.0166150140
  -0.0161682955
  -0.0161022032
  -0.0139129390
  -0.0127292229
  -0.0132825280
  -0.0133001332
  -0.0129674997
  -0.0109567286
  -0.0098598176
  -0.0090915905
  -0.0082539007
  -0.0076532935
  -0.0079163329
  -0.0081199116
  -0.0082722744
  -0.0082761193
  -0.0062426841
  -0.0045485319
  -0.0033787722
  -0.0037131232
  -0.0038287341
  -0.0018433258
  -0.0013070756
  -0.0008836624
   0.0011357190
   0.0031812949
   0.0054259609
   0.0035078024
   0.0021228620
   0.0025185696
   0.0023810119
   0.0019572311
   0.0017566715
   0.0018258244
   0.0039785261
   0.0047873589
   0.0040911163
   0.0036403234
  -0.0007045337
  -0.0010497250
   0.0043043920
   0.0047174796
   0.0034865996
   0.0040211657
   0.0044516289
   0.0042194070
   0.0041539607
   0.0042464552
   0.0042472126
   0.0054337354
   0.0050667225
   0.0041540475
   0.0047555836
   0.0057670640
   0.0058353439
   0.0073408225
   0.0073307513
   0.0083962167
   0.0102144448
   0.0097482410
   0.0093959150
   0.0094636625
   0.0093431708
   0.0091106570
   0.0089313040
   0.0086365540
   0.0084049201
   0.0080699008
   0.0077185705
   0.0074305503
   0.0071861297
   0.0069079378
   0.0048222997
   0.0029371973
   0.0019784839
   0.0035256860
   0.0051232805
   0.0005457571
  -0.0016526175
  -0.0013733270
  -0.0037778322
  -0.0052537097
  -0.0071066313
  -0.0075230514
  -0.0074571284
  -0.0075840246
  -0.0083514096
  -0.0097487155
  -0.0127603656
  -0.0139977503
  -0.0134016742
  -0.0134673811
  -0.0137185449
  -0.0135480802
  -0.0134715446
  -0.0135313772
  -0.0134713842
  -0.0133836792
  -0.0134075574
  -0.0134133939
  -0.0131458814
  -0.0109433849
  -0.0099252171
  -0.0104567023
  -0.0094406575
  -0.0068825247
  -0.0070095278
  -0.0074648673
  -0.0072468466
  -0.0070472130
  -0.0050645773
  -0.0041913719
  -0.0036591984
  -0.0029153084
  -0.0050266136
  -0.0053471910
  -0.0051731354
  -0.0055682613
  -0.0049310583
  -0.0051726743
  -0.0042580701
  -0.0035419346
  -0.0041961369
  -0.0046405653
  -0.0044707533
  -0.0022628526
   0.0003786177
   0.0003078001
  -0.0003420117
  -0.0002936736
  -0.0004373436
  -0.0009300870
  -0.0011128784
  -0.0008428676
   0.0016055852
   0.0043004157
   0.0042522359
   0.0035174638
   0.0002374376
   0.0016650051
   0.0047853807
   0.0043661738
   0.0050555508
   0.0080464257
   0.0102797886
   0.0096144770
   0.0094567144
   0.0098301720
   0.0098338944
   0.0098992649
   0.0099757537
   0.0099624301
   0.0099798860
   0.0100807409
   0.0101636320
   0.0101896799
   0.0101767083
   0.0101804730
   0.0101855944
   0.0102084903
   0.0102730834
   0.0101797557
   0.0101657126
   0.0101911502
   0.0101846855
   0.0100918614
   0.0101088227
   0.0100019576
   0.0099086768
   0.0097349442
   0.0094916285
   0.0092973880
   0.0091748246
   0.0089209142
   0.0085877104
   0.0087126908
   0.0108059431
   0.0095832987
   0.0069200518
   0.0071770453
   0.0072804063
   0.0066372865
   0.0062837331
   0.0065183587
   0.0073974651
   0.0066978454
   0.0061202610
   0.0066643771
   0.0052986549
   0.0043146882
   0.0060768685
   0.0077298625
   0.0059917676
   0.0062522808
   0.0074083829
   0.0065528361
   0.0051454746
   0.0053876876
   0.0044513460
   0.0037078615
   0.0039724446
   0.0040709114
   0.0034904646
   0.0010748944
  -0.0009075959
  -0.0019460454
  -0.0016193722
  -0.0015376631
  -0.0021777646
  -0.0044512747
  -0.0030826477
  -0.0022292707
  -0.0025297614
  -0.0030989385
  -0.0037051371
  -0.0034331916
  -0.0043310593
  -0.0031995127
  -0.0026689742
  -0.0026833738
  -0.0015649105
  -0.0015617822
  -0.0019591307
  -0.0019273812
  -0.0020298815
  -0.0001096108
   0.0032191049
   0.0006343599
  -0.0017710105
  -0.0003511792
   0.0000853536
  -0.0008645122
  -0.0011313797
  -0.0000491649
   0.0006263363
   0.0010508743
   0.0007224853
  -0.0003841499
  -0.0028623682
  -0.0025671459
  -0.0000762001
  -0.0003823470
  -0.0012800361
  -0.0010538627
  -0.0010957424
  -0.0014863362
  -0.0016611860
  -0.0016506173
  -0.0016773251
  -0.0017649771
  -0.0018652263
  -0.0011321748
   0.0010275193
   0.0012135256
   0.0008399915
   0.0023920210
   0.0036459973
   0.0041201560
   0.0039215449
   0.0040604593
   0.0042452945
   0.0041864087
   0.0041569970
   0.0041876762
   0.0041910467
   0.0041888057
   0.0042901818
   0.0042731469
   0.0030304715
   0.0042090974
   0.0047092484
   0.0043156328
   0.0043235677
   0.0044643110
   0.0044319164
   0.0055777757
   0.0063945835
   0.0041333749
   0.0038789477
   0.0044329233
   0.0041945285
   0.0039614266
   0.0039593103
   0.0037262486
   0.0034703644
   0.0033486743
   0.0032227115
   0.0027724511
  -0.0008684246
  -0.0038105497
  -0.0010848262
  -0.0003143044
  -0.0027122064
  -0.0048293346
  -0.0045347450
  -0.0046657489
  -0.0052943265
  -0.0066762572
  -0.0077369843
  -0.0078358700
  -0.0084722778
  -0.0106881469
  -0.0102796750
  -0.0097277711
  -0.0122311615
  -0.0119094078
  -0.0117301907
  -0.0121962786
  -0.0114965519
  -0.0103059524
  -0.0104627170
  -0.0108214564
  -0.0106287464
  -0.0105944472
  -0.0107255091
  -0.0103806947
  -0.0091559609
  -0.0094224798
  -0.0106975208
  -0.0116625836
  -0.0105277334
  -0.0085547589
  -0.0093210792
  -0.0106191920
  -0.0090339032
  -0.0077605663
  -0.0070537111
  -0.0071944098
  -0.0077077798
  -0.0083343302
  -0.0084183841
  -0.0077577238
  -0.0073668861
  -0.0082234286
  -0.0089742220
  -0.0077490493
  -0.0079535659
  -0.0085255499
  -0.0090943929
  -0.0098577503
  -0.0089299719
  -0.0081077553
  -0.0089139706
  -0.0087605876
  -0.0075597654
  -0.0075534366
  -0.0076132024
  -0.0074376743
  -0.0075386161
  -0.0068727475
  -0.0061664069
  -0.0065976833
  -0.0069163494
  -0.0069944755
  -0.0070087325
  -0.0059807096
  -0.0052748190
  -0.0044897976
  -0.0033356002
  -0.0025192312
  -0.0017943022
  -0.0018733180
  -0.0019954720
  -0.0012929307
  -0.0002927436
   0.0009528596
   0.0012143681
   0.0011882825
   0.0026506741
   0.0038008394
   0.0044250418
   0.0043450512
   0.0043677777
   0.0054379769
   0.0077546920
   0.0097684615
   0.0104737640
   0.0103561504
   0.0105513978
   0.0105879291
   0.0104729108
   0.0102992427
   0.0082904654
   0.0092927389
   0.0106530635
   0.0100442987
   0.0094777435
   0.0060880826
   0.0029931048
   0.0034214741
   0.0044400585
   0.0046621335
   0.0041658875
   0.0021418563
   0.0018644232
   0.0017961202
   0.0012354511
   0.0008373521
   0.0007127063
   0.0003973071
   0.0000059432
  -0.0001761973
   0.0007357352
   0.0003692357
   0.0003082220
   0.0004109572
   0.0014031923
   0.0034227327
   0.0042687362
   0.0030290369
   0.0042107236
   0.0044491985
   0.0039619323
   0.0039483258
   0.0042485848
   0.0041871460
   0.0042584667
   0.0043227635
   0.0043548551
   0.0045154936
   0.0045324082
   0.0045595232
   0.0046411935
   0.0047246437
   0.0047206117
   0.0057017068
   0.0089209922
   0.0057430477
   0.0040323619
   0.0051386156
   0.0051577200
   0.0046315232
   0.0046990435
   0.0047481366
   0.0046061302
   0.0044241619
   0.0043665414
   0.0036868703
  -0.0011510207
  -0.0027713863
   0.0009703300
   0.0040185103
   0.0026837926
   0.0022495579
   0.0024502675
   0.0021141993
   0.0015435388
   0.0011457601
   0.0009683289
   0.0007203031
   0.0003233037
   0.0016644303
   0.0029471282
   0.0028389867
   0.0039551647
   0.0039978443
   0.0045405993
   0.0042720019
   0.0028440145
   0.0037401246
   0.0042737863
   0.0037968786
   0.0036600315
   0.0036499113
   0.0036116424
   0.0035839125
   0.0037247493
   0.0037951945
   0.0038308192
   0.0038926433
   0.0038274688
   0.0015330559
  -0.0004295689
  -0.0008913113
  -0.0012425720
   0.0000804042
   0.0035874166
   0.0000155238
  -0.0021720732
  -0.0009015013
  -0.0008235360
  -0.0014136578
  -0.0013313980
  -0.0022234084
  -0.0033028982
  -0.0039829792
  -0.0029257873
  -0.0019136553
  -0.0050423809
  -0.0078841856
  -0.0034929484
  -0.0015628789
  -0.0032620452
  -0.0035080920
  -0.0032109450
  -0.0035983499
  -0.0039840997
  -0.0041407663
  -0.0029145733
  -0.0029449318
  -0.0018330748
  -0.0021834594
  -0.0013976674
  -0.0001863960
  -0.0006862066
  -0.0010650145
  -0.0010584256
  -0.0011847755
  -0.0012865232
  -0.0013284139
  -0.0013914931
  -0.0014070889
  -0.0013877363
  -0.0013828863
  -0.0006518896
   0.0002021571
   0.0011903747
   0.0031690740
   0.0029908861
   0.0028771598
   0.0025468987
   0.0032775007
   0.0030828860
   0.0037315103
   0.0040943018
   0.0064962448
   0.0091355199
   0.0059581323
   0.0027217519
   0.0034294179
   0.0036988707
   0.0029601556
   0.0026575620
   0.0026285156
   0.0023848345
   0.0022201874
   0.0028089378
   0.0015296895
   0.0010430828
   0.0010086493
   0.0006315811
   0.0003080832
   0.0000245774
  -0.0001918246
  -0.0003901739
  -0.0006564716
  -0.0009122051
  -0.0011148690
  -0.0012823531
  -0.0011241804
   0.0006003396
   0.0001194984
   0.0000434732
   0.0002677653
  -0.0003285106
   0.0018498276
   0.0032893385
   0.0026916451
   0.0025812024
   0.0028239701
   0.0027625269
   0.0027000255
   0.0041612117
   0.0066792934
   0.0075014766
   0.0071289636
   0.0071596072
   0.0072466684
   0.0071611977
   0.0070959720
   0.0041541233
   0.0020832565
   0.0027763784
   0.0028469907
   0.0023860063
   0.0045505769
   0.0068487646
   0.0030585578
   0.0010064450
   0.0019465965
   0.0017778106
   0.0011389591
  -0.0005163015
  -0.0020360512
  -0.0026939819
  -0.0036492563
  -0.0041151415
  -0.0041752415
  -0.0043326075
  -0.0046399282
  -0.0048736159
  -0.0050712602
  -0.0052081720
  -0.0054504830
  -0.0056232421
  -0.0057270821
  -0.0058472618
  -0.0059089345
  -0.0060456457
  -0.0062002294
  -0.0064444607
  -0.0069630099
  -0.0071350406
  -0.0075256155
  -0.0087774265
  -0.0103056584
  -0.0095790194
  -0.0088470897
  -0.0096926744
  -0.0096336638
  -0.0091938288
  -0.0090931588
  -0.0090872845
  -0.0089579913
  -0.0087759919
  -0.0086801292
  -0.0085707736
  -0.0084174151
  -0.0083599750
  -0.0083270569
  -0.0082766762
  -0.0082217489
  -0.0082285656
  -0.0081807333
  -0.0082143197
  -0.0071036752
  -0.0044196754
  -0.0045809087
  -0.0051260494
  -0.0050054486
  -0.0050246933
  -0.0052800205
  -0.0053974380
  -0.0054177698
  -0.0055823379
  -0.0055843272
  -0.0049169795
  -0.0044851173
  -0.0056770266
  -0.0063446417
  -0.0053335065
  -0.0036276859
  -0.0033829223
  -0.0029865666
  -0.0029061527
  -0.0029448716
  -0.0029556579
  -0.0029162819
  -0.0028577614
  -0.0028984807
  -0.0028759591
  -0.0027892075
  -0.0026005830
  -0.0011010669
   0.0006583201
   0.0008552444
   0.0006642025
   0.0010543813
   0.0023892141
   0.0028642817
   0.0039322867
   0.0043146905
   0.0041206929
   0.0041259613
   0.0042569853
   0.0042201777
   0.0041434573
   0.0041205614
   0.0040915974
   0.0040456587
   0.0039616449
   0.0038893040
   0.0038161634
   0.0037364445
   0.0036689221
   0.0045369771
   0.0063759625
   0.0051558109
   0.0029425014
   0.0049792291
   0.0061396461
   0.0052290005
   0.0049186948
   0.0049838092
   0.0047654388
   0.0046715275
   0.0058158274
   0.0063450359
   0.0039039219
   0.0037011161
   0.0062295164
   0.0062369546
   0.0054128957
   0.0054438000
   0.0054226239
   0.0051230688
   0.0049073738
   0.0047778490
   0.0046691573
   0.0045021187
   0.0043851289
   0.0042800883
   0.0039722508
   0.0036881556
   0.0034589076
   0.0018767958
   0.0020788587
   0.0035985794
   0.0040103348
   0.0035836296
   0.0036294079
   0.0036807487
   0.0035351692
   0.0034787738
   0.0034530979
   0.0033536620
   0.0032901204
   0.0030011467
   0.0025854550
   0.0025616569
   0.0014147228
   0.0007423059
   0.0009744160
   0.0009520223
   0.0007610436
   0.0007326116
   0.0010532282
   0.0006572462
   0.0003882280
   0.0003968573
   0.0003060785
   0.0001508129
   0.0000432809
  -0.0000580162
  -0.0001497264
  -0.0002511626
  -0.0003791844
  -0.0010145697
  -0.0023020972
  -0.0023135028
  -0.0015570700
  -0.0011531477
  -0.0014365035
  -0.0010274527
  -0.0020533329
  -0.0027246768
  -0.0024297441
  -0.0023909762
  -0.0025326128
  -0.0024765427
  -0.0024079999
  -0.0023828697
  -0.0023442355
  -0.0022970025
  -0.0022384508
  -0.0021793645
  -0.0021226865
  -0.0020621580
  -0.0019710725
  -0.0019007327
  -0.0018365299
  -0.0017676251
  -0.0017031004
  -0.0016384285
  -0.0015721762
  -0.0014858296
  -0.0014312915
  -0.0013932213
  -0.0013463507
  -0.0012998624
  -0.0012575987
  -0.0012156883
  -0.0014114119
  -0.0017021381
  -0.0019291504
  -0.0015127726
  -0.0009342077
  -0.0012725922
  -0.0016786971
  -0.0011665814
  -0.0008516096
  -0.0011705789
  -0.0012710598
  -0.0011114972
  -0.0012137422
  -0.0013609015
  -0.0012430490
  -0.0010887827
  -0.0014977342
  -0.0011603136
  -0.0006840186
  -0.0007850829
  -0.0008313052
  -0.0007452337
  -0.0007085959
  -0.0006998267
  -0.0006198935
  -0.0003775117
  -0.0003249907
  -0.0003421247
  -0.0001596236
   0.0000034615
  -0.0000106370
  -0.0002543125
  -0.0003019364
  -0.0002050643
  -0.0002943078
  -0.0002353391
  -0.0000159088
   0.0000693629
   0.0001992603
   0.0002519775
   0.0002611955
   0.0002894221
   0.0003356845
   0.0004150102
   0.0005733903
   0.0006503413
   0.0006165866
   0.0006132257
   0.0006259942
   0.0007047160
   0.0008264453
   0.0008388219
   0.0007989052
   0.0008388364
   0.0009803814
   0.0008138060
   0.0006634636
   0.0007160828
   0.0007789232
   0.0007898841
   0.0007538627
   0.0007498514
   0.0007376425
   0.0007021620
   0.0006721213
   0.0006456441
   0.0005459763
   0.0005609148
   0.0005980039
   0.0005579932
   0.0005299481
   0.0005211854
   0.0005036834
   0.0004854719
   0.0004698908
   0.0004555903
   0.0004428089
   0.0004289353
   0.0004177886
   0.0004064531
   0.0003947138
   0.0003844435
   0.0003740737
   0.0003638550
   0.0003383811
   0.0003437460
   0.0003407090
   0.0003265284
   0.0003178787
   0.0003110001
   0.0003103650
   0.0003257091
   0.0003215828
   0.0003078308
   0.0002775351
   0.0002631659
   0.0002644847
   0.0002727706
   0.0002653601
   0.0002518093
   0.0002428951
   0.0002339192
   0.0002229883
   0.0002241423
   0.0002311070
   0.0002118375
   0.0001819478
   0.0001728332
   0.0001674725
   0.0001572368
   0.0001481602
   0.0001408807
   0.0001332803
   0.0001256171
   0.0001185009
   0.0001105111
   0.0000941189
   0.0000853108
   0.0000845340
   0.0000824368
   0.0000778500
   0.0000751459
   0.0000699536
   0.0000643922
   0.0000594118
   0.0000545714
   0.0000499693
   0.0000455658
   0.0000413053
   0.0000371890
   0.0000332280
   0.0000294478
   0.0000257771
   0.0000215489
   0.0000182839
   0.0000143149
   0.0000106285
   0.0000073663
   0.0000042349
   0.0000014277
  -0.0000010059
  -0.0000034675
  -0.0000059274
  -0.0000083100
  -0.0000106329
  -0.0000129063
  -0.0000150405
  -0.0000170763
  -0.0000193635
  -0.0000211817
  -0.0000233749
  -0.0000252281
  -0.0000270790
  -0.0000290931
  -0.0000307071
  -0.0000324613
  -0.0000345249
  -0.0000361767
  -0.0000376796
  -0.0000392209
  -0.0000406966
  -0.0000420942
  -0.0000434513
  -0.0000447825
  -0.0000460118
  -0.0000471894
  -0.0000483892
  -0.0000495234
  -0.0000504960
  -0.0000514350
  -0.0000523934
  -0.0000532896
  -0.0000541247
  -0.0000549180
  -0.0000556649
  -0.0000563575
  -0.0000570005
  -0.0000576061
  -0.0000581715
  -0.0000586858
  -0.0000591549
  -0.0000595802
  -0.0000599612
  -0.0000602992
  -0.0000605943
  -0.0000608471
  -0.0000610583
  -0.0000612284
  -0.0000613582
  -0.0000614483
  -0.0000614992
  -0.0000615115
  -0.0000614860
  -0.0000614231
  -0.0000613237
  -0.0000611881
  -0.0000610171
  -0.0000608113
  -0.0000605714
  -0.0000602978
  -0.0000599913
  -0.0000596525
  -0.0000592820
  -0.0000588804
  -0.0000584483
