     0.000   -0.0000049246
     0.020   -0.0000038555
     0.040    0.0000022215
     0.060   -0.0000015925
     0.080   -0.0000184611
     0.100   -0.0000070823
     0.120    0.0000327514
     0.140   -0.0000309522
     0.160   -0.0000247624
     0.180    0.0000524520
     0.200    0.0000002755
     0.220   -0.0000072211
     0.240   -0.0000123086
     0.260    0.0000432112
     0.280    0.0000127145
     0.300   -0.0001103464
     0.320   -0.0000019828
     0.340    0.0000582181
     0.360    0.0001859974
     0.380    0.0003485834
     0.400   -0.0003726242
     0.420   -0.0004207954
     0.440    0.0003755660
     0.460    0.0005476190
     0.480    0.0001354842
     0.500   -0.0007802579
     0.520   -0.0001054954
     0.540    0.0003208092
     0.560    0.0006941886
     0.580    0.0002018327
     0.600   -0.0010733095
     0.620   -0.0013970228
     0.640   -0.0011282563
     0.660    0.0015515440
     0.680    0.0014601631
     0.700    0.0001665331
     0.720   -0.0013418283
     0.740   -0.0016232865
     0.760   -0.0003341902
     0.780    0.0001693669
     0.800    0.0003374736
     0.820   -0.0001615519
     0.840    0.0009806893
     0.860   -0.0004251949
     0.880    0.0008532520
     0.900    0.0004311168
     0.920   -0.0018619534
     0.940   -0.0004792541
     0.960   -0.0016361901
     0.980    0.0003287153
     1.000    0.0020251077
     1.020    0.0038710803
     1.040    0.0027002078
     1.060   -0.0022372836
     1.080   -0.0056204747
     1.100    0.0000023250
     1.120    0.0031862989
     1.140   -0.0002608350
     1.160   -0.0041611281
     1.180   -0.0014512833
     1.200    0.0076093734
     1.220    0.0045827029
     1.240   -0.0037287596
     1.260   -0.0062095528
     1.280   -0.0021159541
     1.300   -0.0002840057
     1.320   -0.0008345024
     1.340   -0.0004095072
     1.360   -0.0004027049
     1.380    0.0018775298
     1.400    0.0038833834
     1.420    0.0033670051
     1.440    0.0016701774
     1.460    0.0015303819
     1.480   -0.0124577222
     1.500   -0.0035792686
     1.520    0.0244616126
     1.540    0.0173352789
     1.560   -0.0086398733
     1.580   -0.0244840207
     1.600   -0.0157509375
     1.620    0.0057632574
     1.640    0.0135703020
     1.660   -0.0060277724
     1.680   -0.0125945305
     1.700   -0.0031579457
     1.720    0.0154300613
     1.740    0.0285376085
     1.760    0.0033723174
     1.780   -0.0097714838
     1.800   -0.0027748632
     1.820   -0.0028947241
     1.840    0.0056985376
     1.860    0.0041729742
     1.880   -0.0017151178
     1.900    0.0051813521
     1.920   -0.0013708953
     1.940   -0.0053946789
     1.960   -0.0011358986
     1.980   -0.0006085781
     2.000   -0.0049453521
     2.020    0.0029903899
     2.040   -0.0034184102
     2.060   -0.0216077267
     2.080   -0.0065749015
     2.100    0.0071614260
     2.120    0.0112653173
     2.140    0.0208180078
     2.160    0.0027414212
     2.180   -0.0181987934
     2.200   -0.0164498984
     2.220   -0.0174211416
     2.240   -0.0034085263
     2.260    0.0161125185
     2.280   -0.0063058615
     2.300   -0.0168558868
     2.320    0.0256311174
     2.340    0.0430215449
     2.360    0.0145929328
     2.380   -0.0158273017
     2.400   -0.0143136620
     2.420    0.0045804554
     2.440    0.0140847614
     2.460   -0.0028537075
     2.480   -0.0143298572
     2.500   -0.0055597620
     2.520   -0.0009499518
     2.540   -0.0011575252
     2.560    0.0004496824
     2.580   -0.0010973579
     2.600   -0.0046409730
     2.620   -0.0201883642
     2.640   -0.0297301551
     2.660    0.0088297204
     2.680    0.0171907482
     2.700    0.0063255909
     2.720   -0.0092075299
     2.740   -0.0333443718
     2.760    0.0052306181
     2.780    0.0165356277
     2.800   -0.0010658999
     2.820   -0.0043213235
     2.840    0.0052167230
     2.860    0.0109200066
     2.880   -0.0001790999
     2.900    0.0051783424
     2.920    0.0104493375
     2.940    0.0096319234
     2.960    0.0008246948
     2.980    0.0014382529
     3.000    0.0157325074
     3.020    0.0126932193
     3.040   -0.0211235311
     3.060    0.0008838827
     3.080    0.0210892310
     3.100   -0.0022152700
     3.120   -0.0165769830
     3.140   -0.0032796588
     3.160    0.0058101384
     3.180    0.0002178869
     3.200   -0.0022118333
     3.220   -0.0183448585
     3.240   -0.0204943879
     3.260   -0.0302935252
     3.280    0.0031395714
     3.300    0.0019787588
     3.320   -0.0093384339
     3.340    0.0018214888
     3.360   -0.0042185542
     3.380    0.0089554039
     3.400    0.0103189756
     3.420    0.0112161313
     3.440    0.0192472597
     3.460   -0.0048551787
     3.480   -0.0108172064
     3.500    0.0087407804
     3.520    0.0092062373
     3.540   -0.0037512418
     3.560   -0.0061635450
     3.580    0.0132785971
     3.600    0.0332255266
     3.620    0.0208636995
     3.640    0.0043204637
     3.660    0.0161438664
     3.680    0.0049556421
     3.700   -0.0177862752
     3.720   -0.0092190967
     3.740   -0.0006662287
     3.760   -0.0166915083
     3.780   -0.0067360543
     3.800    0.0384664906
     3.820    0.0332609942
     3.840   -0.0028767160
     3.860   -0.0037675721
     3.880    0.0193249081
     3.900    0.0403331883
     3.920    0.0374249627
     3.940    0.0320052263
     3.960    0.0212576875
     3.980   -0.0124905211
     4.000   -0.0257856053
     4.020   -0.0318597366
     4.040   -0.0649527330
     4.060   -0.1267890049
     4.080   -0.1469021225
     4.100   -0.1026573668
     4.120   -0.0328982791
     4.140    0.0931075534
     4.160    0.1499167425
     4.180    0.1392775496
     4.200    0.0967155238
     4.220    0.0231061886
     4.240   -0.0720896078
     4.260   -0.0540807949
     4.280    0.0478477725
     4.300    0.0099319594
     4.320   -0.0821299130
     4.340   -0.1240830270
     4.360   -0.0817368591
     4.380    0.0082856836
     4.400    0.0412872607
     4.420    0.0201009420
     4.440    0.0217746820
     4.460   -0.0114527626
     4.480   -0.0780178908
     4.500   -0.1244246100
     4.520   -0.0900730855
     4.540   -0.0379530904
     4.560   -0.0588335938
     4.580   -0.0495613500
     4.600   -0.0002924473
     4.620    0.0868711618
     4.640    0.1770483233
     4.660    0.2007481458
     4.680    0.1804717422
     4.700    0.0593648905
     4.720   -0.0918379588
     4.740   -0.1616076209
     4.760   -0.1184248081
     4.780    0.0078926113
     4.800    0.0875149657
     4.820    0.0999516391
     4.840    0.0386562626
     4.860    0.0000490106
     4.880    0.0510646487
     4.900    0.0891813503
     4.920    0.1006087861
     4.940    0.0171578242
     4.960   -0.0056843589
     4.980    0.0327955707
     5.000    0.0031239367
     5.020   -0.0514225270
     5.040   -0.1345297460
     5.060   -0.1352303414
     5.080   -0.0508790381
     5.100    0.0396453773
     5.120    0.0635712650
     5.140    0.0566407744
     5.160   -0.0547464982
     5.180   -0.1756857441
     5.200   -0.1730415614
     5.220   -0.1203781524
     5.240   -0.0697053651
     5.260   -0.0475630977
     5.280    0.0400940802
     5.300    0.1528223663
     5.320    0.1738535716
     5.340    0.1485951099
     5.360    0.1103317261
     5.380   -0.0133320779
     5.400   -0.1147330264
     5.420   -0.0469385579
     5.440    0.0862336125
     5.460    0.1987302542
     5.480    0.2131199385
     5.500    0.0676786338
     5.520   -0.0783947746
     5.540   -0.0553703959
     5.560    0.0433895222
     5.580    0.0245241833
     5.600   -0.0915001285
     5.620   -0.1689732545
     5.640   -0.1729623368
     5.660   -0.0464773542
     5.680    0.1252055975
     5.700    0.1477832665
     5.720    0.0735469647
     5.740    0.0086444433
     5.760   -0.0852512278
     5.780   -0.1745515818
     5.800   -0.1354223151
     5.820    0.0160205680
     5.840    0.1219811574
     5.860    0.1425729582
     5.880    0.1452014628
     5.900    0.1159928639
     5.920    0.0681161119
     5.940    0.0243117698
     5.960    0.0008587060
     5.980   -0.0417695048
     6.000   -0.1092088220
     6.020   -0.1655218985
     6.040   -0.1644366887
     6.060   -0.1093174013
     6.080   -0.1086544168
     6.100   -0.1561081846
     6.120   -0.1831652109
     6.140   -0.1536096084
     6.160   -0.1144826767
     6.180   -0.0632843886
     6.200    0.0735421111
     6.220    0.1616894307
     6.240    0.1876570774
     6.260    0.2189481150
     6.280    0.1392101670
     6.300    0.0614066745
     6.320   -0.0082528096
     6.340   -0.0871672949
     6.360   -0.0336273953
     6.380   -0.0097893218
     6.400    0.0440466859
     6.420    0.1137391332
     6.440    0.0909368835
     6.460    0.0627891016
     6.480    0.0330975247
     6.500   -0.0234414753
     6.520   -0.0654924442
     6.540   -0.0912892243
     6.560   -0.0925192067
     6.580   -0.0899128850
     6.600   -0.0533409208
     6.620    0.0257883824
     6.640    0.0410414810
     6.660    0.0261791930
     6.680    0.0543496414
     6.700    0.0745780016
     6.720    0.0180777549
     6.740   -0.0076385623
     6.760   -0.0088587666
     6.780   -0.0268481570
     6.800   -0.0086585536
     6.820   -0.0274607297
     6.840   -0.0677572079
     6.860   -0.0678969850
     6.880   -0.0447636266
     6.900   -0.0065854000
     6.920   -0.0093156256
     6.940   -0.0065753201
     6.960    0.0428423640
     6.980    0.0754911607
     7.000    0.0977048303
     7.020    0.0908353092
     7.040    0.0143728720
     7.060   -0.0039655852
     7.080    0.0327827279
     7.100    0.0344356778
     7.120    0.0459730689
     7.140    0.0504536021
     7.160    0.0042563077
     7.180   -0.0530150326
     7.200   -0.0630619427
     7.220   -0.0344394555
     7.240   -0.0430333703
     7.260   -0.1114212724
     7.280   -0.1441460247
     7.300   -0.1071158756
     7.320   -0.0605255805
     7.340   -0.0248686017
     7.360    0.0315767965
     7.380    0.0752886377
     7.400    0.0889108193
     7.420    0.1235549744
     7.440    0.1637384283
     7.460    0.1738341407
     7.480    0.1404132964
     7.500    0.0635752762
     7.520   -0.0061536019
     7.540   -0.0360985515
     7.560   -0.1332363840
     7.580   -0.1883936157
     7.600   -0.0673574156
     7.620    0.0430844326
     7.640   -0.0324878874
     7.660   -0.1319958940
     7.680   -0.1460722659
     7.700   -0.1097409609
     7.720   -0.0361674686
     7.740   -0.0187523730
     7.760   -0.0495301021
     7.780    0.0030891054
     7.800    0.1027813741
     7.820    0.0830617525
     7.840    0.0254766378
     7.860   -0.0406697843
     7.880   -0.0058314356
     7.900    0.1075160847
     7.920    0.1457573691
     7.940    0.1398683147
     7.960    0.1269253545
     7.980    0.1155947395
     8.000    0.0901027738
     8.020    0.0854396155
     8.040    0.0687128230
     8.060   -0.0100613790
     8.080   -0.1186394650
     8.100   -0.1978189215
     8.120   -0.1456600479
     8.140   -0.0250502345
     8.160   -0.0168775193
     8.180   -0.1254455229
     8.200   -0.1745068824
     8.220   -0.0152887998
     8.240    0.1254473576
     8.260    0.1427517556
     8.280    0.1114440391
     8.300    0.0890078902
     8.320    0.0225094107
     8.340   -0.0925985147
     8.360   -0.1093434204
     8.380   -0.0697745574
     8.400   -0.0634760454
     8.420   -0.0762271987
     8.440   -0.0802957641
     8.460   -0.0388902253
     8.480    0.0425084366
     8.500    0.1093816150
     8.520    0.1424384432
     8.540    0.0886819854
     8.560   -0.0217929454
     8.580   -0.0713063520
     8.600   -0.1115499498
     8.620   -0.1642606433
     8.640   -0.1755439738
     8.660   -0.1600791704
     8.680   -0.0723657263
     8.700    0.0698254362
     8.720    0.1336174125
     8.740    0.1266311395
     8.760    0.1176806808
     8.780    0.0316029239
     8.800   -0.0308428351
     8.820    0.0252034131
     8.840    0.0843107904
     8.860    0.0879246818
     8.880    0.0826555556
     8.900    0.0980968668
     8.920    0.1248387461
     8.940    0.0469127974
     8.960   -0.0966179525
     8.980   -0.0942980068
     9.000    0.0564363917
     9.020    0.1581702751
     9.040    0.1367196800
     9.060    0.0490761954
     9.080   -0.0359480081
     9.100   -0.0597279475
     9.120   -0.0198344639
     9.140    0.0159800633
     9.160    0.0282490976
     9.180    0.0361616393
     9.200    0.0410359687
     9.220    0.0378870087
     9.240    0.0120054499
     9.260    0.0001766645
     9.280   -0.0041934350
     9.300   -0.0356605480
     9.320   -0.1112443931
     9.340   -0.2205824763
     9.360   -0.2917193043
     9.380   -0.2380108816
     9.400   -0.0440412903
     9.420    0.1176076274
     9.440    0.1044419211
     9.460    0.0190485061
     9.480   -0.0902606392
     9.500   -0.2191596863
     9.520   -0.2988352555
     9.540   -0.2511569068
     9.560   -0.1393122416
     9.580   -0.0630841840
     9.600   -0.0111484902
     9.620    0.0731561123
     9.640    0.1311421033
     9.660    0.1325358720
     9.680    0.1128476483
     9.700    0.0597361535
     9.720    0.0419052791
     9.740    0.0918617261
     9.760    0.1536871651
     9.780    0.1921541977
     9.800    0.1555720427
     9.820    0.0716789993
     9.840    0.0237490835
     9.860   -0.0090277151
     9.880   -0.0238140143
     9.900   -0.0389485096
     9.920   -0.0557443025
     9.940    0.0176556380
     9.960    0.1645402644
     9.980    0.2366764896
    10.000    0.2261211913
    10.020    0.1314511625
    10.040   -0.0795360171
    10.060   -0.1922656125
    10.080   -0.1370525900
    10.100   -0.0259162175
    10.120    0.0609360222
    10.140    0.0940239732
    10.160    0.0788391077
    10.180    0.0419575423
    10.200    0.0162621362
    10.220   -0.0166123422
    10.240   -0.0541414143
    10.260   -0.0697026965
    10.280   -0.0207582224
    10.300    0.0541119427
    10.320    0.0994282566
    10.340    0.1041572964
    10.360    0.0019523478
    10.380   -0.1379486616
    10.400   -0.1880989003
    10.420   -0.1830462906
    10.440   -0.1890727788
    10.460   -0.2002507823
    10.480   -0.1775089934
    10.500   -0.0493959457
    10.520    0.0935000069
    10.540    0.1157026517
    10.560    0.0183509713
    10.580   -0.0981993584
    10.600   -0.1085728572
    10.620   -0.0657730826
    10.640   -0.0422762836
    10.660    0.0037985281
    10.680    0.0973981061
    10.700    0.1305384120
    10.720    0.1092922163
    10.740    0.0490643450
    10.760    0.0057763503
    10.780    0.0351700645
    10.800    0.0890221506
    10.820    0.1234235450
    10.840    0.1157519378
    10.860    0.0998714138
    10.880    0.0891203057
    10.900    0.0736783857
    10.920    0.0502896239
    10.940    0.0201970956
    10.960   -0.0168794958
    10.980   -0.0418919443
    11.000   -0.0603588503
    11.020   -0.0899676751
    11.040   -0.1146413760
    11.060   -0.1264621827
    11.080   -0.1211393755
    11.100   -0.1326518735
    11.120   -0.1482700389
    11.140   -0.1465258474
    11.160   -0.1368616171
    11.180   -0.0936640435
    11.200   -0.0377765280
    11.220   -0.0074326851
    11.240   -0.0010474498
    11.260    0.0020917172
    11.280    0.0292772324
    11.300    0.0774376668
    11.320    0.1138043476
    11.340    0.1173315923
    11.360    0.0875037909
    11.380    0.0530572135
    11.400    0.0362791585
    11.420    0.0489926593
    11.440    0.0763452266
    11.460    0.0984297768
    11.480    0.1109997977
    11.500    0.1083167533
    11.520    0.0864219168
    11.540    0.0680359616
    11.560    0.0762733241
    11.580    0.0951190236
    11.600    0.0959408743
    11.620    0.0824858815
    11.640    0.0302214892
    11.660   -0.0505301331
    11.680   -0.0900573239
    11.700   -0.0989643342
    11.720   -0.0929383464
    11.740   -0.0750403479
    11.760   -0.0641426659
    11.780   -0.0550476600
    11.800   -0.0379323002
    11.820   -0.0410869142
    11.840   -0.0668489106
    11.860   -0.0986173305
    11.880   -0.1268187766
    11.900   -0.1207284085
    11.920   -0.0866144742
    11.940   -0.0200369035
    11.960    0.0306277528
    11.980    0.0118015426
    12.000   -0.0328725519
    12.020   -0.0703722025
    12.040   -0.0896557804
    12.060   -0.0728829710
    12.080   -0.0185484489
    12.100    0.0398691658
    12.120    0.0904526963
    12.140    0.1077750240
    12.160    0.1132614508
    12.180    0.1214234164
    12.200    0.1115680464
    12.220    0.0586234069
    12.240   -0.0205553241
    12.260   -0.0347521507
    12.280   -0.0021762848
    12.300    0.0206947927
    12.320    0.0088429384
    12.340   -0.0248281472
    12.360   -0.0359026250
    12.380   -0.0138190922
    12.400   -0.0030720629
    12.420   -0.0244481278
    12.440   -0.0567387460
    12.460   -0.0558231601
    12.480    0.0058334679
    12.500    0.0448920204
    12.520    0.0105732698
    12.540   -0.0428588260
    12.560   -0.0609105202
    12.580   -0.0220665454
    12.600    0.0352862661
    12.620    0.0346987450
    12.640    0.0045289436
    12.660   -0.0147156225
    12.680    0.0192164872
    12.700    0.0648693137
    12.720    0.0569359485
    12.740    0.0377879113
    12.760    0.0175366761
    12.780    0.0163156837
    12.800    0.0237348314
    12.820    0.0138705465
    12.840    0.0060976518
    12.860    0.0150089369
    12.880    0.0421197858
    12.900    0.0496900941
    12.920    0.0262429396
    12.940    0.0066670814
    12.960    0.0210914326
    12.980    0.0588887508
    13.000    0.0770788128
    13.020    0.0526379904
    13.040   -0.0030136469
    13.060   -0.0323871888
    13.080   -0.0071089594
    13.100    0.0324064196
    13.120    0.0235956380
    13.140   -0.0146987935
    13.160   -0.0319335990
    13.180   -0.0328656052
    13.200   -0.0251764601
    13.220   -0.0005408564
    13.240    0.0071291074
    13.260   -0.0176123064
    13.280   -0.0483238955
    13.300   -0.0666831728
    13.320   -0.0643347230
    13.340   -0.0595617594
    13.360   -0.0408740837
    13.380   -0.0073381285
    13.400    0.0213138118
    13.420    0.0317469542
    13.440    0.0231592524
    13.460   -0.0016195204
    13.480   -0.0232426383
    13.500   -0.0214967872
    13.520   -0.0033493489
    13.540    0.0120868844
    13.560    0.0122779908
    13.580    0.0030396867
    13.600   -0.0062664035
    13.620   -0.0122370776
    13.640   -0.0304381059
    13.660   -0.0447455801
    13.680   -0.0356946646
    13.700   -0.0008625755
    13.720    0.0342446381
    13.740    0.0412357730
    13.760    0.0222086159
    13.780   -0.0061278831
    13.800   -0.0247649760
    13.820   -0.0415591344
    13.840   -0.0590270852
    13.860   -0.0638850110
    13.880   -0.0568608102
    13.900   -0.0431961142
    13.920   -0.0261549670
    13.940   -0.0184743698
    13.960   -0.0265688028
    13.980   -0.0279076063
    14.000   -0.0192165373
    14.020   -0.0035075954
    14.040    0.0233772784
    14.060    0.0441768894
    14.080    0.0398519366
    14.100    0.0064928557
    14.120   -0.0202279515
    14.140   -0.0080595075
    14.160    0.0282174828
    14.180    0.0441783321
    14.200    0.0345986719
    14.220    0.0307248321
    14.240    0.0459356416
    14.260    0.0603744200
    14.280    0.0538890548
    14.300    0.0385185537
    14.320    0.0293859869
    14.340    0.0211432038
    14.360    0.0115277508
    14.380   -0.0006132325
    14.400   -0.0213970227
    14.420   -0.0281967510
    14.440   -0.0122618623
    14.460    0.0020867619
    14.480   -0.0027563196
    14.500   -0.0126127855
    14.520   -0.0057479379
    14.540    0.0241339064
    14.560    0.0506528644
    14.580    0.0375937027
    14.600   -0.0204636738
    14.620   -0.0508590902
    14.640   -0.0200239357
    14.660    0.0113786084
    14.680   -0.0009477561
    14.700   -0.0241594251
    14.720   -0.0265439763
    14.740   -0.0087952035
    14.760    0.0212954317
    14.780    0.0328241832
    14.800    0.0183065555
    14.820   -0.0124708818
    14.840   -0.0397029694
    14.860   -0.0447947410
    14.880   -0.0049448843
    14.900    0.0426279990
    14.920    0.0387622901
    14.940    0.0045135015
    14.960   -0.0032096877
    14.980    0.0113765736
    15.000    0.0138535090
    15.020    0.0056366065
    15.040   -0.0086204675
    15.060   -0.0167824498
    15.080   -0.0056141785
    15.100    0.0209698938
    15.120    0.0377668709
    15.140    0.0326697120
    15.160    0.0213707201
    15.180    0.0130872907
    15.200    0.0025668953
    15.220   -0.0205358766
    15.240   -0.0450803164
    15.260   -0.0470148804
    15.280   -0.0389085387
    15.300   -0.0363726519
    15.320   -0.0321443780
    15.340   -0.0193003986
    15.360   -0.0081847590
    15.380    0.0007051748
    15.400    0.0115989361
    15.420    0.0201774396
    15.440    0.0270032537
    15.460    0.0210166280
    15.480   -0.0006309164
    15.500   -0.0377056762
    15.520   -0.0654267545
    15.540   -0.0590778223
    15.560   -0.0178307410
    15.580    0.0265947884
    15.600    0.0383435090
    15.620    0.0264576048
    15.640    0.0010224006
    15.660   -0.0293242334
    15.680   -0.0470565275
    15.700   -0.0505493721
    15.720   -0.0461453698
    15.740   -0.0403591406
    15.760   -0.0246019235
    15.780   -0.0083175686
    15.800    0.0002803335
    15.820    0.0136764463
    15.840    0.0288187306
    15.860    0.0431013366
    15.880    0.0559536638
    15.900    0.0676037457
    15.920    0.0676036373
    15.940    0.0587987016
    15.960    0.0439334782
    15.980    0.0312050331
    16.000    0.0266800257
    16.020    0.0193036259
    16.040    0.0109982387
    16.060    0.0055713505
    16.080    0.0009202651
    16.100   -0.0104739972
    16.120   -0.0265589372
    16.140   -0.0345222911
    16.160   -0.0237971686
    16.180   -0.0019684679
    16.200    0.0053117432
    16.220    0.0017047160
    16.240   -0.0042411791
    16.260   -0.0113551746
    16.280   -0.0215763704
    16.300   -0.0323575088
    16.320   -0.0315308212
    16.340   -0.0040232573
    16.360    0.0223429724
    16.380    0.0139918852
    16.400   -0.0102227386
    16.420   -0.0216414430
    16.440   -0.0058137452
    16.460    0.0169897680
    16.480    0.0318498544
    16.500    0.0327059885
    16.520    0.0256396820
    16.540    0.0232292285
    16.560    0.0217192332
    16.580    0.0131352007
    16.600    0.0029125438
    16.620    0.0081070564
    16.640    0.0233255156
    16.660    0.0296142954
    16.680    0.0246765864
    16.700    0.0208448441
    16.720    0.0185367320
    16.740    0.0130737224
    16.760   -0.0116396576
    16.780   -0.0427726213
    16.800   -0.0474005623
    16.820   -0.0381987449
    16.840   -0.0379273299
    16.860   -0.0551168689
    16.880   -0.0606438503
    16.900   -0.0327995903
    16.920   -0.0042534456
    16.940   -0.0007017540
    16.960   -0.0108694029
    16.980   -0.0256605139
    17.000   -0.0399035326
    17.020   -0.0461572202
    17.040   -0.0413533173
    17.060   -0.0329662704
    17.080    0.0191321506
    17.100    0.0762718396
    17.120    0.0784872672
    17.140    0.0569659871
    17.160    0.0376822841
    17.180    0.0347887358
    17.200    0.0376975035
    17.220    0.0283102590
    17.240    0.0068241262
    17.260    0.0008590579
    17.280    0.0069758320
    17.300    0.0155891693
    17.320    0.0196983144
    17.340    0.0187664916
    17.360    0.0158208887
    17.380    0.0074471666
    17.400   -0.0079190665
    17.420   -0.0177299173
    17.440   -0.0172411684
    17.460   -0.0078022494
    17.480    0.0069748021
    17.500    0.0185314031
    17.520    0.0292145282
    17.540    0.0331697358
    17.560    0.0233488743
    17.580   -0.0043147871
    17.600   -0.0303401927
    17.620   -0.0393166120
    17.640   -0.0447739758
    17.660   -0.0448320766
    17.680   -0.0377432119
    17.700   -0.0359807237
    17.720   -0.0324637198
    17.740   -0.0256651506
    17.760   -0.0194243475
    17.780   -0.0167913980
    17.800   -0.0192121674
    17.820   -0.0234293915
    17.840   -0.0241340982
    17.860   -0.0154401020
    17.880   -0.0008957806
    17.900    0.0164398411
    17.920    0.0301984808
    17.940    0.0337744528
    17.960    0.0218188393
    17.980    0.0011169422
    18.000   -0.0086660174
    18.020   -0.0035253592
    18.040    0.0032650314
    18.060    0.0005725908
    18.080   -0.0069688119
    18.100   -0.0083768978
    18.120   -0.0063076337
    18.140   -0.0044421060
    18.160   -0.0046486553
    18.180   -0.0040945928
    18.200   -0.0008228150
    18.220    0.0049530252
    18.240    0.0141757029
    18.260    0.0248752566
    18.280    0.0311874870
    18.300    0.0300452521
    18.320    0.0228354157
    18.340    0.0113641395
    18.360    0.0038036651
    18.380    0.0014156789
    18.400    0.0034811077
    18.420    0.0069747029
    18.440    0.0064378655
    18.460   -0.0013529039
    18.480   -0.0116144558
    18.500   -0.0167724842
    18.520   -0.0156393560
    18.540   -0.0031068350
    18.560    0.0041480710
    18.580    0.0014387199
    18.600   -0.0071768181
    18.620   -0.0226283643
    18.640   -0.0311594915
    18.660   -0.0280162774
    18.680   -0.0182655005
    18.700   -0.0160649671
    18.720   -0.0190893526
    18.740   -0.0207045082
    18.760   -0.0201982131
    18.780   -0.0197269186
    18.800   -0.0183871894
    18.820   -0.0192031775
    18.840   -0.0180512939
    18.860   -0.0024836770
    18.880    0.0234493978
    18.900    0.0383641325
    18.920    0.0357339267
    18.940    0.0192256773
    18.960   -0.0084523946
    18.980   -0.0201400039
    19.000   -0.0162901567
    19.020   -0.0076631978
    19.040    0.0025079873
    19.060    0.0165156465
    19.080    0.0281899127
    19.100    0.0315222066
    19.120    0.0340325081
    19.140    0.0375228676
    19.160    0.0389487431
    19.180    0.0376367842
    19.200    0.0198619590
    19.220   -0.0144757638
    19.240   -0.0327693432
    19.260   -0.0335605131
    19.280   -0.0088230655
    19.300    0.0220702230
    19.320    0.0255215540
    19.340    0.0183375865
    19.360    0.0142204355
    19.380    0.0090028886
    19.400   -0.0084435215
    19.420   -0.0193070367
    19.440   -0.0199444860
    19.460   -0.0247106696
    19.480   -0.0265394980
    19.500   -0.0246017901
    19.520   -0.0115698399
    19.540    0.0096916504
    19.560    0.0184605013
    19.580    0.0169469951
    19.600    0.0130348857
    19.620    0.0099661344
    19.640    0.0043334791
    19.660   -0.0068480028
    19.680   -0.0097383846
    19.700   -0.0038765709
    19.720   -0.0032327537
    19.740   -0.0104360695
    19.760   -0.0130412904
    19.780   -0.0118757801
    19.800   -0.0108462276
    19.820   -0.0077732157
    19.840   -0.0056399773
    19.860   -0.0016419977
    19.880    0.0107870260
    19.900    0.0186973995
    19.920    0.0169504726
    19.940    0.0113304899
    19.960    0.0067308622
    19.980    0.0150490245
    20.000    0.0255587979
    20.020    0.0275597187
    20.040    0.0286312186
    20.060    0.0264231880
    20.080    0.0214446992
    20.100    0.0027788970
    20.120   -0.0182938545
    20.140   -0.0201471091
    20.160   -0.0080460618
    20.180    0.0028576745
    20.200    0.0077949624
    20.220    0.0088612601
    20.240    0.0064306411
    20.260    0.0025780985
    20.280   -0.0089596320
    20.300   -0.0210990799
    20.320   -0.0247868670
    20.340   -0.0197156270
    20.360   -0.0120301096
    20.380   -0.0074822230
    20.400   -0.0042952244
    20.420    0.0041657298
    20.440    0.0124095453
    20.460    0.0220151078
    20.480    0.0301796920
    20.500    0.0292466934
    20.520    0.0263259586
    20.540    0.0210943181
    20.560    0.0068003947
    20.580   -0.0111624004
    20.600   -0.0199136801
    20.620   -0.0191340186
    20.640   -0.0132094132
    20.660   -0.0065684768
    20.680   -0.0036484384
    20.700   -0.0061944459
    20.720   -0.0084069447
    20.740   -0.0098337876
    20.760   -0.0112037640
    20.780   -0.0097016577
    20.800   -0.0061340276
    20.820   -0.0022782877
    20.840   -0.0007165197
    20.860   -0.0013198247
    20.880   -0.0068150771
    20.900   -0.0139956462
    20.920   -0.0164660436
    20.940   -0.0103010208
    20.960   -0.0025781602
    20.980   -0.0011620243
    21.000   -0.0015328320
    21.020    0.0006004117
    21.040    0.0034717984
    21.060    0.0033668025
    21.080    0.0060880515
    21.100    0.0093053597
    21.120    0.0149449735
    21.140    0.0181344797
    21.160    0.0165120355
    21.180    0.0124769696
    21.200    0.0084806986
    21.220    0.0063052361
    21.240    0.0007810553
    21.260   -0.0037025479
    21.280    0.0002563041
    21.300    0.0058080410
    21.320    0.0064987200
    21.340    0.0039852921
    21.360   -0.0028202931
    21.380   -0.0137149077
    21.400   -0.0183800008
    21.420   -0.0150762778
    21.440   -0.0113875650
    21.460   -0.0092277280
    21.480   -0.0039158063
    21.500    0.0050273612
    21.520    0.0086369962
    21.540    0.0126212167
    21.560    0.0152772163
    21.580    0.0144733204
    21.600    0.0101398530
    21.620    0.0056253083
    21.640    0.0005624847
    21.660   -0.0053833081
    21.680   -0.0010294149
    21.700    0.0059519203
    21.720    0.0062343326
    21.740   -0.0002884480
    21.760   -0.0124637849
    21.780   -0.0253400213
    21.800   -0.0340550996
    21.820   -0.0339625570
    21.840   -0.0232268851
    21.860   -0.0090851905
    21.880   -0.0081800289
    21.900   -0.0130679182
    21.920   -0.0118370769
    21.940   -0.0093258664
    21.960   -0.0109786494
    21.980   -0.0146670953
    22.000   -0.0146384077
    22.020   -0.0124292597
    22.040   -0.0117637066
    22.060   -0.0149184457
    22.080   -0.0049632811
    22.100    0.0151987423
    22.120    0.0183254276
    22.140    0.0021679171
    22.160   -0.0172153996
    22.180   -0.0242086360
    22.200   -0.0185838915
    22.220   -0.0124597653
    22.240   -0.0013489676
    22.260    0.0096967958
    22.280    0.0108574191
    22.300    0.0082661802
    22.320   -0.0013652862
    22.340   -0.0045419122
    22.360   -0.0001198546
    22.380    0.0054205394
    22.400    0.0144996730
    22.420    0.0213109598
    22.440    0.0219520033
    22.460    0.0190604815
    22.480    0.0191909019
    22.500    0.0189412694
    22.520    0.0183887656
    22.540    0.0121593541
    22.560    0.0042995084
    22.580    0.0050175207
    22.600    0.0043950549
    22.620    0.0000687851
    22.640   -0.0014920522
    22.660    0.0018564736
    22.680    0.0031930663
    22.700    0.0003165439
    22.720   -0.0046749195
    22.740   -0.0072785817
    22.760   -0.0062436694
    22.780   -0.0039620351
    22.800   -0.0005207009
    22.820    0.0034108364
    22.840    0.0092510283
    22.860    0.0145413618
    22.880    0.0121191163
    22.900    0.0062224030
    22.920   -0.0056697808
    22.940   -0.0205983556
    22.960   -0.0240068886
    22.980   -0.0133578134
    23.000    0.0013665480
    23.020    0.0028312686
    23.040   -0.0011365274
    23.060   -0.0023016957
    23.080    0.0062610921
    23.100    0.0186371388
    23.120    0.0213115519
    23.140    0.0185829241
    23.160    0.0133603402
    23.180    0.0093034250
    23.200    0.0105873384
    23.220    0.0129601060
    23.240    0.0108832380
    23.260    0.0059192281
    23.280    0.0040905865
    23.300    0.0094839820
    23.320    0.0127824011
    23.340    0.0101836016
    23.360    0.0089131814
    23.380    0.0066756493
    23.400    0.0022861752
    23.420    0.0002144622
    23.440    0.0009679934
    23.460   -0.0002221552
    23.480   -0.0028659222
    23.500   -0.0068315091
    23.520   -0.0080771912
    23.540   -0.0024946967
    23.560    0.0045887973
    23.580    0.0085176590
    23.600    0.0065351316
    23.620   -0.0012944645
    23.640   -0.0090593716
    23.660   -0.0137952331
    23.680   -0.0167501679
    23.700   -0.0205805759
    23.720   -0.0213316499
    23.740   -0.0177194680
    23.760   -0.0089379245
    23.780   -0.0007581692
    23.800    0.0003529468
    23.820   -0.0063482792
    23.840   -0.0163233809
    23.860   -0.0193314296
    23.880   -0.0159470059
    23.900   -0.0066693205
    23.920   -0.0012967111
    23.940   -0.0001331670
    23.960    0.0012002031
    23.980    0.0002448671
    24.000   -0.0058058944
    24.020   -0.0078207680
    24.040   -0.0043566685
    24.060   -0.0032316804
    24.080   -0.0030219638
    24.100   -0.0075245514
    24.120   -0.0086277478
    24.140   -0.0004007903
    24.160    0.0123425463
    24.180    0.0170595107
    24.200    0.0120669782
    24.220    0.0050751386
    24.240    0.0029943695
    24.260    0.0042588578
    24.280    0.0017652636
    24.300    0.0014242268
    24.320    0.0032630784
    24.340    0.0051107580
    24.360    0.0069108045
    24.380    0.0074535737
    24.400    0.0051541289
    24.420    0.0018497795
    24.440    0.0005621726
    24.460   -0.0005403276
    24.480   -0.0036691585
    24.500   -0.0103175829
    24.520   -0.0164833562
    24.540   -0.0156940376
    24.560   -0.0102376912
    24.580   -0.0060288065
    24.600   -0.0062753501
    24.620   -0.0045124424
    24.640   -0.0031872613
    24.660    0.0006723328
    24.680    0.0079320710
    24.700    0.0088061699
    24.720    0.0051103302
    24.740   -0.0023507457
    24.760   -0.0032426076
    24.780    0.0029540658
    24.800    0.0115000388
    24.820    0.0184791900
    24.840    0.0192911084
    24.860    0.0154725507
    24.880    0.0104485536
    24.900    0.0040866820
    24.920    0.0003511967
    24.940   -0.0039172081
    24.960   -0.0095942375
    24.980   -0.0139360777
    25.000   -0.0187393134
    25.020   -0.0164195179
    25.040   -0.0082187755
    25.060    0.0021868659
    25.080    0.0077319339
    25.100    0.0058908924
    25.120   -0.0007907700
    25.140   -0.0055086071
    25.160   -0.0066932563
    25.180   -0.0021242935
    25.200    0.0038552620
    25.220    0.0031028896
    25.240   -0.0000860504
    25.260    0.0006865958
    25.280    0.0053069598
    25.300    0.0058904012
    25.320    0.0038732952
    25.340    0.0068752986
    25.360    0.0149390775
    25.380    0.0181942817
    25.400    0.0162988880
    25.420    0.0131047034
    25.440    0.0133376903
    25.460    0.0149065704
    25.480    0.0140784318
    25.500    0.0086924951
    25.520    0.0015774513
    25.540   -0.0018441663
    25.560   -0.0008851428
    25.580    0.0009986016
    25.600    0.0009720638
    25.620    0.0000164946
    25.640   -0.0002417825
    25.660    0.0043661446
    25.680    0.0091997075
    25.700    0.0093581650
    25.720    0.0052812676
    25.740   -0.0066881560
    25.760   -0.0184783227
    25.780   -0.0215606256
    25.800   -0.0169505644
    25.820   -0.0060284379
    25.840    0.0014112924
    25.860    0.0015298048
    25.880   -0.0026865345
    25.900   -0.0070840978
    25.920   -0.0095484958
    25.940   -0.0139328503
    25.960   -0.0176422866
    25.980   -0.0178280641
    26.000   -0.0150357064
    26.020   -0.0088880881
    26.040   -0.0057685555
    26.060   -0.0077872801
    26.080   -0.0097460652
    26.100   -0.0063885820
    26.120   -0.0021940120
    26.140   -0.0055296850
    26.160   -0.0114393778
    26.180   -0.0119636277
    26.200   -0.0055431974
    26.220    0.0025574142
    26.240    0.0034970727
    26.260    0.0018192897
    26.280    0.0021612672
    26.300    0.0025980281
    26.320    0.0054954800
    26.340    0.0070979171
    26.360    0.0065629186
    26.380    0.0069224914
    26.400    0.0036427233
    26.420   -0.0040133459
    26.440   -0.0069238799
    26.460   -0.0004659752
    26.480    0.0052437269
    26.500    0.0052525833
    26.520    0.0059290761
    26.540    0.0087643143
    26.560    0.0097287275
    26.580    0.0068067318
    26.600    0.0005210236
    26.620    0.0034124359
    26.640    0.0115735759
    26.660    0.0139612461
    26.680    0.0131459002
    26.700    0.0119251245
    26.720    0.0064629330
    26.740   -0.0036117691
    26.760   -0.0074165909
    26.780   -0.0033172004
    26.800    0.0060938874
    26.820    0.0163175433
    26.840    0.0194685548
    26.860    0.0172850755
    26.880    0.0099115528
    26.900    0.0007982947
    26.920   -0.0018922706
    26.940   -0.0014962661
    26.960   -0.0012606322
    26.980   -0.0002857876
    27.000   -0.0042066263
    27.020   -0.0092824930
    27.040   -0.0097453980
    27.060   -0.0105381858
    27.080   -0.0069664285
    27.100   -0.0053317904
    27.120   -0.0049177961
    27.140   -0.0060998201
    27.160   -0.0092014254
    27.180   -0.0094555862
    27.200   -0.0099140380
    27.220   -0.0087812600
    27.240   -0.0066314353
    27.260   -0.0036185123
    27.280   -0.0044990734
    27.300   -0.0058839923
    27.320   -0.0043481064
    27.340    0.0017043282
    27.360    0.0086059152
    27.380    0.0091638063
    27.400    0.0041459537
    27.420    0.0015206598
    27.440    0.0070157888
    27.460    0.0125266058
    27.480    0.0112006200
    27.500    0.0029843029
    27.520   -0.0052822942
    27.540   -0.0096434485
    27.560   -0.0123563814
    27.580   -0.0152340764
    27.600   -0.0138365716
    27.620   -0.0082835654
    27.640   -0.0043437657
    27.660   -0.0060074643
    27.680   -0.0119739936
    27.700   -0.0136193629
    27.720   -0.0048481369
    27.740    0.0044350900
    27.760    0.0084501680
    27.780    0.0100123098
    27.800    0.0108155802
    27.820    0.0133263821
    27.840    0.0088200217
    27.860   -0.0009716360
    27.880   -0.0045158657
    27.900    0.0000321812
    27.920    0.0064277765
    27.940    0.0093304614
    27.960    0.0151935885
    27.980    0.0196169049
    28.000    0.0184912738
    28.020    0.0138568114
    28.040    0.0016589576
    28.060   -0.0057846639
    28.080   -0.0054044694
    28.100   -0.0028436109
    28.120   -0.0020977424
    28.140   -0.0013743020
    28.160    0.0007579608
    28.180    0.0003850928
    28.200   -0.0041929555
    28.220   -0.0094460042
    28.240   -0.0095455520
    28.260   -0.0023464359
    28.280    0.0051673761
    28.300    0.0071113353
    28.320    0.0004691634
    28.340   -0.0092606187
    28.360   -0.0099461781
    28.380   -0.0066894094
    28.400   -0.0053123712
    28.420   -0.0072567932
    28.440   -0.0116897275
    28.460   -0.0107287334
    28.480   -0.0053943436
    28.500   -0.0038560451
    28.520   -0.0035273982
    28.540   -0.0046533412
    28.560   -0.0066348170
    28.580   -0.0054809161
    28.600   -0.0007152791
    28.620    0.0048096654
    28.640    0.0052937634
    28.660    0.0048961461
    28.680    0.0075583528
    28.700    0.0107495903
    28.720    0.0119633441
    28.740    0.0119177441
    28.760    0.0109493197
    28.780    0.0093228892
    28.800    0.0077476153
    28.820    0.0008368550
    28.840   -0.0054853385
    28.860   -0.0024855767
    28.880    0.0034573103
    28.900    0.0055475281
    28.920    0.0067361419
    28.940    0.0030371082
    28.960   -0.0055842691
    28.980   -0.0081911637
    29.000   -0.0023540965
    29.020    0.0065857811
    29.040    0.0090535090
    29.060    0.0067814667
    29.080    0.0072245855
    29.100    0.0083366333
    29.120    0.0065959285
    29.140    0.0031730826
    29.160   -0.0020247624
    29.180   -0.0050745557
    29.200   -0.0089981352
    29.220   -0.0120156240
    29.240   -0.0110703581
    29.260   -0.0059814361
    29.280    0.0003533347
    29.300    0.0020944542
    29.320    0.0009848265
    29.340   -0.0000541359
    29.360   -0.0009103254
    29.380   -0.0039226938
    29.400   -0.0075450423
    29.420   -0.0089297852
    29.440   -0.0084611760
    29.460   -0.0079147391
    29.480   -0.0071537704
    29.500   -0.0072044283
    29.520   -0.0060508101
    29.540   -0.0054155316
    29.560   -0.0066871335
    29.580   -0.0062746596
    29.600   -0.0035750572
    29.620   -0.0001901625
    29.640    0.0032347660
    29.660    0.0042951477
    29.680    0.0065047828
    29.700    0.0086803946
    29.720    0.0078160562
    29.740    0.0031489858
    29.760   -0.0013041774
    29.780   -0.0014619360
    29.800   -0.0008589703
    29.820   -0.0002853935
    29.840   -0.0010967975
    29.860   -0.0004251519
    29.880    0.0015422439
    29.900    0.0030668749
    29.920    0.0024588647
    29.940   -0.0021775566
    29.960   -0.0041912001
    29.980   -0.0019591011
    30.000    0.0029487928
    30.020    0.0064643741
    30.040    0.0074634301
    30.060    0.0057864711
    30.080    0.0041105303
    30.100    0.0027385041
    30.120    0.0026619173
    30.140    0.0021627474
    30.160    0.0004644221
    30.180    0.0005096589
    30.200   -0.0015608250
    30.220   -0.0019815133
    30.240   -0.0008901098
    30.260    0.0012660354
    30.280   -0.0008421180
    30.300   -0.0065620780
    30.320   -0.0116013546
    30.340   -0.0103778436
    30.360   -0.0046572549
    30.380   -0.0004887215
    30.400    0.0033858923
    30.420    0.0069177146
    30.440    0.0070772662
    30.460    0.0037889310
    30.480    0.0025224328
    30.500    0.0059292054
    30.520    0.0125334942
    30.540    0.0137639769
    30.560    0.0094092440
    30.580    0.0057811664
    30.600    0.0047373926
    30.620    0.0052975279
    30.640    0.0049382311
    30.660    0.0026967136
    30.680    0.0005949799
    30.700   -0.0010274351
    30.720   -0.0036994098
    30.740   -0.0051216576
    30.760   -0.0058825813
    30.780   -0.0073797456
    30.800   -0.0075448038
    30.820   -0.0075964840
    30.840   -0.0067972640
    30.860   -0.0063865964
    30.880   -0.0060149372
    30.900   -0.0040735883
    30.920   -0.0022211551
    30.940   -0.0002049623
    30.960    0.0021657546
    30.980    0.0034548343
    31.000    0.0001420342
    31.020   -0.0040238336
    31.040   -0.0050236260
    31.060   -0.0061708887
    31.080   -0.0089160752
    31.100   -0.0095619473
    31.120   -0.0051244272
    31.140   -0.0021964304
    31.160   -0.0016273753
    31.180   -0.0014639967
    31.200   -0.0022270203
    31.220   -0.0012299773
    31.240    0.0036622084
    31.260    0.0073680412
    31.280    0.0075730752
    31.300    0.0057562048
    31.320    0.0042889348
    31.340    0.0055076473
    31.360    0.0076031556
    31.380    0.0087255693
    31.400    0.0049130493
    31.420    0.0010865767
    31.440   -0.0020816165
    31.460   -0.0036788122
    31.480   -0.0036984499
    31.500   -0.0039968705
    31.520   -0.0038124032
    31.540   -0.0048761882
    31.560   -0.0064791415
    31.580   -0.0074606331
    31.600   -0.0069958000
    31.620   -0.0067168277
    31.640   -0.0058548535
    31.660   -0.0046620659
    31.680   -0.0050484049
    31.700   -0.0046888755
    31.720   -0.0035699935
    31.740   -0.0034297835
    31.760   -0.0015841003
    31.780   -0.0004487563
    31.800   -0.0000277815
    31.820   -0.0017894604
    31.840   -0.0018545447
    31.860    0.0005766958
    31.880    0.0059584509
    31.900    0.0098223459
    31.920    0.0106873282
    31.940    0.0122154534
    31.960    0.0124000550
    31.980    0.0126633975
    32.000    0.0104182148
    32.020    0.0092817758
    32.040    0.0098094782
    32.060    0.0069594259
    32.080    0.0048602232
    32.100    0.0053220858
    32.120    0.0072280597
    32.140    0.0094410172
    32.160    0.0108374045
    32.180    0.0144379695
    32.200    0.0176627432
    32.220    0.0148766986
    32.240    0.0075464383
    32.260    0.0011727005
    32.280   -0.0025104741
    32.300   -0.0034153263
    32.320   -0.0045968632
    32.340   -0.0049766633
    32.360   -0.0062030956
    32.380   -0.0078076175
    32.400   -0.0088512195
    32.420   -0.0098105540
    32.440   -0.0052105876
    32.460    0.0026908943
    32.480    0.0068571111
    32.500    0.0046936256
    32.520    0.0012132092
    32.540    0.0011164002
    32.560    0.0025216956
    32.580    0.0051964873
    32.600    0.0055900642
    32.620    0.0043967728
    32.640    0.0009232982
    32.660   -0.0038816513
    32.680   -0.0046214604
    32.700   -0.0001315188
    32.720    0.0029718121
    32.740    0.0019729112
    32.760    0.0015626397
    32.780    0.0018946990
    32.800   -0.0009730512
    32.820   -0.0052615432
    32.840   -0.0077399289
    32.860   -0.0089666622
    32.880   -0.0097774464
    32.900   -0.0114378767
    32.920   -0.0126587191
    32.940   -0.0110317299
    32.960   -0.0073920087
    32.980   -0.0028844216
    33.000   -0.0021461003
    33.020   -0.0041186187
    33.040   -0.0057683728
    33.060   -0.0079933082
    33.080   -0.0088699915
    33.100   -0.0097595334
    33.120   -0.0077799048
    33.140   -0.0068236600
    33.160   -0.0074279917
    33.180   -0.0082586614
    33.200   -0.0095331929
    33.220   -0.0097940753
    33.240   -0.0093932656
    33.260   -0.0088713258
    33.280   -0.0091905008
    33.300   -0.0093128152
    33.320   -0.0091118016
    33.340   -0.0082672476
    33.360   -0.0049111855
    33.380   -0.0023249827
    33.400   -0.0003713632
    33.420   -0.0003252299
    33.440    0.0008165873
    33.460    0.0013270108
    33.480    0.0002720860
    33.500    0.0010270482
    33.520    0.0019219931
    33.540    0.0035729590
    33.560    0.0050792116
    33.580    0.0082210013
    33.600    0.0090399657
    33.620    0.0081093180
    33.640    0.0061581836
    33.660    0.0044689089
    33.680    0.0036849509
    33.700    0.0016867937
    33.720    0.0016362334
    33.740    0.0024532089
    33.760    0.0006109264
    33.780   -0.0024211180
    33.800   -0.0031863640
    33.820   -0.0004071579
    33.840    0.0027735897
    33.860    0.0047513962
    33.880    0.0053493374
    33.900    0.0062328357
    33.920    0.0059258087
    33.940    0.0041883396
    33.960    0.0032501297
    33.980    0.0036870099
    34.000    0.0057548271
    34.020    0.0057901596
    34.040    0.0046964911
    34.060    0.0031358962
    34.080    0.0056306630
    34.100    0.0100009014
    34.120    0.0107503075
    34.140    0.0095994580
    34.160    0.0067067062
    34.180    0.0067072149
    34.200    0.0079355043
    34.220    0.0075686620
    34.240    0.0040027323
    34.260    0.0016189541
    34.280    0.0018779068
    34.300   -0.0001907936
    34.320   -0.0036136287
    34.340   -0.0069574136
    34.360   -0.0075040848
    34.380   -0.0059594567
    34.400   -0.0050195030
    34.420   -0.0047719579
    34.440   -0.0044782365
    34.460   -0.0033974532
    34.480   -0.0009722706
    34.500    0.0004867403
    34.520    0.0001315968
    34.540   -0.0015986635
    34.560   -0.0040423529
    34.580   -0.0056081474
    34.600   -0.0055004111
    34.620   -0.0044471897
    34.640   -0.0038526493
    34.660   -0.0029079196
    34.680   -0.0025759770
    34.700   -0.0020283892
    34.720   -0.0002408455
    34.740    0.0010833477
    34.760    0.0046401691
    34.780    0.0082388477
    34.800    0.0100947450
    34.820    0.0106959094
    34.840    0.0105728778
    34.860    0.0089122224
    34.880    0.0041636616
    34.900    0.0009065168
    34.920    0.0007889084
    34.940    0.0023855069
    34.960    0.0036283962
    34.980    0.0045292280
    35.000    0.0044338049
    35.020    0.0052656054
    35.040    0.0054477176
    35.060    0.0044089909
    35.080    0.0044117738
    35.100    0.0030521784
    35.120    0.0029327302
    35.140    0.0018784955
    35.160    0.0008016594
    35.180    0.0004286606
    35.200   -0.0018396796
    35.220   -0.0044965866
    35.240   -0.0077801624
    35.260   -0.0066761897
    35.280   -0.0059279320
    35.300   -0.0050305736
    35.320   -0.0049410898
    35.340   -0.0050264072
    35.360   -0.0031047560
    35.380   -0.0038689879
    35.400   -0.0045496596
    35.420   -0.0049319181
    35.440   -0.0015820739
    35.460    0.0021331692
    35.480    0.0045672116
    35.500    0.0025471184
    35.520   -0.0016646667
    35.540   -0.0046936048
    35.560   -0.0053980997
    35.580   -0.0041945609
    35.600   -0.0026731230
    35.620    0.0004282694
    35.640    0.0031887290
    35.660    0.0040871840
    35.680    0.0029177434
    35.700    0.0003674644
    35.720   -0.0007360225
    35.740   -0.0006568153
    35.760   -0.0023456995
    35.780   -0.0022482725
    35.800   -0.0027813496
    35.820   -0.0030633741
    35.840   -0.0027964665
    35.860   -0.0045729649
    35.880   -0.0069283482
    35.900   -0.0088424214
    35.920   -0.0071285178
    35.940   -0.0039700626
    35.960   -0.0019139206
    35.980   -0.0000482701
    36.000   -0.0002341533
    36.020   -0.0005270190
    36.040   -0.0011617725
    36.060   -0.0025317346
    36.080   -0.0019771209
    36.100   -0.0003749499
    36.120   -0.0015438676
    36.140   -0.0023268491
    36.160   -0.0023199815
    36.180    0.0003032112
    36.200    0.0013216452
    36.220   -0.0002594543
    36.240   -0.0033884141
    36.260   -0.0045352198
    36.280   -0.0024796182
    36.300   -0.0009885425
    36.320    0.0003702920
    36.340    0.0000981604
    36.360    0.0020748899
    36.380    0.0025716271
    36.400    0.0005327471
    36.420   -0.0020794657
    36.440   -0.0021980791
    36.460    0.0006013903
    36.480    0.0016446821
    36.500    0.0007053195
    36.520    0.0013471613
    36.540    0.0015332482
    36.560    0.0019087885
    36.580    0.0035906795
    36.600    0.0056535848
    36.620    0.0071011345
    36.640    0.0049441487
    36.660    0.0013164239
    36.680    0.0008758093
    36.700    0.0024658715
    36.720    0.0036716503
    36.740    0.0041324605
    36.760    0.0040330503
    36.780    0.0040168518
    36.800    0.0030364060
    36.820    0.0018989680
    36.840    0.0020103961
    36.860    0.0028824251
    36.880    0.0028357043
    36.900    0.0023951798
    36.920    0.0012170521
    36.940   -0.0006525970
    36.960   -0.0021149934
    36.980   -0.0031456625
    37.000   -0.0022631758
    37.020   -0.0017899366
    37.040   -0.0024601415
    37.060   -0.0022065211
    37.080   -0.0019405158
    37.100   -0.0015325326
    37.120   -0.0004320635
    37.140   -0.0000549360
    37.160    0.0005495237
    37.180    0.0021768903
    37.200    0.0030764403
    37.220    0.0027290072
    37.240    0.0020007340
    37.260    0.0005744458
    37.280   -0.0002383791
    37.300   -0.0010696276
    37.320   -0.0023147502
    37.340   -0.0025555962
    37.360   -0.0021876598
    37.380   -0.0010499499
    37.400   -0.0004815165
    37.420   -0.0006021856
    37.440   -0.0017570751
    37.460   -0.0029730647
    37.480   -0.0032772045
    37.500   -0.0020140354
    37.520   -0.0002813933
    37.540    0.0009245674
    37.560    0.0006139277
    37.580    0.0005861520
    37.600    0.0009810487
    37.620    0.0012047014
    37.640    0.0008502965
    37.660    0.0004412364
    37.680    0.0010963688
    37.700    0.0007303051
    37.720    0.0000607128
    37.740   -0.0019062900
    37.760   -0.0025008863
    37.780   -0.0014697809
    37.800   -0.0001901722
    37.820    0.0006336253
    37.840    0.0008588527
    37.860    0.0012767323
    37.880    0.0011411524
    37.900    0.0004977939
    37.920   -0.0000701454
    37.940   -0.0002409495
    37.960   -0.0000668129
    37.980    0.0000020104
    38.000   -0.0002073359
    38.020    0.0005782399
    38.040    0.0010152837
    38.060    0.0007677773
    38.080    0.0005955275
    38.100    0.0003243957
    38.120    0.0002688740
    38.140    0.0001928447
    38.160    0.0002723178
    38.180    0.0002539390
    38.200   -0.0000218194
    38.220    0.0000798756
    38.240    0.0001371622
    38.260   -0.0000782810
    38.280   -0.0003815702
    38.300   -0.0004822324
    38.320   -0.0002868940
    38.340   -0.0000288368
    38.360    0.0001628808
    38.380    0.0002424328
    38.400    0.0001687707
    38.420    0.0002789635
    38.440    0.0003838346
    38.460    0.0003514013
    38.480    0.0002447195
    38.500    0.0000500428
    38.520   -0.0000992046
    38.540   -0.0002886551
    38.560   -0.0004113692
    38.580   -0.0004398306
    38.600   -0.0004922889
    38.620   -0.0003170327
    38.640   -0.0001353432
    38.660   -0.0000860330
    38.680    0.0000015369
    38.700   -0.0000600240
    38.720   -0.0001366778
    38.740   -0.0001847560
    38.760   -0.0001870222
    38.780   -0.0001738449
    38.800   -0.0000980327
    38.820    0.0000035151
    38.840    0.0000920141
    38.860    0.0001152596
    38.880    0.0000878801
    38.900    0.0000732970
    38.920    0.0000625540
    38.940    0.0000468505
    38.960    0.0000359820
    38.980    0.0000274830
    39.000    0.0000113300
    39.020   -0.0000001215
    39.040   -0.0000033445
    39.060   -0.0000110798
    39.080   -0.0000125033
    39.100   -0.0000044774
    39.120   -0.0000007097
    39.140    0.0000016537
    39.160   -0.0000007222
    39.180    0.0000029146
    39.200    0.0000070592
    39.220    0.0000083584
    39.240    0.0000101076
    39.260    0.0000107107
    39.280    0.0000136457
    39.300    0.0000154310
    39.320    0.0000132848
    39.340    0.0000091335
    39.360    0.0000045667
    39.380    0.0000009359
    39.400   -0.0000011813
    39.420   -0.0000020048
    39.440   -0.0000029448
    39.460   -0.0000040411
    39.480   -0.0000049471
    39.500   -0.0000061834
    39.520   -0.0000073601
    39.540   -0.0000083819
    39.560   -0.0000090233
    39.580   -0.0000093940
    39.600   -0.0000096862
    39.620   -0.0000097791
    39.640   -0.0000097719
    39.660   -0.0000096135
    39.680   -0.0000093344
    39.700   -0.0000089909
    39.720   -0.0000086079
    39.740   -0.0000081940
    39.760   -0.0000077553
    39.780   -0.0000073084
    39.800   -0.0000068660
    39.820   -0.0000064398
    39.840   -0.0000060375
    39.860   -0.0000056645
    39.880   -0.0000053239
    39.900   -0.0000050166
    39.920   -0.0000047418
    39.940   -0.0000044973
    39.960   -0.0000042792
    39.980   -0.0000040826
