   0.0021356823
  -0.0058697414
  -0.0049407080
  -0.0032076393
   0.0023970428
   0.0042183196
   0.0025962645
  -0.0029515031
  -0.0016190364
   0.0061703923
   0.0018134820
   0.0009777905
  -0.0032664778
   0.0011531722
  -0.0004625401
  -0.0038663008
   0.0001238684
   0.0028327317
   0.0001273599
  -0.0014337424
  -0.0040332437
  -0.0001063028
   0.0017620788
  -0.0001701134
  -0.0018810277
  -0.0013718752
   0.0028322092
  -0.0021290282
  -0.0013931551
  -0.0033091458
  -0.0023769482
  -0.0020596516
   0.0033302182
   0.0083897621
  -0.0023473165
  -0.0088863212
  -0.0007682877
   0.0052636527
   0.0046496066
   0.0081435817
   0.0023266013
  -0.0000764817
  -0.0018416698
  -0.0006023552
  -0.0003595336
  -0.0070645307
  -0.0012985582
   0.0063546892
   0.0084343360
   0.0065921842
   0.0024869908
  -0.0036349364
  -0.0085081779
  -0.0046130004
  -0.0020855491
   0.0044979696
   0.0045641705
  -0.0020883201
  -0.0009787121
   0.0061927609
  -0.0012765819
  -0.0102352345
  -0.0081940888
  -0.0028185972
   0.0044199568
   0.0057519447
   0.0017742303
  -0.0013433869
   0.0003863426
   0.0021711751
  -0.0022072860
  -0.0049968829
   0.0011452134
   0.0008360191
  -0.0030894715
   0.0017015546
   0.0079740158
   0.0005842964
  -0.0035890084
  -0.0090813754
  -0.0027202121
  -0.0005927951
   0.0035780980
   0.0054203043
  -0.0002471976
  -0.0000123420
   0.0006802180
   0.0080420980
   0.0077833809
  -0.0068350578
  -0.0118000157
  -0.0092177473
  -0.0071215970
  -0.0001987285
   0.0051622915
   0.0121402600
   0.0109597151
   0.0076515916
   0.0082159981
  -0.0032368917
  -0.0087388314
  -0.0025606041
  -0.0050196734
  -0.0036271967
  -0.0016970755
   0.0096472686
   0.0121427060
   0.0040818389
   0.0023258753
   0.0036303980
  -0.0007458252
  -0.0048204279
  -0.0004524414
   0.0076805228
   0.0056389927
   0.0000334230
  -0.0082789806
  -0.0164945500
  -0.0038479535
  -0.0001126197
   0.0005410523
  -0.0000442283
  -0.0006019722
   0.0056450824
   0.0051981459
   0.0131175041
   0.0113830412
  -0.0011888646
  -0.0097737983
  -0.0049294709
   0.0068931243
   0.0057235851
  -0.0065712818
  -0.0096531848
  -0.0036677867
  -0.0043242294
  -0.0104323741
  -0.0031841531
  -0.0012556901
   0.0041011524
   0.0106412747
   0.0020064704
   0.0004818400
  -0.0031214973
  -0.0023664582
   0.0004983594
   0.0077493670
   0.0003842367
  -0.0058567387
  -0.0051506428
   0.0036858721
   0.0010502344
  -0.0118674855
  -0.0150967491
  -0.0108723398
   0.0064865227
   0.0171133658
   0.0174131595
   0.0107935002
   0.0041563850
  -0.0050417358
  -0.0092534044
  -0.0063999163
  -0.0025158219
   0.0045642011
   0.0063037364
   0.0069918081
   0.0017772071
  -0.0029169561
  -0.0132674230
  -0.0156992520
  -0.0025536805
   0.0123755368
   0.0250666869
   0.0182211643
   0.0053618092
  -0.0104854362
  -0.0130283188
  -0.0114140273
  -0.0019954038
  -0.0036186303
  -0.0001755706
   0.0102980094
   0.0093376634
   0.0109520842
   0.0044291424
  -0.0115568155
  -0.0221573470
  -0.0202724345
  -0.0116519407
   0.0011986415
   0.0097014261
   0.0083906943
  -0.0042777844
  -0.0180671595
  -0.0115807286
  -0.0015616418
  -0.0003600946
   0.0163667377
   0.0234573793
   0.0087591519
  -0.0009561710
  -0.0052129653
  -0.0045768942
  -0.0009148087
   0.0040624675
   0.0049729290
  -0.0033020821
  -0.0086483159
  -0.0100108510
  -0.0034510410
  -0.0118542923
  -0.0161802738
  -0.0057893811
   0.0045252406
   0.0077436550
   0.0090847298
  -0.0025419111
  -0.0286113357
  -0.0289570267
  -0.0073819301
   0.0143878976
   0.0238423063
   0.0310275492
   0.0215770188
  -0.0050785768
  -0.0178328148
  -0.0158738597
  -0.0069016499
   0.0010990323
   0.0042416646
  -0.0036020724
  -0.0104881136
  -0.0035769549
   0.0065684513
   0.0095343880
   0.0054872026
   0.0039871151
  -0.0055115274
  -0.0055437960
   0.0029328410
   0.0013913455
  -0.0029018886
  -0.0126813963
  -0.0157948977
  -0.0038618883
   0.0085466281
   0.0188247592
   0.0079942955
  -0.0134688390
  -0.0114983645
  -0.0019870994
  -0.0083133551
  -0.0053571585
   0.0081934458
   0.0122882874
   0.0027837202
  -0.0146120190
  -0.0173360278
  -0.0038754252
   0.0214114333
   0.0241114950
   0.0089613844
  -0.0087463023
  -0.0086592434
  -0.0063858725
   0.0000446337
   0.0180620598
   0.0257038908
   0.0261557535
   0.0134732889
   0.0080606631
   0.0134436161
   0.0227409174
   0.0182239098
  -0.0065169746
  -0.0155140264
  -0.0102210750
  -0.0032901721
   0.0064100136
   0.0147603764
   0.0260014323
   0.0201246521
  -0.0009305004
  -0.0199001496
  -0.0320996974
  -0.0192520148
   0.0009457032
   0.0181314245
   0.0227519537
   0.0207967136
   0.0089725330
  -0.0200044638
  -0.0177818178
  -0.0068282333
   0.0032475378
   0.0122094852
   0.0121040892
   0.0124880024
   0.0184658308
   0.0196758478
   0.0110792944
   0.0059424878
   0.0110772089
   0.0268133189
   0.0132061994
  -0.0052416311
  -0.0236410196
  -0.0502298019
  -0.0687993448
  -0.0474523194
  -0.0121897226
   0.0101261233
   0.0042127742
  -0.0123782789
  -0.0209256486
  -0.0284008634
  -0.0178174783
  -0.0043747603
   0.0179587764
   0.0303712562
   0.0443347322
   0.0666961182
   0.0708326249
   0.0473436914
   0.0140375356
  -0.0127376938
  -0.0237936193
  -0.0113740394
  -0.0037014604
   0.0122091314
   0.0343002640
   0.0151840564
  -0.0140825687
  -0.0382619044
  -0.0430332370
  -0.0425261587
  -0.0530643031
  -0.0688077819
  -0.0719965064
  -0.0570816693
  -0.0297158138
   0.0077341768
   0.0272059992
   0.0433150303
   0.0628388873
   0.0473946204
   0.0214218096
  -0.0071363007
  -0.0201381209
  -0.0170732180
  -0.0067522413
   0.0169843628
   0.0115374611
   0.0077179795
   0.0090551591
  -0.0008646159
  -0.0091015088
  -0.0251112846
  -0.0436060432
  -0.0320843098
   0.0051235385
   0.0209904308
   0.0018265970
  -0.0169904627
  -0.0279304594
  -0.0207496222
   0.0021789189
   0.0061712531
  -0.0075063097
  -0.0226030860
  -0.0509385208
  -0.0682982542
  -0.0545378749
  -0.0348540526
  -0.0137402084
  -0.0031235259
   0.0058831727
   0.0267539664
   0.0469242844
   0.0552162473
   0.0632793871
   0.0517016727
   0.0443818508
   0.0362082119
   0.0199523747
  -0.0073658621
  -0.0147312615
   0.0072432618
   0.0404923683
   0.0559990292
   0.0530447752
   0.0005201374
  -0.0817996340
  -0.1169640913
  -0.1047934985
   0.0628106842
   0.1454335506
   0.1465188444
   0.1326241175
   0.0828931948
  -0.0033233052
  -0.0740143411
  -0.0639425863
  -0.0625524672
  -0.0378086808
  -0.0255048086
  -0.0408233555
  -0.0323822902
   0.0205771476
   0.0673566297
   0.0874408414
   0.0814681705
   0.0469569103
   0.0069769853
  -0.0352142296
  -0.0701283287
  -0.0926020170
  -0.1126988844
  -0.0909082293
  -0.0525788280
  -0.0253256217
  -0.0033436530
   0.0130031197
   0.0248770045
  -0.0163625430
  -0.0871538770
  -0.1237167204
  -0.1281289988
  -0.1145901622
  -0.0736380044
   0.0187942937
   0.0811097286
   0.1062845570
   0.1259003379
   0.1208195532
   0.0969029117
   0.0581267847
   0.0360418507
   0.0461733459
   0.0715878500
   0.0143823964
  -0.0645673081
  -0.0606481255
  -0.0415705177
  -0.0515065641
  -0.0858443529
  -0.1075868347
  -0.1137132111
  -0.0920849367
  -0.0428425170
   0.0500581676
   0.1528243737
   0.2114758934
   0.1623984060
   0.0198800400
  -0.0285262874
  -0.0294715759
  -0.0397654144
  -0.0288951159
   0.0009290184
   0.0341785040
   0.0628961101
   0.0652239412
   0.0470534610
   0.0342474299
   0.0156987110
  -0.0183894374
  -0.0626067642
  -0.0967924805
  -0.1139434630
  -0.1144557805
  -0.0422797469
   0.0495628265
   0.0814693952
   0.1179813438
   0.0953037015
   0.0399507931
   0.0002860317
  -0.0036612446
  -0.0071603227
  -0.0391284792
  -0.0534060068
  -0.0668473742
  -0.0815658779
  -0.0665005333
  -0.0291119977
   0.0087038343
   0.0466028230
   0.0859872398
   0.1223460612
   0.1284805685
   0.0801520124
  -0.0222835909
  -0.1088298143
  -0.1564359072
  -0.1591452463
  -0.1202228644
  -0.0535054153
   0.0150834606
   0.0576082415
   0.0760023057
   0.0598200281
   0.0337477409
   0.0063566420
  -0.0326109534
  -0.0699825161
  -0.0918256991
  -0.0946910570
  -0.0782830862
  -0.0339377022
   0.0188205985
   0.0715194684
   0.1205884167
   0.1674990588
   0.1829638742
   0.1562286873
   0.0978283423
  -0.0213124400
  -0.0887567274
  -0.0917086339
  -0.0793501789
  -0.0527578448
   0.0533455521
   0.1414532669
   0.1659366590
   0.1523186222
   0.0720462787
   0.0156930330
  -0.0284735622
  -0.0569169072
  -0.0307236561
   0.0166723421
   0.0284340267
  -0.0165024190
  -0.0537637003
  -0.0317381460
   0.0180764335
   0.0629322060
   0.0895425371
   0.0807611867
   0.0372610839
   0.0101744123
   0.0104528852
   0.0245876927
   0.0222462907
   0.0109659749
   0.0131182559
   0.0325760516
   0.0573569307
   0.0986070076
   0.1407667976
   0.1640424554
   0.1317749953
  -0.0085127741
  -0.0968028228
  -0.1375062895
  -0.1775997312
  -0.1924302991
  -0.2228948673
  -0.2356750426
  -0.2335643995
  -0.1399966374
  -0.0319711094
  -0.0016553508
   0.0075067962
  -0.0120498840
  -0.0390120944
  -0.0617790750
  -0.0567123068
  -0.0325115041
  -0.0106492559
   0.0029749664
   0.0004840204
  -0.0033360970
  -0.0085720756
  -0.0052612610
   0.0090846618
   0.0101018496
  -0.0032159557
  -0.0350224550
  -0.0912275815
  -0.1421028918
  -0.1543563930
  -0.1116505711
   0.0465728168
   0.1694358562
   0.2023580784
   0.2087438285
   0.1783462811
   0.1164647358
   0.0294171292
  -0.0258965704
  -0.0433030550
   0.0004999121
   0.0455214076
   0.0165433051
  -0.0665380921
  -0.1283755126
  -0.1702016618
  -0.1923972310
  -0.1450515324
  -0.0615473602
  -0.0254856958
  -0.0075108412
   0.0062239273
   0.0374163883
   0.0606736750
   0.0356403727
  -0.0098253227
  -0.0411782253
  -0.0273331141
   0.0148801666
   0.0583119253
   0.0962711816
   0.1229324076
   0.1292760401
   0.0859206273
  -0.0467693202
  -0.1098123316
  -0.0978380041
  -0.0622562491
  -0.0300367853
  -0.0181833367
  -0.0165042493
  -0.0160015904
  -0.0018962574
   0.0190002073
   0.0548633168
   0.0642081177
   0.0512506265
   0.0047264934
  -0.0441578586
  -0.0490832369
   0.0239091570
   0.1075769687
   0.1126643534
   0.1049155647
   0.0006497032
  -0.0987330542
  -0.1026731595
  -0.0867214061
  -0.0619806135
  -0.0451130914
  -0.0219962012
  -0.0202478171
  -0.0172264914
   0.0211035972
   0.0628899183
   0.0772764823
   0.0427381075
  -0.0287573729
  -0.0721731078
  -0.0905104255
  -0.0647013495
  -0.0139449993
   0.0133984468
   0.0272017738
   0.0503322722
   0.0858655478
   0.1170573420
   0.1539785934
   0.1739727183
   0.1783206975
   0.1248496772
   0.0074615725
  -0.0875618190
  -0.0953093829
  -0.0204330938
   0.0442315815
   0.0857122506
   0.1230679800
   0.0817805144
  -0.0399491941
  -0.0663095412
  -0.0453412681
  -0.0264962393
  -0.0153826861
  -0.0135827879
  -0.0068380652
  -0.0264694514
  -0.0416282849
  -0.0337697693
  -0.0190299856
  -0.0281814368
  -0.0815044025
  -0.1196042664
  -0.1262866087
  -0.0506088604
   0.0069423046
   0.0122017013
   0.0318935457
   0.0415913384
   0.0496791092
   0.0404823322
   0.0079766184
  -0.0054960038
   0.0297414654
   0.0583932007
   0.0341813957
  -0.0012462453
  -0.0170368295
  -0.0164692965
  -0.0147843031
  -0.0003468596
   0.0411092313
   0.0944328060
   0.1600829924
   0.2007832611
   0.1707801835
   0.0123588633
  -0.0790150752
  -0.0749497738
  -0.0793304469
  -0.1050209608
  -0.1540693605
  -0.1711721698
  -0.1651639812
  -0.0807319289
   0.0285095935
   0.1054616307
   0.1560687560
   0.1788006953
   0.1511955995
   0.0739327255
   0.0252870014
  -0.0004626170
  -0.0063669911
  -0.0081242783
   0.0055845664
   0.0216084029
   0.0195981650
  -0.0451479285
  -0.1107211601
  -0.1329872882
  -0.1342079503
  -0.0983429051
  -0.0470140990
   0.0055600069
   0.0297527432
   0.0355084745
   0.0220295177
  -0.0078875522
  -0.0314719308
  -0.0616564645
  -0.0909945058
  -0.0802602662
  -0.0326245242
   0.0703006095
   0.1276610783
   0.1451878192
   0.1323725685
   0.1209829205
   0.0548070466
  -0.0871910276
  -0.1304695536
  -0.1251172498
  -0.0890751270
  -0.0575023011
  -0.0265123549
   0.0154087357
   0.0214839382
   0.0158609897
   0.0268391338
   0.0292426950
   0.0319133219
   0.0374505791
   0.0120655948
  -0.0190593795
  -0.0131825958
   0.0329752060
   0.0762740969
   0.0986864459
   0.0876919821
   0.0580805166
   0.0296381752
   0.0063594623
  -0.0171728068
  -0.0350278643
  -0.0415046537
  -0.0297979601
  -0.0089335317
   0.0099044514
   0.0155665679
   0.0133583841
   0.0234204397
   0.0183148709
   0.0054499568
  -0.0111729091
  -0.0279383114
  -0.0430274194
  -0.0670767076
  -0.0927811359
  -0.1091960129
  -0.1079032951
  -0.0862651547
  -0.0633464419
  -0.0519100494
  -0.0368476986
  -0.0250920663
  -0.0176708015
  -0.0003177758
   0.0297632250
   0.0653448507
   0.0876045490
   0.1079558570
   0.1296778584
   0.1301841201
   0.0975506314
   0.0544158767
   0.0290589050
   0.0082613681
  -0.0210932685
  -0.0352769978
  -0.0239274839
  -0.0088370559
  -0.0110171590
  -0.0104977108
  -0.0047971645
  -0.0185883155
  -0.0312898827
  -0.0372143735
  -0.0442631867
  -0.0472174747
  -0.0441336359
  -0.0339185961
  -0.0126860844
   0.0119093004
   0.0221767082
   0.0160582348
   0.0058831013
   0.0066214147
  -0.0024917312
  -0.0183301938
  -0.0199895696
  -0.0391800205
  -0.0901705249
  -0.1290958665
  -0.1371581218
  -0.1191079386
  -0.0974348931
  -0.0179736162
   0.0653604322
   0.0914141849
   0.0564563692
  -0.0222880681
  -0.0476833879
  -0.0446827297
  -0.0341309430
  -0.0301164856
  -0.0359607454
  -0.0502755938
  -0.0677171809
  -0.0774272279
  -0.0777580110
  -0.0436893939
   0.0098778880
   0.0386692340
   0.0469206102
   0.0634485379
   0.0697117795
   0.0512297038
   0.0431090350
   0.0514475042
   0.0639326522
   0.0595632740
   0.0375035493
   0.0049916029
  -0.0124602619
  -0.0033033324
   0.0140604723
   0.0303592095
   0.0624883722
   0.1078216114
   0.1348676794
   0.1343162381
   0.1157131509
   0.0900029390
   0.0630194010
   0.0442319557
   0.0202500047
  -0.0003664970
  -0.0121128971
  -0.0188105760
  -0.0466927737
  -0.0757415712
  -0.0951187650
  -0.1313163284
  -0.1474530864
  -0.1337153649
  -0.1101678818
  -0.0784723092
  -0.0477482313
  -0.0278261622
  -0.0288776258
  -0.0290756636
  -0.0190540995
  -0.0268546404
  -0.0321502181
  -0.0342356927
  -0.0443270775
  -0.0305092611
   0.0104653537
   0.0495668749
   0.0883625298
   0.1307570624
   0.1654028405
   0.1881328746
   0.1867490493
   0.1596617483
   0.1057510447
   0.0243041575
  -0.0435642998
  -0.0855807947
  -0.1020538130
  -0.0705631471
   0.0063550192
   0.0718295329
   0.1148628379
   0.1274570563
   0.0997422438
   0.0526843601
  -0.0046169059
  -0.0574112957
  -0.0980740396
  -0.1108583315
  -0.1012256135
  -0.0741209279
  -0.0242936281
   0.0252949962
   0.0463174235
   0.0489207881
   0.0403500598
   0.0320291317
   0.0314706822
   0.0500153696
   0.0793730068
   0.0995557424
   0.0882407357
   0.0595851833
   0.0398687692
   0.0152209586
  -0.0075944062
  -0.0186603985
  -0.0223312335
  -0.0356004664
  -0.0481929837
  -0.0549732376
  -0.0638353531
  -0.0735616279
  -0.0847661014
  -0.0977267565
  -0.1177871877
  -0.1217705673
  -0.0991489231
  -0.0634723864
  -0.0303706337
  -0.0060408484
   0.0214568646
   0.0381944413
   0.0514023928
   0.0736568858
   0.0911574989
   0.1008609799
   0.0947997191
   0.0741602558
   0.0547770403
   0.0530149391
   0.0626559921
   0.0582983510
   0.0294908316
  -0.0116397001
  -0.0479188110
  -0.0722820760
  -0.0774934662
  -0.0796029866
  -0.0909251716
  -0.1097704522
  -0.1212316457
  -0.1232438670
  -0.1135930500
  -0.0946905127
  -0.0806462648
  -0.0788826327
  -0.0834001370
  -0.0667289482
  -0.0333842639
   0.0078417094
   0.0383796499
   0.0506721388
   0.0574158545
   0.0420379279
  -0.0004281598
  -0.0415795672
  -0.0623615091
  -0.0472314572
  -0.0030355940
   0.0411574386
   0.0680518764
   0.0808894107
   0.0837224830
   0.0669215392
   0.0165266826
  -0.0471214343
  -0.0771653027
  -0.0705404893
  -0.0497435783
  -0.0275479853
   0.0080769148
   0.0461903903
   0.0702811496
   0.0725243713
   0.0667685482
   0.0740359783
   0.0913113404
   0.1044161071
   0.1012495641
   0.0753880963
   0.0348586794
   0.0047319673
  -0.0175970923
  -0.0358041822
  -0.0361675912
  -0.0396511729
  -0.0616506810
  -0.0901596042
  -0.0905890813
  -0.0603529620
  -0.0137763452
   0.0290842947
   0.0510510272
   0.0667408894
   0.0812262154
   0.0886187055
   0.0791257105
   0.0585388092
   0.0414670608
   0.0375295071
   0.0423957574
   0.0470782961
   0.0263942487
  -0.0009423130
  -0.0234205179
  -0.0262720362
  -0.0174915670
  -0.0072467251
   0.0093693162
   0.0080761901
   0.0002626430
   0.0054619422
   0.0119487575
   0.0119082865
   0.0156849361
   0.0119765797
   0.0016333806
  -0.0044902844
  -0.0087851675
  -0.0067818120
   0.0016794225
   0.0051853813
   0.0173804588
   0.0242316594
   0.0228204747
   0.0259170134
   0.0330388621
   0.0380959515
   0.0324409521
   0.0229097382
   0.0081109865
  -0.0096688309
  -0.0199462000
  -0.0185641982
  -0.0002722214
   0.0227531444
   0.0316760242
   0.0305355727
   0.0247972226
   0.0315857946
   0.0387840878
   0.0375499535
   0.0350389891
   0.0239946918
   0.0023045338
  -0.0278741178
  -0.0479231657
  -0.0659981499
  -0.0814632715
  -0.0940281981
  -0.1124048096
  -0.1303160523
  -0.1486163555
  -0.1580021514
  -0.1574808185
  -0.1523127367
  -0.1360164557
  -0.1060824741
  -0.0657104710
  -0.0208613223
   0.0151420204
   0.0296832458
   0.0244896349
   0.0086637035
  -0.0106047637
  -0.0258271784
  -0.0330511096
  -0.0324322904
  -0.0267473834
  -0.0264409081
  -0.0352089904
  -0.0382061104
  -0.0421959199
  -0.0486598835
  -0.0437907415
  -0.0273517676
   0.0009995025
   0.0369094121
   0.0708511662
   0.1026525430
   0.1336276595
   0.1580731526
   0.1749495201
   0.1817410348
   0.1701695462
   0.1422536715
   0.1139110413
   0.0853250612
   0.0528459924
   0.0268139244
   0.0064384481
  -0.0098253499
  -0.0267931956
  -0.0464473145
  -0.0662677638
  -0.0752374527
  -0.0761356327
  -0.0651141905
  -0.0497374206
  -0.0353008463
  -0.0190357317
  -0.0080207092
  -0.0074646513
  -0.0142409622
  -0.0184703692
  -0.0189590048
  -0.0111576168
   0.0007213310
   0.0138182008
   0.0199889164
   0.0232966894
   0.0139177862
   0.0074778105
   0.0116461606
   0.0223173224
   0.0356535727
   0.0469181267
   0.0656678091
   0.0778833432
   0.0783733091
   0.0769791075
   0.0705844780
   0.0575827260
   0.0462219955
   0.0358818515
   0.0202981099
  -0.0046546383
  -0.0356770810
  -0.0644992327
  -0.0776302293
  -0.0755443533
  -0.0683016563
  -0.0579395008
  -0.0485073348
  -0.0331275166
  -0.0163316692
  -0.0039638007
   0.0023141422
   0.0008571592
   0.0026828298
   0.0080549884
   0.0171193909
   0.0148054538
   0.0007033531
  -0.0243502861
  -0.0488562509
  -0.0618481370
  -0.0643184468
  -0.0635409041
  -0.0646684515
  -0.0676073962
  -0.0724999445
  -0.0813103145
  -0.0967627805
  -0.1025336407
  -0.1012286074
  -0.0827331615
  -0.0551352100
  -0.0228702878
   0.0039437251
   0.0208501669
   0.0302790296
   0.0351372748
   0.0421297837
   0.0399505889
   0.0420745682
   0.0465788384
   0.0446843287
   0.0472452696
   0.0545744471
   0.0523918843
   0.0414020813
   0.0330911145
   0.0367000489
   0.0421341384
   0.0499245684
   0.0596581577
   0.0697948240
   0.0836441333
   0.0903411386
   0.0870932861
   0.0726645366
   0.0577604840
   0.0398613867
   0.0228266427
   0.0057500226
  -0.0163303560
  -0.0244577371
  -0.0287226956
  -0.0285600325
  -0.0152559182
   0.0004565092
   0.0131674192
   0.0139203309
   0.0094993297
  -0.0040551802
  -0.0211387508
  -0.0269204160
  -0.0254736729
  -0.0242490236
  -0.0316717819
  -0.0415447301
  -0.0483708098
  -0.0485308431
  -0.0423301996
  -0.0364419339
  -0.0366678993
  -0.0363248348
  -0.0286980272
  -0.0227819667
  -0.0179450729
  -0.0220609630
  -0.0141635822
  -0.0015743714
   0.0058442463
   0.0081480724
  -0.0052816973
  -0.0106887097
  -0.0114423427
  -0.0074765620
   0.0022147950
   0.0136379388
   0.0190230420
   0.0224683709
   0.0211007633
   0.0093852481
  -0.0090172464
  -0.0290162193
  -0.0364638092
  -0.0380816288
  -0.0353341525
  -0.0276381163
  -0.0211115818
  -0.0200781458
  -0.0223483357
  -0.0267837855
  -0.0311257669
  -0.0306233971
  -0.0287921931
  -0.0190662618
  -0.0014912000
   0.0183678172
   0.0416654014
   0.0592233733
   0.0729954557
   0.0800391318
   0.0789002214
   0.0681872107
   0.0566587242
   0.0487183651
   0.0397438112
   0.0362345439
   0.0421848972
   0.0533473892
   0.0613140123
   0.0609280136
   0.0459399640
   0.0270824633
   0.0089121123
  -0.0036855319
  -0.0091553534
  -0.0124010183
  -0.0098896626
  -0.0060493195
   0.0058555615
   0.0185239926
   0.0322473131
   0.0457242389
   0.0493011054
   0.0444004601
   0.0312479182
   0.0165092606
   0.0069794007
  -0.0006733482
  -0.0057927934
  -0.0051936041
  -0.0080470242
  -0.0081939221
  -0.0090138375
  -0.0129188369
  -0.0194991478
  -0.0288627622
  -0.0365848548
  -0.0433769819
  -0.0489476645
  -0.0479738565
  -0.0478535594
  -0.0468692390
  -0.0448820569
  -0.0424612472
  -0.0397453422
  -0.0362902017
  -0.0239726021
  -0.0101280047
   0.0005101765
   0.0137302131
   0.0216826836
   0.0192838853
   0.0040872754
  -0.0065602693
  -0.0176587310
  -0.0322727164
  -0.0411400200
  -0.0498062444
  -0.0574556587
  -0.0615867561
  -0.0611057377
  -0.0621893644
  -0.0555766964
  -0.0482594261
  -0.0446414626
  -0.0427479055
  -0.0370236536
  -0.0230993150
  -0.0130199089
  -0.0033671395
   0.0008616738
  -0.0043099849
  -0.0050053337
  -0.0079387738
  -0.0075861528
  -0.0071292993
  -0.0121379874
  -0.0177399486
  -0.0199622748
  -0.0106428873
   0.0080421626
   0.0333762691
   0.0553581816
   0.0650355347
   0.0696565639
   0.0678717709
   0.0578732966
   0.0481003794
   0.0303739269
   0.0148750771
   0.0036446050
  -0.0054901148
  -0.0107208457
  -0.0195882888
  -0.0253707467
  -0.0353243886
  -0.0422659345
  -0.0448802198
  -0.0420604836
  -0.0317244459
  -0.0176579791
  -0.0070579477
   0.0007831445
   0.0091484302
   0.0143696795
   0.0213920620
   0.0208461151
   0.0156849735
   0.0129909369
   0.0047308650
  -0.0007532472
   0.0008243585
   0.0110354996
   0.0236759214
   0.0408134895
   0.0587738921
   0.0696759557
   0.0729472144
   0.0705137490
   0.0637217920
   0.0521861612
   0.0418683688
   0.0273831653
   0.0116450141
  -0.0007929561
  -0.0199249405
  -0.0452439009
  -0.0643586592
  -0.0741283104
  -0.0715443035
  -0.0617044336
  -0.0418324770
  -0.0189829928
  -0.0027299590
   0.0155667958
   0.0274961922
   0.0300457327
   0.0322204946
   0.0265389999
   0.0163047282
   0.0003967982
  -0.0151850736
  -0.0317279976
  -0.0513560566
  -0.0571731850
  -0.0540928164
  -0.0480664948
  -0.0339998307
  -0.0155469720
   0.0052208071
   0.0216021703
   0.0329348507
   0.0432366806
   0.0498118238
   0.0520353135
   0.0540058595
   0.0525060577
   0.0401376006
   0.0207701877
   0.0056812226
  -0.0044697597
  -0.0086591583
  -0.0029657451
   0.0119618113
   0.0268129923
   0.0426602002
   0.0547007659
   0.0612448142
   0.0626600746
   0.0598798364
   0.0554930736
   0.0472233262
   0.0437872373
   0.0416487993
   0.0375708082
   0.0372127065
   0.0333603746
   0.0261557161
   0.0219598093
   0.0161710338
   0.0153687887
   0.0236200118
   0.0321907572
   0.0374857565
   0.0295250700
   0.0160674102
   0.0041541226
  -0.0033558521
  -0.0088113022
  -0.0094191259
  -0.0103910968
  -0.0147119446
  -0.0128142301
  -0.0124399958
  -0.0078910700
  -0.0088526373
  -0.0120210413
  -0.0196833596
  -0.0304617819
  -0.0345361294
  -0.0416015106
  -0.0463975762
  -0.0470294424
  -0.0433551407
  -0.0365851610
  -0.0342290587
  -0.0360232414
  -0.0374809256
  -0.0421448889
  -0.0429813894
  -0.0412533769
  -0.0359339031
  -0.0289173518
  -0.0297015795
  -0.0286085018
  -0.0320162379
  -0.0325124907
  -0.0415417022
  -0.0487457177
  -0.0513242473
  -0.0516470355
  -0.0486138536
  -0.0515841653
  -0.0597561032
  -0.0699651315
  -0.0759717891
  -0.0800180730
  -0.0800945174
  -0.0745043410
  -0.0594646140
  -0.0426485311
  -0.0252629318
  -0.0157477314
  -0.0127976620
  -0.0128981319
  -0.0124813615
  -0.0029211331
   0.0089332391
   0.0250624377
   0.0385270615
   0.0566031004
   0.0743082458
   0.0890669960
   0.1021954071
   0.1093201544
   0.1138978413
   0.1168966964
   0.1167415621
   0.1070816276
   0.0977964309
   0.0868317011
   0.0728449482
   0.0582676984
   0.0423502037
   0.0280923536
   0.0102181969
  -0.0063369168
  -0.0177219244
  -0.0199316153
  -0.0176338006
  -0.0168660185
  -0.0227887164
  -0.0320044531
  -0.0343981075
  -0.0393006578
  -0.0284697349
  -0.0176768504
  -0.0072379103
   0.0018548052
   0.0013665057
  -0.0026681060
  -0.0159333313
  -0.0330295099
  -0.0491750927
  -0.0515095239
  -0.0456892996
  -0.0377382920
  -0.0279722300
  -0.0191189735
  -0.0132741727
  -0.0072004501
   0.0023955895
   0.0120436276
   0.0185098400
   0.0269087163
   0.0361473829
   0.0427869953
   0.0453631774
   0.0439314510
   0.0361805871
   0.0204173218
   0.0053756352
  -0.0013689569
   0.0008947606
   0.0054524437
  -0.0012607731
  -0.0058537210
  -0.0153569188
  -0.0222297668
  -0.0204725408
  -0.0161091161
  -0.0160762419
  -0.0236950172
  -0.0290687438
  -0.0400883047
  -0.0426755435
  -0.0443502116
  -0.0391262678
  -0.0309388233
  -0.0168727954
  -0.0048993184
   0.0022994474
   0.0040465832
   0.0024277336
   0.0091891461
   0.0126749834
   0.0221397073
   0.0252298705
   0.0242496394
   0.0115612722
   0.0015829902
  -0.0062576894
  -0.0172110392
  -0.0220778713
  -0.0188245959
  -0.0094846532
  -0.0034692454
   0.0054507733
   0.0123372295
   0.0207784207
   0.0287823781
   0.0329833166
   0.0302717117
   0.0277543173
   0.0185223800
   0.0124481131
   0.0063288130
  -0.0055683113
  -0.0059099300
  -0.0086146933
  -0.0026025349
   0.0031460163
   0.0127254191
   0.0206428279
   0.0276474720
   0.0335175297
   0.0392278876
   0.0492415011
   0.0484351089
   0.0497139803
   0.0473912183
   0.0420771878
   0.0345561675
   0.0285201773
   0.0209089751
   0.0111079058
   0.0054606699
   0.0013886446
   0.0050725449
   0.0032146785
   0.0057673425
   0.0092187339
   0.0117992673
   0.0062388522
  -0.0011225471
  -0.0013078833
  -0.0080619627
  -0.0077129003
  -0.0139013236
  -0.0226995040
  -0.0293877591
  -0.0317212615
  -0.0310043029
  -0.0251619924
  -0.0228556045
  -0.0241999794
  -0.0275777398
  -0.0290436297
  -0.0334450487
  -0.0365386207
  -0.0334584562
  -0.0345596036
  -0.0388915932
  -0.0523569791
  -0.0612175637
  -0.0712926526
  -0.0760135325
  -0.0753835715
  -0.0694825141
  -0.0583170284
  -0.0464195876
  -0.0364687082
  -0.0280759897
  -0.0191452136
  -0.0208296218
  -0.0244469559
  -0.0285605326
  -0.0353702484
  -0.0379813358
  -0.0357654327
  -0.0282855401
  -0.0205521185
  -0.0119652236
  -0.0097076417
  -0.0178188663
  -0.0306354574
  -0.0418212842
  -0.0453590269
  -0.0466031632
  -0.0384084654
  -0.0220731390
  -0.0049358838
   0.0170419462
   0.0314518075
   0.0431547248
   0.0533345974
   0.0628096635
   0.0710322242
   0.0725295425
   0.0753769715
   0.0750039347
   0.0731975726
   0.0720055559
   0.0675620466
   0.0651762102
   0.0647266609
   0.0633506264
   0.0651013647
   0.0655228469
   0.0619741836
   0.0584536214
   0.0503211134
   0.0386872649
   0.0304747574
   0.0293552184
   0.0329550522
   0.0321340685
   0.0259793019
   0.0145014790
   0.0129791624
   0.0065503557
  -0.0011835302
  -0.0063944696
  -0.0110816962
  -0.0143737552
  -0.0183009292
  -0.0196706325
  -0.0237437314
  -0.0249644343
  -0.0210286530
  -0.0123873522
  -0.0053039876
  -0.0027144109
  -0.0034250254
  -0.0032889732
  -0.0057867819
  -0.0068861807
  -0.0053865048
   0.0005097611
   0.0087240392
   0.0153837101
   0.0157172489
   0.0162347307
   0.0136984208
   0.0098955856
   0.0018729835
  -0.0049871326
  -0.0073050059
  -0.0156677828
  -0.0147933220
  -0.0108755105
  -0.0080439385
  -0.0118957193
  -0.0208174765
  -0.0258561844
  -0.0252041780
  -0.0248330600
  -0.0271581967
  -0.0327522617
  -0.0364206030
  -0.0415047217
  -0.0469151669
  -0.0501185883
  -0.0585343525
  -0.0619704414
  -0.0689459740
  -0.0714210126
  -0.0747081589
  -0.0726999861
  -0.0718403175
  -0.0692216776
  -0.0598536065
  -0.0560134880
  -0.0481129671
  -0.0410493549
  -0.0261463468
  -0.0094149822
   0.0091940587
   0.0273099698
   0.0389094200
   0.0512683853
   0.0607334153
   0.0678315925
   0.0770364323
   0.0824308197
   0.0803611375
   0.0781870458
   0.0721374201
   0.0674265082
   0.0617329770
   0.0548566147
   0.0473380780
   0.0446081904
   0.0493285941
   0.0518454781
   0.0573431863
   0.0643223932
   0.0635156607
   0.0553416135
   0.0458687587
   0.0421460456
   0.0421730921
   0.0398195073
   0.0382868075
   0.0386739629
   0.0407804214
   0.0395957873
   0.0306466503
   0.0225831226
   0.0161325156
   0.0062944896
  -0.0071148269
  -0.0201586387
  -0.0270629592
  -0.0356456118
  -0.0481161650
  -0.0577179582
  -0.0699069562
  -0.0802487332
  -0.0839653906
  -0.0834952588
  -0.0850794659
  -0.0832117305
  -0.0796772878
  -0.0707067143
  -0.0633479388
  -0.0561189861
  -0.0465065105
  -0.0358734143
  -0.0210155891
  -0.0078681502
   0.0026967004
   0.0093117124
   0.0145335741
   0.0171358467
   0.0228256187
   0.0206328088
   0.0180262904
   0.0136377925
   0.0093516901
   0.0115318239
   0.0095717461
   0.0104468601
   0.0111625838
   0.0098809805
   0.0124572783
   0.0130031946
   0.0066973013
   0.0007699336
  -0.0036721312
  -0.0088734920
  -0.0120946552
  -0.0128092393
  -0.0125112963
  -0.0095352045
  -0.0060977582
  -0.0055636165
  -0.0031785078
  -0.0024854364
   0.0001867721
   0.0015732170
   0.0036750331
   0.0091044278
   0.0158173888
   0.0204402619
   0.0246692402
   0.0265450046
   0.0273581567
   0.0263178927
   0.0231844926
   0.0213075274
   0.0156327858
   0.0113767984
   0.0065324234
   0.0020205941
   0.0008826707
  -0.0004289168
  -0.0029232839
  -0.0041080416
  -0.0045691919
  -0.0067552861
  -0.0101952295
  -0.0118655430
  -0.0128988565
  -0.0115881145
  -0.0089213149
  -0.0077484451
  -0.0070738762
  -0.0060718106
  -0.0057270042
  -0.0069800233
  -0.0071252882
  -0.0063448402
  -0.0055179471
  -0.0053979630
  -0.0065141611
  -0.0068697521
  -0.0068965026
  -0.0061048277
  -0.0051610974
  -0.0041221670
  -0.0032894022
  -0.0018723847
  -0.0001849890
   0.0011851077
   0.0030748178
   0.0045076723
   0.0051279544
   0.0057740004
   0.0065362541
   0.0068632882
   0.0073989370
   0.0080590811
   0.0081116295
   0.0083190740
   0.0078333369
   0.0071488680
   0.0060905390
   0.0055501647
   0.0051364834
   0.0047692676
   0.0041348601
   0.0029866478
   0.0022785532
   0.0011210362
   0.0004479371
  -0.0001340925
  -0.0008615642
  -0.0012330738
  -0.0014377902
  -0.0018569243
  -0.0019658436
  -0.0019779818
  -0.0020875148
  -0.0020819109
  -0.0020187060
  -0.0020508756
  -0.0021683102
  -0.0021995875
  -0.0021507219
  -0.0019598451
  -0.0018626619
  -0.0017169497
  -0.0015845150
  -0.0014236761
  -0.0012504121
  -0.0011294730
  -0.0010116676
  -0.0009425614
  -0.0009021560
  -0.0008047028
  -0.0007113674
  -0.0006227520
  -0.0005610436
  -0.0005343734
  -0.0005413878
  -0.0005970153
  -0.0006223101
  -0.0006509395
  -0.0006397341
  -0.0006380324
  -0.0006265657
  -0.0006037354
  -0.0005671118
  -0.0005196064
  -0.0004515439
  -0.0003872693
  -0.0003332007
  -0.0002691661
  -0.0002115704
  -0.0001579603
  -0.0001110991
  -0.0000615470
  -0.0000168638
   0.0000301673
   0.0000720512
   0.0001072466
   0.0001399683
   0.0001695794
   0.0001979408
   0.0002242785
   0.0002481201
   0.0002693270
   0.0002881149
   0.0003041982
   0.0003175816
   0.0003285679
   0.0003371636
   0.0003438178
   0.0003487797
   0.0003523631
   0.0003548190
   0.0003563404
   0.0003570664
   0.0003571052
   0.0003565163
