   0.0001261057
   0.0001249067
   0.0001237519
   0.0001225604
   0.0001213558
   0.0001201270
   0.0001188778
   0.0001176142
   0.0001163240
   0.0001150104
   0.0001136743
   0.0001123340
   0.0001109702
   0.0001095469
   0.0001080761
   0.0001065826
   0.0001051614
   0.0001037873
   0.0001022824
   0.0001006959
   0.0000992151
   0.0000978923
   0.0000965294
   0.0000947183
   0.0000928843
   0.0000912803
   0.0000896750
   0.0000870061
   0.0000837737
   0.0000813845
   0.0000797293
   0.0000782907
   0.0000778711
   0.0000776287
   0.0000761662
   0.0000741859
   0.0000738623
   0.0000727526
   0.0000693671
   0.0000666418
   0.0000657321
   0.0000659949
   0.0000668569
   0.0000667896
   0.0000643405
   0.0000590361
   0.0000558463
   0.0000524700
   0.0000499164
   0.0000482354
   0.0000465255
   0.0000447624
   0.0000470931
   0.0000394498
   0.0000208802
   0.0000200689
   0.0000288738
   0.0000340196
   0.0000312749
   0.0000217094
   0.0000219492
   0.0000258594
   0.0000248798
   0.0000263518
   0.0000491234
   0.0000755683
   0.0000761471
   0.0000532261
   0.0000367302
   0.0000389174
   0.0000030015
  -0.0000761667
  -0.0000715975
   0.0000035863
   0.0000176824
   0.0000253151
   0.0001010718
   0.0001851772
   0.0002009010
   0.0001544919
   0.0001336731
   0.0001461262
   0.0001087937
   0.0000085384
  -0.0000596781
  -0.0000560737
  -0.0000586413
  -0.0000904615
  -0.0001498778
  -0.0001353415
  -0.0000467764
   0.0000150529
   0.0000534286
   0.0001655298
   0.0003491363
   0.0005277516
   0.0006259366
   0.0004924074
   0.0001297784
  -0.0002260043
  -0.0004777151
  -0.0006667749
  -0.0007350420
  -0.0007106376
  -0.0006088524
  -0.0003860340
  -0.0002193098
  -0.0002096151
  -0.0002427536
  -0.0002429579
  -0.0001735606
  -0.0003188147
  -0.0007738951
  -0.0011467252
  -0.0013771522
  -0.0015742532
  -0.0016527903
  -0.0018407258
  -0.0019999949
  -0.0020012713
  -0.0015900394
  -0.0011416495
  -0.0009187943
  -0.0007085041
  -0.0001306015
   0.0007895220
   0.0015890867
   0.0019647471
   0.0018019437
   0.0012933078
   0.0004206693
  -0.0008065639
  -0.0019948386
  -0.0025611259
  -0.0023886863
  -0.0020201691
  -0.0019164021
  -0.0019925118
  -0.0013674729
   0.0000838159
   0.0013367888
   0.0019913653
   0.0024212942
   0.0025966947
   0.0023736625
   0.0022730729
   0.0021953628
   0.0013645882
  -0.0002237757
  -0.0018171539
  -0.0032740043
  -0.0046236279
  -0.0054371164
  -0.0060911994
  -0.0058874290
  -0.0037949472
  -0.0001238814
   0.0033856405
   0.0047076004
   0.0046169199
   0.0043908529
   0.0031873871
   0.0010571719
  -0.0010194207
  -0.0029035310
  -0.0046298760
  -0.0056549908
  -0.0057744807
  -0.0046830125
  -0.0029903535
  -0.0010281448
   0.0009031410
   0.0030890315
   0.0054198546
   0.0074882926
   0.0088202416
   0.0099566867
   0.0113944181
   0.0129279099
   0.0136185308
   0.0130127057
   0.0108816677
   0.0070426430
   0.0027403413
  -0.0003514169
  -0.0011196602
  -0.0005096756
   0.0003686978
   0.0013878078
   0.0023323343
   0.0026114474
   0.0018673312
   0.0000883976
  -0.0004358083
   0.0002263115
   0.0013061966
   0.0031086977
   0.0047931334
   0.0046177145
   0.0019531371
  -0.0015906223
  -0.0049281810
  -0.0070101521
  -0.0078633344
  -0.0088229396
  -0.0091086951
  -0.0072754241
  -0.0044058562
  -0.0018933219
  -0.0001774917
   0.0022658392
   0.0052631389
   0.0053811074
   0.0019580976
  -0.0023410956
  -0.0050409157
  -0.0057990235
  -0.0074603209
  -0.0109778325
  -0.0144650215
  -0.0163155913
  -0.0170174765
  -0.0169854147
  -0.0162641959
  -0.0146890680
  -0.0117333573
  -0.0066491731
  -0.0001186843
   0.0062343862
   0.0094245185
   0.0104802866
   0.0106916028
   0.0097733031
   0.0061705049
   0.0001710451
  -0.0072905300
  -0.0149903030
  -0.0202392723
  -0.0214211541
  -0.0178924912
  -0.0121537332
  -0.0069357026
  -0.0045333600
  -0.0027975413
  -0.0008804302
   0.0009100106
   0.0024489045
   0.0029623387
   0.0029875425
   0.0049910274
   0.0100507243
   0.0174841187
   0.0237738918
   0.0250161602
   0.0245732908
   0.0261183342
   0.0286653521
   0.0282911234
   0.0214409271
   0.0118998835
   0.0031821472
  -0.0025698194
  -0.0048610596
  -0.0037830465
  -0.0017000919
   0.0021936442
   0.0072294986
   0.0119520283
   0.0137473241
   0.0119358116
   0.0090633671
   0.0065206590
   0.0044422031
   0.0036432271
   0.0038075276
   0.0052703109
   0.0079840193
   0.0090912484
   0.0084361963
   0.0070613051
   0.0046137907
   0.0040850617
   0.0074045172
   0.0118668793
   0.0153466703
   0.0170435263
   0.0176172444
   0.0192649492
   0.0204901283
   0.0208592362
   0.0211830571
   0.0192873545
   0.0151767069
   0.0098121263
   0.0037403611
  -0.0010779978
  -0.0031263106
  -0.0047899467
  -0.0071545625
  -0.0087957277
  -0.0108313729
  -0.0139898562
  -0.0153224028
  -0.0150790843
  -0.0147793995
  -0.0148574442
  -0.0143473857
  -0.0111879209
  -0.0068822991
  -0.0036399275
  -0.0030080999
  -0.0032932824
  -0.0044626229
  -0.0086293986
  -0.0172387367
  -0.0266861656
  -0.0313170251
  -0.0322658404
  -0.0324350913
  -0.0319959178
  -0.0296987416
  -0.0263386910
  -0.0216463977
  -0.0166458985
  -0.0125476918
  -0.0097362704
  -0.0100194921
  -0.0150592949
  -0.0228401474
  -0.0287162115
  -0.0325594989
  -0.0358635979
  -0.0329114291
  -0.0230477739
  -0.0134065883
  -0.0068675628
  -0.0002984582
   0.0030435023
   0.0049601709
   0.0079509966
   0.0092558323
   0.0090533821
   0.0065399351
  -0.0021369289
  -0.0144137863
  -0.0255436654
  -0.0322814042
  -0.0365334973
  -0.0383542536
  -0.0378335858
  -0.0337738429
  -0.0269272604
  -0.0187738998
  -0.0107486960
  -0.0055256513
  -0.0037587645
  -0.0062809892
  -0.0090384384
  -0.0085010405
  -0.0016595982
   0.0064040477
   0.0104397818
   0.0125970359
   0.0140948172
   0.0132401791
   0.0107347646
   0.0101239480
   0.0105338091
   0.0109170209
   0.0133965602
   0.0187738259
   0.0265279612
   0.0329645677
   0.0364828637
   0.0373197759
   0.0332046769
   0.0250850474
   0.0166476869
   0.0103225073
   0.0089049800
   0.0135591749
   0.0234273206
   0.0339256616
   0.0386230469
   0.0384534880
   0.0361604389
   0.0327950704
   0.0313671043
   0.0312947471
   0.0286588432
   0.0250268167
   0.0227890210
   0.0217165989
   0.0204796998
   0.0183510497
   0.0139028633
   0.0078266999
   0.0026009367
   0.0008634146
   0.0010900168
   0.0020067913
   0.0048355293
   0.0066888422
   0.0052004485
  -0.0003512118
  -0.0084126186
  -0.0168682696
  -0.0260614792
  -0.0314927233
  -0.0323902890
  -0.0319745432
  -0.0321468330
  -0.0315939289
  -0.0296692977
  -0.0285306782
  -0.0299165317
  -0.0289830543
  -0.0224928781
  -0.0132313295
  -0.0046688573
   0.0010939147
   0.0043763918
   0.0056620232
   0.0042843828
   0.0005245171
  -0.0040693296
  -0.0098624294
  -0.0165391902
  -0.0224569049
  -0.0270025948
  -0.0313932629
  -0.0358438660
  -0.0375188197
  -0.0349813906
  -0.0311908107
  -0.0276737056
  -0.0234156786
  -0.0186362014
  -0.0128983551
  -0.0060731533
  -0.0004327503
   0.0035781262
   0.0059671820
   0.0092751884
   0.0120939605
   0.0119041769
   0.0082003353
   0.0019355186
  -0.0025923602
  -0.0061109231
  -0.0107832669
  -0.0160955959
  -0.0217952186
  -0.0275400173
  -0.0293020090
  -0.0218831806
  -0.0116347080
  -0.0038504655
  -0.0010354382
  -0.0005211674
  -0.0004520242
  -0.0005252858
   0.0014703862
   0.0042750527
   0.0084147909
   0.0138448790
   0.0187858190
   0.0214832244
   0.0205765011
   0.0150054130
   0.0067223269
  -0.0006445499
  -0.0029159286
   0.0001767889
   0.0059968066
   0.0133445386
   0.0226953509
   0.0314339998
   0.0341628757
   0.0327965076
   0.0292011114
   0.0260699592
   0.0237583280
   0.0220287368
   0.0198927730
   0.0189644862
   0.0207510494
   0.0234833748
   0.0257258930
   0.0253541077
   0.0213023315
   0.0169823656
   0.0148444922
   0.0152027773
   0.0171156802
   0.0192151800
   0.0211936931
   0.0227000529
   0.0229800161
   0.0220658394
   0.0204312139
   0.0167794944
   0.0118165003
   0.0080142907
   0.0047481360
   0.0050716203
   0.0080948281
   0.0110863272
   0.0116380281
   0.0098074490
   0.0069006718
   0.0033775424
  -0.0017072434
  -0.0056024230
  -0.0042876598
   0.0015865776
   0.0106384519
   0.0186060595
   0.0204630724
   0.0168854862
   0.0103924478
   0.0034848975
  -0.0045759797
  -0.0143029714
  -0.0223530505
  -0.0260882949
  -0.0263275006
  -0.0247101616
  -0.0209467259
  -0.0148171858
  -0.0084121669
  -0.0030088555
   0.0013625606
   0.0052981430
   0.0090950614
   0.0096570656
   0.0048810893
  -0.0031075787
  -0.0119117863
  -0.0200084829
  -0.0269767236
  -0.0335726020
  -0.0382850995
  -0.0406930290
  -0.0418866350
  -0.0399076127
  -0.0326063134
  -0.0207284635
  -0.0060871155
   0.0058773947
   0.0132384010
   0.0163380931
   0.0170260530
   0.0146094032
   0.0106139461
   0.0070338098
   0.0053755204
   0.0058922706
   0.0069873012
   0.0091632894
   0.0117755745
   0.0127620427
   0.0142295506
   0.0194189464
   0.0255236050
   0.0311057027
   0.0353118231
   0.0381120090
   0.0411001305
   0.0423399967
   0.0416321324
   0.0374680219
   0.0269017998
   0.0115690424
  -0.0050581693
  -0.0209977291
  -0.0322227012
  -0.0371505455
  -0.0364013489
  -0.0290573621
  -0.0163632579
  -0.0011780975
   0.0112125601
   0.0147162348
   0.0131750926
   0.0108508605
   0.0081455931
   0.0043501325
  -0.0012892427
  -0.0085495285
  -0.0150669905
  -0.0193692224
  -0.0201000751
  -0.0174946848
  -0.0123987230
  -0.0041877765
   0.0064679721
   0.0159661394
   0.0226881029
   0.0240593782
   0.0208659093
   0.0161291340
   0.0115910699
   0.0059421979
  -0.0004433725
  -0.0043199146
  -0.0065330772
  -0.0075663291
  -0.0057718156
  -0.0016264387
   0.0009614867
   0.0030852227
   0.0037593128
   0.0012934411
  -0.0033676723
  -0.0054962300
  -0.0027515029
   0.0007471248
   0.0018729393
   0.0014655883
   0.0011164364
   0.0008364412
  -0.0001884046
  -0.0025894651
  -0.0039259088
  -0.0029242834
   0.0001804775
   0.0048750198
   0.0096594843
   0.0118196767
   0.0109330692
   0.0077290362
   0.0037141696
   0.0010723796
   0.0018381966
   0.0052913118
   0.0076935229
   0.0075461270
   0.0066226449
   0.0044913502
  -0.0015164034
  -0.0096774011
  -0.0150744562
  -0.0167673411
  -0.0156055238
  -0.0103051099
  -0.0019426287
   0.0042390302
   0.0052862997
   0.0022804934
  -0.0026015876
  -0.0083105444
  -0.0143386203
  -0.0199890918
  -0.0251222526
  -0.0253029402
  -0.0184573843
  -0.0095067376
  -0.0010974059
   0.0038645982
   0.0031114450
  -0.0021802302
  -0.0109843537
  -0.0221002727
  -0.0314034471
  -0.0373246832
  -0.0407302342
  -0.0423802818
  -0.0451225655
  -0.0489751952
  -0.0521079079
  -0.0543504877
  -0.0542349914
  -0.0521500205
  -0.0486152778
  -0.0457306410
  -0.0454893614
  -0.0477221881
  -0.0490017029
  -0.0458383554
  -0.0422099426
  -0.0396131535
  -0.0367168131
  -0.0317817619
  -0.0253649900
  -0.0166240579
  -0.0038122727
   0.0154819089
   0.0380022618
   0.0574077428
   0.0716734412
   0.0803150732
   0.0812909506
   0.0766079381
   0.0686745195
   0.0601830431
   0.0564352738
   0.0573874565
   0.0584766128
   0.0594244425
   0.0575792318
   0.0518747593
   0.0428067251
   0.0311502175
   0.0166506169
   0.0024194935
  -0.0040377606
   0.0006255414
   0.0136720739
   0.0317349473
   0.0508995595
   0.0663204678
   0.0777823665
   0.0847450614
   0.0862925482
   0.0856060790
   0.0860320501
   0.0860594407
   0.0847779342
   0.0811317196
   0.0744015985
   0.0675946851
   0.0617147403
   0.0537597418
   0.0398369187
   0.0194575129
  -0.0049733611
  -0.0299404523
  -0.0486572261
  -0.0589992106
  -0.0615995724
  -0.0577669211
  -0.0535044179
  -0.0522441012
  -0.0558058854
  -0.0633431053
  -0.0704914978
  -0.0740950044
  -0.0705903216
  -0.0581915575
  -0.0395435888
  -0.0188367975
  -0.0004441850
   0.0117119622
   0.0174990788
   0.0179359671
   0.0152890721
   0.0122201934
   0.0097887355
   0.0096631330
   0.0093319182
   0.0063998468
   0.0010845625
  -0.0049242100
  -0.0114969275
  -0.0170025164
  -0.0203316570
  -0.0218856034
  -0.0221496743
  -0.0231228003
  -0.0257957041
  -0.0282476146
  -0.0315815066
  -0.0374194826
  -0.0456270125
  -0.0539677790
  -0.0591746214
  -0.0627268168
  -0.0666209431
  -0.0697238218
  -0.0720649995
  -0.0748016984
  -0.0775219300
  -0.0788624268
  -0.0802654867
  -0.0804678158
  -0.0798932497
  -0.0807955585
  -0.0847470531
  -0.0903454948
  -0.0947441707
  -0.0994197504
  -0.1038230461
  -0.1042732047
  -0.1027082240
  -0.0989029016
  -0.0910508952
  -0.0770073604
  -0.0587581980
  -0.0376183416
  -0.0143866277
   0.0080144344
   0.0256573549
   0.0376213599
   0.0414197012
   0.0357126005
   0.0241685300
   0.0091093398
  -0.0096397072
  -0.0308026197
  -0.0489922989
  -0.0631006143
  -0.0724396594
  -0.0782035535
  -0.0808185756
  -0.0804600134
  -0.0763639687
  -0.0677207968
  -0.0509949132
  -0.0233433624
   0.0097173865
   0.0411333935
   0.0674730905
   0.0855472939
   0.0959535253
   0.1004098775
   0.1012901753
   0.0994602614
   0.0968845388
   0.0940732652
   0.0947778443
   0.1004992563
   0.1082441232
   0.1182902113
   0.1303250746
   0.1407341600
   0.1475892841
   0.1538810940
   0.1566215093
   0.1543196722
   0.1478606441
   0.1373230651
   0.1205658692
   0.0950782785
   0.0633286709
   0.0315445683
   0.0069821455
  -0.0089198087
  -0.0152554210
  -0.0127777728
  -0.0030067426
   0.0117060570
   0.0299187698
   0.0496667566
   0.0720005474
   0.0962861137
   0.1220295621
   0.1468110132
   0.1678014943
   0.1856994451
   0.2020575268
   0.2138160818
   0.2199391336
   0.2205368400
   0.2147332768
   0.2012208609
   0.1811976952
   0.1545980133
   0.1195315968
   0.0753489149
   0.0291150384
  -0.0132663727
  -0.0489661198
  -0.0776516555
  -0.0997190758
  -0.1135867071
  -0.1175841128
  -0.1140980942
  -0.1033450452
  -0.0840863729
  -0.0590066845
  -0.0341403513
  -0.0122020302
   0.0061613843
   0.0207115446
   0.0306789719
   0.0370344126
   0.0385337914
   0.0348758731
   0.0252470092
   0.0130837611
  -0.0009666028
  -0.0171838015
  -0.0338082351
  -0.0508783287
  -0.0686330435
  -0.0862519140
  -0.1027248350
  -0.1176510288
  -0.1312894332
  -0.1425368475
  -0.1530051081
  -0.1644847882
  -0.1752219448
  -0.1838701678
  -0.1915753040
  -0.1969490976
  -0.1985885503
  -0.1973677795
  -0.1942209814
  -0.1910199564
  -0.1881618684
  -0.1852597993
  -0.1833042049
  -0.1818533243
  -0.1781901908
  -0.1725977035
  -0.1680050964
  -0.1622001370
  -0.1542420792
  -0.1447715633
  -0.1370986840
  -0.1313090419
  -0.1252107115
  -0.1187962803
  -0.1149569147
  -0.1082385588
  -0.0970933151
  -0.0874892136
  -0.0801341802
  -0.0755774026
  -0.0728535367
  -0.0714923840
  -0.0740017244
  -0.0805746474
  -0.0892511643
  -0.0946977463
  -0.0986682541
  -0.1014568801
  -0.1023340364
  -0.1009767849
  -0.0971724275
  -0.0922677442
  -0.0860026678
  -0.0776011656
  -0.0640170496
  -0.0462952898
  -0.0289751698
  -0.0133035635
   0.0027769429
   0.0209562942
   0.0420487405
   0.0640505590
   0.0861917122
   0.1088515416
   0.1308787179
   0.1499106889
   0.1619117965
   0.1651361055
   0.1600249660
   0.1465189769
   0.1253149148
   0.1038432298
   0.0824160801
   0.0592344331
   0.0371129501
   0.0193335509
   0.0093822623
   0.0079058329
   0.0159319853
   0.0361872135
   0.0663387419
   0.1013365175
   0.1353816588
   0.1656279249
   0.1921561736
   0.2149784370
   0.2311955618
   0.2447904574
   0.2585155303
   0.2691763053
   0.2750414666
   0.2768978266
   0.2745922115
   0.2690151237
   0.2597230574
   0.2445841039
   0.2223433056
   0.1898570879
   0.1494341047
   0.1057026902
   0.0675008302
   0.0430241457
   0.0333049380
   0.0325189674
   0.0360541207
   0.0408556889
   0.0451691952
   0.0503014013
   0.0549184012
   0.0568612654
   0.0575253335
   0.0579232158
   0.0595379677
   0.0631490099
   0.0674858619
   0.0737197696
   0.0836391916
   0.0935331119
   0.1014978839
   0.1081435336
   0.1134403296
   0.1174115150
   0.1195572627
   0.1198505926
   0.1182856325
   0.1152112120
   0.1099867937
   0.1022306543
   0.0893843188
   0.0717223706
   0.0524960783
   0.0316404765
   0.0092104345
  -0.0123363694
  -0.0329090884
  -0.0528994429
  -0.0722846993
  -0.0914523913
  -0.1090917535
  -0.1239503537
  -0.1346396692
  -0.1397615062
  -0.1398566341
  -0.1340470959
  -0.1224732324
  -0.1059211169
  -0.0876545633
  -0.0727088224
  -0.0629170111
  -0.0586152494
  -0.0631038790
  -0.0739963038
  -0.0889123340
  -0.1050885576
  -0.1209166290
  -0.1351046934
  -0.1472212768
  -0.1575143115
  -0.1655627952
  -0.1699388852
  -0.1697777036
  -0.1656805296
  -0.1601285534
  -0.1525893829
  -0.1442585953
  -0.1380891601
  -0.1328562823
  -0.1292138868
  -0.1284735809
  -0.1287601966
  -0.1282322191
  -0.1246211565
  -0.1177061180
  -0.1071378427
  -0.0947423022
  -0.0849035943
  -0.0793267940
  -0.0761567734
  -0.0767230854
  -0.0808659446
  -0.0861877083
  -0.0911886284
  -0.0954924844
  -0.0998774650
  -0.1038781559
  -0.1075549231
  -0.1120512114
  -0.1158781136
  -0.1167774247
  -0.1142842024
  -0.1062318585
  -0.0910907080
  -0.0707956074
  -0.0464993436
  -0.0233476332
  -0.0033494701
   0.0152849347
   0.0326667411
   0.0455294412
   0.0524500646
   0.0567009873
   0.0599791125
   0.0616585423
   0.0631214550
   0.0643740720
   0.0661200688
   0.0670965211
   0.0703127608
   0.0748396017
   0.0768746782
   0.0744783086
   0.0693395115
   0.0628746521
   0.0541801486
   0.0428452855
   0.0309971669
   0.0228379709
   0.0202745803
   0.0204589186
   0.0221563064
   0.0257268786
   0.0312223283
   0.0342639786
   0.0319171133
   0.0260124061
   0.0192874366
   0.0141913414
   0.0124341275
   0.0150282700
   0.0246853787
   0.0416711034
   0.0629301109
   0.0840521654
   0.1038435993
   0.1210480998
   0.1348418956
   0.1428679371
   0.1448036764
   0.1442398079
   0.1405454236
   0.1317117494
   0.1181893752
   0.1038797985
   0.0908010124
   0.0776340795
   0.0658223243
   0.0572220452
   0.0517897540
   0.0460458587
   0.0434724974
   0.0457973311
   0.0508369553
   0.0558519197
   0.0614416350
   0.0697098185
   0.0769532773
   0.0826885488
   0.0879688571
   0.0907226597
   0.0907678110
   0.0883022258
   0.0830281183
   0.0752182449
   0.0651968577
   0.0515577757
   0.0375068697
   0.0219423763
   0.0078571089
  -0.0032105685
  -0.0114642354
  -0.0192152231
  -0.0271555838
  -0.0355343563
  -0.0426130198
  -0.0478168233
  -0.0528485629
  -0.0577834909
  -0.0611116543
  -0.0623097364
  -0.0625394766
  -0.0604242816
  -0.0590506655
  -0.0599347824
  -0.0627308412
  -0.0686505373
  -0.0767731440
  -0.0862238664
  -0.0967320015
  -0.1069465807
  -0.1165359808
  -0.1245516123
  -0.1311155419
  -0.1348590404
  -0.1346175965
  -0.1319789002
  -0.1275438198
  -0.1218447680
  -0.1155149315
  -0.1084121011
  -0.0991194804
  -0.0874341039
  -0.0745372990
  -0.0606646783
  -0.0460003172
  -0.0313735310
  -0.0169881435
  -0.0018923949
   0.0152844091
   0.0320874935
   0.0490714114
   0.0695455365
   0.0894867563
   0.1010899611
   0.1024326549
   0.0952785133
   0.0804112483
   0.0587124306
   0.0323716043
   0.0095665944
  -0.0065084955
  -0.0185499026
  -0.0299119530
  -0.0409142071
  -0.0520076263
  -0.0612966538
  -0.0672952980
  -0.0684715950
  -0.0605239472
  -0.0425523252
  -0.0191430199
   0.0052823082
   0.0288827522
   0.0496700007
   0.0653382868
   0.0753304971
   0.0816243603
   0.0827890358
   0.0780870511
   0.0706902542
   0.0621317591
   0.0524567172
   0.0439842540
   0.0364288832
   0.0267042343
   0.0147263287
   0.0057112339
  -0.0000173024
  -0.0041520455
  -0.0071035942
  -0.0098218013
  -0.0115323546
  -0.0154998175
  -0.0229697292
  -0.0335164246
  -0.0445180422
  -0.0528405962
  -0.0575755154
  -0.0575916951
  -0.0544643209
  -0.0481962057
  -0.0384092606
  -0.0290336468
  -0.0222637334
  -0.0171194212
  -0.0125848231
  -0.0083759595
  -0.0038022117
   0.0011513118
   0.0055785250
   0.0095102240
   0.0115806927
   0.0120594369
   0.0120565951
   0.0082487103
   0.0020714337
  -0.0039980565
  -0.0092715213
  -0.0144028280
  -0.0170473166
  -0.0177043851
  -0.0166937849
  -0.0137099341
  -0.0091243779
  -0.0052774009
  -0.0044015361
  -0.0050007887
  -0.0080398128
  -0.0173958446
  -0.0336791872
  -0.0511252547
  -0.0668498004
  -0.0809574382
  -0.0921998836
  -0.0986708823
  -0.0996632475
  -0.0953346907
  -0.0889124572
  -0.0830880327
  -0.0791567218
  -0.0770688763
  -0.0731005655
  -0.0661179128
  -0.0563950708
  -0.0408753592
  -0.0199537920
   0.0031217606
   0.0223403408
   0.0367276954
   0.0458800573
   0.0496052201
   0.0482166357
   0.0425109107
   0.0330889547
   0.0214308456
   0.0105504488
   0.0023807853
  -0.0046704239
  -0.0130015011
  -0.0193650337
  -0.0237011650
  -0.0245502326
  -0.0210198633
  -0.0129800013
  -0.0042147729
   0.0057733617
   0.0174697253
   0.0296401207
   0.0415006411
   0.0530844424
   0.0624304891
   0.0680629330
   0.0722961360
   0.0743407807
   0.0743717440
   0.0713684487
   0.0669865275
   0.0615714632
   0.0556405152
   0.0507306987
   0.0498064815
   0.0520581367
   0.0573074201
   0.0648703675
   0.0728770261
   0.0803572678
   0.0858426566
   0.0905773499
   0.0948714323
   0.0982316471
   0.1015151929
   0.1019509581
   0.0991112468
   0.0941512689
   0.0884691770
   0.0834765111
   0.0779662367
   0.0703576042
   0.0608304797
   0.0471585249
   0.0318243877
   0.0164065839
   0.0032856443
  -0.0055610435
  -0.0131421520
  -0.0198022628
  -0.0246201053
  -0.0283124158
  -0.0316928348
  -0.0348017707
  -0.0374682477
  -0.0380730379
  -0.0358827960
  -0.0334010104
  -0.0300934208
  -0.0252429437
  -0.0186862375
  -0.0091400259
   0.0052268679
   0.0242068439
   0.0450162678
   0.0631241243
   0.0760128393
   0.0851404388
   0.0897964713
   0.0905036991
   0.0901998565
   0.0902987008
   0.0892859261
   0.0858309735
   0.0834559784
   0.0812197432
   0.0776757198
   0.0739590781
   0.0684912037
   0.0606834657
   0.0493380488
   0.0348924019
   0.0220448549
   0.0131864122
   0.0082412117
   0.0077977715
   0.0097490972
   0.0124679038
   0.0133703728
   0.0128631416
   0.0097320899
   0.0046681612
  -0.0018967866
  -0.0098049358
  -0.0204641113
  -0.0312663709
  -0.0433139851
  -0.0561957395
  -0.0683271886
  -0.0799818482
  -0.0917629892
  -0.1027606234
  -0.1105707843
  -0.1155290580
  -0.1191956616
  -0.1214215278
  -0.1216492147
  -0.1187281118
  -0.1157577305
  -0.1109424875
  -0.1027305020
  -0.0935174044
  -0.0862641721
  -0.0806169242
  -0.0762172216
  -0.0733288889
  -0.0713674016
  -0.0708060791
  -0.0710083260
  -0.0725513367
  -0.0733994803
  -0.0742221633
  -0.0759354105
  -0.0780825955
  -0.0802102127
  -0.0813436169
  -0.0813377856
  -0.0802403958
  -0.0768110269
  -0.0705250071
  -0.0619226953
  -0.0522220286
  -0.0431425372
  -0.0359882724
  -0.0309712136
  -0.0269940737
  -0.0234680369
  -0.0182400274
  -0.0115266424
  -0.0060133169
  -0.0021225457
   0.0015291786
   0.0049015234
   0.0064012656
   0.0047031715
   0.0014865840
  -0.0022378881
  -0.0053861009
  -0.0072540721
  -0.0047083129
   0.0016904183
   0.0125906400
   0.0269256793
   0.0419389933
   0.0566428182
   0.0720781199
   0.0873933465
   0.0979287900
   0.1072071200
   0.1153107340
   0.1221015908
   0.1295615462
   0.1372337069
   0.1447747664
   0.1504933449
   0.1543713119
   0.1559413847
   0.1571897103
   0.1567535550
   0.1545684257
   0.1505498097
   0.1451829972
   0.1374207186
   0.1263615684
   0.1127613137
   0.0937514359
   0.0702024797
   0.0459858006
   0.0234145903
   0.0039686127
  -0.0085994147
  -0.0146572136
  -0.0163917655
  -0.0156193875
  -0.0140787319
  -0.0145308822
  -0.0166412910
  -0.0192643435
  -0.0221008681
  -0.0246471879
  -0.0255995759
  -0.0251599301
  -0.0231120617
  -0.0190853313
  -0.0136905779
  -0.0092026547
  -0.0047011080
  -0.0004821740
   0.0038460716
   0.0084498156
   0.0114854641
   0.0128577887
   0.0122896390
   0.0100833241
   0.0047400030
  -0.0028350627
  -0.0083892606
  -0.0115682334
  -0.0128609877
  -0.0101909441
  -0.0043297785
   0.0033095607
   0.0123367636
   0.0203875039
   0.0246914769
   0.0250129777
   0.0206966378
   0.0073533477
  -0.0135050980
  -0.0371790243
  -0.0569726963
  -0.0714872919
  -0.0818830105
  -0.0895977766
  -0.0939292490
  -0.0942774833
  -0.0907028456
  -0.0842956831
  -0.0772498719
  -0.0710011601
  -0.0688090496
  -0.0698106956
  -0.0720867436
  -0.0751481258
  -0.0767412363
  -0.0782187888
  -0.0802060446
  -0.0817649681
  -0.0820304352
  -0.0830675411
  -0.0850291106
  -0.0871930502
  -0.0879986090
  -0.0886297426
  -0.0895398128
  -0.0897783205
  -0.0901716240
  -0.0911166819
  -0.0930568563
  -0.0957484653
  -0.1006610949
  -0.1068503646
  -0.1136601320
  -0.1192260705
  -0.1228082642
  -0.1248844060
  -0.1262067109
  -0.1265336528
  -0.1264452391
  -0.1263864335
  -0.1252428040
  -0.1232909055
  -0.1207342988
  -0.1182204001
  -0.1148754821
  -0.1085649053
  -0.1000421782
  -0.0904776842
  -0.0815968876
  -0.0749102341
  -0.0675488356
  -0.0582886360
  -0.0495741747
  -0.0418971067
  -0.0325494379
  -0.0224683416
  -0.0140627267
  -0.0070228864
  -0.0004606052
   0.0072496617
   0.0154331129
   0.0233307964
   0.0324227717
   0.0428035836
   0.0545191021
   0.0666175141
   0.0779599127
   0.0888184791
   0.0996610299
   0.1104221482
   0.1205253171
   0.1291961465
   0.1353148249
   0.1388744737
   0.1416441686
   0.1429720173
   0.1414824531
   0.1398424460
   0.1381518259
   0.1361568703
   0.1329003249
   0.1276582690
   0.1227831116
   0.1179236412
   0.1106898944
   0.1034981164
   0.0974800893
   0.0913800752
   0.0853840591
   0.0828114164
   0.0807269999
   0.0786225229
   0.0738898418
   0.0671724510
   0.0608274614
   0.0543647169
   0.0481222264
   0.0412977781
   0.0331124235
   0.0250850679
   0.0199299351
   0.0168046264
   0.0152403891
   0.0162701484
   0.0196693301
   0.0254207157
   0.0327367575
   0.0386585069
   0.0428047745
   0.0458056469
   0.0475701231
   0.0495593706
   0.0527247098
   0.0552617077
   0.0578264042
   0.0595573301
   0.0593061743
   0.0560558709
   0.0506124509
   0.0435176693
   0.0346759669
   0.0227031533
   0.0100221429
  -0.0023408040
  -0.0152345824
  -0.0263124502
  -0.0355571887
  -0.0423650465
  -0.0469500976
  -0.0496946399
  -0.0500063056
  -0.0476584342
  -0.0432169065
  -0.0370661767
  -0.0290065437
  -0.0200244552
  -0.0116005786
  -0.0038690517
   0.0033714996
   0.0095648184
   0.0140602566
   0.0167089482
   0.0181473737
   0.0190548813
   0.0199835911
   0.0206641346
   0.0222540419
   0.0247835660
   0.0279880404
   0.0308516518
   0.0368042618
   0.0444460957
   0.0508326640
   0.0559116288
   0.0595405549
   0.0624744701
   0.0646435840
   0.0660899884
   0.0646753686
   0.0597573184
   0.0512113072
   0.0403480799
   0.0285392814
   0.0172998029
   0.0065131892
  -0.0035336257
  -0.0135587417
  -0.0222854364
  -0.0288003545
  -0.0339136294
  -0.0362600840
  -0.0350780995
  -0.0331995026
  -0.0310599148
  -0.0261869955
  -0.0197070856
  -0.0136365811
  -0.0086761309
  -0.0065842118
  -0.0064975823
  -0.0058775610
  -0.0059091957
  -0.0049248300
  -0.0021622210
   0.0009897924
   0.0025051086
   0.0023674062
   0.0013583077
   0.0003191598
  -0.0005972399
  -0.0021005141
  -0.0040118237
  -0.0066191481
  -0.0111072870
  -0.0169901187
  -0.0229906931
  -0.0288327345
  -0.0346888204
  -0.0405050112
  -0.0444130586
  -0.0450572716
  -0.0445473218
  -0.0424813437
  -0.0374459903
  -0.0311562952
  -0.0256976811
  -0.0216567461
  -0.0173046877
  -0.0107261901
  -0.0042337718
   0.0038343844
   0.0131071438
   0.0220337057
   0.0291521410
   0.0349000196
   0.0391216216
   0.0414469892
   0.0410909113
   0.0384421335
   0.0351554872
   0.0311859855
   0.0254235287
   0.0170715062
   0.0078313588
  -0.0018997205
  -0.0124325096
  -0.0218930773
  -0.0292932826
  -0.0372516895
  -0.0454019948
  -0.0509075261
  -0.0543234051
  -0.0558871949
  -0.0543953722
  -0.0549933455
  -0.0550959884
  -0.0544181634
  -0.0558682843
  -0.0582352511
  -0.0605205799
  -0.0635331353
  -0.0660473009
  -0.0683410892
  -0.0710093732
  -0.0735403140
  -0.0774972086
  -0.0823821190
  -0.0855932255
  -0.0883950951
  -0.0921958592
  -0.0927388050
  -0.0909064272
  -0.0913733404
  -0.0924832142
  -0.0893293117
  -0.0832982053
  -0.0783758638
  -0.0738750994
  -0.0680352344
  -0.0628549202
  -0.0593667252
  -0.0578887825
  -0.0583163962
  -0.0593667046
  -0.0609912301
  -0.0637384416
  -0.0667608528
  -0.0682886898
  -0.0676181334
  -0.0649619843
  -0.0611353079
  -0.0557868927
  -0.0497792551
  -0.0430158094
  -0.0338334493
  -0.0242186502
  -0.0145255745
  -0.0046472980
   0.0036213023
   0.0116564829
   0.0188001611
   0.0250371241
   0.0325533185
   0.0405953345
   0.0481212614
   0.0575277974
   0.0664727792
   0.0725198601
   0.0789837339
   0.0851895940
   0.0895226885
   0.0923456452
   0.0929989131
   0.0932502947
   0.0937463028
   0.0937253184
   0.0950796748
   0.0960982807
   0.0961071508
   0.0963051886
   0.0972659334
   0.0984828440
   0.0984764583
   0.0974194563
   0.0948551293
   0.0909923975
   0.0856337776
   0.0790146356
   0.0718526710
   0.0661318135
   0.0621046354
   0.0592004515
   0.0576915661
   0.0567975114
   0.0545475399
   0.0512458842
   0.0465107392
   0.0405956630
   0.0347686720
   0.0304641179
   0.0259091883
   0.0201859510
   0.0153430997
   0.0104746298
   0.0045288942
  -0.0016821901
  -0.0083098032
  -0.0149495929
  -0.0201392535
  -0.0240314948
  -0.0269103004
  -0.0295867358
  -0.0331516820
  -0.0359873484
  -0.0375339318
  -0.0373896281
  -0.0359243131
  -0.0369078902
  -0.0401788700
  -0.0445749178
  -0.0489554017
  -0.0522166285
  -0.0540191723
  -0.0545373146
  -0.0508176546
  -0.0438570746
  -0.0366769181
  -0.0307243697
  -0.0254322140
  -0.0215300800
  -0.0177279505
  -0.0114382636
  -0.0065300383
  -0.0048566985
  -0.0024661232
   0.0039912705
   0.0126485812
   0.0168854657
   0.0185705194
   0.0194135586
   0.0184904440
   0.0144581184
   0.0091297719
   0.0055933742
   0.0013153186
  -0.0017351404
  -0.0030213414
  -0.0051400126
  -0.0054939262
  -0.0042700694
  -0.0024068946
  -0.0017725273
  -0.0019727333
  -0.0020560650
  -0.0020990851
  -0.0035874809
  -0.0057964158
  -0.0090679418
  -0.0117568836
  -0.0150972906
  -0.0191870174
  -0.0229245778
  -0.0252373588
  -0.0284410325
  -0.0312940079
  -0.0311685122
  -0.0292040681
  -0.0291327170
  -0.0281980898
  -0.0244453721
  -0.0206533139
  -0.0184752847
  -0.0161793159
  -0.0131121291
  -0.0099422214
  -0.0067631131
  -0.0021103247
   0.0027107578
   0.0043571650
   0.0041625541
   0.0046162710
   0.0043826440
   0.0039131908
   0.0041232238
   0.0058351179
   0.0080382605
   0.0096559897
   0.0098702256
   0.0103697283
   0.0113351403
   0.0116377674
   0.0119405321
   0.0132186999
   0.0144981305
   0.0166380407
   0.0201084236
   0.0245677264
   0.0295285461
   0.0329425772
   0.0352828925
   0.0382207090
   0.0412172900
   0.0448025431
   0.0481686098
   0.0514824618
   0.0520944180
   0.0512933353
   0.0516151235
   0.0517158363
   0.0506519763
   0.0475024268
   0.0426980661
   0.0396214693
   0.0378720640
   0.0353775687
   0.0335593174
   0.0333687946
   0.0336492711
   0.0327520133
   0.0291218142
   0.0237518191
   0.0165438429
   0.0079163764
  -0.0019784178
  -0.0124030862
  -0.0207918479
  -0.0269794339
  -0.0321619040
  -0.0364176724
  -0.0385195622
  -0.0357407098
  -0.0306423211
  -0.0239775760
  -0.0169777601
  -0.0100529008
  -0.0042416809
  -0.0001625743
   0.0041652829
   0.0090528030
   0.0116463275
   0.0132921761
   0.0155010638
   0.0193494966
   0.0223863751
   0.0234109150
   0.0251739128
   0.0281849489
   0.0290392728
   0.0289105945
   0.0299638390
   0.0306592811
   0.0306644758
   0.0312307467
   0.0308905612
   0.0283324762
   0.0253646615
   0.0244006520
   0.0243573485
   0.0232265931
   0.0246911073
   0.0262395592
   0.0240979386
   0.0201484870
   0.0160259367
   0.0103880250
   0.0048595895
   0.0008828872
  -0.0033730211
  -0.0076668756
  -0.0117781843
  -0.0148245119
  -0.0165446929
  -0.0194403907
  -0.0228831634
  -0.0259761659
  -0.0284106852
  -0.0292419715
  -0.0304476712
  -0.0337186305
  -0.0379498418
  -0.0412892776
  -0.0453912357
  -0.0507830981
  -0.0552899812
  -0.0585212097
  -0.0598694474
  -0.0606113549
  -0.0600183915
  -0.0569595964
  -0.0538627749
  -0.0518680451
  -0.0493900170
  -0.0470229065
  -0.0454095303
  -0.0464378277
  -0.0470711789
  -0.0452967648
  -0.0452955534
  -0.0483237137
  -0.0511819660
  -0.0517462452
  -0.0506733919
  -0.0517118324
  -0.0568011868
  -0.0627580060
  -0.0657998410
  -0.0671713833
  -0.0677148424
  -0.0673240438
  -0.0655573911
  -0.0627847806
  -0.0590809718
  -0.0543532186
  -0.0472015614
  -0.0382275464
  -0.0281175401
  -0.0167978815
  -0.0081410923
  -0.0035895814
  -0.0008962757
   0.0000499713
   0.0000687476
   0.0005885427
   0.0030145759
   0.0076880058
   0.0136403920
   0.0190558649
   0.0231590816
   0.0287960016
   0.0366874924
   0.0431163375
   0.0459721259
   0.0467995930
   0.0484326601
   0.0494391107
   0.0477660049
   0.0419423196
   0.0371525166
   0.0364871550
   0.0347198042
   0.0324471646
   0.0318806267
   0.0335983706
   0.0341293458
   0.0348112157
   0.0360015365
   0.0358581362
   0.0346490280
   0.0354807249
   0.0366157923
   0.0381334246
   0.0408357517
   0.0446651384
   0.0500346407
   0.0547783683
   0.0595185028
   0.0651196548
   0.0695933161
   0.0725885830
   0.0745909304
   0.0751659482
   0.0750781094
   0.0750403703
   0.0749067230
   0.0734089458
   0.0718792609
   0.0700404153
   0.0665221193
   0.0609275788
   0.0545562457
   0.0471408052
   0.0400656118
   0.0340645241
   0.0290722278
   0.0249157759
   0.0210495947
   0.0170216918
   0.0130268425
   0.0092728539
   0.0061740694
   0.0039424684
   0.0012333277
  -0.0024258894
  -0.0058918353
  -0.0098079130
  -0.0145478114
  -0.0198986638
  -0.0264114383
  -0.0329038320
  -0.0416239809
  -0.0513405604
  -0.0584781527
  -0.0615780131
  -0.0641676979
  -0.0672304969
  -0.0699286353
  -0.0724371544
  -0.0735727351
  -0.0738873369
  -0.0765773649
  -0.0812283054
  -0.0834112377
  -0.0843477334
  -0.0847230914
  -0.0841394909
  -0.0810101456
  -0.0768044975
  -0.0736524430
  -0.0698595634
  -0.0649170793
  -0.0605339877
  -0.0589550243
  -0.0566538442
  -0.0540767254
  -0.0520362694
  -0.0490610629
  -0.0451024435
  -0.0406801550
  -0.0401771658
  -0.0385406082
  -0.0330458155
  -0.0285153814
  -0.0258335048
  -0.0225658718
  -0.0204082008
  -0.0174366081
  -0.0134374490
  -0.0093907156
  -0.0074341191
  -0.0061095700
  -0.0033878231
   0.0011727230
   0.0057767886
   0.0085323241
   0.0108219073
   0.0156562663
   0.0220413849
   0.0289675111
   0.0358680330
   0.0426986000
   0.0483740187
   0.0517159595
   0.0544162744
   0.0563085461
   0.0573824876
   0.0597275871
   0.0587717701
   0.0536996221
   0.0493622158
   0.0475106399
   0.0455580843
   0.0416590918
   0.0373694034
   0.0335121128
   0.0304067290
   0.0280026392
   0.0253247870
   0.0223306083
   0.0225659950
   0.0229559312
   0.0219247798
   0.0213067871
   0.0213486532
   0.0195283219
   0.0156033371
   0.0112851678
   0.0073257969
   0.0022451094
  -0.0038180424
  -0.0098751247
  -0.0156856588
  -0.0214998764
  -0.0274141930
  -0.0333429234
  -0.0391389512
  -0.0435906219
  -0.0474349154
  -0.0507421764
  -0.0523005661
  -0.0521700193
  -0.0499675193
  -0.0461817646
  -0.0414122479
  -0.0357196022
  -0.0296577583
  -0.0224501291
  -0.0144942067
  -0.0064939460
   0.0007748659
   0.0063452072
   0.0114920449
   0.0160545223
   0.0200163263
   0.0224337235
   0.0241666409
   0.0261699123
   0.0273562292
   0.0273134802
   0.0278124654
   0.0294981988
   0.0302276635
   0.0307564212
   0.0322569908
   0.0328733410
   0.0304955329
   0.0279426837
   0.0273160878
   0.0245106455
   0.0203131612
   0.0174414312
   0.0158931293
   0.0145614984
   0.0128355169
   0.0121642398
   0.0115879366
   0.0108268393
   0.0111091391
   0.0094250380
   0.0056206704
   0.0027841314
  -0.0001947396
  -0.0017887364
  -0.0019006539
  -0.0030979755
  -0.0043104921
  -0.0030558548
  -0.0015313605
  -0.0007678988
  -0.0011936953
  -0.0023566245
  -0.0018120956
  -0.0010953481
  -0.0008662758
   0.0004672140
   0.0024715849
   0.0043682136
   0.0064396966
   0.0083484580
   0.0094614096
   0.0099269964
   0.0098722091
   0.0096850947
   0.0095209606
   0.0092143357
   0.0075664810
   0.0062915410
   0.0052813124
   0.0030675194
   0.0023497707
   0.0033536916
   0.0043296163
   0.0045010457
   0.0045139033
   0.0033604407
   0.0027237940
   0.0019375160
   0.0003844472
  -0.0013215577
  -0.0029852059
  -0.0044032444
  -0.0067340798
  -0.0099729548
  -0.0132357975
  -0.0154166683
  -0.0171924334
  -0.0180994011
  -0.0195921580
  -0.0231284879
  -0.0264071059
  -0.0273333969
  -0.0270548094
  -0.0270504154
  -0.0273128642
  -0.0267712325
  -0.0242642123
  -0.0220734570
  -0.0214789126
  -0.0216746917
  -0.0217040740
  -0.0215564440
  -0.0201339745
  -0.0165498220
  -0.0123294683
  -0.0084690219
  -0.0036562346
   0.0009080054
   0.0037505617
   0.0077228805
   0.0117990557
   0.0131348341
   0.0132115443
   0.0128644023
   0.0120959214
   0.0099635939
   0.0079387591
   0.0065686152
   0.0049238198
   0.0028934248
   0.0036420506
   0.0082862214
   0.0105228734
   0.0121272912
   0.0150093122
   0.0161800242
   0.0165559551
   0.0166965835
   0.0167788477
   0.0168748544
   0.0169712204
   0.0166372892
   0.0149091845
   0.0137713925
   0.0137992554
   0.0139827621
   0.0131427474
   0.0123527914
   0.0141079705
   0.0166047408
   0.0182528973
   0.0205606704
   0.0226024200
   0.0240604870
   0.0253990537
   0.0261426654
   0.0276126619
   0.0285887652
   0.0285867119
   0.0283571154
   0.0269824933
   0.0237846509
   0.0221807608
   0.0212756185
   0.0195452717
   0.0173058190
   0.0156174307
   0.0147229901
   0.0126875604
   0.0103096764
   0.0082276786
   0.0061951318
   0.0030642485
  -0.0009556798
  -0.0043410201
  -0.0071398077
  -0.0096114173
  -0.0110009339
  -0.0138299867
  -0.0167109153
  -0.0187249293
  -0.0193260524
  -0.0200587797
  -0.0207718901
  -0.0196865263
  -0.0167251136
  -0.0135047510
  -0.0088469855
  -0.0000728087
   0.0098823009
   0.0183804627
   0.0252188384
   0.0314930312
   0.0360705468
   0.0392737688
   0.0403510571
   0.0409665859
   0.0407604994
   0.0402600152
   0.0388450053
   0.0360833592
   0.0329309146
   0.0295778246
   0.0258145737
   0.0224743166
   0.0188604697
   0.0166845739
   0.0160405806
   0.0145220346
   0.0133613446
   0.0119034952
   0.0087055112
   0.0052002206
   0.0027791871
   0.0002008990
  -0.0035500929
  -0.0098029359
  -0.0158195832
  -0.0204883358
  -0.0262602766
  -0.0326354493
  -0.0385815093
  -0.0429815815
  -0.0469066505
  -0.0503945170
  -0.0539926236
  -0.0585350282
  -0.0615656730
  -0.0638208804
  -0.0659613306
  -0.0662799362
  -0.0652418448
  -0.0633754854
  -0.0613291570
  -0.0599624605
  -0.0583997384
  -0.0577372308
  -0.0583962889
  -0.0594347499
  -0.0604202367
  -0.0613782917
  -0.0623336364
  -0.0633850125
  -0.0638206750
  -0.0636489191
  -0.0619185272
  -0.0591262874
  -0.0567900581
  -0.0527465771
  -0.0474097423
  -0.0421409323
  -0.0373317670
  -0.0327486049
  -0.0286204882
  -0.0247655794
  -0.0216614892
  -0.0215568136
  -0.0214852777
  -0.0190356792
  -0.0164307899
  -0.0161431927
  -0.0169598720
  -0.0149813590
  -0.0128932651
  -0.0112048604
  -0.0104061677
  -0.0092922716
  -0.0058956852
  -0.0015468992
   0.0023869369
   0.0061991624
   0.0097548812
   0.0140114607
   0.0171502860
   0.0188137640
   0.0200354423
   0.0215542470
   0.0224569459
   0.0243532215
   0.0273678712
   0.0312523471
   0.0349188070
   0.0386068877
   0.0416881866
   0.0459678551
   0.0508740579
   0.0551053103
   0.0574465291
   0.0580387327
   0.0591067814
   0.0583161293
   0.0564277178
   0.0549494466
   0.0532676761
   0.0505116354
   0.0473886552
   0.0452381440
   0.0430097934
   0.0412996261
   0.0397695510
   0.0376652794
   0.0367087232
   0.0363366504
   0.0355133719
   0.0355868789
   0.0365151821
   0.0348227140
   0.0299934472
   0.0259277088
   0.0232244371
   0.0199248245
   0.0152548769
   0.0120304509
   0.0103414487
   0.0098389318
   0.0083652620
   0.0069027558
   0.0066425472
   0.0069064825
   0.0061026444
   0.0043842353
   0.0037792479
   0.0039200529
   0.0039511044
   0.0029301619
   0.0009416965
  -0.0012639109
  -0.0032075153
  -0.0050288979
  -0.0070861805
  -0.0084327386
  -0.0104270022
  -0.0130959904
  -0.0142004024
  -0.0140118138
  -0.0138480759
  -0.0144424376
  -0.0163079470
  -0.0172152801
  -0.0170428590
  -0.0168377888
  -0.0163464663
  -0.0147363630
  -0.0133804051
  -0.0131381379
  -0.0125299762
  -0.0093729630
  -0.0073969570
  -0.0040365389
  -0.0005471125
   0.0024502761
   0.0039440104
   0.0051694585
   0.0050533523
   0.0063956642
   0.0078112840
   0.0081196480
   0.0071819531
   0.0058202009
   0.0043108371
   0.0024521651
  -0.0007525124
  -0.0023404057
  -0.0024642301
  -0.0041866985
  -0.0070476858
  -0.0082464003
  -0.0091311003
  -0.0118052320
  -0.0143988036
  -0.0168374479
  -0.0193040290
  -0.0214711717
  -0.0240864403
  -0.0271243331
  -0.0301742580
  -0.0319739478
  -0.0334627522
  -0.0353276332
  -0.0373977179
  -0.0381288458
  -0.0379594717
  -0.0378106097
  -0.0371334418
  -0.0359683351
  -0.0342363005
  -0.0311144907
  -0.0299389534
  -0.0288442328
  -0.0262848748
  -0.0243425445
  -0.0219662969
  -0.0194953526
  -0.0165409026
  -0.0128594067
  -0.0102977387
  -0.0076049983
  -0.0037849971
   0.0006507744
   0.0043323697
   0.0062063591
   0.0082920671
   0.0102439985
   0.0109394426
   0.0134361328
   0.0172487854
   0.0227592281
   0.0281125506
   0.0322257606
   0.0344861628
   0.0358011169
   0.0371881203
   0.0386848709
   0.0380447439
   0.0351627353
   0.0322810346
   0.0314927438
   0.0298895723
   0.0277889145
   0.0264209244
   0.0236176996
   0.0210356119
   0.0193637463
   0.0177068429
   0.0168654504
   0.0167353286
   0.0165753688
   0.0184578894
   0.0195011223
   0.0183713935
   0.0171205690
   0.0155797184
   0.0148182679
   0.0131740085
   0.0083745428
   0.0033266686
   0.0001252817
  -0.0036087794
  -0.0076277033
  -0.0101785321
  -0.0126717359
  -0.0144149218
  -0.0158838382
  -0.0176401650
  -0.0188676849
  -0.0197617909
  -0.0197483050
  -0.0164157148
  -0.0116641827
  -0.0070187860
  -0.0028762821
   0.0010999860
   0.0058223671
   0.0100305879
   0.0142876643
   0.0171732579
   0.0199052527
   0.0213614451
   0.0232780480
   0.0260657295
   0.0258411430
   0.0254240831
   0.0264707367
   0.0270296158
   0.0268384360
   0.0254526440
   0.0220770502
   0.0204766034
   0.0207325700
   0.0214729786
   0.0213242604
   0.0192544590
   0.0176287981
   0.0155198101
   0.0160458801
   0.0195370668
   0.0209275073
   0.0188912051
   0.0157239481
   0.0134877294
   0.0104630104
   0.0076612969
   0.0039646088
  -0.0013118913
  -0.0075268920
  -0.0135794366
  -0.0190861978
  -0.0237428053
  -0.0267911903
  -0.0294912793
  -0.0314985545
  -0.0319245051
  -0.0320544975
  -0.0326629220
  -0.0329329063
  -0.0327465722
  -0.0325891275
  -0.0325923512
  -0.0315511387
  -0.0310027107
  -0.0322263561
  -0.0328975490
  -0.0327128986
  -0.0325311638
  -0.0322978509
  -0.0321448002
  -0.0332046153
  -0.0317018076
  -0.0279421088
  -0.0259387759
  -0.0245743790
  -0.0227343836
  -0.0202806066
  -0.0166233824
  -0.0148548879
  -0.0125752507
  -0.0092770590
  -0.0055749174
  -0.0024249039
   0.0024215283
   0.0074395993
   0.0122154421
   0.0169635782
   0.0198134121
   0.0212952888
   0.0244661512
   0.0275100601
   0.0281261433
   0.0256129427
   0.0233709789
   0.0204094410
   0.0161743798
   0.0113786531
   0.0067129250
   0.0027514228
   0.0001827307
  -0.0008045681
  -0.0009428594
  -0.0033385857
  -0.0080706406
  -0.0100288427
  -0.0089714197
  -0.0095380930
  -0.0134441241
  -0.0169154003
  -0.0184968523
  -0.0194249974
  -0.0210067224
  -0.0217202332
  -0.0215897275
  -0.0204959206
  -0.0179630600
  -0.0158891849
  -0.0142321603
  -0.0113496384
  -0.0098339115
  -0.0099104902
  -0.0090772390
  -0.0080862310
  -0.0075920606
  -0.0073040877
  -0.0068211405
  -0.0040809675
  -0.0010695978
   0.0010062767
   0.0030777426
   0.0063224837
   0.0078898544
   0.0077230017
   0.0074140546
   0.0075236129
   0.0076510223
   0.0076641899
   0.0076370005
   0.0075917301
   0.0076110965
   0.0076579090
   0.0076677996
   0.0076835769
   0.0097210146
   0.0129323388
   0.0149974361
   0.0165006359
   0.0185098351
   0.0199941613
   0.0209552881
   0.0215462803
   0.0205252946
   0.0191648482
   0.0163972128
   0.0138464025
   0.0119415813
   0.0090120190
   0.0075800264
   0.0077604143
   0.0069239641
   0.0048314556
   0.0034215871
   0.0055547913
   0.0061031885
   0.0046818606
   0.0030331764
   0.0028791505
   0.0025586825
   0.0021628575
   0.0020069379
   0.0006672258
  -0.0025929536
  -0.0056549702
  -0.0091240104
  -0.0124615161
  -0.0150892213
  -0.0159797074
  -0.0158862775
  -0.0159328148
  -0.0161119153
  -0.0157730623
  -0.0129898344
  -0.0103891235
  -0.0100423203
  -0.0094350559
  -0.0081988384
  -0.0091614415
  -0.0104413361
  -0.0119526012
  -0.0148710964
  -0.0167227092
  -0.0183742783
  -0.0204176890
  -0.0220851606
  -0.0223748152
  -0.0221048720
  -0.0216873193
  -0.0190501609
  -0.0156652452
  -0.0119439015
  -0.0094411931
  -0.0061089520
  -0.0038442832
  -0.0011331101
   0.0013016096
   0.0018118281
   0.0001504164
  -0.0027473676
  -0.0036122125
  -0.0039496281
  -0.0041759230
  -0.0042328724
  -0.0035540249
  -0.0029291127
  -0.0002409786
   0.0024449561
   0.0058440763
   0.0080668215
   0.0108775324
   0.0154814120
   0.0192310826
   0.0201913367
   0.0223386366
   0.0242795296
   0.0216276513
   0.0194042060
   0.0220542179
   0.0247027904
   0.0225549279
   0.0196510930
   0.0184986078
   0.0159754756
   0.0130333390
   0.0120082982
   0.0117515739
   0.0111294520
   0.0114882935
   0.0126721157
   0.0133241783
   0.0132549503
   0.0140407588
   0.0174716574
   0.0176868687
   0.0146966158
   0.0159513907
   0.0172708108
   0.0146066149
   0.0134740916
   0.0148103443
   0.0169789120
   0.0165301373
   0.0178633019
   0.0222011908
   0.0250204516
   0.0250462201
   0.0255051461
   0.0291180978
   0.0313358741
   0.0311400949
   0.0300581251
   0.0283244274
   0.0262512628
   0.0248054333
   0.0227599262
   0.0197761350
   0.0180948860
   0.0162148395
   0.0153648644
   0.0173178060
   0.0190666917
   0.0184340797
   0.0182844622
   0.0188811543
   0.0189666688
   0.0161536377
   0.0131911799
   0.0120823945
   0.0088387929
   0.0034858769
   0.0008466591
   0.0009130967
  -0.0014009582
  -0.0045166218
  -0.0053330383
  -0.0062333205
  -0.0072617534
  -0.0067581934
  -0.0062435725
  -0.0078042495
  -0.0101231821
  -0.0107640011
  -0.0114538315
  -0.0146682397
  -0.0182121666
  -0.0210019794
  -0.0246025088
  -0.0281307631
  -0.0305691220
  -0.0330293483
  -0.0347661875
  -0.0378630912
  -0.0403651220
  -0.0399422925
  -0.0379051216
  -0.0373809222
  -0.0391696475
  -0.0397122032
  -0.0354679331
  -0.0296796667
  -0.0254547178
  -0.0219384751
  -0.0171389150
  -0.0117411761
  -0.0068259184
  -0.0029266693
   0.0005844776
   0.0040768815
   0.0079138899
   0.0118237093
   0.0136400142
   0.0161090982
   0.0200443021
   0.0206901906
   0.0217223891
   0.0242668815
   0.0253070057
   0.0250060376
   0.0247846953
   0.0249729800
   0.0269226610
   0.0295567580
   0.0288210720
   0.0277430855
   0.0306662006
   0.0320880479
   0.0308289426
   0.0283034430
   0.0292665286
   0.0310912682
   0.0303859294
   0.0264032252
   0.0242792833
   0.0229659101
   0.0196263634
   0.0151553694
   0.0122768287
   0.0092927357
   0.0045266808
  -0.0014056883
  -0.0049399359
  -0.0070792076
  -0.0098975115
  -0.0118440634
  -0.0147559697
  -0.0169332617
  -0.0190476046
  -0.0218062446
  -0.0239759334
  -0.0263970038
  -0.0281812119
  -0.0286564409
  -0.0285282554
  -0.0284955468
  -0.0294119821
  -0.0318762122
  -0.0313953778
  -0.0290091103
  -0.0302326324
  -0.0320963431
  -0.0302724658
  -0.0287753046
  -0.0291220195
  -0.0314810607
  -0.0340448127
  -0.0347804988
  -0.0361871725
  -0.0378224981
  -0.0369171094
  -0.0368699458
  -0.0391490738
  -0.0412898731
  -0.0408335547
  -0.0400318971
  -0.0400559614
  -0.0391750682
  -0.0363724184
  -0.0327925448
  -0.0292516834
  -0.0257942258
  -0.0205739756
  -0.0159475080
  -0.0117415129
  -0.0076912274
  -0.0055252961
  -0.0025320064
   0.0008857506
   0.0023078737
   0.0048353383
   0.0073232159
   0.0102274964
   0.0128929817
   0.0126055262
   0.0088665777
   0.0078043748
   0.0099161880
   0.0089320236
   0.0077545522
   0.0078765759
   0.0065327610
   0.0027910406
   0.0007307354
  -0.0017353334
  -0.0042845121
  -0.0055064635
  -0.0074746794
  -0.0099729589
  -0.0109421139
  -0.0116517522
  -0.0148651317
  -0.0182056577
  -0.0197801717
  -0.0221752580
  -0.0232471668
  -0.0219349846
  -0.0211001461
  -0.0196353835
  -0.0170588149
  -0.0151888828
  -0.0122083933
  -0.0102990117
  -0.0101896854
  -0.0102687630
  -0.0088721729
  -0.0081222125
  -0.0074849909
  -0.0057705426
  -0.0042597661
  -0.0032147880
  -0.0015470064
   0.0009276283
   0.0033032613
   0.0067672627
   0.0110255259
   0.0151018201
   0.0195674387
   0.0233677347
   0.0276613654
   0.0325283303
   0.0361479756
   0.0387917024
   0.0414284071
   0.0430107584
   0.0438309365
   0.0441489467
   0.0466359065
   0.0471802485
   0.0466576506
   0.0471697768
   0.0484870306
   0.0484045303
   0.0456422478
   0.0431783256
   0.0425514217
   0.0418910085
   0.0393685271
   0.0370259121
   0.0364221690
   0.0349993978
   0.0321730122
   0.0295203331
   0.0261487020
   0.0221404346
   0.0181520551
   0.0139657508
   0.0088306086
   0.0034316891
   0.0006466685
  -0.0034717340
  -0.0106928574
  -0.0161817182
  -0.0169402448
  -0.0173065869
  -0.0198591651
  -0.0212230753
  -0.0216438722
  -0.0221793440
  -0.0224577262
  -0.0224654259
  -0.0224752200
  -0.0237668491
  -0.0262812816
  -0.0274022840
  -0.0282686401
  -0.0296618443
  -0.0329581409
  -0.0352928303
  -0.0362187928
  -0.0383294501
  -0.0405555011
  -0.0421988345
  -0.0436263693
  -0.0451314767
  -0.0459267897
  -0.0463384084
  -0.0457750737
  -0.0440743720
  -0.0419572880
  -0.0407026999
  -0.0381992934
  -0.0354530879
  -0.0330210736
  -0.0302781123
  -0.0265214935
  -0.0238230470
  -0.0221032704
  -0.0192233602
  -0.0155881121
  -0.0113567776
  -0.0080252058
  -0.0042545960
  -0.0008975356
  -0.0001435136
   0.0008231826
   0.0040271411
   0.0057999228
   0.0060341576
   0.0085090934
   0.0112006491
   0.0116359708
   0.0111155802
   0.0110392191
   0.0112471474
   0.0112920052
   0.0108167290
   0.0099301934
   0.0101011095
   0.0103434588
   0.0100693105
   0.0106253336
   0.0112470982
   0.0113709534
   0.0112888719
   0.0113111786
   0.0114167043
   0.0114460270
   0.0103593840
   0.0076449118
   0.0057044150
   0.0050873976
   0.0024532225
  -0.0004878765
  -0.0011574139
  -0.0025841800
  -0.0047865363
  -0.0050037823
  -0.0043884055
  -0.0043607623
  -0.0034374999
  -0.0015250146
  -0.0001219863
   0.0019315016
   0.0050240563
   0.0088513096
   0.0113762303
   0.0129182739
   0.0156159524
   0.0185946556
   0.0213136450
   0.0224272146
   0.0232390975
   0.0263323053
   0.0284633926
   0.0286302001
   0.0299307198
   0.0328406119
   0.0344533926
   0.0358399032
   0.0391293829
   0.0416691323
   0.0440757682
   0.0460691428
   0.0471360827
   0.0468649691
   0.0477356987
   0.0478468626
   0.0478101296
   0.0466347156
   0.0457032093
   0.0439225533
   0.0412961561
   0.0397732058
   0.0373575765
   0.0346415541
   0.0321043303
   0.0290803382
   0.0280240137
   0.0280462301
   0.0259282221
   0.0237348386
   0.0232335126
   0.0230097474
   0.0257251744
   0.0274688304
   0.0253918262
   0.0259230684
   0.0252741534
   0.0216922677
   0.0173451145
   0.0158216324
   0.0158553512
   0.0137356287
   0.0121461361
   0.0107244387
   0.0084236426
   0.0068774740
   0.0060598214
   0.0061752151
   0.0062825045
   0.0055813072
   0.0048544933
   0.0018701543
  -0.0005503230
  -0.0008162235
   0.0002608339
  -0.0010037969
  -0.0034479551
  -0.0044771621
  -0.0069025423
  -0.0103117974
  -0.0131160591
  -0.0154824489
  -0.0185208160
  -0.0202403954
  -0.0217982985
  -0.0238306852
  -0.0253883767
  -0.0268843676
  -0.0281724034
  -0.0284166397
  -0.0274103328
  -0.0262456368
  -0.0254347395
  -0.0251689029
  -0.0236043945
  -0.0207274163
  -0.0192175331
  -0.0193882603
  -0.0197089726
  -0.0196476599
  -0.0195349027
  -0.0197178489
  -0.0213166017
  -0.0232645375
  -0.0244134849
  -0.0250103905
  -0.0246711906
  -0.0251788612
  -0.0257807974
  -0.0260666329
  -0.0266018378
  -0.0270248727
  -0.0273104413
  -0.0262411607
  -0.0255901309
  -0.0253317681
  -0.0237424768
  -0.0214678865
  -0.0198670229
  -0.0196941192
  -0.0198758766
  -0.0194223548
  -0.0183540988
  -0.0171230083
  -0.0162015158
  -0.0168090882
  -0.0164497724
  -0.0156480080
  -0.0165788983
  -0.0188621883
  -0.0198434411
  -0.0195690690
  -0.0193638449
  -0.0195349232
  -0.0196480768
  -0.0196926758
  -0.0209682236
  -0.0225897103
  -0.0244895379
  -0.0256414010
  -0.0257705105
  -0.0263914805
  -0.0275131194
  -0.0282947577
  -0.0300499326
  -0.0308437056
  -0.0305209113
  -0.0289895837
  -0.0269026006
  -0.0256390808
  -0.0239095307
  -0.0211891553
  -0.0190609549
  -0.0177715147
  -0.0147461858
  -0.0103888525
  -0.0102295928
  -0.0102595849
  -0.0088445195
  -0.0048138201
  -0.0016322402
   0.0014148898
   0.0043288258
   0.0061781718
   0.0078176635
   0.0095323398
   0.0111469664
   0.0134971744
   0.0152863104
   0.0155691050
   0.0161843094
   0.0185988361
   0.0209026217
   0.0204580809
   0.0202891010
   0.0208086436
   0.0216847527
   0.0226531768
   0.0244949586
   0.0263488546
   0.0266732916
   0.0262354321
   0.0254302429
   0.0252553455
   0.0248242002
   0.0235777841
   0.0217357354
   0.0210866972
   0.0205303929
   0.0202060196
   0.0207665927
   0.0208632195
   0.0202582712
   0.0200616153
   0.0202443952
   0.0196635173
   0.0192735565
   0.0184459374
   0.0184376360
   0.0195302561
   0.0203907460
   0.0204096443
   0.0202745105
   0.0213705616
   0.0223191921
   0.0228607417
   0.0234795968
   0.0243979416
   0.0254866872
   0.0261018875
   0.0261148642
   0.0265089890
   0.0294003606
   0.0318769924
   0.0321007987
   0.0316721379
   0.0315877691
   0.0324355636
   0.0332690879
   0.0311892707
   0.0304347562
   0.0303575327
   0.0304093162
   0.0302419748
   0.0283038331
   0.0254341441
   0.0240753732
   0.0214867355
   0.0198638937
   0.0192426651
   0.0188731219
   0.0178309465
   0.0154431411
   0.0129223003
   0.0114219052
   0.0081303291
   0.0036632506
  -0.0003394872
  -0.0045456078
  -0.0082610730
  -0.0109219528
  -0.0141030508
  -0.0170996031
  -0.0190072147
  -0.0214478261
  -0.0233033032
  -0.0235977419
  -0.0238316502
  -0.0255725960
  -0.0270312379
  -0.0286142052
  -0.0293662969
  -0.0297533790
  -0.0312086741
  -0.0321631565
  -0.0333499251
  -0.0347884860
  -0.0356560330
  -0.0371554323
  -0.0384616601
  -0.0396851616
  -0.0399353524
  -0.0392066885
  -0.0379290012
  -0.0376173971
  -0.0385644467
  -0.0384547200
  -0.0377124429
  -0.0362961600
  -0.0357373424
  -0.0365465766
  -0.0364549392
  -0.0358293083
  -0.0350741778
  -0.0347297420
  -0.0348530202
  -0.0345197337
  -0.0327356077
  -0.0309448496
  -0.0300641207
  -0.0286646950
  -0.0285290561
  -0.0271262426
  -0.0247214751
  -0.0234125371
  -0.0235016078
  -0.0234426585
  -0.0213311799
  -0.0184710961
  -0.0173277992
  -0.0168814762
  -0.0159358968
  -0.0162172089
  -0.0177520661
  -0.0183749908
  -0.0182083701
  -0.0180993210
  -0.0171170271
  -0.0152289113
  -0.0131190548
  -0.0122700201
  -0.0115955522
  -0.0102745532
  -0.0083831131
  -0.0073757447
  -0.0048678991
  -0.0014905788
  -0.0001917507
   0.0006405538
   0.0037287540
   0.0068882844
   0.0096452777
   0.0118977481
   0.0136744454
   0.0153828448
   0.0169289108
   0.0173271668
   0.0180738995
   0.0183193842
   0.0196942096
   0.0232004139
   0.0254040226
   0.0276188833
   0.0289055024
   0.0290680391
   0.0306496307
   0.0339033836
   0.0360176957
   0.0375349173
   0.0394787466
   0.0409026266
   0.0427381254
   0.0453889566
   0.0467405205
   0.0466615518
   0.0463781392
   0.0445337292
   0.0412332028
   0.0400699441
   0.0402305919
   0.0386518543
   0.0356313732
   0.0342004299
   0.0326133972
   0.0301986714
   0.0289815965
   0.0278925224
   0.0261279024
   0.0240053156
   0.0217274607
   0.0189496370
   0.0174486834
   0.0153164257
   0.0116165859
   0.0090802758
   0.0056809708
   0.0008494515
  -0.0019215488
  -0.0043430426
  -0.0077957305
  -0.0105475229
  -0.0127294101
  -0.0160895326
  -0.0201819204
  -0.0240744492
  -0.0260451968
  -0.0284516068
  -0.0307171832
  -0.0325017404
  -0.0340096813
  -0.0347466815
  -0.0361878911
  -0.0371744250
  -0.0362113600
  -0.0355185051
  -0.0360739963
  -0.0349998495
  -0.0348037007
  -0.0344944580
  -0.0339953495
  -0.0330629808
  -0.0319738246
  -0.0309172537
  -0.0303735072
  -0.0310939785
  -0.0310558699
  -0.0280047335
  -0.0252657966
  -0.0225768568
  -0.0203722481
  -0.0192915493
  -0.0155490795
  -0.0132043927
  -0.0112524839
  -0.0058066986
  -0.0017854169
  -0.0020809301
  -0.0030272035
  -0.0008877296
   0.0026155396
   0.0047365494
   0.0067152432
   0.0088861598
   0.0078282235
   0.0072636301
   0.0082369902
   0.0081708996
   0.0098016095
   0.0130241075
   0.0148714249
   0.0152755328
   0.0160224975
   0.0178253411
   0.0185951135
   0.0176754299
   0.0173343019
   0.0195796660
   0.0212657217
   0.0211651732
   0.0207324674
   0.0208003484
   0.0209704412
   0.0220839081
   0.0246262446
   0.0263256527
   0.0270388760
   0.0285204940
   0.0303979205
   0.0316147490
   0.0323820965
   0.0326791018
   0.0330946217
   0.0340206252
   0.0355303319
   0.0366919275
   0.0357731309
   0.0343001161
   0.0333542575
   0.0330381363
   0.0330144826
   0.0322528638
   0.0301554911
   0.0276163578
   0.0269835815
   0.0268435281
   0.0259123914
   0.0241932718
   0.0219790066
   0.0211406571
   0.0208802206
   0.0197639530
   0.0203277887
   0.0212758854
   0.0213247737
   0.0210136625
   0.0209049419
   0.0210588138
   0.0218784786
   0.0223594157
   0.0214485037
   0.0200368529
   0.0182960898
   0.0175221185
   0.0161866296
   0.0139971104
   0.0110499618
   0.0093373429
   0.0087036406
   0.0078867601
   0.0053229567
   0.0027522256
   0.0021920879
   0.0023870909
   0.0009765897
  -0.0013199245
  -0.0032333845
  -0.0036345110
  -0.0041705947
  -0.0051453696
  -0.0042576328
  -0.0041087914
  -0.0059232811
  -0.0082057518
  -0.0079087054
  -0.0065245007
  -0.0068370307
  -0.0075263499
  -0.0078727897
  -0.0078138239
  -0.0075467039
  -0.0076604817
  -0.0089416843
  -0.0104252857
  -0.0122205486
  -0.0143356820
  -0.0154646306
  -0.0154764965
  -0.0162080103
  -0.0181333971
  -0.0204192043
  -0.0223488413
  -0.0241588591
  -0.0254768110
  -0.0264746995
  -0.0265795393
  -0.0267397559
  -0.0273055956
  -0.0268730335
  -0.0267424867
  -0.0275947369
  -0.0284635569
  -0.0279188248
  -0.0273908678
  -0.0274649703
  -0.0284206641
  -0.0301776664
  -0.0310854164
  -0.0307506720
  -0.0315175267
  -0.0331884766
  -0.0337288763
  -0.0335230156
  -0.0333851797
  -0.0324141069
  -0.0308931278
  -0.0304244282
  -0.0301563124
  -0.0285060390
  -0.0273989577
  -0.0270137030
  -0.0263601476
  -0.0259373591
  -0.0243057499
  -0.0226802594
  -0.0216785108
  -0.0214981517
  -0.0208226469
  -0.0204917504
  -0.0197331580
  -0.0198667909
  -0.0210462273
  -0.0211695261
  -0.0207114830
  -0.0212144721
  -0.0216563766
  -0.0216308544
  -0.0215111078
  -0.0215218464
  -0.0215694001
  -0.0215692974
  -0.0214585647
  -0.0200887595
  -0.0184314639
  -0.0167097511
  -0.0156522070
  -0.0154014885
  -0.0148020327
  -0.0151317424
  -0.0156201657
  -0.0155197157
  -0.0140183165
  -0.0126157782
  -0.0104657823
  -0.0094920546
  -0.0094206276
  -0.0079434365
  -0.0055775066
  -0.0036806192
  -0.0033512606
  -0.0035664390
  -0.0026035444
   0.0001356333
   0.0023485038
   0.0025954873
   0.0023213288
   0.0033355099
   0.0061125329
   0.0083766597
   0.0087255819
   0.0088165766
   0.0104925323
   0.0127608908
   0.0143437144
   0.0144962682
   0.0143124596
   0.0157991676
   0.0192513340
   0.0209323120
   0.0217454473
   0.0227215096
   0.0250121358
   0.0266331297
   0.0267206605
   0.0267647442
   0.0288287101
   0.0316928964
   0.0327831819
   0.0325594167
   0.0337237021
   0.0367218025
   0.0386800046
   0.0387345805
   0.0383653002
   0.0387498363
   0.0397780515
   0.0405291371
   0.0405177825
   0.0409588862
   0.0404998575
   0.0406724963
   0.0407540316
   0.0390672510
   0.0378740352
   0.0377599350
   0.0364577111
   0.0335376554
   0.0317185417
   0.0317255023
   0.0320230004
   0.0319323075
   0.0317906936
   0.0318040603
   0.0312747893
   0.0302438022
   0.0284611135
   0.0262686950
   0.0255070146
   0.0249865316
   0.0219887391
   0.0196118982
   0.0194728057
   0.0192776733
   0.0173630231
   0.0149864490
   0.0137220484
   0.0136772399
   0.0138125318
   0.0137430800
   0.0132178868
   0.0122378454
   0.0099149191
   0.0088090205
   0.0083120269
   0.0079235074
   0.0072834667
   0.0063767290
   0.0048082639
   0.0033706167
   0.0023207662
   0.0012951919
  -0.0004900901
  -0.0026912621
  -0.0041832552
  -0.0061979674
  -0.0085198793
  -0.0105081926
  -0.0130883666
  -0.0161308259
  -0.0190998746
  -0.0206714442
  -0.0222062624
  -0.0249570672
  -0.0263137643
  -0.0271704700
  -0.0297437081
  -0.0322049199
  -0.0326485286
  -0.0333423896
  -0.0325832141
  -0.0314963781
  -0.0327755643
  -0.0344338866
  -0.0348828953
  -0.0360528682
  -0.0381514728
  -0.0394333077
  -0.0384257895
  -0.0390661217
  -0.0407487958
  -0.0426820096
  -0.0437683939
  -0.0439174201
  -0.0438892698
  -0.0433378441
  -0.0432172556
  -0.0435997590
  -0.0437246798
  -0.0431323530
  -0.0443133108
  -0.0469222553
  -0.0463214484
  -0.0439945409
  -0.0441513079
  -0.0451876747
  -0.0456195181
  -0.0463409750
  -0.0474322256
  -0.0473200761
  -0.0463404412
  -0.0448221723
  -0.0427252104
  -0.0413434839
  -0.0396959618
  -0.0367990259
  -0.0341624445
  -0.0322682838
  -0.0306134521
  -0.0293692125
  -0.0284053672
  -0.0264474526
  -0.0241336449
  -0.0220404404
  -0.0202108858
  -0.0185163357
  -0.0180050842
  -0.0180754415
  -0.0173587748
  -0.0154221177
  -0.0126381855
  -0.0108608681
  -0.0086277580
  -0.0059188604
  -0.0018532844
   0.0021097148
   0.0048078081
   0.0076654383
   0.0117715378
   0.0153809989
   0.0178361577
   0.0192057391
   0.0216051886
   0.0230022530
   0.0232271064
   0.0242620153
   0.0259447303
   0.0281920326
   0.0288419742
   0.0299957263
   0.0331326277
   0.0347741953
   0.0350768265
   0.0377422564
   0.0403484905
   0.0407196188
   0.0414956722
   0.0430392372
   0.0448401795
   0.0461975953
   0.0456704391
   0.0457268219
   0.0463370122
   0.0465198968
   0.0463801719
   0.0463199906
   0.0463735604
   0.0464864901
   0.0465768134
   0.0465878189
   0.0465764028
   0.0465786408
   0.0465508190
   0.0464314625
   0.0463655116
   0.0462749214
   0.0454327322
   0.0437402025
   0.0411178502
   0.0381858650
   0.0351543785
   0.0323200672
   0.0286895191
   0.0245599445
   0.0218773288
   0.0196146434
   0.0161288588
   0.0119477432
   0.0104903620
   0.0102493740
   0.0080910973
   0.0052504640
   0.0029646342
   0.0004196862
  -0.0011645759
  -0.0013539127
  -0.0031188532
  -0.0063725219
  -0.0090111032
  -0.0113567345
  -0.0120543591
  -0.0125802155
  -0.0145284716
  -0.0170437090
  -0.0177388266
  -0.0166605486
  -0.0173541776
  -0.0189163371
  -0.0184123356
  -0.0174529254
  -0.0168843364
  -0.0168885682
  -0.0183766478
  -0.0191847999
  -0.0183210165
  -0.0184256490
  -0.0190106642
  -0.0178782251
  -0.0174446836
  -0.0165813397
  -0.0166293287
  -0.0165047302
  -0.0156491168
  -0.0146016049
  -0.0135544853
  -0.0137994546
  -0.0156547099
  -0.0172915652
  -0.0181721422
  -0.0178734553
  -0.0157777807
  -0.0167643495
  -0.0181338303
  -0.0187271099
  -0.0180788376
  -0.0182098300
  -0.0180791374
  -0.0182320012
  -0.0156447515
  -0.0129806337
  -0.0126328839
  -0.0129572593
  -0.0107462362
  -0.0076237077
  -0.0075042136
  -0.0067235938
  -0.0044376244
  -0.0040707299
  -0.0034943775
  -0.0016849651
  -0.0008042139
   0.0005330564
   0.0029483005
   0.0025467284
   0.0010229650
   0.0028393171
   0.0050562639
   0.0055061843
   0.0065633937
   0.0079676650
   0.0098643697
   0.0109313178
   0.0110722151
   0.0124942206
   0.0146977349
   0.0166956143
   0.0177207004
   0.0182151479
   0.0209555755
   0.0228342545
   0.0231018159
   0.0246211524
   0.0274559564
   0.0288418305
   0.0295920332
   0.0303921919
   0.0310358505
   0.0324871212
   0.0342527678
   0.0348536568
   0.0347271549
   0.0346634830
   0.0353113098
   0.0352713121
   0.0346425397
   0.0343886325
   0.0327427531
   0.0323204368
   0.0340590624
   0.0348786861
   0.0335488252
   0.0306602050
   0.0286627650
   0.0285084208
   0.0283949161
   0.0258628665
   0.0239291805
   0.0239088736
   0.0239329995
   0.0237734195
   0.0231840904
   0.0238519981
   0.0240949819
   0.0221488735
   0.0200363724
   0.0171114422
   0.0139183963
   0.0113208762
   0.0085882634
   0.0073246265
   0.0062856542
   0.0031294809
  -0.0004625297
  -0.0014235719
  -0.0024199514
  -0.0051253625
  -0.0070003847
  -0.0070456572
  -0.0067109949
  -0.0067689320
  -0.0069171698
  -0.0070304117
  -0.0090494850
  -0.0099155741
  -0.0077249831
  -0.0066060545
  -0.0084305210
  -0.0108694097
  -0.0125376041
  -0.0131363248
  -0.0160071678
  -0.0188348675
  -0.0202116456
  -0.0223739323
  -0.0241050018
  -0.0249043392
  -0.0257971825
  -0.0273394540
  -0.0272921262
  -0.0270608871
  -0.0276357817
  -0.0281133514
  -0.0290935202
  -0.0304192951
  -0.0293369967
  -0.0285996475
  -0.0287784872
  -0.0293406310
  -0.0294922854
  -0.0301232548
  -0.0308982815
  -0.0311388014
  -0.0323885643
  -0.0345016034
  -0.0355215850
  -0.0364205470
  -0.0368674614
  -0.0369433912
  -0.0376210725
  -0.0379207470
  -0.0389650393
  -0.0395963578
  -0.0386228211
  -0.0379821808
  -0.0386665146
  -0.0400475635
  -0.0392557822
  -0.0386679930
  -0.0381809372
  -0.0368373810
  -0.0357266860
  -0.0342526856
  -0.0323954633
  -0.0311945887
  -0.0295484423
  -0.0285858495
  -0.0272989019
  -0.0259973146
  -0.0251174274
  -0.0230024788
  -0.0199652431
  -0.0183814914
  -0.0182970487
  -0.0163377830
  -0.0135915242
  -0.0116701844
  -0.0123750263
  -0.0112115807
  -0.0085233575
  -0.0075199909
  -0.0057633294
  -0.0035011697
  -0.0023082022
  -0.0023244806
  -0.0015609877
   0.0017323604
   0.0038416468
   0.0037680371
   0.0035344614
   0.0044138188
   0.0041471403
   0.0033667545
   0.0032203770
   0.0034088609
   0.0033998470
   0.0032533956
   0.0030325461
   0.0021928476
   0.0011280667
   0.0003639344
   0.0007192994
   0.0008230923
   0.0002630192
   0.0000093198
   0.0009480708
   0.0026768830
   0.0032325016
   0.0029394653
   0.0028035204
   0.0036322421
   0.0039014112
   0.0055597335
   0.0081229024
   0.0089031074
   0.0096866573
   0.0126035119
   0.0132314918
   0.0134985316
   0.0143000044
   0.0149076487
   0.0166533930
   0.0193107843
   0.0205089958
   0.0203492864
   0.0201701244
   0.0205187180
   0.0219239790
   0.0215805083
   0.0207123043
   0.0229097943
   0.0258944458
   0.0265152926
   0.0260677417
   0.0272085581
   0.0306827910
   0.0324610652
   0.0321792130
   0.0327849477
   0.0353603623
   0.0371317786
   0.0378679370
   0.0379614223
   0.0379786081
   0.0380394670
   0.0380606773
   0.0380439637
   0.0382700901
   0.0392239360
   0.0403446715
   0.0409983500
   0.0410040581
   0.0408842499
   0.0411329212
   0.0424800912
   0.0418332911
   0.0391293213
   0.0377680044
   0.0386675207
   0.0387603079
   0.0361794111
   0.0327088331
   0.0306397340
   0.0288774958
   0.0266166830
   0.0257907352
   0.0241630272
   0.0206608699
   0.0168302286
   0.0142707022
   0.0128814588
   0.0101209769
   0.0059185853
   0.0027120165
   0.0014447764
  -0.0004468701
  -0.0032877345
  -0.0066544972
  -0.0097002725
  -0.0104436850
  -0.0101316909
  -0.0112799012
  -0.0135304723
  -0.0156426716
  -0.0167656718
  -0.0190930188
  -0.0211935904
  -0.0233464629
  -0.0261296682
  -0.0280850163
  -0.0283958195
  -0.0293809777
  -0.0314594808
  -0.0332272628
  -0.0334770019
  -0.0339281871
  -0.0342551290
  -0.0343053314
  -0.0343063375
  -0.0344217517
  -0.0345585816
  -0.0345843295
  -0.0345812291
  -0.0346174693
  -0.0346422933
  -0.0346564609
  -0.0332751040
  -0.0300245131
  -0.0284873337
  -0.0287391671
  -0.0287506038
  -0.0266450386
  -0.0237602786
  -0.0223529684
  -0.0204493771
  -0.0178748105
  -0.0168470757
  -0.0165527212
  -0.0137394971
  -0.0111133216
  -0.0104079212
  -0.0094994834
  -0.0066222116
  -0.0048933309
  -0.0050042340
  -0.0053800232
  -0.0041320138
  -0.0028699334
  -0.0037748909
  -0.0028929033
  -0.0002841060
   0.0007746912
   0.0004406053
   0.0002202469
   0.0003801627
   0.0015940683
   0.0035659380
   0.0036958709
   0.0030493480
   0.0015502121
   0.0009557938
   0.0016122342
   0.0022537044
   0.0037494365
   0.0044062504
   0.0033452671
   0.0009636350
   0.0001350047
   0.0004488625
   0.0005979524
   0.0004474253
   0.0003733068
   0.0004266458
   0.0005334837
   0.0012727815
   0.0012679690
  -0.0001443770
  -0.0010723858
  -0.0005456000
  -0.0009684818
  -0.0004802973
   0.0003537178
  -0.0005323967
  -0.0012965242
  -0.0002137099
   0.0004901014
   0.0003419349
   0.0001446318
   0.0002037776
   0.0002536355
   0.0000641059
  -0.0001179228
  -0.0008703561
  -0.0006517232
   0.0006041465
   0.0005145528
   0.0010388058
   0.0031305096
   0.0015353619
  -0.0003602987
   0.0014344959
   0.0050275448
   0.0047331184
   0.0022297592
   0.0036516496
   0.0027196588
   0.0015973229
   0.0041760564
   0.0060636795
   0.0058793042
   0.0069132850
   0.0102486800
   0.0093980293
   0.0060549757
   0.0068707741
   0.0108604390
   0.0122484998
   0.0115668886
   0.0107885068
   0.0090214763
   0.0099973784
   0.0116252486
   0.0114923796
   0.0090887619
   0.0063173711
   0.0054303365
   0.0056902208
   0.0057787639
   0.0056179601
   0.0055150934
   0.0055782581
   0.0056448723
   0.0056372095
   0.0051121846
   0.0021753784
   0.0008816911
   0.0017757343
   0.0008432644
  -0.0004011142
  -0.0005519167
  -0.0002660063
  -0.0002312198
  -0.0003426564
   0.0006507185
   0.0013927455
   0.0001804434
  -0.0005758999
  -0.0004169956
  -0.0002132192
  -0.0002878705
  -0.0004303012
  -0.0003903875
  -0.0003110281
  -0.0003074533
  -0.0001854589
   0.0005283524
   0.0001788846
  -0.0003681857
  -0.0001188365
   0.0027017584
   0.0024049338
  -0.0000636132
  -0.0008080677
  -0.0003043088
  -0.0001083209
  -0.0003099811
  -0.0004052905
  -0.0003459727
  -0.0014734989
  -0.0047717322
  -0.0065691100
  -0.0063930833
  -0.0060680345
  -0.0062237318
  -0.0082003435
  -0.0115227638
  -0.0126301449
  -0.0139817314
  -0.0170508400
  -0.0183668414
  -0.0180545947
  -0.0177910228
  -0.0179458967
  -0.0184227087
  -0.0207327754
  -0.0217224097
  -0.0220886717
  -0.0232674120
  -0.0239622381
  -0.0239923390
  -0.0238910718
  -0.0239192221
  -0.0239713957
  -0.0239672686
  -0.0239473929
  -0.0239474545
  -0.0235288547
  -0.0229928900
  -0.0219322332
  -0.0190924500
  -0.0177017754
  -0.0163718755
  -0.0134146782
  -0.0110514648
  -0.0082252660
  -0.0070123983
  -0.0065005226
  -0.0063766243
  -0.0059291247
  -0.0054267371
  -0.0033172666
  -0.0002703629
   0.0018460123
   0.0043127097
   0.0056515474
   0.0065361242
   0.0095494209
   0.0116643880
   0.0117633165
   0.0127724199
   0.0142966289
   0.0155724087
   0.0163661612
   0.0163438894
   0.0166371167
   0.0158691697
   0.0155082502
   0.0155515147
   0.0154335380
   0.0160794100
   0.0164137129
   0.0170109963
   0.0173461226
   0.0171029869
   0.0149142500
   0.0147830646
   0.0168770144
   0.0177153680
   0.0173456360
   0.0171290305
   0.0172805207
   0.0176869056
   0.0185530441
   0.0193383884
   0.0195359868
   0.0201146204
   0.0204406219
   0.0203601831
   0.0202601130
   0.0210178922
   0.0194791646
   0.0165688989
   0.0158525218
   0.0165334985
   0.0170510351
   0.0173090159
   0.0168885784
   0.0159481096
   0.0149246457
   0.0139372638
   0.0122325623
   0.0114057542
   0.0114962787
   0.0116429827
   0.0108945869
   0.0083668327
   0.0058946709
   0.0053631556
   0.0056764454
   0.0056908901
   0.0054196534
   0.0053029333
   0.0053410974
   0.0052630239
   0.0051543957
   0.0053033254
   0.0056531490
   0.0062180791
   0.0068949473
   0.0079344349
   0.0075301813
   0.0069042055
   0.0063806302
   0.0078497417
   0.0088396430
   0.0090131996
   0.0089381670
   0.0080974706
   0.0068304746
   0.0061417920
   0.0071630076
   0.0070863694
   0.0042630021
   0.0018822501
   0.0011910417
   0.0005487249
   0.0004547304
  -0.0008471317
  -0.0038044354
  -0.0044131658
  -0.0031346941
  -0.0047232381
  -0.0075997501
  -0.0068471533
  -0.0059436064
  -0.0068512599
  -0.0075689224
  -0.0070726084
  -0.0071773374
  -0.0072770605
  -0.0066806538
  -0.0078776272
  -0.0085600556
  -0.0081424269
  -0.0101911494
  -0.0126851150
  -0.0117442992
  -0.0107359308
  -0.0109040052
  -0.0106727867
  -0.0093817962
  -0.0076877738
  -0.0064819857
  -0.0063152500
  -0.0051887038
  -0.0031190051
  -0.0014620109
  -0.0012417455
   0.0004756285
   0.0028757872
   0.0056145147
   0.0059564311
   0.0044535166
   0.0049589122
   0.0071976914
   0.0113663458
   0.0137844616
   0.0130671030
   0.0120066740
   0.0132212665
   0.0156184738
   0.0176089266
   0.0185905306
   0.0182242316
   0.0164498812
   0.0159715272
   0.0171141690
   0.0187451499
   0.0168698793
   0.0147016997
   0.0148386897
   0.0143818169
   0.0134717878
   0.0131508907
   0.0134556553
   0.0131401973
   0.0119665675
   0.0112654277
   0.0117848656
   0.0128025558
   0.0110474671
   0.0103900270
   0.0114246196
   0.0106186646
   0.0084157478
   0.0059739886
   0.0052180881
   0.0054100831
   0.0041633631
   0.0020803490
   0.0019104273
  -0.0003126723
  -0.0037696099
  -0.0051351710
  -0.0046636317
  -0.0053085202
  -0.0083497290
  -0.0089280341
  -0.0071143842
  -0.0056138741
  -0.0069398481
  -0.0072579528
  -0.0061841304
  -0.0059106946
  -0.0055611379
  -0.0053591127
  -0.0045182665
  -0.0043008993
  -0.0059342168
  -0.0069534921
  -0.0056928572
  -0.0051250586
  -0.0051872111
  -0.0055096255
  -0.0065213736
  -0.0068815559
  -0.0059972871
  -0.0061093257
  -0.0067823686
  -0.0069553524
  -0.0068028541
  -0.0072452944
  -0.0082698302
  -0.0089588681
  -0.0090849634
  -0.0096475918
  -0.0106000845
  -0.0123521754
  -0.0131486670
  -0.0130260356
  -0.0129039154
  -0.0130408211
  -0.0130882968
  -0.0130240726
  -0.0130451638
  -0.0132244490
  -0.0133553080
  -0.0133727053
  -0.0133314900
  -0.0133662067
  -0.0134393297
  -0.0143836176
  -0.0162365754
  -0.0159527582
  -0.0172246862
  -0.0193768010
  -0.0199427598
  -0.0196505201
  -0.0196562364
  -0.0199131681
  -0.0200760313
  -0.0200743599
  -0.0200897410
  -0.0201387771
  -0.0203008786
  -0.0204712814
  -0.0206116325
  -0.0206695552
  -0.0200121931
  -0.0193493344
  -0.0201234864
  -0.0208420708
  -0.0193926707
  -0.0172080978
  -0.0157361364
  -0.0156738484
  -0.0159192407
  -0.0159800585
  -0.0159786869
  -0.0167737720
  -0.0168772670
  -0.0159869616
  -0.0152301679
  -0.0163017091
  -0.0182483883
  -0.0177504214
  -0.0168743862
  -0.0173973927
  -0.0172800197
  -0.0168598429
  -0.0167515330
  -0.0169237468
  -0.0167662591
  -0.0158494254
  -0.0136830260
  -0.0115335517
  -0.0111394083
  -0.0114599626
  -0.0102496984
  -0.0073750507
  -0.0056256660
  -0.0057576255
  -0.0061579040
  -0.0060853990
  -0.0059778796
  -0.0052955086
  -0.0051323251
  -0.0052735818
  -0.0060391922
  -0.0064644795
  -0.0059754321
  -0.0036952651
  -0.0011505607
  -0.0004573892
  -0.0007547757
  -0.0008301988
  -0.0007191246
  -0.0007927246
  -0.0003828196
   0.0005872005
   0.0017571346
   0.0018063317
   0.0025034558
   0.0024529187
   0.0032172150
   0.0038372158
   0.0031215984
   0.0014283018
  -0.0004496869
  -0.0003267582
   0.0009074327
   0.0007039300
  -0.0012356619
  -0.0018528896
   0.0009272905
   0.0013000715
  -0.0019901294
  -0.0025856419
  -0.0010788950
  -0.0005479364
  -0.0009406222
  -0.0011838643
  -0.0017609200
  -0.0028952112
  -0.0052667506
  -0.0055151550
  -0.0059090930
  -0.0067661273
  -0.0070762632
  -0.0069540855
  -0.0068814121
  -0.0069338588
  -0.0069698094
  -0.0072876225
  -0.0079892264
  -0.0082991077
  -0.0075638200
  -0.0068946824
  -0.0068802315
  -0.0070225456
  -0.0069715424
  -0.0061124097
  -0.0054629794
  -0.0062747288
  -0.0058713252
  -0.0024477732
  -0.0017099082
  -0.0041186655
  -0.0047471772
  -0.0035293611
  -0.0027692924
  -0.0027646602
  -0.0027568270
  -0.0027135975
  -0.0033184493
  -0.0024014740
  -0.0012662605
  -0.0025294358
  -0.0031415685
  -0.0016405670
  -0.0007591151
  -0.0009600845
  -0.0011980460
  -0.0011904811
  -0.0008488351
   0.0004795084
   0.0009616715
   0.0017656955
   0.0035950307
   0.0037776731
   0.0034103372
   0.0045600792
   0.0069075851
   0.0083824314
   0.0090382084
   0.0100933748
   0.0106637584
   0.0114732390
   0.0133625827
   0.0148013756
   0.0145864518
   0.0143005917
   0.0168796262
   0.0183978375
   0.0183752474
   0.0188381568
   0.0200099448
   0.0215318048
   0.0222093217
   0.0224196586
   0.0232125282
   0.0246883765
   0.0262041197
   0.0265478164
   0.0263919117
   0.0275200800
   0.0283541177
   0.0284229022
   0.0271021988
   0.0261638141
   0.0253650721
   0.0249394501
   0.0257064691
   0.0264335314
   0.0263221416
   0.0253592409
   0.0249068237
   0.0238541746
   0.0239728329
   0.0254858865
   0.0247192576
   0.0231345245
   0.0236948615
   0.0248660047
   0.0242928964
   0.0228845185
   0.0231063537
   0.0232643321
   0.0225433269
   0.0228476829
   0.0228623022
   0.0211514368
   0.0190474773
   0.0175363785
   0.0161628589
   0.0156157430
   0.0145848030
   0.0141602939
   0.0147058781
   0.0135666611
   0.0128278664
   0.0136395090
   0.0150280585
   0.0155921591
   0.0149905925
   0.0143539890
   0.0136930357
   0.0140574518
   0.0150380210
   0.0152869633
   0.0151686520
   0.0165553289
   0.0176061054
   0.0174261138
   0.0170897433
   0.0184189492
   0.0184062559
   0.0164094421
   0.0155974319
   0.0159551564
   0.0164686050
   0.0152380607
   0.0142988957
   0.0145379700
   0.0153814383
   0.0147945793
   0.0141016649
   0.0131568678
   0.0125389407
   0.0136141019
   0.0142387370
   0.0144115565
   0.0158185135
   0.0161829419
   0.0162740290
   0.0167247358
   0.0169329372
   0.0168258798
   0.0166910725
   0.0166661417
   0.0166657988
   0.0156037519
   0.0143136833
   0.0146613427
   0.0148242942
   0.0146901254
   0.0140644453
   0.0135424634
   0.0133663504
   0.0122293530
   0.0099280559
   0.0096699601
   0.0105085457
   0.0095627281
   0.0077419944
   0.0072020916
   0.0075669594
   0.0077626811
   0.0071183059
   0.0060443418
   0.0050267030
   0.0040719537
   0.0030007327
   0.0034194825
   0.0033872133
   0.0022433559
   0.0015768315
   0.0015223515
   0.0007688047
  -0.0003864972
  -0.0013509048
  -0.0029591438
  -0.0040852896
  -0.0035318311
  -0.0037067532
  -0.0043281585
  -0.0055270701
  -0.0071826923
  -0.0077315597
  -0.0082810616
  -0.0093577504
  -0.0114837435
  -0.0137216788
  -0.0158049250
  -0.0169345183
  -0.0173735255
  -0.0182803741
  -0.0195941928
  -0.0211433058
  -0.0219153964
  -0.0222528100
  -0.0227094979
  -0.0219780416
  -0.0220017158
  -0.0224101725
  -0.0233785760
  -0.0240565447
  -0.0241917319
  -0.0241107920
  -0.0234685297
  -0.0236391563
  -0.0235381355
  -0.0239458735
  -0.0243981880
  -0.0245041983
  -0.0245419168
  -0.0245926941
  -0.0239587886
  -0.0228683799
  -0.0221808019
  -0.0209585322
  -0.0210218961
  -0.0207108259
  -0.0204498822
  -0.0205014931
  -0.0193772753
  -0.0195311390
  -0.0212632783
  -0.0222319898
  -0.0235235162
  -0.0245356133
  -0.0246925241
  -0.0245570083
  -0.0245518957
  -0.0246132474
  -0.0246389748
  -0.0250587450
  -0.0270425103
  -0.0283389645
  -0.0261508785
  -0.0244377956
  -0.0246044799
  -0.0257520927
  -0.0267157532
  -0.0265046567
  -0.0259017554
  -0.0253897935
  -0.0249040312
  -0.0248419199
  -0.0249925271
  -0.0250356047
  -0.0249970238
  -0.0249593668
  -0.0242160426
  -0.0242385875
  -0.0238239504
  -0.0232033706
  -0.0225438402
  -0.0216928221
  -0.0199109280
  -0.0189483763
  -0.0191187791
  -0.0192987583
  -0.0192378645
  -0.0187089487
  -0.0182521499
  -0.0184618769
  -0.0175140061
  -0.0157314857
  -0.0136040142
  -0.0130637952
  -0.0128999710
  -0.0116977680
  -0.0106302286
  -0.0083914761
  -0.0068622695
  -0.0060665089
  -0.0051147635
  -0.0045480840
  -0.0032229415
  -0.0018725482
  -0.0011258861
  -0.0010288860
  -0.0017610483
  -0.0014604603
   0.0005169691
   0.0020592003
   0.0002615570
  -0.0000241670
   0.0029403009
   0.0044889786
   0.0040343953
   0.0036469743
   0.0039383537
   0.0048883886
   0.0045113757
   0.0037614584
   0.0036576328
   0.0038354828
   0.0037757759
   0.0035977719
   0.0035595010
   0.0036032192
   0.0035848014
   0.0034505258
   0.0033787271
   0.0033920303
   0.0033774212
   0.0032529583
   0.0032181307
   0.0040231044
   0.0054242157
   0.0074646944
   0.0080834632
   0.0084781261
   0.0086871919
   0.0086247397
   0.0085343158
   0.0085291600
   0.0084927925
   0.0083626277
   0.0077811995
   0.0055753917
   0.0028579279
   0.0023549100
   0.0030629714
   0.0025816319
   0.0020582127
   0.0020503257
   0.0016923891
   0.0011198300
   0.0008717531
   0.0010301560
   0.0006780332
   0.0008173672
   0.0017506393
   0.0012750064
  -0.0010624902
  -0.0003984355
   0.0005454604
   0.0002573454
  -0.0012116185
  -0.0035048224
  -0.0044658280
  -0.0042045825
  -0.0032710332
  -0.0028674181
  -0.0034522506
  -0.0034648412
  -0.0031896601
  -0.0023944313
  -0.0019416801
  -0.0024797836
  -0.0043406033
  -0.0049502803
  -0.0025065233
  -0.0028688821
  -0.0053329562
  -0.0069502130
  -0.0047682868
  -0.0007744261
   0.0003755734
  -0.0002926764
  -0.0005459070
  -0.0003739486
  -0.0002878366
   0.0007433782
   0.0012707372
   0.0017301832
   0.0025770736
   0.0035966918
   0.0042148221
   0.0041365618
   0.0046271883
   0.0049901568
   0.0049808268
   0.0048988706
   0.0049101923
   0.0054135059
   0.0076324074
   0.0102853924
   0.0110827279
   0.0100320088
   0.0117384761
   0.0157132383
   0.0171848671
   0.0166631542
   0.0163785876
   0.0166295586
   0.0171964927
   0.0192191695
   0.0218046225
   0.0228116070
   0.0223126012
   0.0212625597
   0.0195055820
   0.0177919488
   0.0167778888
   0.0166558199
   0.0168327028
   0.0168863835
   0.0166835842
   0.0143056448
   0.0112769588
   0.0105888757
   0.0105410510
   0.0076927632
   0.0066481731
   0.0092529967
   0.0097079230
   0.0064964941
   0.0045267198
   0.0047782534
   0.0039900673
   0.0030412848
   0.0023274742
   0.0020513061
   0.0021011486
   0.0020307513
   0.0023569674
   0.0029155632
   0.0031860423
   0.0025351726
   0.0019033844
   0.0023389376
   0.0038534839
   0.0039148725
   0.0029769518
   0.0027565416
   0.0023588194
   0.0020652410
   0.0019221299
   0.0012143290
   0.0026719798
   0.0048847954
   0.0053693770
   0.0049893396
   0.0049126254
   0.0050502273
   0.0054204624
   0.0074840546
   0.0097896677
   0.0089225375
   0.0068337701
   0.0068932944
   0.0078353422
   0.0079906370
   0.0076810904
   0.0067754162
   0.0062582328
   0.0063133672
   0.0059833515
   0.0050175680
   0.0046027954
   0.0047793888
   0.0049344948
   0.0047903574
   0.0047006213
   0.0043893089
   0.0036114713
   0.0031883871
   0.0028207227
   0.0031119193
   0.0029899366
   0.0025770018
   0.0035287841
   0.0037692937
   0.0026904551
   0.0014492919
   0.0005964314
   0.0004924692
   0.0005446471
   0.0000953878
   0.0003335089
   0.0014919178
   0.0022035081
   0.0020869461
   0.0006389061
  -0.0008793237
  -0.0015562590
  -0.0013835085
   0.0003403580
  -0.0013964061
  -0.0053427420
  -0.0086889064
  -0.0090808959
  -0.0085129290
  -0.0092532452
  -0.0113898414
  -0.0117010245
  -0.0122453275
  -0.0144705982
  -0.0154358192
  -0.0152453847
  -0.0133411281
  -0.0129398106
  -0.0148438988
  -0.0173236886
  -0.0177332233
  -0.0150425916
  -0.0130519909
  -0.0125040413
  -0.0119375035
  -0.0122081058
  -0.0127261290
  -0.0112101824
  -0.0079719913
  -0.0072757875
  -0.0090124132
  -0.0068528368
  -0.0023751778
  -0.0009661720
  -0.0008934506
  -0.0001809579
   0.0016651046
   0.0013796935
   0.0024596287
   0.0051102833
   0.0073401903
   0.0089541825
   0.0094609476
   0.0087879232
   0.0070909133
   0.0075697149
   0.0090116596
   0.0099458475
   0.0107888128
   0.0098581914
   0.0107108399
   0.0118153217
   0.0098796296
   0.0089013806
   0.0098109108
   0.0099937769
   0.0103059559
   0.0118091804
   0.0131700087
   0.0140890434
   0.0144269498
   0.0144271449
   0.0143640808
   0.0143621322
   0.0145275661
   0.0153084980
   0.0154930786
   0.0151633463
   0.0144850491
   0.0148834612
   0.0161214548
   0.0157427622
   0.0149616722
   0.0142904834
   0.0142782952
   0.0143803221
   0.0143006738
   0.0142698337
   0.0143002262
   0.0142314109
   0.0141700469
   0.0147586718
   0.0151773845
   0.0145437418
   0.0140590986
   0.0141826170
   0.0143997810
   0.0143619598
   0.0142343881
   0.0142067121
   0.0143305550
   0.0144504864
   0.0143280582
   0.0128553843
   0.0100887406
   0.0084975561
   0.0084521768
   0.0086021414
   0.0079098265
   0.0055278401
   0.0029747548
   0.0022881706
   0.0025777245
   0.0020634691
  -0.0003698756
  -0.0029939487
  -0.0031414186
  -0.0024600414
  -0.0030277004
  -0.0047795346
  -0.0076456818
  -0.0082624733
  -0.0082673272
  -0.0090338637
  -0.0094950463
  -0.0101048834
  -0.0125295306
  -0.0144950136
  -0.0153753791
  -0.0166733938
  -0.0181175089
  -0.0197388435
  -0.0209401965
  -0.0211205762
  -0.0220815058
  -0.0246397551
  -0.0259211383
  -0.0265301993
  -0.0268722738
  -0.0269825138
  -0.0269745266
  -0.0269569712
  -0.0274475791
  -0.0277875798
  -0.0272894774
  -0.0283396011
  -0.0299142321
  -0.0307340200
  -0.0312257778
  -0.0303041067
  -0.0277344002
  -0.0266289205
  -0.0268899114
  -0.0268993564
  -0.0240191957
  -0.0210208694
  -0.0208591540
  -0.0213653258
  -0.0211891348
  -0.0194668142
  -0.0199405258
  -0.0210555286
  -0.0199430247
  -0.0184329422
  -0.0162242989
  -0.0150906976
  -0.0151983874
  -0.0153223227
  -0.0151354321
  -0.0150406882
  -0.0149695219
  -0.0139427090
  -0.0112501698
  -0.0090512138
  -0.0088451252
  -0.0092117876
  -0.0076504227
  -0.0039448091
  -0.0022185401
   0.0002804442
   0.0027271039
   0.0034551991
   0.0047608581
   0.0074153174
   0.0089759348
   0.0089191106
   0.0090703379
   0.0122972793
   0.0148596392
   0.0148760961
   0.0127545832
   0.0119230259
   0.0138225764
   0.0147282628
   0.0143132378
   0.0139028736
   0.0138464292
   0.0138695141
   0.0137646291
   0.0135410117
   0.0133635662
   0.0136761250
   0.0149383800
   0.0139547966
   0.0127763027
   0.0128036502
   0.0136405049
   0.0147068863
   0.0158768386
   0.0165939673
   0.0141214994
   0.0119504617
   0.0120799798
   0.0140482244
   0.0157667526
   0.0164947225
   0.0170826472
   0.0173569803
   0.0173088743
   0.0172549411
   0.0171710979
   0.0170327179
   0.0169464991
   0.0169333951
   0.0169216771
   0.0167890894
   0.0151281862
   0.0120347504
   0.0107642516
   0.0110036873
   0.0112067309
   0.0110253801
   0.0108494581
   0.0108211209
   0.0108610775
   0.0108300691
   0.0106661546
   0.0092717122
   0.0077731055
   0.0062324725
   0.0051490757
   0.0065767440
   0.0075775974
   0.0061773135
   0.0047346851
   0.0045974734
   0.0047535300
   0.0038899458
   0.0026080492
   0.0016439015
   0.0007410316
  -0.0002125246
  -0.0010541690
  -0.0012775520
  -0.0012059891
  -0.0017913958
  -0.0032355691
  -0.0039465996
  -0.0055577459
  -0.0070664753
  -0.0073423134
  -0.0081267646
  -0.0112555289
  -0.0131818417
  -0.0130512908
  -0.0126545603
  -0.0128295398
  -0.0131240668
  -0.0131297728
  -0.0130638095
  -0.0131056223
  -0.0119086695
  -0.0089518664
  -0.0075130180
  -0.0077272561
  -0.0080530317
  -0.0079504874
  -0.0077971267
  -0.0078217023
  -0.0079838551
  -0.0088024768
  -0.0103628068
  -0.0114745633
  -0.0126621800
  -0.0131562579
  -0.0130141328
  -0.0129055046
  -0.0129536065
  -0.0129704002
  -0.0128872593
  -0.0127910718
  -0.0127317344
  -0.0127205462
  -0.0127005679
  -0.0126268658
  -0.0125769591
  -0.0125368423
  -0.0125541123
  -0.0125403924
  -0.0124588920
  -0.0115055574
  -0.0101004771
  -0.0093437676
  -0.0083400232
  -0.0079397899
  -0.0073589428
  -0.0070402427
  -0.0070213608
  -0.0070500183
  -0.0070444375
  -0.0069611939
  -0.0063977196
  -0.0048891401
  -0.0041042167
  -0.0045710334
  -0.0049421761
  -0.0042556534
  -0.0028087049
  -0.0022379312
  -0.0019793625
  -0.0028179651
  -0.0026423142
  -0.0016512303
  -0.0013219583
  -0.0015191051
  -0.0016245994
  -0.0015793858
  -0.0015314945
  -0.0015358561
  -0.0016099604
  -0.0016620280
  -0.0017197000
  -0.0017566058
  -0.0018173799
  -0.0010402821
   0.0011313478
   0.0026830387
   0.0026540794
   0.0022994594
   0.0023291456
   0.0024312115
   0.0033084561
   0.0043399196
   0.0048689750
   0.0049163172
   0.0047275068
   0.0051846034
   0.0054518486
   0.0051520160
   0.0043603989
   0.0036520110
   0.0033479096
   0.0027531927
   0.0018617242
   0.0012081386
   0.0011352655
   0.0012711317
   0.0013139783
   0.0012303090
   0.0011742689
   0.0012257321
   0.0012594445
   0.0012569077
   0.0012241510
   0.0006574674
   0.0008241275
   0.0012886294
   0.0013497706
   0.0006971329
   0.0002125223
  -0.0017254734
  -0.0026749180
  -0.0004963407
   0.0015960990
   0.0017071902
   0.0012727989
   0.0013331975
   0.0015372121
   0.0015433290
   0.0010656358
   0.0002874079
   0.0009312806
   0.0020778173
   0.0032788705
   0.0039833223
   0.0044527816
   0.0047889509
   0.0045647217
   0.0043250149
   0.0046494046
   0.0052558662
   0.0053764670
   0.0052025428
   0.0050876255
   0.0050419608
   0.0049647045
   0.0053324203
   0.0066342540
   0.0071427275
   0.0073491220
   0.0071081689
   0.0075813795
   0.0079089026
   0.0077706416
   0.0078775923
   0.0077458258
   0.0067799909
   0.0066817769
   0.0068958507
   0.0067715191
   0.0065305476
   0.0063988940
   0.0062914465
   0.0057546338
   0.0048433707
   0.0035299770
   0.0029684636
   0.0025498370
   0.0020892006
   0.0019305099
   0.0019595429
   0.0024731967
   0.0033632106
   0.0037641030
   0.0041492038
   0.0047169038
   0.0051178085
   0.0050931570
   0.0049493604
   0.0048871998
   0.0053730052
   0.0066015208
   0.0073509043
   0.0077072428
   0.0077174763
   0.0075454022
   0.0073872635
   0.0072690076
   0.0070907264
   0.0068635199
   0.0066967535
   0.0065811955
   0.0064127125
   0.0065278783
   0.0063468601
   0.0059788343
   0.0060015599
   0.0056058088
   0.0051735774
   0.0049734843
   0.0048540333
   0.0046816533
   0.0044751930
   0.0037582820
   0.0026280666
   0.0021384791
   0.0031997273
   0.0028478813
   0.0010586174
   0.0001646542
  -0.0009613898
  -0.0021569749
  -0.0024785845
  -0.0023523331
  -0.0023346566
  -0.0027311796
  -0.0027354525
  -0.0030592386
  -0.0045951059
  -0.0060585812
  -0.0063824925
  -0.0061417797
  -0.0058619828
  -0.0056579865
  -0.0058171661
  -0.0056565266
  -0.0048359646
  -0.0047081363
  -0.0051205455
  -0.0051724440
  -0.0051870098
  -0.0049752830
  -0.0048725620
  -0.0048347141
  -0.0055507422
  -0.0060356893
  -0.0050395831
  -0.0046835423
  -0.0055667577
  -0.0060356462
  -0.0058142135
  -0.0055661931
  -0.0055105926
  -0.0054631724
  -0.0053415429
  -0.0052103617
  -0.0052925848
  -0.0053183759
  -0.0051979168
  -0.0055070364
  -0.0054318744
  -0.0053941333
  -0.0054248584
  -0.0051432526
  -0.0044206459
  -0.0040852342
  -0.0042823131
  -0.0040943548
  -0.0040531888
  -0.0046152218
  -0.0042203290
  -0.0035117687
  -0.0033402304
  -0.0037964420
  -0.0039031606
  -0.0033197737
  -0.0027731793
  -0.0025280211
  -0.0025024517
  -0.0026072074
  -0.0025218654
  -0.0018435100
  -0.0011579186
  -0.0010046158
  -0.0010546248
  -0.0010313953
  -0.0009670757
  -0.0009360350
  -0.0009169749
  -0.0008902537
  -0.0008516208
  -0.0008192044
  -0.0007747273
  -0.0007211496
  -0.0006887646
  -0.0006749453
  -0.0005159352
  -0.0002750719
  -0.0000354782
   0.0000667103
   0.0002220651
   0.0005484025
   0.0006980936
   0.0006999227
   0.0009174851
   0.0012748154
   0.0015884469
   0.0016442089
   0.0015787858
   0.0015480704
   0.0015463926
   0.0016245969
   0.0017349032
   0.0018470924
   0.0018709752
   0.0019352028
   0.0021166200
   0.0021652927
   0.0021015018
   0.0020381135
   0.0019924346
   0.0019363576
   0.0018799241
   0.0018318171
   0.0018006012
   0.0018376050
   0.0018136321
   0.0017925068
   0.0016932927
   0.0015550008
   0.0014848217
   0.0014612296
   0.0014277887
   0.0013697095
   0.0012091008
   0.0010494401
   0.0008943647
   0.0007742832
   0.0007357097
   0.0007304960
   0.0007151961
   0.0006932113
   0.0006719091
   0.0007083608
   0.0008679504
   0.0008873403
   0.0008631495
   0.0008885484
   0.0009356806
   0.0009252167
   0.0008830042
   0.0008482159
   0.0008238824
   0.0008439884
   0.0009080220
   0.0009097016
   0.0008597487
   0.0008731060
   0.0008740723
   0.0008066694
   0.0007645049
   0.0007892873
   0.0007521857
   0.0006817087
   0.0006292763
   0.0005767643
   0.0005777318
   0.0006032139
   0.0005522571
   0.0004665303
   0.0004286627
   0.0004366604
   0.0004423619
   0.0004421775
   0.0004242726
   0.0003979967
   0.0003794604
   0.0003935988
   0.0004117101
   0.0003874431
   0.0003596466
   0.0003629008
   0.0003525211
   0.0003232672
   0.0002928421
   0.0002675029
   0.0002447194
   0.0002218351
   0.0001993482
   0.0001780668
   0.0001577664
   0.0001380881
   0.0001159988
   0.0000805328
   0.0000545119
   0.0000166885
  -0.0000116083
  -0.0000235003
  -0.0000316064
  -0.0000502264
  -0.0000762999
  -0.0001017679
  -0.0001155806
  -0.0001191629
  -0.0001285719
  -0.0001442172
  -0.0001567637
  -0.0001668440
  -0.0001699019
  -0.0001692076
  -0.0001700726
  -0.0001779865
  -0.0001838818
  -0.0001894603
  -0.0001913563
  -0.0001927680
  -0.0001948823
  -0.0001908726
  -0.0001916503
  -0.0001950111
  -0.0001933866
  -0.0001904476
  -0.0001881985
  -0.0001842404
  -0.0001805233
  -0.0001768246
  -0.0001737883
  -0.0001711547
  -0.0001696428
  -0.0001662028
  -0.0001617130
  -0.0001574074
  -0.0001528145
  -0.0001498508
  -0.0001470380
  -0.0001437453
  -0.0001404654
  -0.0001374631
  -0.0001345594
  -0.0001318258
  -0.0001292960
  -0.0001267742
  -0.0001243454
  -0.0001221165
  -0.0001196638
  -0.0001172329
  -0.0001151194
  -0.0001130065
  -0.0001114928
  -0.0001099569
  -0.0001081906
  -0.0001065793
  -0.0001051930
  -0.0001036206
  -0.0001018999
  -0.0001005518
  -0.0000994449
  -0.0000983311
  -0.0000971915
  -0.0000960839
  -0.0000950117
  -0.0000939528
  -0.0000929024
  -0.0000918650
  -0.0000908233
  -0.0000896985
  -0.0000886196
  -0.0000875717
  -0.0000865846
  -0.0000856578
  -0.0000847388
  -0.0000838062
  -0.0000828667
  -0.0000819302
  -0.0000809944
  -0.0000800516
  -0.0000791020
  -0.0000781511
  -0.0000771988
  -0.0000762415
  -0.0000752795
  -0.0000743136
  -0.0000733454
  -0.0000723740
  -0.0000713989
  -0.0000704176
  -0.0000694329
  -0.0000684484
  -0.0000674646
  -0.0000664774
  -0.0000654884
  -0.0000644969
  -0.0000635039
  -0.0000625095
  -0.0000615137
  -0.0000605170
  -0.0000595193
  -0.0000585208
  -0.0000575224
  -0.0000565244
  -0.0000555272
  -0.0000545308
  -0.0000535358
  -0.0000525423
  -0.0000515508
  -0.0000505616
  -0.0000495749
  -0.0000485912
  -0.0000476107
  -0.0000466337
  -0.0000456605
  -0.0000446915
  -0.0000437270
  -0.0000427671
  -0.0000418124
