     0.000    0.0008946251
     0.020   -0.0005068115
     0.040    0.0000575149
     0.060    0.0006711751
     0.080    0.0006885047
     0.100    0.0022863929
     0.120    0.0024325483
     0.140    0.0017178022
     0.160    0.0021586565
     0.180    0.0023102469
     0.200    0.0003904879
     0.220   -0.0003435135
     0.240   -0.0003468749
     0.260   -0.0004229062
     0.280    0.0011515341
     0.300    0.0020432818
     0.320    0.0023784554
     0.340    0.0002968279
     0.360   -0.0038725988
     0.380   -0.0021844565
     0.400    0.0002713399
     0.420    0.0017305227
     0.440    0.0000052369
     0.460   -0.0026960997
     0.480   -0.0056537968
     0.500   -0.0042837772
     0.520   -0.0021584428
     0.540    0.0014076275
     0.560    0.0052218031
     0.580    0.0011714755
     0.600   -0.0038425640
     0.620   -0.0036830820
     0.640   -0.0011630327
     0.660   -0.0018877671
     0.680    0.0022498413
     0.700   -0.0024119656
     0.720   -0.0032066558
     0.740   -0.0035188248
     0.760   -0.0067015407
     0.780    0.0001996044
     0.800   -0.0029420131
     0.820   -0.0070720174
     0.840   -0.0019173583
     0.860   -0.0044174647
     0.880   -0.0024075332
     0.900   -0.0014325956
     0.920    0.0009309856
     0.940    0.0020388669
     0.960   -0.0019527757
     0.980    0.0043615171
     1.000    0.0023191788
     1.020    0.0034448292
     1.040    0.0039165785
     1.060    0.0016164812
     1.080    0.0021690843
     1.100   -0.0033949980
     1.120   -0.0040720609
     1.140   -0.0065586417
     1.160   -0.0101117455
     1.180   -0.0115935259
     1.200    0.0004219377
     1.220    0.0144059075
     1.240    0.0073900246
     1.260   -0.0024031869
     1.280   -0.0114164084
     1.300   -0.0103416510
     1.320    0.0055874779
     1.340    0.0214192692
     1.360    0.0173245667
     1.380   -0.0147763426
     1.400   -0.0113396980
     1.420   -0.0041497094
     1.440   -0.0045336055
     1.460    0.0095777119
     1.480   -0.0102186251
     1.500   -0.0168165641
     1.520   -0.0130975851
     1.540   -0.0044518391
     1.560   -0.0082628941
     1.580   -0.0080807139
     1.600    0.0134549770
     1.620    0.0134602990
     1.640    0.0181552399
     1.660   -0.0035658539
     1.680   -0.0045352303
     1.700    0.0057787378
     1.720    0.0179488080
     1.740    0.0066076491
     1.760   -0.0036053233
     1.780    0.0142194200
     1.800    0.0201274573
     1.820    0.0440236268
     1.840    0.0245190669
     1.860    0.0142361388
     1.880    0.0104632966
     1.900    0.0110250292
     1.920    0.0099993222
     1.940   -0.0133586945
     1.960   -0.0402699265
     1.980   -0.0494480275
     2.000   -0.0269241730
     2.020   -0.0053146760
     2.040   -0.0067283889
     2.060   -0.0134883743
     2.080   -0.0263691589
     2.100   -0.0194112085
     2.120    0.0154460231
     2.140    0.0404304622
     2.160    0.0412346999
     2.180    0.0250583836
     2.200    0.0171427158
     2.220    0.0130242601
     2.240    0.0131142609
     2.260   -0.0073130602
     2.280    0.0018902453
     2.300    0.0047534219
     2.320   -0.0068813797
     2.340   -0.0256651133
     2.360   -0.0253791325
     2.380   -0.0343435577
     2.400   -0.0211539183
     2.420    0.0171302573
     2.440    0.0195547029
     2.460    0.0040060968
     2.480   -0.0273441463
     2.500    0.0232226855
     2.520    0.0270083450
     2.540    0.0258246948
     2.560    0.0274498889
     2.580   -0.0118251906
     2.600   -0.0081903620
     2.620    0.0031800898
     2.640    0.0088108404
     2.660    0.0072378335
     2.680   -0.0027438895
     2.700   -0.0183446707
     2.720    0.0005228354
     2.740    0.0072200556
     2.760    0.0010903515
     2.780   -0.0119661986
     2.800   -0.0017253888
     2.820   -0.0200048480
     2.840    0.0099348740
     2.860   -0.0060772294
     2.880   -0.0271888520
     2.900    0.0192187001
     2.920   -0.0273082492
     2.940   -0.0283604470
     2.960    0.0044689544
     2.980    0.0055812957
     3.000    0.0166500209
     3.020    0.0186876487
     3.040    0.0128909637
     3.060   -0.0032706362
     3.080   -0.0329144201
     3.100   -0.0119263624
     3.120    0.0127602101
     3.140    0.0127662283
     3.160   -0.0312357231
     3.180   -0.0713787800
     3.200   -0.0467278843
     3.220   -0.0288886760
     3.240    0.0027164661
     3.260    0.0246366498
     3.280    0.0224218481
     3.300    0.0125811049
     3.320    0.0212411680
     3.340    0.0419275503
     3.360    0.0406476592
     3.380    0.0542550410
     3.400    0.0380439700
     3.420   -0.0228961173
     3.440   -0.0353113549
     3.460   -0.0064534421
     3.480    0.0040777512
     3.500   -0.0106665473
     3.520   -0.0587934780
     3.540   -0.0614840138
     3.560   -0.0212577793
     3.580    0.0101073589
     3.600    0.0322001470
     3.620    0.0378223380
     3.640    0.0737701509
     3.660    0.1019124332
     3.680    0.0676926137
     3.700    0.0305570111
     3.720    0.0186913983
     3.740    0.0268866228
     3.760    0.0691087283
     3.780    0.0418321562
     3.800   -0.0367877326
     3.820   -0.0570675543
     3.840   -0.0374889559
     3.860   -0.0503511938
     3.880   -0.0514571499
     3.900   -0.0372111061
     3.920   -0.0815751842
     3.940   -0.1242435642
     3.960   -0.0544676819
     3.980   -0.0076725191
     4.000   -0.0130418068
     4.020    0.0623750442
     4.040    0.0979471537
     4.060    0.1040188581
     4.080    0.1555693996
     4.100    0.1652847341
     4.120    0.1395873256
     4.140    0.1482484598
     4.160    0.1109291248
     4.180    0.0010266431
     4.200   -0.0746693525
     4.220   -0.0697628996
     4.240   -0.0593648884
     4.260   -0.0627149982
     4.280   -0.0501661443
     4.300   -0.0923589112
     4.320   -0.1419692215
     4.340   -0.0826900104
     4.360   -0.0654570210
     4.380   -0.0809335788
     4.400   -0.1009297986
     4.420   -0.1158607635
     4.440   -0.0757910195
     4.460   -0.0193823000
     4.480    0.0427373385
     4.500    0.0987197143
     4.520    0.0638718365
     4.540    0.0195295574
     4.560    0.0552468547
     4.580    0.0679052950
     4.600    0.0432468327
     4.620   -0.0124610881
     4.640    0.0201416629
     4.660    0.0438257290
     4.680   -0.0127129269
     4.700   -0.0383625283
     4.720   -0.0519583654
     4.740   -0.0446462151
     4.760   -0.0234790051
     4.780   -0.0104038587
     4.800    0.0291517423
     4.820    0.0413015618
     4.840    0.0501024273
     4.860    0.0587154881
     4.880    0.0233617045
     4.900   -0.0286641948
     4.920   -0.0617396614
     4.940   -0.0512622760
     4.960   -0.0196315235
     4.980    0.0419945197
     5.000   -0.0280167970
     5.020   -0.1022351980
     5.040   -0.0681999845
     5.060   -0.0360236524
     5.080   -0.0529849742
     5.100   -0.0915849260
     5.120   -0.0519279382
     5.140   -0.0271322176
     5.160   -0.0484706075
     5.180   -0.0378438413
     5.200   -0.0349376272
     5.220   -0.0327291825
     5.240   -0.0036482251
     5.260   -0.0499852207
     5.280   -0.1172754670
     5.300   -0.0919451201
     5.320   -0.0180556258
     5.340   -0.0142158988
     5.360   -0.0642171530
     5.380   -0.1108913865
     5.400   -0.0785492369
     5.420    0.0037640285
     5.440    0.0006919844
     5.460    0.0601465341
     5.480    0.1478252476
     5.500    0.2100749408
     5.520    0.2405733688
     5.540    0.1832107083
     5.560    0.1336370343
     5.580    0.0993058007
     5.600    0.0682878525
     5.620    0.0336070286
     5.640   -0.0210509845
     5.660   -0.1198554353
     5.680   -0.1518302410
     5.700   -0.0122557959
     5.720    0.0459416692
     5.740   -0.0176980793
     5.760    0.0000062260
     5.780    0.0366733215
     5.800    0.0529629199
     5.820    0.0672099851
     5.840    0.0803069049
     5.860    0.0576195042
     5.880    0.0009408485
     5.900   -0.0119848259
     5.920    0.0503182668
     5.940    0.0252387427
     5.960   -0.0043055789
     5.980    0.0494147108
     6.000    0.0324861681
     6.020   -0.0366177623
     6.040   -0.0666816619
     6.060   -0.0476613703
     6.080   -0.1052365912
     6.100   -0.0521510083
     6.120    0.0582040048
     6.140    0.1382389330
     6.160    0.1554550288
     6.180    0.0570316841
     6.200    0.0706782825
     6.220    0.1668724856
     6.240    0.2014025173
     6.260    0.1380819588
     6.280    0.0904645627
     6.300    0.0258295330
     6.320   -0.0897800717
     6.340   -0.1228749047
     6.360   -0.0919722411
     6.380   -0.0966222132
     6.400   -0.1207394771
     6.420   -0.0576234958
     6.440   -0.0706575318
     6.460   -0.1018153726
     6.480   -0.0451752640
     6.500   -0.0656515454
     6.520   -0.0858495739
     6.540   -0.0160302415
     6.560    0.0247150294
     6.580   -0.0168940971
     6.600   -0.0484988575
     6.620   -0.0652985684
     6.640   -0.0851539146
     6.660   -0.0711536672
     6.680    0.0060229403
     6.700    0.0594744747
     6.720    0.0461086962
     6.740   -0.0475908663
     6.760   -0.1219629892
     6.780   -0.0745623332
     6.800   -0.0001219240
     6.820    0.0439064740
     6.840    0.0595722611
     6.860    0.0168349226
     6.880   -0.0018154487
     6.900    0.0495976368
     6.920    0.0732636267
     6.940    0.0426431002
     6.960    0.0000414758
     6.980   -0.0379048032
     7.000   -0.0903476787
     7.020   -0.0690669446
     7.040   -0.0154426901
     7.060   -0.0600128507
     7.080   -0.1491942027
     7.100   -0.1765055699
     7.120   -0.1574153253
     7.140   -0.1108331259
     7.160   -0.0776110336
     7.180   -0.0515036105
     7.200    0.0190819793
     7.220    0.0836701720
     7.240    0.1427790903
     7.260    0.1458605161
     7.280    0.1183299360
     7.300    0.1396189086
     7.320    0.1781158998
     7.340    0.0957586264
     7.360   -0.0382408060
     7.380   -0.0713384479
     7.400   -0.0292676317
     7.420    0.0600408319
     7.440    0.0533989803
     7.460    0.0159982822
     7.480    0.0456726089
     7.500    0.1124212402
     7.520    0.1096670546
     7.540   -0.0189970949
     7.560   -0.1274304503
     7.580   -0.1264052392
     7.600   -0.0135978800
     7.620    0.0378700081
     7.640   -0.0142521050
     7.660   -0.0726156510
     7.680   -0.1181577616
     7.700   -0.0726310662
     7.720    0.0262746249
     7.740    0.0729473263
     7.760    0.0942033316
     7.780    0.0622996885
     7.800    0.0025159611
     7.820   -0.0258536705
     7.840    0.0031695021
     7.860    0.0267216789
     7.880   -0.0373582560
     7.900   -0.0884536259
     7.920   -0.0256420778
     7.940    0.0829746202
     7.960    0.1302217022
     7.980    0.1178044890
     8.000    0.0717524137
     8.020    0.0327176648
     8.040    0.0016707838
     8.060   -0.0171619478
     8.080   -0.0270266632
     8.100   -0.0106179337
     8.120    0.0364235201
     8.140    0.1087240265
     8.160    0.1124936258
     8.180    0.0422668592
     8.200    0.0194422405
     8.220    0.0270789969
     8.240    0.0299767575
     8.260    0.0156362603
     8.280   -0.0226445284
     8.300    0.0059454557
     8.320    0.0410181346
     8.340    0.0176534062
     8.360   -0.0102295891
     8.380   -0.0164177313
     8.400   -0.0090455491
     8.420   -0.0450535014
     8.440   -0.0579080116
     8.460    0.0393554037
     8.480    0.0569444209
     8.500   -0.0522812781
     8.520   -0.1093329334
     8.540   -0.1284905640
     8.560   -0.1135486324
     8.580   -0.1263030850
     8.600   -0.1572854990
     8.620   -0.1228681177
     8.640   -0.0431774577
     8.660   -0.0155333401
     8.680   -0.0207166617
     8.700    0.0248881445
     8.720    0.0444141674
     8.740   -0.0178850641
     8.760   -0.0613380196
     8.780   -0.0664706203
     8.800   -0.0912034302
     8.820   -0.0416601968
     8.840    0.0219272449
     8.860    0.0755774915
     8.880    0.1852730112
     8.900    0.2875962922
     8.920    0.2979115693
     8.940    0.2353285746
     8.960    0.1783879168
     8.980    0.1079459826
     9.000    0.0831226840
     9.020    0.1188122555
     9.040    0.1472981475
     9.060    0.1479832970
     9.080    0.1111816276
     9.100    0.0892261193
     9.120    0.1010219941
     9.140    0.0853668512
     9.160   -0.0212282122
     9.180   -0.1136762278
     9.200   -0.1317495400
     9.220   -0.1503341475
     9.240   -0.1558505555
     9.260   -0.1553476466
     9.280   -0.1260146717
     9.300   -0.1550052062
     9.320   -0.2042130013
     9.340   -0.1862770818
     9.360   -0.0515638467
     9.380    0.1110542338
     9.400    0.0809847433
     9.420    0.0008646457
     9.440   -0.0845071216
     9.460   -0.0807402371
     9.480    0.0075675143
     9.500    0.0292635730
     9.520   -0.0414909657
     9.540   -0.1203882742
     9.560   -0.1591064270
     9.580   -0.2024099479
     9.600   -0.2179595364
     9.620   -0.1900193315
     9.640   -0.1382250902
     9.660   -0.1022229680
     9.680   -0.1012964437
     9.700   -0.1093338473
     9.720   -0.1237373894
     9.740   -0.2035887330
     9.760   -0.2078509599
     9.780   -0.1082460615
     9.800    0.0094346087
     9.820    0.0683324315
     9.840    0.0857377835
     9.860    0.1059821247
     9.880    0.0941516430
     9.900    0.1005779506
     9.920    0.0947860178
     9.940    0.1037744326
     9.960    0.1479303451
     9.980    0.1615082135
    10.000    0.1410784464
    10.020    0.1051171940
    10.040    0.0669186689
    10.060    0.0680837188
    10.080    0.0774587095
    10.100    0.0658215157
    10.120    0.0637705962
    10.140    0.0596661499
    10.160    0.0214511748
    10.180   -0.0014885606
    10.200    0.0468565683
    10.220    0.0946944943
    10.240    0.1296918067
    10.260    0.1492273985
    10.280    0.0939894273
    10.300    0.0477057075
    10.320    0.0434518535
    10.340    0.0075111098
    10.360   -0.0053625706
    10.380    0.0309781671
    10.400    0.0135094341
    10.420   -0.0418807402
    10.440   -0.1084829877
    10.460   -0.1115716440
    10.480   -0.0271954239
    10.500    0.0206068738
    10.520    0.0305562719
    10.540    0.0443563234
    10.560    0.0503069776
    10.580    0.0011829028
    10.600   -0.0566528359
    10.620   -0.0797090857
    10.640   -0.1087312167
    10.660   -0.1258188571
    10.680   -0.1402224799
    10.700   -0.1786264692
    10.720   -0.1932741279
    10.740   -0.1607976632
    10.760   -0.1047429287
    10.780   -0.0376598132
    10.800    0.0350341368
    10.820    0.0788898092
    10.840    0.1099569463
    10.860    0.1018853256
    10.880    0.0271937709
    10.900    0.0138567799
    10.920    0.0451624426
    10.940    0.0527663258
    10.960    0.0602331387
    10.980    0.0816399898
    11.000    0.0969041217
    11.020    0.1268663779
    11.040    0.1545104955
    11.060    0.1599607808
    11.080    0.1519194798
    11.100    0.1014190126
    11.120    0.0746670006
    11.140    0.0518026948
    11.160    0.0019808765
    11.180   -0.0392032946
    11.200   -0.0560647066
    11.220   -0.0447732459
    11.240   -0.0721435053
    11.260   -0.1241778715
    11.280   -0.1287867319
    11.300   -0.1117624188
    11.320   -0.0877221771
    11.340   -0.0663276635
    11.360   -0.0814960788
    11.380   -0.0954691245
    11.400   -0.0726832118
    11.420   -0.0471871415
    11.440   -0.0223038352
    11.460   -0.0041225480
    11.480    0.0010824034
    11.500    0.0026642332
    11.520    0.0128974133
    11.540    0.0121186639
    11.560   -0.0186471418
    11.580   -0.0329985384
    11.600   -0.0179249259
    11.620   -0.0094889140
    11.640   -0.0311249407
    11.660   -0.0559371920
    11.680   -0.0816692746
    11.700   -0.0541333859
    11.720   -0.0085847074
    11.740    0.0034442755
    11.760    0.0139571064
    11.780    0.0350802346
    11.800    0.0391391744
    11.820    0.0350484903
    11.840    0.0431157566
    11.860    0.0569816620
    11.880    0.0854360247
    11.900    0.1205567661
    11.920    0.1690280590
    11.940    0.1883622319
    11.960    0.1692855613
    11.980    0.1023708437
    12.000    0.0433904884
    12.020    0.0409009549
    12.040    0.0540334761
    12.060    0.0293638053
    12.080   -0.0171556312
    12.100   -0.0395442298
    12.120   -0.0428466694
    12.140   -0.0431606851
    12.160   -0.0611118854
    12.180   -0.0865177089
    12.200   -0.1042029400
    12.220   -0.1080866278
    12.240   -0.0606064095
    12.260    0.0429602204
    12.280    0.0950066822
    12.300    0.0948009492
    12.320    0.0686562850
    12.340    0.0117815577
    12.360   -0.0510343677
    12.380   -0.1206757064
    12.400   -0.1695132277
    12.420   -0.1858686531
    12.440   -0.1738684564
    12.460   -0.1447506760
    12.480   -0.0987303853
    12.500   -0.0502179404
    12.520    0.0019807044
    12.540    0.0717891037
    12.560    0.1125248190
    12.580    0.1008918184
    12.600    0.0699231665
    12.620    0.0602614290
    12.640    0.0610002428
    12.660    0.0531562347
    12.680    0.0365471104
    12.700    0.0218845742
    12.720    0.0219132811
    12.740    0.0355434430
    12.760    0.0248686706
    12.780   -0.0152653953
    12.800   -0.0434484936
    12.820   -0.0244446654
    12.840   -0.0055902357
    12.860   -0.0030789314
    12.880    0.0296881023
    12.900    0.0472018444
    12.920    0.0487494652
    12.940    0.0389218699
    12.960    0.0139067752
    12.980    0.0019242287
    13.000   -0.0268264001
    13.020   -0.0643531077
    13.040   -0.0708701324
    13.060   -0.0715336711
    13.080   -0.0793680699
    13.100   -0.0743960991
    13.120   -0.0381142321
    13.140   -0.0054417646
    13.160   -0.0053348972
    13.180    0.0032355159
    13.200    0.0176237585
    13.220    0.0173783250
    13.240    0.0274635166
    13.260    0.0487594105
    13.280    0.0727887528
    13.300    0.0876581644
    13.320    0.0721594178
    13.340    0.0380981987
    13.360    0.0071158680
    13.380    0.0008661732
    13.400    0.0144936008
    13.420    0.0045577363
    13.440   -0.0259722210
    13.460   -0.0321136096
    13.480    0.0058585151
    13.500    0.0271077979
    13.520    0.0084355940
    13.540    0.0133033906
    13.560    0.0371970214
    13.580    0.0553400044
    13.600    0.0758175223
    13.620    0.0955232591
    13.640    0.0703519024
    13.660    0.0483526752
    13.680    0.0667999840
    13.700    0.0636319401
    13.720    0.0250318942
    13.740   -0.0074199720
    13.760   -0.0243841202
    13.780   -0.0597846332
    13.800   -0.0998007803
    13.820   -0.1036679374
    13.840   -0.0848573569
    13.860   -0.0721099736
    13.880   -0.0658768195
    13.900   -0.0473842732
    13.920   -0.0191080520
    13.940   -0.0089022120
    13.960   -0.0039247376
    13.980   -0.0027472212
    14.000   -0.0197894923
    14.020   -0.0340050954
    14.040   -0.0392869694
    14.060   -0.0474146869
    14.080   -0.0392294480
    14.100   -0.0293142267
    14.120   -0.0276322236
    14.140   -0.0181680075
    14.160   -0.0212798336
    14.180   -0.0289688834
    14.200   -0.0220886810
    14.220   -0.0034247639
    14.240    0.0257767693
    14.260    0.0472687197
    14.280    0.0594773777
    14.300    0.0716572346
    14.320    0.0628482113
    14.340    0.0446818568
    14.360    0.0154459963
    14.380   -0.0295448767
    14.400   -0.0621187111
    14.420   -0.0711319891
    14.440   -0.0655280223
    14.460   -0.0521349749
    14.480   -0.0251637902
    14.500   -0.0006463886
    14.520    0.0047834768
    14.540   -0.0051427690
    14.560   -0.0128331816
    14.580   -0.0133787907
    14.600   -0.0140422998
    14.620   -0.0197888472
    14.640   -0.0196230028
    14.660   -0.0106440347
    14.680   -0.0182960598
    14.700   -0.0409285867
    14.720   -0.0589043814
    14.740   -0.0648538260
    14.760   -0.0496649556
    14.780   -0.0227253003
    14.800   -0.0048770149
    14.820    0.0041211449
    14.840    0.0099019524
    14.860    0.0208261405
    14.880    0.0346085189
    14.900    0.0461742545
    14.920    0.0527158871
    14.940    0.0487281232
    14.960    0.0424661144
    14.980    0.0446347780
    15.000    0.0573451622
    15.020    0.0691343575
    15.040    0.0776719283
    15.060    0.0834527197
    15.080    0.0756636257
    15.100    0.0447759339
    15.120   -0.0015898762
    15.140   -0.0338730919
    15.160   -0.0478542551
    15.180   -0.0563918259
    15.200   -0.0623179528
    15.220   -0.0510867014
    15.240   -0.0344502276
    15.260   -0.0269942469
    15.280   -0.0036667180
    15.300    0.0100416461
    15.320    0.0012504705
    15.340   -0.0142578034
    15.360   -0.0208378194
    15.380    0.0009776737
    15.400    0.0266136919
    15.420    0.0430143819
    15.440    0.0546390768
    15.460    0.0555547957
    15.480    0.0480220617
    15.500    0.0398436501
    15.520    0.0386852796
    15.540    0.0351361969
    15.560    0.0311744790
    15.580    0.0312347958
    15.600    0.0376379873
    15.620    0.0516109255
    15.640    0.0664063657
    15.660    0.0797980826
    15.680    0.0795732654
    15.700    0.0653110941
    15.720    0.0424222342
    15.740    0.0211893450
    15.760    0.0008269514
    15.780   -0.0236356299
    15.800   -0.0430631138
    15.820   -0.0488823154
    15.840   -0.0401569131
    15.860   -0.0326543240
    15.880   -0.0344281732
    15.900   -0.0427505227
    15.920   -0.0466779563
    15.940   -0.0450398065
    15.960   -0.0392836499
    15.980   -0.0361060236
    16.000   -0.0391821811
    16.020   -0.0369737497
    16.040   -0.0339990342
    16.060   -0.0149293118
    16.080    0.0044186877
    16.100    0.0157267356
    16.120    0.0282712619
    16.140    0.0418411876
    16.160    0.0414011759
    16.180    0.0150509534
    16.200    0.0034907039
    16.220    0.0116896901
    16.240    0.0295407373
    16.260    0.0404745441
    16.280    0.0350117734
    16.300    0.0245180321
    16.320    0.0163218131
    16.340    0.0157597835
    16.360    0.0216173954
    16.380    0.0197544284
    16.400   -0.0024681847
    16.420   -0.0313887058
    16.440   -0.0431066042
    16.460   -0.0428995944
    16.480   -0.0484267945
    16.500   -0.0560829038
    16.520   -0.0688069829
    16.540   -0.0826921741
    16.560   -0.0877807064
    16.580   -0.0819464121
    16.600   -0.0640144707
    16.620   -0.0283069171
    16.640   -0.0005639004
    16.660    0.0027905544
    16.680   -0.0018661603
    16.700   -0.0149960124
    16.720   -0.0258475421
    16.740   -0.0298421332
    16.760   -0.0356051306
    16.780   -0.0360437715
    16.800   -0.0377161788
    16.820   -0.0397052359
    16.840   -0.0407648658
    16.860   -0.0392514486
    16.880   -0.0339380723
    16.900   -0.0326412473
    16.920   -0.0392609907
    16.940   -0.0436997464
    16.960   -0.0307604057
    16.980   -0.0211165428
    17.000   -0.0114548671
    17.020    0.0106773111
    17.040    0.0295400385
    17.060    0.0336868463
    17.080    0.0146760968
    17.100   -0.0095246296
    17.120   -0.0134822055
    17.140   -0.0048541474
    17.160    0.0054106977
    17.180    0.0187338808
    17.200    0.0309535324
    17.220    0.0408276958
    17.240    0.0505167828
    17.260    0.0603649003
    17.280    0.0677496109
    17.300    0.0688051820
    17.320    0.0540577480
    17.340    0.0307905506
    17.360    0.0174345024
    17.380    0.0142144474
    17.400    0.0217389833
    17.420    0.0341738562
    17.440    0.0393186331
    17.460    0.0259529890
    17.480    0.0181227968
    17.500    0.0258324091
    17.520    0.0347565827
    17.540    0.0359135823
    17.560    0.0285439912
    17.580    0.0288867138
    17.600    0.0354420817
    17.620    0.0345894481
    17.640    0.0220778353
    17.660    0.0072673387
    17.680   -0.0075513842
    17.700   -0.0286115251
    17.720   -0.0441800903
    17.740   -0.0417550668
    17.760   -0.0320316954
    17.780   -0.0191238839
    17.800   -0.0064970817
    17.820   -0.0071975551
    17.840   -0.0129276336
    17.860   -0.0194473072
    17.880   -0.0183382869
    17.900   -0.0012329595
    17.920    0.0172966527
    17.940    0.0300975524
    17.960    0.0366433244
    17.980    0.0331230292
    18.000    0.0261989601
    18.020    0.0259220779
    18.040    0.0244539253
    18.060    0.0191652643
    18.080    0.0097339268
    18.100    0.0024630306
    18.120    0.0116312064
    18.140    0.0229803834
    18.160    0.0255041206
    18.180    0.0283266867
    18.200    0.0285693517
    18.220    0.0311479089
    18.240    0.0370493877
    18.260    0.0393784526
    18.280    0.0387602322
    18.300    0.0270217846
    18.320   -0.0018027819
    18.340   -0.0328193083
    18.360   -0.0499684616
    18.380   -0.0569021266
    18.400   -0.0591091467
    18.420   -0.0555888247
    18.440   -0.0478120414
    18.460   -0.0368220304
    18.480   -0.0194521320
    18.500   -0.0053516939
    18.520    0.0009788489
    18.540    0.0034340359
    18.560   -0.0022741065
    18.580   -0.0028772558
    18.600    0.0065280748
    18.620    0.0161705641
    18.640    0.0170725881
    18.660    0.0080250862
    18.680   -0.0122194110
    18.700   -0.0300663188
    18.720   -0.0357785683
    18.740   -0.0386134451
    18.760   -0.0489714601
    18.780   -0.0584466698
    18.800   -0.0562313843
    18.820   -0.0482393930
    18.840   -0.0373891939
    18.860   -0.0217712383
    18.880   -0.0084713580
    18.900    0.0017153467
    18.920    0.0162092163
    18.940    0.0278860165
    18.960    0.0349622888
    18.980    0.0407883716
    19.000    0.0439879312
    19.020    0.0441455909
    19.040    0.0375601050
    19.060    0.0212951413
    19.080    0.0010972525
    19.100   -0.0122752430
    19.120   -0.0140148159
    19.140   -0.0079392543
    19.160    0.0025106484
    19.180    0.0124684234
    19.200    0.0153663802
    19.220    0.0062188086
    19.240   -0.0020966705
    19.260    0.0065903363
    19.280    0.0087110340
    19.300   -0.0060583441
    19.320   -0.0112565420
    19.340   -0.0040555235
    19.360    0.0026478826
    19.380    0.0004751203
    19.400    0.0029316740
    19.420    0.0108743164
    19.440    0.0115940165
    19.460   -0.0001088020
    19.480   -0.0177213029
    19.500   -0.0225740378
    19.520   -0.0190989669
    19.540   -0.0196363214
    19.560   -0.0152934974
    19.580   -0.0039923065
    19.600   -0.0005473822
    19.620   -0.0008612920
    19.640    0.0001435429
    19.660    0.0034650921
    19.680    0.0099354506
    19.700    0.0150007028
    19.720    0.0184099871
    19.740    0.0107182306
    19.760   -0.0059154895
    19.780   -0.0128436900
    19.800   -0.0144996486
    19.820   -0.0165257317
    19.840   -0.0128477729
    19.860   -0.0011860555
    19.880    0.0101356935
    19.900    0.0140672571
    19.920    0.0112337525
    19.940    0.0080122944
    19.960    0.0066675117
    19.980    0.0074392995
    20.000    0.0001601649
    20.020   -0.0155825155
    20.040   -0.0264655744
    20.060   -0.0335678792
    20.080   -0.0365521772
    20.100   -0.0332909567
    20.120   -0.0257294216
    20.140   -0.0181048146
    20.160   -0.0083938023
    20.180    0.0012993895
    20.200    0.0030746294
    20.220    0.0040821984
    20.240    0.0070007150
    20.260    0.0056943117
    20.280    0.0053502358
    20.300    0.0067306723
    20.320    0.0091735086
    20.340    0.0105703939
    20.360    0.0094449410
    20.380    0.0035448627
    20.400   -0.0006101396
    20.420   -0.0030803842
    20.440   -0.0104445161
    20.460   -0.0157907886
    20.480   -0.0189971621
    20.500   -0.0275594080
    20.520   -0.0306684655
    20.540   -0.0230658053
    20.560   -0.0189478120
    20.580   -0.0189546662
    20.600   -0.0127324331
    20.620   -0.0045115229
    20.640    0.0002343124
    20.660    0.0023330632
    20.680   -0.0003990148
    20.700   -0.0006457662
    20.720   -0.0069927413
    20.740   -0.0119633965
    20.760   -0.0064526344
    20.780    0.0024468359
    20.800    0.0082989350
    20.820    0.0182621786
    20.840    0.0284255483
    20.860    0.0264679935
    20.880    0.0260279549
    20.900    0.0255906446
    20.920    0.0180990356
    20.940    0.0095641957
    20.960    0.0098040881
    20.980    0.0138973943
    21.000    0.0140632656
    21.020    0.0149035750
    21.040    0.0223293973
    21.060    0.0290780262
    21.080    0.0168172496
    21.100   -0.0054300561
    21.120   -0.0130149034
    21.140   -0.0172466709
    21.160   -0.0217663463
    21.180   -0.0198800750
    21.200   -0.0131574973
    21.220   -0.0082224920
    21.240   -0.0111451239
    21.260   -0.0150314660
    21.280   -0.0129902875
    21.300   -0.0032162301
    21.320    0.0040916908
    21.340    0.0068539173
    21.360    0.0111706725
    21.380    0.0141700564
    21.400    0.0152886457
    21.420    0.0194614591
    21.440    0.0262991790
    21.460    0.0320635337
    21.480    0.0326255633
    21.500    0.0332218773
    21.520    0.0315796015
    21.540    0.0290887779
    21.560    0.0291093270
    21.580    0.0285075297
    21.600    0.0245403149
    21.620    0.0174201623
    21.640    0.0135763229
    21.660    0.0156819280
    21.680    0.0199123031
    21.700    0.0249898821
    21.720    0.0315945463
    21.740    0.0315424411
    21.760    0.0257849136
    21.780    0.0182466693
    21.800    0.0097269033
    21.820    0.0049275880
    21.840   -0.0007627712
    21.860   -0.0074702898
    21.880   -0.0098116963
    21.900   -0.0083778186
    21.920   -0.0017470991
    21.940    0.0062640543
    21.960    0.0119708272
    21.980    0.0096595804
    22.000    0.0013783373
    22.020   -0.0021611805
    22.040   -0.0055526492
    22.060   -0.0100969916
    22.080   -0.0115829987
    22.100   -0.0166002811
    22.120   -0.0250885286
    22.140   -0.0353999755
    22.160   -0.0395029031
    22.180   -0.0362951722
    22.200   -0.0314095237
    22.220   -0.0253230358
    22.240   -0.0143714350
    22.260    0.0012313973
    22.280    0.0115044256
    22.300    0.0171303110
    22.320    0.0202297593
    22.340    0.0158828093
    22.360    0.0096646727
    22.380    0.0089435898
    22.400    0.0071093848
    22.420   -0.0021986177
    22.440   -0.0131132448
    22.460   -0.0218222011
    22.480   -0.0296483211
    22.500   -0.0345107057
    22.520   -0.0403230800
    22.540   -0.0414458087
    22.560   -0.0335114464
    22.580   -0.0206393169
    22.600   -0.0101209086
    22.620    0.0000616398
    22.640    0.0075546056
    22.660    0.0086868912
    22.680    0.0119192972
    22.700    0.0154560222
    22.720    0.0145073763
    22.740    0.0081082879
    22.760    0.0014130934
    22.780   -0.0046953830
    22.800   -0.0083336118
    22.820   -0.0124146221
    22.840   -0.0169068781
    22.860   -0.0138896935
    22.880   -0.0102707196
    22.900   -0.0099472317
    22.920   -0.0098348540
    22.940   -0.0100610716
    22.960   -0.0077759178
    22.980    0.0032400948
    23.000    0.0124178167
    23.020    0.0198833677
    23.040    0.0224070511
    23.060    0.0189703233
    23.080    0.0167824276
    23.100    0.0123299259
    23.120    0.0135458150
    23.140    0.0146356033
    23.160    0.0085463186
    23.180    0.0003788408
    23.200   -0.0035925060
    23.220   -0.0027165749
    23.240   -0.0007110744
    23.260    0.0033342309
    23.280    0.0025706413
    23.300   -0.0014349784
    23.320    0.0011024063
    23.340    0.0092835237
    23.360    0.0161513858
    23.380    0.0168367638
    23.400    0.0124692446
    23.420    0.0053079575
    23.440   -0.0017505154
    23.460   -0.0089200275
    23.480   -0.0164212928
    23.500   -0.0257114798
    23.520   -0.0285916480
    23.540   -0.0282078540
    23.560   -0.0286300986
    23.580   -0.0267671719
    23.600   -0.0253799255
    23.620   -0.0229946966
    23.640   -0.0243107401
    23.660   -0.0242778803
    23.680   -0.0216390600
    23.700   -0.0194128482
    23.720   -0.0172853634
    23.740   -0.0150975350
    23.760   -0.0143504693
    23.780   -0.0135609077
    23.800   -0.0152525605
    23.820   -0.0172759557
    23.840   -0.0172499501
    23.860   -0.0167674559
    23.880   -0.0127399741
    23.900   -0.0096501499
    23.920   -0.0114624349
    23.940   -0.0135159792
    23.960   -0.0156216381
    23.980   -0.0170130776
    24.000   -0.0197068120
    24.020   -0.0210296963
    24.040   -0.0215122845
    24.060   -0.0242786732
    24.080   -0.0199125988
    24.100   -0.0064249798
    24.120    0.0102758804
    24.140    0.0228039083
    24.160    0.0298458560
    24.180    0.0306628343
    24.200    0.0310041324
    24.220    0.0292658711
    24.240    0.0252122668
    24.260    0.0205719443
    24.280    0.0199838151
    24.300    0.0182866790
    24.320    0.0158588735
    24.340    0.0160493794
    24.360    0.0167882201
    24.380    0.0177724405
    24.400    0.0146551041
    24.420    0.0109675105
    24.440    0.0104163898
    24.460    0.0134321888
    24.480    0.0155171857
    24.500    0.0157543001
    24.520    0.0184835822
    24.540    0.0174046934
    24.560    0.0141968818
    24.580    0.0110082794
    24.600    0.0080499696
    24.620    0.0077593078
    24.640    0.0080964880
    24.660    0.0120732421
    24.680    0.0172426256
    24.700    0.0219130123
    24.720    0.0233386422
    24.740    0.0232111006
    24.760    0.0232905688
    24.780    0.0189203012
    24.800    0.0157700647
    24.820    0.0164211584
    24.840    0.0151517368
    24.860    0.0124209764
    24.880    0.0125251143
    24.900    0.0152982685
    24.920    0.0187773982
    24.940    0.0195272190
    24.960    0.0211516066
    24.980    0.0201426171
    25.000    0.0148415514
    25.020    0.0118229206
    25.040    0.0115925744
    25.060    0.0136528881
    25.080    0.0166632052
    25.100    0.0179476254
    25.120    0.0161408223
    25.140    0.0109055487
    25.160    0.0077004855
    25.180    0.0080527421
    25.200    0.0075016188
    25.220    0.0078593601
    25.240    0.0020359989
    25.260   -0.0057915256
    25.280   -0.0097615156
    25.300   -0.0104935894
    25.320   -0.0111255922
    25.340   -0.0171696621
    25.360   -0.0234824187
    25.380   -0.0250698879
    25.400   -0.0250548490
    25.420   -0.0256950835
    25.440   -0.0253880564
    25.460   -0.0175359577
    25.480   -0.0105049848
    25.500   -0.0071601904
    25.520   -0.0088477387
    25.540   -0.0134606619
    25.560   -0.0146560718
    25.580   -0.0188467598
    25.600   -0.0216666246
    25.620   -0.0237489793
    25.640   -0.0260575085
    25.660   -0.0263262328
    25.680   -0.0226318818
    25.700   -0.0214338243
    25.720   -0.0233900485
    25.740   -0.0274477654
    25.760   -0.0293025746
    25.780   -0.0289736141
    25.800   -0.0257467049
    25.820   -0.0228008307
    25.840   -0.0231929437
    25.860   -0.0225870742
    25.880   -0.0223129607
    25.900   -0.0176713480
    25.920   -0.0090433517
    25.940   -0.0043702179
    25.960   -0.0022536931
    25.980    0.0006400957
    26.000    0.0039012681
    26.020    0.0072172750
    26.040    0.0074379326
    26.060    0.0029812956
    26.080   -0.0014821956
    26.100   -0.0037098523
    26.120   -0.0033671901
    26.140   -0.0018195639
    26.160    0.0013758093
    26.180    0.0049865474
    26.200    0.0039432937
    26.220    0.0001528830
    26.240   -0.0062133293
    26.260   -0.0124465693
    26.280   -0.0147742997
    26.300   -0.0099736741
    26.320   -0.0073965468
    26.340   -0.0053814640
    26.360   -0.0001490271
    26.380    0.0035110608
    26.400    0.0040744276
    26.420    0.0077399992
    26.440    0.0103692169
    26.460    0.0086076474
    26.480    0.0055204762
    26.500    0.0009610283
    26.520    0.0001672681
    26.540   -0.0018808067
    26.560   -0.0044456892
    26.580   -0.0039330406
    26.600   -0.0001811061
    26.620    0.0065044184
    26.640    0.0098245405
    26.660    0.0040889155
    26.680    0.0069100517
    26.700    0.0105180494
    26.720    0.0128840692
    26.740    0.0139053102
    26.760    0.0109168312
    26.780    0.0085808785
    26.800    0.0124040976
    26.820    0.0167071122
    26.840    0.0144410655
    26.860    0.0159530580
    26.880    0.0192772966
    26.900    0.0217653248
    26.920    0.0246769416
    26.940    0.0239695496
    26.960    0.0199680236
    26.980    0.0208521729
    27.000    0.0222832861
    27.020    0.0226780467
    27.040    0.0212345019
    27.060    0.0182268460
    27.080    0.0135029025
    27.100    0.0118564887
    27.120    0.0142965363
    27.140    0.0163705718
    27.160    0.0164788276
    27.180    0.0131558765
    27.200    0.0091680696
    27.220    0.0106156328
    27.240    0.0116958105
    27.260    0.0094448564
    27.280    0.0060410286
    27.300    0.0018709031
    27.320   -0.0010325693
    27.340   -0.0032396566
    27.360   -0.0014603496
    27.380    0.0001667931
    27.400    0.0005437336
    27.420   -0.0013754774
    27.440   -0.0034125796
    27.460   -0.0054359722
    27.480   -0.0077911099
    27.500   -0.0103847719
    27.520   -0.0104190804
    27.540   -0.0080599095
    27.560   -0.0079228621
    27.580   -0.0042627672
    27.600   -0.0040325042
    27.620   -0.0023025460
    27.640    0.0000004227
    27.660   -0.0035034728
    27.680   -0.0011607498
    27.700   -0.0005041557
    27.720   -0.0009044764
    27.740    0.0008885418
    27.760   -0.0011759743
    27.780   -0.0021520456
    27.800    0.0022428205
    27.820    0.0041811486
    27.840    0.0026087640
    27.860   -0.0015284560
    27.880   -0.0031734936
    27.900   -0.0074423139
    27.920   -0.0150477548
    27.940   -0.0204913741
    27.960   -0.0217237966
    27.980   -0.0184667155
    28.000   -0.0178690576
    28.020   -0.0136907877
    28.040   -0.0097606340
    28.060   -0.0093357068
    28.080   -0.0133509210
    28.100   -0.0183983618
    28.120   -0.0223669743
    28.140   -0.0281080652
    28.160   -0.0294405587
    28.180   -0.0263726531
    28.200   -0.0251937739
    28.220   -0.0256955136
    28.240   -0.0240409540
    28.260   -0.0178681034
    28.280   -0.0120379713
    28.300   -0.0075060122
    28.320   -0.0015881412
    28.340    0.0058184598
    28.360    0.0134402875
    28.380    0.0152552484
    28.400    0.0126890058
    28.420    0.0134045570
    28.440    0.0152606376
    28.460    0.0151125604
    28.480    0.0121378180
    28.500    0.0052507076
    28.520   -0.0025068826
    28.540   -0.0082534568
    28.560   -0.0087264224
    28.580   -0.0045755544
    28.600   -0.0035776109
    28.620   -0.0031787243
    28.640   -0.0049265666
    28.660   -0.0068786622
    28.680   -0.0070500423
    28.700   -0.0038573879
    28.720    0.0061853374
    28.740    0.0116700307
    28.760    0.0119249821
    28.780    0.0114355706
    28.800    0.0089063541
    28.820    0.0070872296
    28.840    0.0046580855
    28.860    0.0029362918
    28.880    0.0025963015
    28.900    0.0035777990
    28.920    0.0042782751
    28.940    0.0016174596
    28.960    0.0001054058
    28.980    0.0009511913
    29.000    0.0027771256
    29.020    0.0061383970
    29.040    0.0056393922
    29.060   -0.0011421568
    29.080   -0.0032107683
    29.100    0.0029237057
    29.120    0.0078491030
    29.140    0.0066441188
    29.160    0.0000819059
    29.180   -0.0035631674
    29.200   -0.0028338984
    29.220   -0.0033589463
    29.240   -0.0057606696
    29.260   -0.0078429880
    29.280   -0.0072603985
    29.300   -0.0070643850
    29.320   -0.0116032427
    29.340   -0.0127081545
    29.360   -0.0105367627
    29.380   -0.0080912049
    29.400    0.0001913743
    29.420    0.0096789200
    29.440    0.0135282092
    29.460    0.0140765439
    29.480    0.0152458407
    29.500    0.0145110588
    29.520    0.0147125718
    29.540    0.0148400461
    29.560    0.0148290526
    29.580    0.0149099185
    29.600    0.0146590419
    29.620    0.0168948631
    29.640    0.0141504347
    29.660    0.0089453665
    29.680    0.0080735036
    29.700    0.0037964824
    29.720   -0.0026053356
    29.740   -0.0036005724
    29.760   -0.0034059243
    29.780   -0.0061722822
    29.800   -0.0091593460
    29.820   -0.0112635897
    29.840   -0.0097803525
    29.860   -0.0076994332
    29.880   -0.0056747141
    29.900   -0.0033114011
    29.920   -0.0038789356
    29.940   -0.0018240595
    29.960    0.0024364928
    29.980    0.0072385270
    30.000    0.0123860133
    30.020    0.0142476028
    30.040    0.0100651720
    30.060    0.0076072552
    30.080    0.0055030155
    30.100   -0.0001352416
    30.120    0.0016386148
    30.140    0.0033836845
    30.160    0.0037524356
    30.180    0.0050560959
    30.200    0.0035934091
    30.220    0.0037976597
    30.240    0.0030423234
    30.260   -0.0002134170
    30.280   -0.0031552360
    30.300   -0.0062588129
    30.320   -0.0075611117
    30.340   -0.0057036307
    30.360   -0.0030675145
    30.380   -0.0008344244
    30.400    0.0019634507
    30.420    0.0054535982
    30.440    0.0077675691
    30.460    0.0037208579
    30.480    0.0019264314
    30.500    0.0029394784
    30.520    0.0002019166
    30.540    0.0000730571
    30.560   -0.0001133772
    30.580   -0.0036076403
    30.600   -0.0078599756
    30.620   -0.0109196831
    30.640   -0.0131226163
    30.660   -0.0161549070
    30.680   -0.0167649293
    30.700   -0.0133625113
    30.720   -0.0105797116
    30.740   -0.0079093217
    30.760   -0.0066577465
    30.780   -0.0041011348
    30.800   -0.0011881055
    30.820    0.0000662118
    30.840    0.0021759304
    30.860    0.0053644992
    30.880    0.0079553832
    30.900    0.0107422968
    30.920    0.0112029020
    30.940    0.0112042728
    30.960    0.0107285979
    30.980    0.0112796755
    31.000    0.0094729155
    31.020    0.0069574342
    31.040    0.0080102408
    31.060    0.0055811209
    31.080    0.0039141876
    31.100    0.0037003411
    31.120    0.0067079594
    31.140    0.0106861315
    31.160    0.0113359148
    31.180    0.0094071503
    31.200    0.0025762752
    31.220   -0.0019132109
    31.240   -0.0008398401
    31.260   -0.0001804631
    31.280    0.0005172974
    31.300    0.0052206420
    31.320    0.0099212463
    31.340    0.0143408331
    31.360    0.0124586757
    31.380    0.0035605789
    31.400   -0.0013977319
    31.420   -0.0030619209
    31.440   -0.0055952217
    31.460   -0.0074321388
    31.480   -0.0047548895
    31.500    0.0007695884
    31.520    0.0045558453
    31.540    0.0074880690
    31.560    0.0099651762
    31.580    0.0135896684
    31.600    0.0142751002
    31.620    0.0119679861
    31.640    0.0106232007
    31.660    0.0065518211
    31.680    0.0020129876
    31.700   -0.0012400031
    31.720   -0.0071688670
    31.740   -0.0160162509
    31.760   -0.0197613632
    31.780   -0.0205824810
    31.800   -0.0199697170
    31.820   -0.0187633673
    31.840   -0.0190759180
    31.860   -0.0183342954
    31.880   -0.0149291371
    31.900   -0.0107850844
    31.920   -0.0100873245
    31.940   -0.0116336229
    31.960   -0.0136789072
    31.980   -0.0126877869
    32.000   -0.0073853853
    32.020    0.0005997424
    32.040    0.0053592913
    32.060    0.0067534363
    32.080    0.0038102553
    32.100    0.0007615182
    32.120   -0.0003378888
    32.140   -0.0000020299
    32.160   -0.0018389465
    32.180   -0.0068178226
    32.200   -0.0114690687
    32.220   -0.0150661401
    32.240   -0.0146041682
    32.260   -0.0122422112
    32.280   -0.0089275241
    32.300   -0.0095786702
    32.320   -0.0112373812
    32.340   -0.0111948826
    32.360   -0.0080296180
    32.380   -0.0077102117
    32.400   -0.0072934760
    32.420   -0.0089000953
    32.440   -0.0112264064
    32.460   -0.0116033838
    32.480   -0.0102983460
    32.500   -0.0080035667
    32.520   -0.0061995470
    32.540   -0.0040582988
    32.560   -0.0035949573
    32.580   -0.0005338807
    32.600   -0.0003817193
    32.620   -0.0015921703
    32.640   -0.0024640238
    32.660   -0.0050946607
    32.680   -0.0073044535
    32.700   -0.0081543749
    32.720   -0.0104601262
    32.740   -0.0112579558
    32.760   -0.0103833661
    32.780   -0.0076677440
    32.800   -0.0069617685
    32.820   -0.0068260610
    32.840   -0.0068425178
    32.860   -0.0074621414
    32.880   -0.0077034153
    32.900   -0.0082517567
    32.920   -0.0073141125
    32.940   -0.0038719497
    32.960   -0.0008986139
    32.980    0.0001048294
    33.000   -0.0015292167
    33.020   -0.0020391787
    33.040   -0.0008753490
    33.060    0.0019321137
    33.080    0.0038265978
    33.100    0.0032220468
    33.120    0.0045298115
    33.140    0.0049931422
    33.160    0.0070959922
    33.180    0.0109740757
    33.200    0.0141119034
    33.220    0.0174005271
    33.240    0.0183121066
    33.260    0.0178144929
    33.280    0.0183230465
    33.300    0.0182613454
    33.320    0.0182366434
    33.340    0.0161159457
    33.360    0.0161652689
    33.380    0.0182571522
    33.400    0.0182968796
    33.420    0.0176978105
    33.440    0.0141815876
    33.460    0.0112959509
    33.480    0.0081525982
    33.500    0.0045459014
    33.520    0.0059084861
    33.540    0.0079318155
    33.560    0.0104486434
    33.580    0.0113766730
    33.600    0.0118989308
    33.620    0.0117796385
    33.640    0.0117782367
    33.660    0.0099248333
    33.680    0.0080810244
    33.700    0.0060658609
    33.720    0.0035942101
    33.740    0.0039259163
    33.760    0.0037435587
    33.780    0.0071157793
    33.800    0.0067113449
    33.820    0.0039833396
    33.840    0.0055830670
    33.860    0.0090772880
    33.880    0.0139683956
    33.900    0.0149114775
    33.920    0.0152705964
    33.940    0.0133376737
    33.960    0.0112854868
    33.980    0.0104780156
    34.000    0.0078363650
    34.020    0.0075045728
    34.040    0.0034317660
    34.060   -0.0013415387
    34.080   -0.0062615236
    34.100   -0.0122343128
    34.120   -0.0143002187
    34.140   -0.0145511490
    34.160   -0.0108458259
    34.180   -0.0073708127
    34.200   -0.0070377599
    34.220   -0.0068842867
    34.240   -0.0072764091
    34.260   -0.0074039601
    34.280   -0.0070270459
    34.300   -0.0082457855
    34.320   -0.0107969824
    34.340   -0.0135400898
    34.360   -0.0146176481
    34.380   -0.0168151664
    34.400   -0.0183944509
    34.420   -0.0183835514
    34.440   -0.0209498249
    34.460   -0.0215626695
    34.480   -0.0205826019
    34.500   -0.0196011635
    34.520   -0.0170898848
    34.540   -0.0121755092
    34.560   -0.0066332999
    34.580    0.0003386879
    34.600    0.0051968459
    34.620    0.0094614287
    34.640    0.0133956385
    34.660    0.0147280004
    34.680    0.0119930845
    34.700    0.0075459962
    34.720    0.0070565094
    34.740    0.0078377869
    34.760    0.0097020240
    34.780    0.0102776719
    34.800    0.0107779224
    34.820    0.0131096121
    34.840    0.0128956528
    34.860    0.0105171409
    34.880    0.0080221066
    34.900    0.0072598086
    34.920    0.0071609927
    34.940    0.0071786953
    34.960    0.0057501666
    34.980    0.0052551723
    35.000    0.0042611947
    35.020    0.0036674975
    35.040    0.0031327448
    35.060   -0.0002410131
    35.080   -0.0035503433
    35.100   -0.0076232321
    35.120   -0.0094712530
    35.140   -0.0125968991
    35.160   -0.0140158508
    35.180   -0.0110919986
    35.200   -0.0091496655
    35.220   -0.0069701803
    35.240   -0.0048578689
    35.260   -0.0026537127
    35.280   -0.0002973960
    35.300   -0.0010679600
    35.320   -0.0040661354
    35.340   -0.0064049414
    35.360   -0.0049520158
    35.380   -0.0032208117
    35.400   -0.0056350204
    35.420   -0.0073459912
    35.440   -0.0070623973
    35.460   -0.0074710787
    35.480   -0.0049955237
    35.500   -0.0012190449
    35.520    0.0052305617
    35.540    0.0106616352
    35.560    0.0118513373
    35.580    0.0139074068
    35.600    0.0140113888
    35.620    0.0137356625
    35.640    0.0124153586
    35.660    0.0117036982
    35.680    0.0087137018
    35.700    0.0071274408
    35.720    0.0046802917
    35.740    0.0034984236
    35.760    0.0027661858
    35.780   -0.0016316719
    35.800   -0.0063845777
    35.820   -0.0104424733
    35.840   -0.0084385319
    35.860   -0.0072118575
    35.880   -0.0047157924
    35.900   -0.0039305328
    35.920   -0.0015729276
    35.940    0.0000951447
    35.960   -0.0001861161
    35.980    0.0006937188
    36.000   -0.0026052428
    36.020   -0.0040877342
    36.040   -0.0041207982
    36.060   -0.0050158161
    36.080   -0.0064351979
    36.100   -0.0083697696
    36.120   -0.0080609846
    36.140   -0.0098123709
    36.160   -0.0118224852
    36.180   -0.0114173237
    36.200   -0.0112533434
    36.220   -0.0089820619
    36.240   -0.0091374422
    36.260   -0.0110722021
    36.280   -0.0094108206
    36.300   -0.0051299920
    36.320   -0.0020058109
    36.340    0.0008227138
    36.360    0.0008809086
    36.380    0.0009341011
    36.400    0.0037904212
    36.420    0.0054415335
    36.440    0.0054474429
    36.460    0.0048797431
    36.480    0.0053207292
    36.500    0.0027892602
    36.520    0.0017346016
    36.540    0.0016313588
    36.560    0.0014585662
    36.580    0.0014454088
    36.600    0.0018141666
    36.620    0.0040918803
    36.640    0.0044221672
    36.660    0.0046629184
    36.680    0.0044029150
    36.700    0.0036652719
    36.720    0.0028668039
    36.740    0.0011155115
    36.760    0.0007161928
    36.780    0.0010827738
    36.800    0.0015414588
    36.820    0.0009092503
    36.840    0.0004137990
    36.860    0.0009122124
    36.880    0.0011371528
    36.900    0.0026400379
    36.920    0.0035273603
    36.940    0.0053829840
    36.960    0.0069951900
    36.980    0.0059698432
    37.000    0.0050103865
    37.020    0.0049765981
    37.040    0.0052845606
    37.060    0.0031343388
    37.080    0.0012428360
    37.100    0.0013227643
    37.120    0.0025326530
    37.140    0.0013619477
    37.160    0.0005977091
    37.180    0.0008169140
    37.200    0.0011311556
    37.220    0.0017810112
    37.240    0.0031351975
    37.260    0.0036484858
    37.280    0.0043388069
    37.300    0.0053961117
    37.320    0.0060017299
    37.340    0.0061840230
    37.360    0.0047772811
    37.380    0.0043030509
    37.400    0.0037519880
    37.420    0.0033135689
    37.440    0.0013449453
    37.460   -0.0009463709
    37.480   -0.0026276856
    37.500   -0.0041027905
    37.520   -0.0045188905
    37.540   -0.0042509309
    37.560   -0.0052861478
    37.580   -0.0054288102
    37.600   -0.0052601382
    37.620   -0.0047613539
    37.640   -0.0046200085
    37.660   -0.0046790620
    37.680   -0.0042743910
    37.700   -0.0036805338
    37.720   -0.0027950150
    37.740   -0.0022871684
    37.760   -0.0010774856
    37.780   -0.0010057916
    37.800   -0.0012503554
    37.820   -0.0015231111
    37.840   -0.0026297566
    37.860   -0.0032918694
    37.880   -0.0036825605
    37.900   -0.0039136110
    37.920   -0.0036695671
    37.940   -0.0034088542
    37.960   -0.0033448670
    37.980   -0.0028659921
    38.000   -0.0026088258
    38.020   -0.0022325769
    38.040   -0.0016639054
    38.060   -0.0010604446
    38.080   -0.0004240586
    38.100   -0.0001874134
    38.120   -0.0002067005
    38.140   -0.0006292811
    38.160   -0.0010926416
    38.180   -0.0011274228
    38.200   -0.0015408473
    38.220   -0.0018237396
    38.240   -0.0017976897
    38.260   -0.0017205546
    38.280   -0.0013026545
    38.300   -0.0008319731
    38.320   -0.0003592959
    38.340    0.0001450203
    38.360    0.0007896598
    38.380    0.0010239962
    38.400    0.0012480641
    38.420    0.0014278487
    38.440    0.0016759742
    38.460    0.0018883732
    38.480    0.0020281166
    38.500    0.0021496748
    38.520    0.0021948143
    38.540    0.0023526729
    38.560    0.0023258448
    38.580    0.0021954393
    38.600    0.0020364800
    38.620    0.0018464471
    38.640    0.0015133983
    38.660    0.0012933663
    38.680    0.0011270061
    38.700    0.0010806990
    38.720    0.0011649272
    38.740    0.0011112436
    38.760    0.0010904178
    38.780    0.0010233286
    38.800    0.0008946882
    38.820    0.0007689234
    38.840    0.0005644826
    38.860    0.0004518916
    38.880    0.0003766860
    38.900    0.0003162427
    38.920    0.0003186529
    38.940    0.0002633669
    38.960    0.0001870527
    38.980    0.0001352337
    39.000    0.0000204864
    39.020   -0.0000007680
    39.040   -0.0000045151
    39.060   -0.0000743080
    39.080   -0.0001390891
    39.100   -0.0002043251
    39.120   -0.0002294407
    39.140   -0.0002434809
    39.160   -0.0002274464
    39.180   -0.0001890774
    39.200   -0.0001668490
    39.220   -0.0001505009
    39.240   -0.0001404962
    39.260   -0.0001344327
    39.280   -0.0001334171
    39.300   -0.0001396275
    39.320   -0.0001525378
    39.340   -0.0001512576
    39.360   -0.0001430812
    39.380   -0.0001422361
    39.400   -0.0001395766
    39.420   -0.0001330176
    39.440   -0.0001260075
    39.460   -0.0001208911
    39.480   -0.0001126050
    39.500   -0.0001061767
    39.520   -0.0000939747
    39.540   -0.0000836235
    39.560   -0.0000766103
    39.580   -0.0000694015
    39.600   -0.0000642944
    39.620   -0.0000581087
    39.640   -0.0000524855
    39.660   -0.0000474013
    39.680   -0.0000428312
    39.700   -0.0000389551
    39.720   -0.0000357836
    39.740   -0.0000335386
    39.760   -0.0000320979
    39.780   -0.0000311840
    39.800   -0.0000308042
    39.820   -0.0000308897
    39.840   -0.0000312956
    39.860   -0.0000318924
    39.880   -0.0000325904
    39.900   -0.0000333623
    39.920   -0.0000341910
    39.940   -0.0000350663
    39.960   -0.0000359837
    39.980   -0.0000369407
