   0.0001134382
   0.0001174498
   0.0001214604
   0.0001254835
   0.0001295225
   0.0001335674
   0.0001376206
   0.0001417156
   0.0001458183
   0.0001499285
   0.0001540396
   0.0001581566
   0.0001622005
   0.0001661643
   0.0001701219
   0.0001742917
   0.0001781905
   0.0001816565
   0.0001854668
   0.0001895571
   0.0001931302
   0.0001962839
   0.0002013951
   0.0002080280
   0.0002123232
   0.0002141687
   0.0002173486
   0.0002250104
   0.0002326272
   0.0002369896
   0.0002376775
   0.0002363975
   0.0002355862
   0.0002341700
   0.0002375732
   0.0002484299
   0.0002492308
   0.0002392143
   0.0002384516
   0.0002582394
   0.0002954814
   0.0003288405
   0.0003388567
   0.0003465216
   0.0003701849
   0.0003972380
   0.0003991643
   0.0003856179
   0.0003789434
   0.0003786801
   0.0003572320
   0.0003458493
   0.0003453490
   0.0003607376
   0.0003891962
   0.0003928693
   0.0004130717
   0.0004657050
   0.0005165243
   0.0005209749
   0.0005308659
   0.0006063460
   0.0006480854
   0.0006415644
   0.0006247572
   0.0005910906
   0.0005645080
   0.0005541051
   0.0005003210
   0.0004386686
   0.0003472650
   0.0002932537
   0.0003384370
   0.0005270974
   0.0005927065
   0.0004550541
   0.0002964090
   0.0001212558
  -0.0000387423
  -0.0000270546
   0.0001658234
   0.0002123435
   0.0000133838
   0.0000033934
   0.0002391834
   0.0003555630
   0.0001852464
   0.0000554550
   0.0001282621
   0.0003385446
   0.0004898535
   0.0006943732
   0.0009580835
   0.0009087378
   0.0005172149
   0.0004847860
   0.0006025154
   0.0003833305
   0.0003320608
   0.0006316558
   0.0009016646
   0.0011178320
   0.0011958363
   0.0014286720
   0.0017121525
   0.0013545158
   0.0004721790
  -0.0003182173
  -0.0011154999
  -0.0021528494
  -0.0029644393
  -0.0034883416
  -0.0035923486
  -0.0031209010
  -0.0020269409
  -0.0008723176
  -0.0004519318
  -0.0004754207
   0.0000016353
   0.0011350854
   0.0017108711
   0.0012554731
   0.0002853961
  -0.0005575735
  -0.0008557399
  -0.0010340780
  -0.0006227636
  -0.0000500675
   0.0000459533
   0.0003539306
   0.0016453043
   0.0030883460
   0.0044886592
   0.0050307882
   0.0048050910
   0.0052338479
   0.0065731278
   0.0078001295
   0.0087683020
   0.0091460122
   0.0083962345
   0.0069758924
   0.0065472826
   0.0070730561
   0.0074669702
   0.0065835644
   0.0054510488
   0.0055348398
   0.0059774973
   0.0052019345
   0.0042880499
   0.0030272681
   0.0004054857
  -0.0006435385
   0.0016572633
   0.0035213065
   0.0035259645
   0.0020685266
   0.0020598027
   0.0023640973
   0.0025578989
   0.0019162528
   0.0004265348
  -0.0002797849
  -0.0005882044
   0.0000603606
  -0.0004775931
  -0.0023288602
  -0.0038698366
  -0.0046739244
  -0.0046195028
  -0.0036376502
  -0.0019365886
  -0.0004564284
  -0.0014060586
  -0.0030297364
  -0.0025179704
  -0.0018651893
  -0.0016431063
  -0.0009452972
  -0.0009646849
  -0.0010624959
  -0.0010256663
  -0.0008640787
   0.0011354728
   0.0019280130
   0.0017486705
   0.0038055175
   0.0069978705
   0.0062546488
   0.0004402890
  -0.0060600185
  -0.0069209117
  -0.0038884887
  -0.0031927429
  -0.0022942224
  -0.0010094501
  -0.0004223136
  -0.0054152971
  -0.0111914723
  -0.0118712904
  -0.0123737136
  -0.0200443116
  -0.0267846851
  -0.0235456738
  -0.0181859567
  -0.0139343646
  -0.0089549060
  -0.0006207498
   0.0044499849
   0.0039886976
   0.0020844276
   0.0059713824
   0.0092671610
   0.0048940391
   0.0008463086
   0.0007237876
   0.0010931278
   0.0012630885
  -0.0006581769
  -0.0054747934
  -0.0107023014
  -0.0127518960
  -0.0111151684
  -0.0057763756
   0.0014875785
   0.0054129069
   0.0060137969
   0.0089441420
   0.0113220441
   0.0066418933
  -0.0037833501
  -0.0141697119
  -0.0155338325
  -0.0061984317
   0.0005370334
  -0.0022750133
  -0.0012959669
   0.0134130598
   0.0301651302
   0.0428706754
   0.0484482573
   0.0517003003
   0.0544637740
   0.0531392099
   0.0453019165
   0.0374996418
   0.0235479683
   0.0045587190
  -0.0087596275
  -0.0135188756
  -0.0161695720
  -0.0190065894
  -0.0194305345
  -0.0181028652
  -0.0147281407
  -0.0143848055
  -0.0163059914
  -0.0170658915
  -0.0127044804
  -0.0056077443
   0.0001919330
   0.0008063536
  -0.0009138919
   0.0016445088
   0.0092362367
   0.0141271125
   0.0174316569
   0.0222518760
   0.0233967105
   0.0191600036
   0.0075725967
  -0.0005231103
  -0.0061273895
  -0.0155010725
  -0.0249860091
  -0.0289515257
  -0.0249714403
  -0.0188326808
  -0.0168595393
  -0.0161938757
  -0.0193113215
  -0.0255729964
  -0.0341513417
  -0.0419782543
  -0.0484047512
  -0.0504725725
  -0.0460982588
  -0.0356205920
  -0.0237281188
  -0.0155825379
  -0.0113742536
  -0.0008787239
   0.0122431351
   0.0233646546
   0.0284334844
   0.0290327238
   0.0334366207
   0.0355902736
   0.0337766723
   0.0254267285
   0.0126110369
  -0.0034757353
  -0.0180898378
  -0.0228021938
  -0.0234986035
  -0.0220114228
  -0.0122852244
   0.0024198399
   0.0199934275
   0.0361836765
   0.0459747799
   0.0491597482
   0.0507382204
   0.0488443567
   0.0425592714
   0.0328240823
   0.0227854641
   0.0204165974
   0.0197642351
   0.0175424583
   0.0179880763
   0.0186426239
   0.0151757212
   0.0083593846
   0.0010102674
  -0.0016381337
  -0.0057503365
  -0.0152854622
  -0.0205783876
  -0.0223711201
  -0.0224674885
  -0.0206688014
  -0.0187632336
  -0.0124757915
  -0.0057713411
   0.0005874237
   0.0084598118
   0.0132644729
   0.0134802436
   0.0106550283
   0.0063456953
   0.0035964097
   0.0044793610
   0.0063407856
   0.0023613684
  -0.0001007988
   0.0062318220
   0.0140411829
   0.0208231757
   0.0237998939
   0.0195371323
   0.0138449064
   0.0075018798
   0.0056230684
   0.0062059812
   0.0035613107
  -0.0018498091
  -0.0063551963
  -0.0059495669
  -0.0049547583
  -0.0094267569
  -0.0203669184
  -0.0299429661
  -0.0278549845
  -0.0145720711
  -0.0056574634
  -0.0089677975
  -0.0102454760
  -0.0049953150
  -0.0055085713
  -0.0080865124
  -0.0104020312
  -0.0139334735
  -0.0201432395
  -0.0263438098
  -0.0305842636
  -0.0333085528
  -0.0396080733
  -0.0472689810
  -0.0531920499
  -0.0548296218
  -0.0536052578
  -0.0481998737
  -0.0385234500
  -0.0362020324
  -0.0375267969
  -0.0314948179
  -0.0183162256
  -0.0079815898
  -0.0014428951
   0.0064951487
   0.0127820696
   0.0170488477
   0.0155662003
   0.0106586906
   0.0105406204
   0.0085148171
   0.0041369369
   0.0079494158
   0.0157273043
   0.0225781807
   0.0274145102
   0.0318540051
   0.0390399097
   0.0441731411
   0.0437742125
   0.0366532440
   0.0257490480
   0.0189239857
   0.0125288475
   0.0026541381
  -0.0069120991
  -0.0125193555
  -0.0118832596
  -0.0075703267
  -0.0063856350
  -0.0046463795
   0.0016830092
   0.0060388380
   0.0051812819
   0.0047260182
   0.0070752904
   0.0114692676
   0.0131222170
   0.0134628501
   0.0142741556
   0.0175118191
   0.0226924372
   0.0285132345
   0.0342357476
   0.0389754191
   0.0372934723
   0.0318891129
   0.0275277419
   0.0231223524
   0.0238283411
   0.0277129269
   0.0268974045
   0.0275943043
   0.0313138431
   0.0327404561
   0.0303749754
   0.0262277489
   0.0164223195
   0.0049531076
  -0.0028187551
  -0.0140411072
  -0.0244137467
  -0.0253561118
  -0.0254031154
  -0.0255133843
  -0.0224316678
  -0.0121488986
   0.0023570334
   0.0084674905
   0.0093067264
   0.0083023010
   0.0092155395
   0.0117393530
   0.0159843468
   0.0211671503
   0.0225741932
   0.0201537140
   0.0193396774
   0.0202950587
   0.0146722710
   0.0049041571
  -0.0026722378
  -0.0072148620
  -0.0120596431
  -0.0134748705
  -0.0148631990
  -0.0208076891
  -0.0312885147
  -0.0453837383
  -0.0531493012
  -0.0523367638
  -0.0507659325
  -0.0457862756
  -0.0392774892
  -0.0294618594
  -0.0175109325
  -0.0066338782
   0.0033578277
   0.0130819098
   0.0244515500
   0.0319005185
   0.0364312804
   0.0377099993
   0.0348190147
   0.0313561240
   0.0317536937
   0.0307279029
   0.0249379586
   0.0203262459
   0.0196309656
   0.0155624846
   0.0115562999
   0.0135598868
   0.0138564323
   0.0075149561
  -0.0061787882
  -0.0189109183
  -0.0238223041
  -0.0275552980
  -0.0329629098
  -0.0392418690
  -0.0418914203
  -0.0457140996
  -0.0480893597
  -0.0519434712
  -0.0501473125
  -0.0440541620
  -0.0355558341
  -0.0221186354
  -0.0129823180
  -0.0133422938
  -0.0179253589
  -0.0181812742
  -0.0212253745
  -0.0299962071
  -0.0397282108
  -0.0486162448
  -0.0538634653
  -0.0580526831
  -0.0567872410
  -0.0522569469
  -0.0488632695
  -0.0460235432
  -0.0426196409
  -0.0429137360
  -0.0452727119
  -0.0476641002
  -0.0460709032
  -0.0475697145
  -0.0523823862
  -0.0604543186
  -0.0725367662
  -0.0826350188
  -0.0878169244
  -0.0863625326
  -0.0778691278
  -0.0695716452
  -0.0583122050
  -0.0462366631
  -0.0385065644
  -0.0286610840
  -0.0179259247
  -0.0107752838
  -0.0077977548
  -0.0075671590
  -0.0084910101
  -0.0037640251
   0.0043103733
   0.0041286567
  -0.0006355045
  -0.0084341626
  -0.0200124338
  -0.0322936106
  -0.0440484147
  -0.0561427134
  -0.0703264641
  -0.0843961587
  -0.0930165177
  -0.0966195279
  -0.1036080400
  -0.1105108764
  -0.1147239969
  -0.1172847093
  -0.1165478454
  -0.1154752070
  -0.1182565464
  -0.1240831356
  -0.1321259971
  -0.1399234823
  -0.1404940517
  -0.1347921667
  -0.1227687519
  -0.1020951276
  -0.0774981786
  -0.0537130095
  -0.0266291502
  -0.0039521083
   0.0143336384
   0.0308481072
   0.0400015441
   0.0419864075
   0.0416144559
   0.0431729015
   0.0470975183
   0.0519737896
   0.0546947818
   0.0532640923
   0.0465677595
   0.0317549858
   0.0119950968
  -0.0081579823
  -0.0281649405
  -0.0472375487
  -0.0631661106
  -0.0740364240
  -0.0784318113
  -0.0662788584
  -0.0360386116
   0.0047395155
   0.0481454521
   0.0851854617
   0.1099600217
   0.1276750966
   0.1396676583
   0.1466371908
   0.1507075854
   0.1496508970
   0.1486483183
   0.1494339679
   0.1456776727
   0.1457119340
   0.1527049683
   0.1553930803
   0.1567802415
   0.1610826019
   0.1712397313
   0.1837044892
   0.1924229095
   0.1969265163
   0.1993225827
   0.1982395857
   0.1955493128
   0.1889817831
   0.1764114789
   0.1612025834
   0.1438053282
   0.1221246921
   0.0978546292
   0.0701077974
   0.0469061627
   0.0281098506
   0.0108972547
   0.0040583096
   0.0052711856
   0.0101918675
   0.0189522903
   0.0296194437
   0.0367425062
   0.0420422103
   0.0464043387
   0.0493826920
   0.0513138021
   0.0475282132
   0.0460306049
   0.0446658317
   0.0358908735
   0.0324570983
   0.0331024947
   0.0282270253
   0.0233269403
   0.0219720757
   0.0254937810
   0.0284890867
   0.0322199643
   0.0364355575
   0.0392298842
   0.0399450953
   0.0463590727
   0.0616231027
   0.0770726072
   0.0922053169
   0.1039751353
   0.1119790351
   0.1210297549
   0.1284199355
   0.1349459640
   0.1401390971
   0.1449907305
   0.1509772209
   0.1529650916
   0.1521071546
   0.1505544118
   0.1415259241
   0.1324137433
   0.1222229095
   0.1064012082
   0.0850830786
   0.0603028826
   0.0362955939
   0.0179999787
   0.0078217600
  -0.0012032361
  -0.0146947949
  -0.0284144380
  -0.0406718011
  -0.0513175891
  -0.0645647219
  -0.0814200108
  -0.1029257759
  -0.1296641480
  -0.1561818486
  -0.1837642572
  -0.2064600136
  -0.2195359065
  -0.2240789874
  -0.2273585420
  -0.2292671973
  -0.2214167162
  -0.2111055666
  -0.1997698737
  -0.1866615906
  -0.1713683561
  -0.1561858584
  -0.1386690449
  -0.1165955841
  -0.0919222264
  -0.0676382184
  -0.0435207053
  -0.0270444743
  -0.0183015498
  -0.0103535886
  -0.0047957683
  -0.0109387470
  -0.0276647427
  -0.0469296422
  -0.0583196453
  -0.0640148697
  -0.0667437033
  -0.0652756782
  -0.0558892731
  -0.0431591791
  -0.0318942142
  -0.0240118553
  -0.0172309875
  -0.0089736941
   0.0033173267
   0.0153259565
   0.0224036439
   0.0258152094
   0.0258558418
   0.0257543944
   0.0259686503
   0.0257866063
   0.0254561781
   0.0243264894
   0.0198001360
   0.0186016818
   0.0207439826
   0.0269939956
   0.0326765669
   0.0359247784
   0.0398764390
   0.0427494687
   0.0416464450
   0.0340157889
   0.0212523002
   0.0116937151
   0.0055270208
  -0.0026748330
  -0.0123536736
  -0.0185905992
  -0.0147462381
  -0.0045494497
   0.0061240904
   0.0188155947
   0.0310787141
   0.0429207531
   0.0549169014
   0.0653247757
   0.0668783205
   0.0653323275
   0.0692378088
   0.0711210243
   0.0696200967
   0.0659429725
   0.0604438263
   0.0492453570
   0.0323338198
   0.0101391367
  -0.0084769737
  -0.0202165227
  -0.0285023190
  -0.0355593538
  -0.0403572561
  -0.0438725635
  -0.0422665798
  -0.0356999857
  -0.0218158614
  -0.0069309027
   0.0004848143
   0.0033567718
   0.0083772059
   0.0158294847
   0.0209302190
   0.0206733102
   0.0109521485
   0.0000547903
  -0.0032010097
   0.0012632879
   0.0068172477
   0.0155578221
   0.0240842764
   0.0340988582
   0.0432112171
   0.0535006248
   0.0622681426
   0.0641823894
   0.0667696777
   0.0607019003
   0.0451477404
   0.0248736016
  -0.0000005507
  -0.0312497312
  -0.0646790898
  -0.0983389884
  -0.1278654943
  -0.1523465830
  -0.1812303435
  -0.2019124551
  -0.2131518911
  -0.2265249533
  -0.2315017587
  -0.2322598299
  -0.2402531038
  -0.2463018571
  -0.2494377279
  -0.2495762880
  -0.2497685347
  -0.2515903115
  -0.2590518440
  -0.2689023144
  -0.2741909915
  -0.2720094484
  -0.2617568862
  -0.2466642966
  -0.2267517286
  -0.2091168716
  -0.1957141148
  -0.1836107717
  -0.1626876055
  -0.1383279908
  -0.1203755815
  -0.1065086481
  -0.0938688410
  -0.0769320644
  -0.0584273079
  -0.0334497639
  -0.0020806041
   0.0291488960
   0.0617750065
   0.0908647360
   0.1191198520
   0.1457570218
   0.1722294119
   0.1925356289
   0.2070183086
   0.2200222706
   0.2346913160
   0.2435275348
   0.2456538320
   0.2457471708
   0.2437026285
   0.2407656873
   0.2346229270
   0.2294222422
   0.2211113937
   0.2077517865
   0.1920581978
   0.1724950821
   0.1467856418
   0.1186839444
   0.0945313012
   0.0736470521
   0.0572048596
   0.0454763865
   0.0368200063
   0.0378479580
   0.0424921299
   0.0415160826
   0.0355616705
   0.0265995224
   0.0154721888
  -0.0013861678
  -0.0224397097
  -0.0402536702
  -0.0531337299
  -0.0607866848
  -0.0691403266
  -0.0759652173
  -0.0800064965
  -0.0829574051
  -0.0832893258
  -0.0789597657
  -0.0737765457
  -0.0671360602
  -0.0554527417
  -0.0405253773
  -0.0237928545
  -0.0059467066
   0.0165880036
   0.0400539386
   0.0603031945
   0.0793178613
   0.0966120875
   0.1106115664
   0.1188667681
   0.1268929667
   0.1376270367
   0.1447762964
   0.1431109233
   0.1392268276
   0.1344170295
   0.1279995992
   0.1235414811
   0.1221547655
   0.1182846371
   0.1078788122
   0.0966473958
   0.0933607127
   0.0941211007
   0.0937478347
   0.0932669730
   0.0934700461
   0.0935292126
   0.0906878824
   0.0843334279
   0.0763225556
   0.0681325129
   0.0565729183
   0.0438592422
   0.0318882664
   0.0198499397
   0.0063171412
  -0.0109452272
  -0.0281599951
  -0.0421054534
  -0.0492440650
  -0.0525525568
  -0.0536851415
  -0.0528232393
  -0.0542433252
  -0.0535462026
  -0.0474879595
  -0.0344984996
  -0.0184999091
  -0.0081259263
  -0.0061454826
  -0.0112515700
  -0.0256279527
  -0.0468925072
  -0.0709346809
  -0.0966900109
  -0.1184468995
  -0.1338632566
  -0.1449376009
  -0.1534398719
  -0.1574095987
  -0.1522368487
  -0.1471445394
  -0.1443406115
  -0.1400472508
  -0.1331265263
  -0.1249792546
  -0.1160171510
  -0.1067739173
  -0.0928604927
  -0.0746811298
  -0.0537373132
  -0.0295173280
  -0.0056557525
   0.0131084056
   0.0250682542
   0.0339896585
   0.0353324448
   0.0348728348
   0.0361409501
   0.0349890071
   0.0344508278
   0.0351982508
   0.0404302787
   0.0467816367
   0.0548307357
   0.0634526094
   0.0698131454
   0.0743149032
   0.0803346302
   0.0881391102
   0.0975546754
   0.1091251632
   0.1212916603
   0.1324554673
   0.1392981571
   0.1408030721
   0.1347953077
   0.1279681224
   0.1163274857
   0.1004378632
   0.0834262820
   0.0696579892
   0.0581645114
   0.0418375779
   0.0228277895
   0.0060877484
  -0.0052034716
  -0.0151852244
  -0.0294554883
  -0.0386434984
  -0.0380721270
  -0.0354229098
  -0.0355583068
  -0.0364718015
  -0.0408094257
  -0.0498951419
  -0.0639208849
  -0.0803133783
  -0.0972827009
  -0.1119478702
  -0.1259571063
  -0.1348175620
  -0.1441729582
  -0.1445465360
  -0.1327947393
  -0.1164971885
  -0.0944650730
  -0.0701437072
  -0.0490534890
  -0.0324322376
  -0.0204521263
  -0.0132518465
  -0.0121488050
  -0.0131939030
  -0.0170008773
  -0.0188677374
  -0.0195387318
  -0.0167482122
  -0.0063566064
   0.0070787522
   0.0164072027
   0.0233775527
   0.0274843249
   0.0259741972
   0.0205427183
   0.0147833241
   0.0077126338
   0.0007787512
  -0.0041460280
  -0.0090571131
  -0.0135383877
  -0.0133828193
  -0.0173754643
  -0.0251792137
  -0.0337572695
  -0.0402025455
  -0.0470158302
  -0.0542640869
  -0.0609794216
  -0.0592974525
  -0.0495419025
  -0.0430153617
  -0.0392322678
  -0.0340451494
  -0.0334653129
  -0.0388366361
  -0.0427439218
  -0.0481168044
  -0.0555862005
  -0.0627678503
  -0.0639257189
  -0.0597395753
  -0.0593104620
  -0.0533894870
  -0.0399646764
  -0.0249379809
  -0.0146512888
  -0.0057305728
   0.0042724163
   0.0149594760
   0.0323609304
   0.0527412170
   0.0734249103
   0.0955343254
   0.1157681214
   0.1343974930
   0.1507500000
   0.1579814379
   0.1568251064
   0.1467859982
   0.1327180634
   0.1164483360
   0.0996865641
   0.0851773753
   0.0755237183
   0.0664830007
   0.0576679892
   0.0469657747
   0.0371009360
   0.0276936132
   0.0162440670
   0.0046833875
  -0.0091737777
  -0.0266276354
  -0.0466272602
  -0.0685561907
  -0.0904142595
  -0.1133040670
  -0.1373401369
  -0.1612022715
  -0.1717807843
  -0.1729210989
  -0.1698581170
  -0.1611065714
  -0.1486825351
  -0.1303847278
  -0.1098580619
  -0.0884847756
  -0.0648493940
  -0.0369480074
  -0.0056751643
   0.0283973518
   0.0576938746
   0.0782670316
   0.0968089677
   0.1155926712
   0.1313070886
   0.1438092711
   0.1498184390
   0.1501566639
   0.1490251931
   0.1486051909
   0.1447494977
   0.1371523678
   0.1285451966
   0.1206498727
   0.1128521425
   0.1022405936
   0.0894771516
   0.0751639742
   0.0547589383
   0.0295437480
   0.0035536988
  -0.0190709798
  -0.0332034520
  -0.0440497735
  -0.0511465051
  -0.0521223297
  -0.0520152686
  -0.0506429659
  -0.0475159389
  -0.0437842593
  -0.0392883379
  -0.0343175917
  -0.0285596366
  -0.0227529626
  -0.0191017014
  -0.0172564228
  -0.0203986625
  -0.0267469932
  -0.0308411792
  -0.0369589229
  -0.0532229029
  -0.0684358527
  -0.0781543345
  -0.0856433563
  -0.0931657929
  -0.1021145751
  -0.1085421635
  -0.1140372107
  -0.1140394606
  -0.1082389350
  -0.1054044660
  -0.0978504412
  -0.0804138679
  -0.0546116235
  -0.0271687775
  -0.0057429229
   0.0157291154
   0.0355759943
   0.0510700075
   0.0587808146
   0.0637514717
   0.0643312859
   0.0640462128
   0.0643887149
   0.0652351349
   0.0694959718
   0.0737005381
   0.0738183142
   0.0700610612
   0.0702834258
   0.0702260414
   0.0655030996
   0.0637747284
   0.0628975222
   0.0594737937
   0.0574323701
   0.0566009868
   0.0632524991
   0.0731716258
   0.0795436565
   0.0827189568
   0.0837569552
   0.0837249215
   0.0857231286
   0.0909914005
   0.0981842332
   0.1001613444
   0.1003051841
   0.1025216123
   0.0979592399
   0.0869150358
   0.0737140822
   0.0556351421
   0.0322365826
   0.0086779550
  -0.0142939193
  -0.0301377301
  -0.0404240858
  -0.0455419687
  -0.0478505327
  -0.0495116064
  -0.0492260432
  -0.0430207971
  -0.0340832646
  -0.0224349202
  -0.0097802524
   0.0059253456
   0.0175684617
   0.0235152663
   0.0279952600
   0.0254028481
   0.0183732201
   0.0124401468
   0.0044752064
  -0.0028430455
  -0.0097880114
  -0.0181008291
  -0.0253697005
  -0.0297464646
  -0.0318150656
  -0.0303723245
  -0.0303918387
  -0.0297724837
  -0.0288602364
  -0.0286544233
  -0.0263651730
  -0.0253678293
  -0.0220974638
  -0.0226131995
  -0.0271554338
  -0.0305142930
  -0.0321254895
  -0.0315586402
  -0.0308213976
  -0.0311185000
  -0.0306710531
  -0.0317485256
  -0.0321818269
  -0.0281835637
  -0.0232711821
  -0.0214117602
  -0.0209413929
  -0.0208582947
  -0.0216091973
  -0.0254516337
  -0.0297139186
  -0.0376423009
  -0.0460629059
  -0.0523584612
  -0.0566562103
  -0.0589514085
  -0.0630177488
  -0.0647701563
  -0.0613542915
  -0.0582226978
  -0.0547336099
  -0.0514170094
  -0.0515773560
  -0.0541062130
  -0.0606929005
  -0.0671511192
  -0.0753798563
  -0.0847046222
  -0.0920039145
  -0.1007802762
  -0.1114920919
  -0.1205420988
  -0.1294294645
  -0.1380020180
  -0.1429469233
  -0.1458741074
  -0.1473158906
  -0.1455705447
  -0.1383370128
  -0.1255980751
  -0.1104221489
  -0.0995059458
  -0.0909608816
  -0.0782188920
  -0.0607643192
  -0.0433600691
  -0.0256881662
  -0.0061016200
   0.0096492551
   0.0249015587
   0.0419937365
   0.0552550372
   0.0685564357
   0.0808547432
   0.0859371618
   0.0864871254
   0.0878398247
   0.0893103893
   0.0890621839
   0.0890278335
   0.0869293150
   0.0806527617
   0.0744893732
   0.0710963641
   0.0689355827
   0.0627359726
   0.0544405172
   0.0471865800
   0.0412156610
   0.0347213097
   0.0283613084
   0.0230537184
   0.0171069494
   0.0089145164
   0.0005232690
  -0.0082977187
  -0.0197386371
  -0.0272352730
  -0.0317743664
  -0.0333320100
  -0.0346161198
  -0.0339345017
  -0.0309625864
  -0.0262886530
  -0.0194301402
  -0.0131868369
  -0.0065133576
  -0.0002635216
   0.0041361350
   0.0077028722
   0.0105466528
   0.0152469661
   0.0142057554
   0.0099342369
   0.0127422302
   0.0105989203
   0.0088573726
   0.0102849635
   0.0130483123
   0.0187545569
   0.0249293153
   0.0278339109
   0.0339794558
   0.0462061887
   0.0506182389
   0.0497633092
   0.0510184372
   0.0516005014
   0.0523527138
   0.0534920929
   0.0566380104
   0.0588684060
   0.0587154552
   0.0631709892
   0.0700358887
   0.0733502838
   0.0736465843
   0.0758563295
   0.0773238422
   0.0760818351
   0.0760227577
   0.0774035477
   0.0772498395
   0.0768876895
   0.0738805995
   0.0664748252
   0.0572169558
   0.0479454754
   0.0371273114
   0.0268026400
   0.0184133313
   0.0124662928
   0.0076198832
   0.0079193892
   0.0078186368
   0.0050396721
   0.0042413516
   0.0077261089
   0.0107560837
   0.0129830264
   0.0147882094
   0.0180152782
   0.0207312226
   0.0225166752
   0.0266375262
   0.0318462083
   0.0365361139
   0.0375009338
   0.0390258532
   0.0398293909
   0.0393409105
   0.0376701911
   0.0388756869
   0.0461942262
   0.0555712084
   0.0603903626
   0.0666698565
   0.0761328930
   0.0823093578
   0.0845173432
   0.0832703016
   0.0781225236
   0.0677837066
   0.0571364483
   0.0494438189
   0.0378367306
   0.0252776093
   0.0180380114
   0.0150798786
   0.0091447869
   0.0037775737
   0.0017763444
   0.0027035319
   0.0019732471
   0.0015711958
   0.0041660947
   0.0047747036
   0.0040365454
   0.0018720267
  -0.0028250460
  -0.0085989801
  -0.0158051319
  -0.0222241773
  -0.0246939858
  -0.0248486964
  -0.0232697341
  -0.0224705404
  -0.0204873165
  -0.0178725746
  -0.0132548361
  -0.0079690080
  -0.0037883890
  -0.0026244991
  -0.0053163469
  -0.0115917062
  -0.0195016792
  -0.0268913675
  -0.0310434948
  -0.0356295026
  -0.0425426086
  -0.0488946795
  -0.0564973339
  -0.0632805676
  -0.0610298112
  -0.0626258373
  -0.0660866340
  -0.0638805643
  -0.0624471570
  -0.0646586622
  -0.0661487187
  -0.0667866747
  -0.0696380739
  -0.0726168950
  -0.0726745022
  -0.0739532656
  -0.0817836756
  -0.0899685279
  -0.0942630024
  -0.0970306194
  -0.0980990253
  -0.0991995095
  -0.1000731069
  -0.0993593215
  -0.0981438235
  -0.0967873594
  -0.0940774609
  -0.0913021139
  -0.0868776557
  -0.0844289053
  -0.0850638317
  -0.0837809025
  -0.0811607340
  -0.0774775505
  -0.0702310090
  -0.0623126289
  -0.0533758761
  -0.0446495030
  -0.0341239193
  -0.0291670514
  -0.0257894131
  -0.0201642664
  -0.0152582247
  -0.0117386602
  -0.0083063063
  -0.0069271647
  -0.0058687765
  -0.0018765419
   0.0025641007
   0.0043232380
   0.0099958539
   0.0170629688
   0.0199014832
   0.0251855848
   0.0357338683
   0.0395712724
   0.0405571437
   0.0446114324
   0.0445689955
   0.0397876669
   0.0379412745
   0.0387154962
   0.0383778950
   0.0352383486
   0.0315764614
   0.0284058169
   0.0192039040
   0.0082023193
   0.0005815560
  -0.0059298789
  -0.0143202614
  -0.0234827649
  -0.0288748275
  -0.0293699240
  -0.0314540740
  -0.0340622355
  -0.0358910071
  -0.0348132673
  -0.0304543690
  -0.0296201788
  -0.0283697735
  -0.0279992921
  -0.0305590020
  -0.0325823371
  -0.0344457933
  -0.0329765430
  -0.0343993021
  -0.0372781683
  -0.0391563938
  -0.0429861125
  -0.0454568499
  -0.0483194320
  -0.0497922242
  -0.0526129263
  -0.0532546916
  -0.0504361949
  -0.0463466870
  -0.0412557588
  -0.0306285717
  -0.0214076947
  -0.0116984377
   0.0005046482
   0.0093910364
   0.0149210378
   0.0229605133
   0.0280741636
   0.0278680386
   0.0276928780
   0.0284178240
   0.0284296528
   0.0282260897
   0.0286100930
   0.0327823137
   0.0394630529
   0.0473804974
   0.0580623957
   0.0629214695
   0.0642822106
   0.0685051106
   0.0750261937
   0.0795256793
   0.0821775474
   0.0803841287
   0.0799375060
   0.0806215522
   0.0783873919
   0.0795619901
   0.0823574751
   0.0863313454
   0.0870539301
   0.0862821365
   0.0881086805
   0.0936948165
   0.0969972937
   0.0976036393
   0.0978132617
   0.0997985706
   0.0972695578
   0.0907101367
   0.0870873226
   0.0846768211
   0.0793489148
   0.0721054698
   0.0632686051
   0.0540351730
   0.0431558153
   0.0305395100
   0.0198240588
   0.0104925030
   0.0011395488
  -0.0082117646
  -0.0154818256
  -0.0244812224
  -0.0316216606
  -0.0321825397
  -0.0345109076
  -0.0414599457
  -0.0430636795
  -0.0433126200
  -0.0407826493
  -0.0325349771
  -0.0244193604
  -0.0170387698
  -0.0109205671
  -0.0017006121
   0.0110631125
   0.0200454388
   0.0273241565
   0.0355360302
   0.0439409971
   0.0520510224
   0.0597496666
   0.0664501205
   0.0737100725
   0.0766077401
   0.0758527430
   0.0758781383
   0.0741807093
   0.0674082798
   0.0600944631
   0.0518515581
   0.0445535133
   0.0365888648
   0.0281011182
   0.0197629431
   0.0112741272
   0.0029345865
  -0.0035472921
  -0.0119599823
  -0.0209233022
  -0.0328642246
  -0.0457071048
  -0.0586996388
  -0.0710239653
  -0.0810790904
  -0.0894281209
  -0.0983089819
  -0.1069051708
  -0.1133029309
  -0.1165218487
  -0.1162128283
  -0.1141800480
  -0.1144678834
  -0.1106753442
  -0.1027357346
  -0.0957932236
  -0.0899873293
  -0.0821160418
  -0.0739155960
  -0.0660070398
  -0.0587375758
  -0.0536037652
  -0.0489325051
  -0.0390081879
  -0.0273530046
  -0.0167447482
  -0.0111218692
  -0.0052106335
   0.0035172811
   0.0085222686
   0.0118088002
   0.0177273381
   0.0230860862
   0.0267476392
   0.0295384462
   0.0322638937
   0.0308258529
   0.0282543809
   0.0277818283
   0.0266140690
   0.0226555918
   0.0170050965
   0.0133330958
   0.0098583563
   0.0073090896
   0.0041662261
   0.0025864953
   0.0027347458
   0.0025517840
   0.0029513808
   0.0079171950
   0.0143265099
   0.0197658168
   0.0248825345
   0.0299299566
   0.0340330310
   0.0358057993
   0.0365899563
   0.0373405872
   0.0373175310
   0.0383475989
   0.0370932506
   0.0330557584
   0.0267744602
   0.0255025134
   0.0247875696
   0.0205600139
   0.0151281519
   0.0118319767
   0.0122136766
   0.0120199374
   0.0114526270
   0.0118622773
   0.0126848993
   0.0129928860
   0.0164506798
   0.0118338836
   0.0030982323
  -0.0020029262
  -0.0057457743
  -0.0087911733
  -0.0135432640
  -0.0180285016
  -0.0217994970
  -0.0274412198
  -0.0324990450
  -0.0364922514
  -0.0428519631
  -0.0493603040
  -0.0527621347
  -0.0575585222
  -0.0624459318
  -0.0674648622
  -0.0701779908
  -0.0739697726
  -0.0755057634
  -0.0781491886
  -0.0784857206
  -0.0750640193
  -0.0720876486
  -0.0686044417
  -0.0651885323
  -0.0612149071
  -0.0572814242
  -0.0568668129
  -0.0543949617
  -0.0490680579
  -0.0464117345
  -0.0447589254
  -0.0401789323
  -0.0390031980
  -0.0370030974
  -0.0351887164
  -0.0353790696
  -0.0277654996
  -0.0244771903
  -0.0245556706
  -0.0258483569
  -0.0283752758
  -0.0309479284
  -0.0347304877
  -0.0373786578
  -0.0409341076
  -0.0413147916
  -0.0383224710
  -0.0322991798
  -0.0290941180
  -0.0282690389
  -0.0208903819
  -0.0125875819
  -0.0083850962
  -0.0030832580
   0.0028842059
   0.0058937330
   0.0079131028
   0.0122412060
   0.0146623580
   0.0183875172
   0.0215329179
   0.0254028703
   0.0297107330
   0.0346604279
   0.0380467540
   0.0434943967
   0.0489831842
   0.0539236566
   0.0590575563
   0.0640915679
   0.0687215941
   0.0734020322
   0.0758301323
   0.0739686142
   0.0708920436
   0.0705387374
   0.0708137860
   0.0704582745
   0.0701268661
   0.0691659669
   0.0703758735
   0.0706403185
   0.0702377811
   0.0700318343
   0.0662225878
   0.0674032453
   0.0765739242
   0.0772297906
   0.0754916400
   0.0777402133
   0.0814902265
   0.0857325739
   0.0892777541
   0.0928604258
   0.0959578473
   0.0981385439
   0.1021337775
   0.1034570717
   0.0989338616
   0.0934015902
   0.0931509567
   0.0885146262
   0.0810762390
   0.0758843089
   0.0749579160
   0.0711873193
   0.0660889062
   0.0611285409
   0.0565222168
   0.0511122661
   0.0460323202
   0.0422397365
   0.0367715103
   0.0287182679
   0.0189681423
   0.0119310628
   0.0068548372
   0.0047146170
   0.0006695016
  -0.0006027800
  -0.0001003927
  -0.0003571502
  -0.0014359435
  -0.0061562934
  -0.0077505463
  -0.0107736309
  -0.0179052053
  -0.0268343841
  -0.0325379399
  -0.0394773099
  -0.0482188979
  -0.0564538055
  -0.0668552865
  -0.0755632814
  -0.0872190216
  -0.0974609802
  -0.0989828477
  -0.0982210118
  -0.1024691733
  -0.1050551473
  -0.1048513837
  -0.1029543790
  -0.1001442805
  -0.0999641968
  -0.1008383957
  -0.0997156796
  -0.0985928520
  -0.0968101706
  -0.0955051654
  -0.0987361348
  -0.0943140380
  -0.0869553118
  -0.0815973990
  -0.0739226131
  -0.0647361177
  -0.0557832144
  -0.0472152053
  -0.0375107801
  -0.0303547483
  -0.0213796597
  -0.0130736720
  -0.0060362027
  -0.0014745779
   0.0021026253
   0.0032480890
   0.0051911438
   0.0078389085
   0.0087309576
   0.0113996378
   0.0137972702
   0.0182737041
   0.0232232207
   0.0267066281
   0.0307352764
   0.0337465544
   0.0355211940
   0.0389151387
   0.0428618539
   0.0430232921
   0.0418494067
   0.0367182248
   0.0304948901
   0.0257126481
   0.0193601874
   0.0087672773
  -0.0033908639
  -0.0073502878
  -0.0102764404
  -0.0159775993
  -0.0184508161
  -0.0187355639
  -0.0178066672
  -0.0166478875
  -0.0135437051
  -0.0115928624
  -0.0102278798
  -0.0070523478
  -0.0013866657
   0.0012435034
   0.0012988560
   0.0042708658
   0.0078059592
   0.0121940175
   0.0162048135
   0.0178504517
   0.0208313557
   0.0223535217
   0.0224092131
   0.0252474468
   0.0280687281
   0.0262577555
   0.0236879319
   0.0217735738
   0.0180157014
   0.0143657657
   0.0107592002
   0.0066216194
   0.0024109917
  -0.0018535409
  -0.0071319753
  -0.0122492500
  -0.0166257334
  -0.0215622116
  -0.0248666959
  -0.0281804005
  -0.0292538632
  -0.0334001985
  -0.0360421536
  -0.0397264732
  -0.0442222609
  -0.0474106376
  -0.0492500128
  -0.0524624259
  -0.0547493149
  -0.0585426782
  -0.0587500507
  -0.0529965954
  -0.0486385436
  -0.0474316666
  -0.0435612932
  -0.0389945992
  -0.0335784556
  -0.0296162359
  -0.0258611436
  -0.0207726347
  -0.0169814076
  -0.0105029663
  -0.0053684741
  -0.0057721186
  -0.0036943864
   0.0006416951
   0.0045988168
   0.0063453010
   0.0060316739
   0.0070303163
   0.0094655137
   0.0112976178
   0.0151690115
   0.0204628212
   0.0239598173
   0.0277526460
   0.0290806852
   0.0328937633
   0.0346358346
   0.0339508750
   0.0340070119
   0.0342732168
   0.0340766930
   0.0340666463
   0.0366747855
   0.0403471203
   0.0398556549
   0.0392170752
   0.0396051328
   0.0395027275
   0.0371758521
   0.0337731527
   0.0326737378
   0.0329572292
   0.0326307217
   0.0308902099
   0.0262686487
   0.0244613294
   0.0218841569
   0.0146984571
   0.0092041228
   0.0077038925
   0.0060180829
  -0.0028754957
  -0.0076620571
  -0.0105260136
  -0.0139249661
  -0.0164976744
  -0.0200292058
  -0.0246116071
  -0.0263526313
  -0.0264385074
  -0.0236767937
  -0.0257186628
  -0.0307766885
  -0.0306536328
  -0.0313179420
  -0.0353715401
  -0.0374023601
  -0.0365748528
  -0.0367741166
  -0.0363590821
  -0.0350266767
  -0.0342364159
  -0.0335564463
  -0.0347379949
  -0.0347672885
  -0.0324036123
  -0.0282124787
  -0.0211843433
  -0.0162149248
  -0.0096829752
  -0.0024797349
   0.0050005834
   0.0106528452
   0.0144817619
   0.0184648614
   0.0236365845
   0.0264522298
   0.0268678658
   0.0309402430
   0.0342214461
   0.0374766747
   0.0384260569
   0.0412442863
   0.0433497550
   0.0425058300
   0.0399655675
   0.0387836848
   0.0333656476
   0.0313913433
   0.0363233505
   0.0357211929
   0.0335068364
   0.0358793565
   0.0361626029
   0.0353892722
   0.0352984507
   0.0353352516
   0.0337061225
   0.0291961000
   0.0289323011
   0.0338305371
   0.0302954481
   0.0262594485
   0.0286854323
   0.0294790346
   0.0318847690
   0.0349346746
   0.0381047399
   0.0407810231
   0.0407085352
   0.0412786591
   0.0402089611
   0.0414558022
   0.0438175627
   0.0453195150
   0.0445626690
   0.0455139670
   0.0457324109
   0.0463882996
   0.0458463555
   0.0449183142
   0.0446013856
   0.0408022304
   0.0376940493
   0.0356867311
   0.0319557421
   0.0265025748
   0.0245570295
   0.0204968197
   0.0158314873
   0.0125824449
   0.0088882969
   0.0046105766
  -0.0000651177
  -0.0048928785
  -0.0087764530
  -0.0126959306
  -0.0194035754
  -0.0239902471
  -0.0236767714
  -0.0273832562
  -0.0324808005
  -0.0363752549
  -0.0372987518
  -0.0414680321
  -0.0454905766
  -0.0481477243
  -0.0518692012
  -0.0569247988
  -0.0613679916
  -0.0603683534
  -0.0636284160
  -0.0690871524
  -0.0696740506
  -0.0709419430
  -0.0742459573
  -0.0744800393
  -0.0739859453
  -0.0763441861
  -0.0799048486
  -0.0805483960
  -0.0800723015
  -0.0813936799
  -0.0838397349
  -0.0836735072
  -0.0824995105
  -0.0819363146
  -0.0799781162
  -0.0754524779
  -0.0727318643
  -0.0691699098
  -0.0659548904
  -0.0624512337
  -0.0608051521
  -0.0578975046
  -0.0576355323
  -0.0582036290
  -0.0570676361
  -0.0526674593
  -0.0508871615
  -0.0474227337
  -0.0429688705
  -0.0384721917
  -0.0345130016
  -0.0315321534
  -0.0276425998
  -0.0234950615
  -0.0226330479
  -0.0198848092
  -0.0116739001
  -0.0045162064
   0.0006676039
   0.0058408640
   0.0123392941
   0.0192209567
   0.0258876750
   0.0293231878
   0.0339778742
   0.0405759897
   0.0452956568
   0.0522523802
   0.0522392148
   0.0505310707
   0.0523536717
   0.0544967433
   0.0551042695
   0.0546695202
   0.0546125591
   0.0533099375
   0.0501705469
   0.0478264295
   0.0474824126
   0.0443272726
   0.0413165738
   0.0414453991
   0.0376852278
   0.0343861144
   0.0366326382
   0.0411866346
   0.0401305922
   0.0381590056
   0.0366527762
   0.0341828185
   0.0338326979
   0.0339219378
   0.0335503648
   0.0334173738
   0.0332019372
   0.0330262866
   0.0314343147
   0.0268408220
   0.0262911703
   0.0241790854
   0.0199922624
   0.0199439824
   0.0196866125
   0.0162269051
   0.0120760988
   0.0092470230
   0.0135723505
   0.0142270874
   0.0129560874
   0.0094435579
   0.0070524636
   0.0071276827
   0.0042259652
   0.0025780235
   0.0026150137
   0.0033764933
   0.0071752386
   0.0130353474
   0.0140125909
   0.0132132145
   0.0144705702
   0.0190196947
   0.0215910263
   0.0224191930
   0.0243515505
   0.0247927823
   0.0204624047
   0.0172234424
   0.0133862321
   0.0089110168
   0.0057217624
   0.0019682950
  -0.0003668113
  -0.0022806248
  -0.0028242864
  -0.0042204718
  -0.0048478420
  -0.0052549327
  -0.0052033179
  -0.0055026881
  -0.0037092716
  -0.0014553996
  -0.0013989076
  -0.0034053481
  -0.0044867769
  -0.0056385662
  -0.0056123578
  -0.0051112422
  -0.0053811004
  -0.0064972316
  -0.0071808457
  -0.0067783751
  -0.0079996851
  -0.0081054698
  -0.0088526544
  -0.0086949364
  -0.0034234255
  -0.0009735243
  -0.0013563204
   0.0001750379
   0.0025334793
   0.0021476454
   0.0032353690
   0.0088525698
   0.0090698687
   0.0075694579
   0.0065352978
   0.0073127875
   0.0033965711
  -0.0025917080
  -0.0044155877
  -0.0063857308
  -0.0113956347
  -0.0127363292
  -0.0121997471
  -0.0126067353
  -0.0130936429
  -0.0131240860
  -0.0131231237
  -0.0123478706
  -0.0092756461
  -0.0083225347
  -0.0067592574
  -0.0063678004
  -0.0075549247
  -0.0083650963
  -0.0102920363
  -0.0112188858
  -0.0119588528
  -0.0110145920
  -0.0078302540
  -0.0071669339
  -0.0078301917
  -0.0075112671
  -0.0061989218
  -0.0062858405
  -0.0035310124
  -0.0021802645
  -0.0020225964
  -0.0022307543
  -0.0024618758
  -0.0047384774
  -0.0059259048
  -0.0069270689
  -0.0095379748
  -0.0138161095
  -0.0108405118
  -0.0075214186
  -0.0080910992
  -0.0096647685
  -0.0100841670
  -0.0098365854
  -0.0101018569
  -0.0114699426
  -0.0136886230
  -0.0160787994
  -0.0201605373
  -0.0197502031
  -0.0199499392
  -0.0263900559
  -0.0300964071
  -0.0300993253
  -0.0310819887
  -0.0311929260
  -0.0289956110
  -0.0253865862
  -0.0216607564
  -0.0180625268
  -0.0178980010
  -0.0169323056
  -0.0133453368
  -0.0134090656
  -0.0163785461
  -0.0169039253
  -0.0141361634
  -0.0134765724
  -0.0130575682
  -0.0111581844
  -0.0067260207
  -0.0014915391
   0.0016154310
   0.0044467927
   0.0061757987
   0.0066538959
   0.0076356906
   0.0072647369
   0.0047233873
   0.0040176437
   0.0043620036
   0.0040557901
   0.0034974616
   0.0022453944
   0.0025068588
   0.0038245817
   0.0032065788
   0.0019834647
   0.0061317936
   0.0101790362
   0.0128935972
   0.0148790265
   0.0155752847
   0.0188749216
   0.0199499815
   0.0191194469
   0.0201876323
   0.0199523317
   0.0189805949
   0.0201177351
   0.0168218986
   0.0127512478
   0.0129290013
   0.0143073187
   0.0144577590
   0.0158319173
   0.0193484922
   0.0197603412
   0.0198510825
   0.0229905198
   0.0254630839
   0.0250576728
   0.0248727774
   0.0251713055
   0.0250094664
   0.0248349741
   0.0246513262
   0.0242325269
   0.0197660863
   0.0174554015
   0.0182833231
   0.0180830323
   0.0173956937
   0.0152007623
   0.0142107676
   0.0144619469
   0.0121804957
   0.0120062707
   0.0112243436
   0.0108236440
   0.0109397962
   0.0107580195
   0.0104689277
   0.0104394870
   0.0090678081
   0.0055024052
   0.0010193266
  -0.0016838769
   0.0032971932
   0.0046272729
   0.0031706802
   0.0033097015
   0.0055314939
   0.0093211348
   0.0110632217
   0.0144560281
   0.0151791830
   0.0162292263
   0.0195299726
   0.0236634277
   0.0220793151
   0.0158579096
   0.0121253612
   0.0100414161
   0.0067789164
   0.0023958971
   0.0010256819
   0.0014847118
   0.0011115912
  -0.0002009247
  -0.0002583446
   0.0006387606
  -0.0018720416
  -0.0021060829
  -0.0034774439
  -0.0063394557
  -0.0063368382
  -0.0074677877
  -0.0122245520
  -0.0131078999
  -0.0124061327
  -0.0128136711
  -0.0132366116
  -0.0131497932
  -0.0132501959
  -0.0133603690
  -0.0134182212
  -0.0135830121
  -0.0137995558
  -0.0138152875
  -0.0139845336
  -0.0162156109
  -0.0201729498
  -0.0214252420
  -0.0258087937
  -0.0290053236
  -0.0324499252
  -0.0379534152
  -0.0394249600
  -0.0387499581
  -0.0391273229
  -0.0395077174
  -0.0394829013
  -0.0386650844
  -0.0366101612
  -0.0357205024
  -0.0339294227
  -0.0320141958
  -0.0277730514
  -0.0216277782
  -0.0157648849
  -0.0161033683
  -0.0117100037
  -0.0044429767
   0.0009940559
   0.0059692171
   0.0086938961
   0.0125192619
   0.0167602437
   0.0190324859
   0.0184950818
   0.0182513985
   0.0183378940
   0.0181510092
   0.0179808698
   0.0196525182
   0.0237198988
   0.0242479868
   0.0261676245
   0.0293674513
   0.0296648433
   0.0323821599
   0.0360332207
   0.0352902084
   0.0348491103
   0.0352398411
   0.0351533858
   0.0350104817
   0.0350492429
   0.0349870913
   0.0348880943
   0.0333728652
   0.0288591894
   0.0284767009
   0.0290618615
   0.0285326374
   0.0254962982
   0.0206751725
   0.0218987881
   0.0226221992
   0.0207824809
   0.0182197725
   0.0162159673
   0.0151527875
   0.0108635235
   0.0084593952
   0.0091541565
   0.0074675316
   0.0041262464
   0.0071737327
   0.0025969385
  -0.0048638254
  -0.0081681760
  -0.0101850264
  -0.0104918458
  -0.0109801992
  -0.0140943214
  -0.0171685418
  -0.0173435420
  -0.0201565676
  -0.0243254870
  -0.0258762026
  -0.0297341234
  -0.0311083419
  -0.0341916178
  -0.0359570126
  -0.0367454022
  -0.0378571360
  -0.0426950025
  -0.0436642777
  -0.0441773737
  -0.0475658829
  -0.0499201139
  -0.0492092690
  -0.0491572978
  -0.0495179998
  -0.0468326055
  -0.0442044397
  -0.0436681984
  -0.0436696909
  -0.0435027504
  -0.0433352307
  -0.0433679550
  -0.0434596453
  -0.0425291313
  -0.0404218804
  -0.0425653307
  -0.0438794915
  -0.0419516561
  -0.0421668031
  -0.0440811612
  -0.0441524685
  -0.0426760897
  -0.0397831225
  -0.0380590284
  -0.0350151152
  -0.0296871422
  -0.0238699760
  -0.0175046728
  -0.0097508429
  -0.0059284755
  -0.0054872281
  -0.0017615844
   0.0019481717
   0.0039093485
   0.0068286689
   0.0065696170
   0.0060319724
   0.0078235042
   0.0110461422
   0.0119823502
   0.0113394933
   0.0113635453
   0.0126978308
   0.0127928671
   0.0118553114
   0.0138143274
   0.0162677692
   0.0170756686
   0.0166511287
   0.0167903772
   0.0169926551
   0.0191580588
   0.0214488796
   0.0221572362
   0.0251845155
   0.0284420386
   0.0299312709
   0.0337190206
   0.0349711190
   0.0341586930
   0.0342400470
   0.0344474863
   0.0341929321
   0.0327924718
   0.0301811025
   0.0259200651
   0.0212796513
   0.0210111030
   0.0212402485
   0.0187064841
   0.0142600768
   0.0139203036
   0.0143251622
   0.0131100563
   0.0116794603
   0.0103895207
   0.0098286015
   0.0103469457
   0.0123987881
   0.0124821403
   0.0109182726
   0.0097998736
   0.0122038415
   0.0126958504
   0.0131181783
   0.0144929270
   0.0159061004
   0.0153828821
   0.0170845058
   0.0176132086
   0.0172121036
   0.0171782366
   0.0172424087
   0.0171331845
   0.0170653746
   0.0163901811
   0.0151246856
   0.0138933000
   0.0135432952
   0.0114522283
   0.0093316516
   0.0075029981
   0.0051529194
   0.0040626268
   0.0042419776
   0.0041817150
   0.0029601400
   0.0014613042
   0.0023108831
   0.0003460527
  -0.0019891007
  -0.0028597908
  -0.0029860521
  -0.0057130835
  -0.0100362791
  -0.0103348273
  -0.0144297685
  -0.0153778943
  -0.0105130130
  -0.0100111534
  -0.0125922555
  -0.0143170870
  -0.0136169459
  -0.0119431746
  -0.0128653773
  -0.0134343561
  -0.0159724066
  -0.0185032796
  -0.0152032060
  -0.0145080015
  -0.0220719883
  -0.0257929997
  -0.0243620428
  -0.0245917586
  -0.0257220711
  -0.0282843429
  -0.0309808086
  -0.0313410874
  -0.0311053346
  -0.0313281892
  -0.0314168722
  -0.0313591982
  -0.0315240670
  -0.0315949287
  -0.0314477252
  -0.0313997415
  -0.0315068249
  -0.0316687532
  -0.0316877774
  -0.0301637491
  -0.0268982287
  -0.0254190654
  -0.0248060146
  -0.0235543840
  -0.0198062843
  -0.0156227449
  -0.0134441511
  -0.0102601095
  -0.0064134963
  -0.0035826160
   0.0004565008
   0.0055394644
   0.0091904071
   0.0109685352
   0.0146108056
   0.0136285231
   0.0125237997
   0.0154328573
   0.0199976578
   0.0204038441
   0.0194951566
   0.0196274883
   0.0197118785
   0.0202093675
   0.0223668876
   0.0232720955
   0.0244507703
   0.0248194696
   0.0278098522
   0.0286155062
   0.0237730284
   0.0234064008
   0.0243290958
   0.0237866171
   0.0233974234
   0.0245133897
   0.0286850981
   0.0256491377
   0.0245308545
   0.0250168176
   0.0253549312
   0.0244687921
   0.0245792392
   0.0256890573
   0.0285394094
   0.0293296703
   0.0288900202
   0.0289959006
   0.0291385151
   0.0291596779
   0.0290698142
   0.0291010460
   0.0304150732
   0.0300731281
   0.0317098089
   0.0328259089
   0.0334860301
   0.0334201138
   0.0341283523
   0.0339668473
   0.0346255205
   0.0329949657
   0.0306341408
   0.0291155703
   0.0288962576
   0.0239315929
   0.0209872247
   0.0233322644
   0.0276636735
   0.0265039782
   0.0226635668
   0.0231100558
   0.0254716826
   0.0217683767
   0.0214451372
   0.0219142681
   0.0203582529
   0.0191490101
   0.0231435597
   0.0248673642
   0.0194712338
   0.0169496925
   0.0176105132
   0.0157677252
   0.0114822504
   0.0107374003
   0.0089834089
   0.0063141785
   0.0031617116
   0.0013366185
  -0.0007639482
  -0.0033776338
  -0.0062764442
  -0.0072646233
  -0.0078558431
  -0.0114868327
  -0.0128535796
  -0.0130488447
  -0.0130102283
  -0.0143961620
  -0.0143557880
  -0.0161159501
  -0.0184832886
  -0.0193055809
  -0.0220887403
  -0.0254439260
  -0.0260372621
  -0.0288611052
  -0.0313537627
  -0.0311223093
  -0.0332390499
  -0.0369229909
  -0.0376547089
  -0.0371496548
  -0.0394241580
  -0.0442270504
  -0.0440044185
  -0.0390576196
  -0.0374608138
  -0.0367234820
  -0.0358845469
  -0.0359503741
  -0.0348607610
  -0.0340918856
  -0.0340604757
  -0.0355381019
  -0.0347700285
  -0.0322412384
  -0.0276900935
  -0.0274470340
  -0.0299350357
  -0.0275729411
  -0.0261829953
  -0.0250470692
  -0.0244237043
  -0.0246237923
  -0.0236869295
  -0.0248986405
  -0.0253388252
  -0.0252335908
  -0.0253394713
  -0.0243260216
  -0.0231662595
  -0.0230144448
  -0.0225205958
  -0.0223318020
  -0.0202885673
  -0.0204481477
  -0.0197255920
  -0.0190912760
  -0.0155874254
  -0.0130215916
  -0.0151011594
  -0.0170978093
  -0.0150414604
  -0.0125685800
  -0.0099881261
  -0.0080451315
  -0.0069841994
  -0.0062343482
  -0.0014888336
  -0.0002601601
  -0.0011725437
  -0.0005369583
   0.0023803703
   0.0022454657
  -0.0007504337
   0.0044881625
   0.0096963834
   0.0098147655
   0.0102946872
   0.0122525381
   0.0141155799
   0.0159134673
   0.0161840072
   0.0157441298
   0.0156254515
   0.0154083553
   0.0162135927
   0.0151544983
   0.0102242487
   0.0062821381
   0.0051051652
   0.0045128293
   0.0016327865
   0.0008966637
   0.0011965520
   0.0019961746
   0.0026235479
   0.0050567916
   0.0064548750
   0.0056956543
   0.0072881852
   0.0102573138
   0.0105769757
   0.0111614858
   0.0112840269
   0.0111205214
   0.0111484317
   0.0111846846
   0.0111266118
   0.0110115245
   0.0099415191
   0.0101488426
   0.0097371027
   0.0096048112
   0.0083260433
   0.0068114937
   0.0088091884
   0.0108564240
   0.0083145553
   0.0070622475
   0.0062396522
   0.0062003297
   0.0051135679
   0.0036184523
   0.0000144236
   0.0038678428
   0.0059379519
   0.0052776770
   0.0054530403
   0.0046795716
   0.0044837539
   0.0045166364
   0.0042434634
   0.0040427383
   0.0040228119
   0.0040592964
   0.0081733954
   0.0091463953
   0.0048659907
   0.0026453121
   0.0054283000
   0.0050853078
   0.0059600770
   0.0073307357
   0.0073172517
   0.0062784892
   0.0070786586
   0.0059733160
   0.0055040024
   0.0025270748
   0.0022173594
   0.0014703269
   0.0008978876
   0.0009517157
   0.0008314444
   0.0016726341
   0.0036801650
   0.0044613526
   0.0063345348
   0.0065512433
   0.0092738818
   0.0125813846
   0.0129702308
   0.0148355270
   0.0172676101
   0.0179336524
   0.0175436278
   0.0184982473
   0.0195987604
   0.0205635202
   0.0214724883
   0.0204483704
   0.0179514269
   0.0175612909
   0.0139519096
   0.0152625441
   0.0168348457
   0.0129837571
   0.0107228181
   0.0112639067
   0.0100480100
   0.0085771291
   0.0079904782
   0.0069195684
   0.0048368596
   0.0056861088
   0.0065578929
   0.0048254986
   0.0004736424
  -0.0020408480
  -0.0016193506
  -0.0017784328
  -0.0037894917
  -0.0081752867
  -0.0087656377
  -0.0094880330
  -0.0133986156
  -0.0158469874
  -0.0163850330
  -0.0178891572
  -0.0222261020
  -0.0227398194
  -0.0267013931
  -0.0291723087
  -0.0318638513
  -0.0328501681
  -0.0340872521
  -0.0363535575
  -0.0360632495
  -0.0355000090
  -0.0370345073
  -0.0361458509
  -0.0354893163
  -0.0339152548
  -0.0354176749
  -0.0327660295
  -0.0296009542
  -0.0279625803
  -0.0240592153
  -0.0200972362
  -0.0171852804
  -0.0129136817
  -0.0110983295
  -0.0117724738
  -0.0099373801
  -0.0014633508
  -0.0000465041
  -0.0002426559
   0.0043984370
   0.0046362659
   0.0049535353
   0.0054919731
   0.0039581586
   0.0004880000
  -0.0010113641
   0.0015252210
   0.0052727829
   0.0014423974
  -0.0017266287
  -0.0016374657
  -0.0009008454
  -0.0006479074
  -0.0008697754
  -0.0008866363
  -0.0005085629
   0.0032174609
   0.0054425971
   0.0044627249
   0.0043927386
   0.0062902802
   0.0078340923
   0.0071483998
   0.0056707357
   0.0049175787
   0.0050947731
   0.0062555310
   0.0075320289
   0.0047941154
   0.0070102607
   0.0095748604
   0.0085686127
   0.0081067106
   0.0101919833
   0.0116122341
   0.0108243880
   0.0093992342
   0.0114363273
   0.0117214427
   0.0105293841
   0.0069783785
   0.0066786341
   0.0077703390
   0.0095448204
   0.0076675973
   0.0064803460
   0.0120330137
   0.0159610277
   0.0141856820
   0.0143429166
   0.0183918411
   0.0183048890
   0.0173922118
   0.0177065296
   0.0165954061
   0.0173863932
   0.0186592422
   0.0213925044
   0.0229685106
   0.0193688641
   0.0180476171
   0.0187079142
   0.0209578353
   0.0221843981
   0.0229157597
   0.0232175179
   0.0208410928
   0.0205538232
   0.0219699951
   0.0232079167
   0.0209684567
   0.0215100978
   0.0211638734
   0.0190770902
   0.0201260688
   0.0204951111
   0.0177024908
   0.0174201578
   0.0179406740
   0.0168343311
   0.0154829105
   0.0122415045
   0.0109535252
   0.0114224311
   0.0102546317
   0.0065482382
   0.0043200859
   0.0045369325
   0.0021703808
  -0.0016491047
  -0.0032963199
  -0.0051307832
  -0.0066073513
  -0.0092102978
  -0.0133146286
  -0.0181702050
  -0.0154801415
  -0.0149646486
  -0.0162985955
  -0.0173249077
  -0.0171076778
  -0.0174192600
  -0.0167297338
  -0.0166533608
  -0.0168490114
  -0.0171190055
  -0.0172821411
  -0.0154283129
  -0.0160820785
  -0.0184341755
  -0.0202730628
  -0.0195817278
  -0.0175678135
  -0.0180011504
  -0.0183321756
  -0.0178889345
  -0.0156280311
  -0.0146362788
  -0.0127947650
  -0.0122766346
  -0.0125831756
  -0.0124193449
  -0.0123907908
  -0.0124582776
  -0.0124546132
  -0.0124340252
  -0.0123528360
  -0.0123093789
  -0.0124071129
  -0.0123389978
  -0.0121990498
  -0.0122835804
  -0.0122149085
  -0.0121747661
  -0.0111063424
  -0.0101922841
  -0.0078744886
  -0.0061412901
  -0.0053190802
  -0.0045299711
  -0.0046358961
  -0.0027734914
  -0.0003366723
  -0.0008311229
  -0.0041243640
  -0.0045856870
   0.0004156906
   0.0044878150
   0.0044891003
   0.0040924863
   0.0048731481
   0.0053052265
   0.0049901669
   0.0056755274
   0.0083358717
   0.0096728839
   0.0099623143
   0.0144191403
   0.0145436328
   0.0123817911
   0.0120908281
   0.0142393618
   0.0141748756
   0.0134339886
   0.0127858321
   0.0122472919
   0.0088078295
   0.0064919231
   0.0068638324
   0.0037190688
   0.0012563140
   0.0006144367
   0.0012769009
   0.0010459097
  -0.0003785475
  -0.0014833535
  -0.0024996613
  -0.0050020024
  -0.0066291779
  -0.0061264762
  -0.0061821297
  -0.0067537506
  -0.0074331967
  -0.0065462111
  -0.0076738593
  -0.0091056158
  -0.0092612176
  -0.0090625419
  -0.0102002502
  -0.0108375067
  -0.0104955036
  -0.0093136967
  -0.0089962112
  -0.0087458584
  -0.0096645502
  -0.0123399023
  -0.0096531714
  -0.0054929443
  -0.0040288667
  -0.0033177188
  -0.0033205680
  -0.0014192216
  -0.0001141616
  -0.0006371160
  -0.0007828938
  -0.0007284523
   0.0000174525
   0.0050605474
   0.0081424956
   0.0050039828
   0.0035775815
   0.0044650840
   0.0055937881
   0.0038455818
   0.0032233731
   0.0035516382
   0.0033210736
   0.0029292335
   0.0027610165
   0.0014218743
  -0.0019845714
  -0.0039715758
  -0.0040504950
  -0.0062674957
  -0.0068052562
  -0.0099637712
  -0.0109239019
  -0.0104364797
  -0.0107472466
  -0.0111592849
  -0.0112513472
  -0.0107419291
  -0.0102842528
  -0.0111019517
  -0.0088425787
  -0.0070849317
  -0.0079689768
  -0.0082916060
  -0.0081558571
  -0.0071419686
  -0.0072725894
  -0.0081739657
  -0.0071027440
  -0.0054949603
  -0.0068666593
  -0.0095642300
  -0.0041113946
   0.0010491866
   0.0014184501
   0.0024349568
   0.0036835377
   0.0063746148
   0.0062918796
   0.0067790701
   0.0081161425
   0.0092607275
   0.0093381296
   0.0113967441
   0.0121159226
   0.0081071672
   0.0051861894
   0.0058862570
   0.0044242778
  -0.0003669163
  -0.0010914441
  -0.0003194590
  -0.0008463632
  -0.0013040698
  -0.0013585944
  -0.0025934300
  -0.0022820572
  -0.0015766861
  -0.0031836273
  -0.0029634970
  -0.0017993109
  -0.0014550572
  -0.0030283642
  -0.0031075729
  -0.0029657893
  -0.0028220610
  -0.0001991885
   0.0023177376
   0.0021767274
   0.0022544432
   0.0052693233
   0.0079119065
   0.0080545500
   0.0105225496
   0.0133637016
   0.0131997083
   0.0145213919
   0.0168340683
   0.0167566461
   0.0151693813
   0.0126575838
   0.0100514472
   0.0131065277
   0.0138315783
   0.0117896891
   0.0099369145
   0.0070164335
   0.0060477308
   0.0063550270
   0.0031795306
   0.0008528582
   0.0003707211
   0.0003320648
   0.0001917951
   0.0002181974
  -0.0012775652
  -0.0052851976
  -0.0045174784
  -0.0037102919
  -0.0045900443
  -0.0059946814
  -0.0059915426
  -0.0057865560
  -0.0048810630
  -0.0040855093
  -0.0031529324
  -0.0047162254
  -0.0052187065
  -0.0031579625
  -0.0022009122
  -0.0032455628
  -0.0023675925
  -0.0018518641
  -0.0017371570
  -0.0014524647
  -0.0011850373
   0.0009685987
   0.0017080725
   0.0033688190
   0.0038410263
   0.0045885429
   0.0042081395
   0.0070701846
   0.0083756421
   0.0085318163
   0.0084408411
   0.0111058301
   0.0144980684
   0.0138457017
   0.0132857180
   0.0135061446
   0.0122267307
   0.0139901005
   0.0165012231
   0.0160735377
   0.0154534876
   0.0134394998
   0.0127067726
   0.0129242208
   0.0118042714
   0.0103643660
   0.0070543081
   0.0061758076
   0.0092079499
   0.0091631072
   0.0039572765
   0.0001993637
   0.0001872182
  -0.0008254620
  -0.0028131437
  -0.0055886333
  -0.0058035842
  -0.0054797945
  -0.0063856439
  -0.0071531693
  -0.0070633725
  -0.0080556794
  -0.0082717442
  -0.0045509846
  -0.0084582524
  -0.0090766675
  -0.0087674555
  -0.0098012793
  -0.0099636108
  -0.0085814841
  -0.0084921106
  -0.0102853377
  -0.0106788397
  -0.0104842161
  -0.0115716908
  -0.0119814791
  -0.0096798498
  -0.0090137741
  -0.0086559301
  -0.0087479724
  -0.0089557080
  -0.0090484342
  -0.0091826125
  -0.0091807859
  -0.0081415043
  -0.0082836109
  -0.0099321719
  -0.0083517839
  -0.0036754959
  -0.0020202954
  -0.0041955554
  -0.0015932879
   0.0019376694
  -0.0001944871
  -0.0027104732
  -0.0020719102
  -0.0018480419
  -0.0021379343
   0.0000041607
   0.0004976663
  -0.0046434345
  -0.0061262690
  -0.0039384751
  -0.0043258778
  -0.0053039634
  -0.0056417495
  -0.0029933209
   0.0000212089
   0.0002393707
  -0.0001246564
   0.0002598012
   0.0021469454
   0.0047681120
   0.0046878584
   0.0049365650
   0.0044643822
   0.0037510580
   0.0016749206
   0.0012931080
  -0.0003299145
  -0.0005041002
  -0.0006531337
  -0.0044326827
  -0.0062476829
  -0.0056550464
  -0.0064236856
  -0.0089844514
  -0.0104275245
  -0.0082610425
  -0.0113346905
  -0.0122086956
  -0.0097307250
  -0.0106175012
  -0.0120575558
  -0.0128615947
  -0.0138932978
  -0.0152216377
  -0.0129914381
  -0.0088955145
  -0.0097570759
  -0.0113091081
  -0.0097656301
  -0.0096927702
  -0.0090626199
  -0.0076103666
  -0.0045087193
  -0.0043490209
  -0.0039678645
   0.0009636047
   0.0012089765
  -0.0039287179
  -0.0056952979
  -0.0048024401
  -0.0046199573
  -0.0044087198
  -0.0056047659
  -0.0056612726
  -0.0054519733
  -0.0055977488
  -0.0051880585
  -0.0016501234
  -0.0014813039
  -0.0003192175
   0.0005307570
   0.0021062504
   0.0055289967
   0.0068463453
   0.0066922294
   0.0073752287
   0.0075017974
   0.0120376094
   0.0128870390
   0.0119105862
   0.0138699252
   0.0161814632
   0.0179925182
   0.0180454674
   0.0178274690
   0.0178543256
   0.0178334814
   0.0175828368
   0.0172698779
   0.0144614591
   0.0119085101
   0.0110613995
   0.0092108948
   0.0051217345
   0.0087131096
   0.0109041092
   0.0094892048
   0.0085357169
   0.0085036944
   0.0081847854
   0.0075504694
   0.0080832934
   0.0078905099
   0.0078127558
   0.0074078126
   0.0120379591
   0.0119679617
   0.0071197455
   0.0072140578
   0.0081596909
   0.0086670662
   0.0072943536
   0.0069586972
   0.0091185563
   0.0096881389
   0.0093137969
   0.0067116479
   0.0066074649
   0.0070699218
   0.0066769589
   0.0065344624
   0.0066702959
   0.0065049950
   0.0064509342
   0.0066822384
   0.0109865681
   0.0131371468
   0.0121709635
   0.0122246077
   0.0126552002
   0.0124814898
   0.0122098985
   0.0122086644
   0.0121803286
   0.0120536374
   0.0118795951
   0.0118225716
   0.0118365947
   0.0114117740
   0.0090695211
   0.0071455975
   0.0065469484
   0.0031873787
  -0.0003616071
   0.0041605501
   0.0053195726
   0.0038253948
   0.0014093225
  -0.0022910592
  -0.0024171846
  -0.0020828600
  -0.0026109082
  -0.0027833488
  -0.0027841708
  -0.0016915349
  -0.0000845476
  -0.0026285646
  -0.0050829844
  -0.0069574363
  -0.0078827042
  -0.0067617835
  -0.0069449703
  -0.0088750780
  -0.0094407421
  -0.0083213073
  -0.0077259730
  -0.0104805628
  -0.0112887273
  -0.0106498869
  -0.0109502706
  -0.0112551676
  -0.0113018749
  -0.0116585671
  -0.0145523007
  -0.0176718784
  -0.0178200821
  -0.0174750116
  -0.0177874380
  -0.0178805384
  -0.0177649231
  -0.0177609646
  -0.0171983033
  -0.0165946732
  -0.0179051518
  -0.0179408923
  -0.0176371426
  -0.0177349767
  -0.0165720113
  -0.0167873855
  -0.0164776189
  -0.0168082475
  -0.0179984549
  -0.0186858694
  -0.0187329665
  -0.0139067082
  -0.0114121104
  -0.0124999883
  -0.0113215696
  -0.0092638507
  -0.0064811301
  -0.0067506586
  -0.0071722714
  -0.0043383437
  -0.0020209813
  -0.0016111092
   0.0009953301
   0.0006872106
  -0.0023185373
  -0.0018795236
  -0.0014438405
   0.0007575321
   0.0041331454
   0.0037216640
   0.0032382561
   0.0036062158
   0.0034414472
   0.0031256125
   0.0031060536
   0.0030856884
   0.0029679746
   0.0029437021
   0.0028078151
   0.0027138325
   0.0025840360
   0.0024996323
   0.0023619677
   0.0022129807
   0.0020753815
   0.0019389924
   0.0015287734
  -0.0007313015
  -0.0031504129
  -0.0048282052
  -0.0047495422
  -0.0036148079
  -0.0009427200
  -0.0012508859
  -0.0013108314
  -0.0007633737
  -0.0000753060
  -0.0016723398
  -0.0016659008
  -0.0040546228
  -0.0104096164
  -0.0073175569
  -0.0045168235
  -0.0070731118
  -0.0092411620
  -0.0095876226
  -0.0104243590
  -0.0117973723
  -0.0117806783
  -0.0120216482
  -0.0130411326
  -0.0130064814
  -0.0111921673
  -0.0117193866
  -0.0152883983
  -0.0167865056
  -0.0153725101
  -0.0135960127
  -0.0130692077
  -0.0127797506
  -0.0129710751
  -0.0131044582
  -0.0117223382
  -0.0089029638
  -0.0087810353
  -0.0091612916
  -0.0078872085
  -0.0077443891
  -0.0067745369
  -0.0048135851
  -0.0038628038
  -0.0030333118
  -0.0022582257
  -0.0013043619
   0.0007584214
   0.0029087212
   0.0033491488
   0.0044988730
   0.0078644842
   0.0087869363
   0.0088669493
   0.0101894951
   0.0145173844
   0.0151786840
   0.0146033296
   0.0169937978
   0.0171494219
   0.0178692286
   0.0198218267
   0.0177734238
   0.0147334603
   0.0194906946
   0.0240984443
   0.0255690534
   0.0250620390
   0.0251683427
   0.0254242113
   0.0251661819
   0.0261975642
   0.0292102234
   0.0284348210
   0.0273160255
   0.0310093894
   0.0309196595
   0.0255093300
   0.0239786187
   0.0251750480
   0.0246675435
   0.0216813756
   0.0188797712
   0.0195820819
   0.0186993511
   0.0180254341
   0.0182157538
   0.0172403258
   0.0160564004
   0.0149375470
   0.0133542185
   0.0089395397
   0.0075895559
   0.0091871837
   0.0082097641
   0.0045717397
   0.0046721156
   0.0037228759
   0.0009970490
  -0.0013849999
  -0.0017391401
  -0.0017350893
  -0.0020918488
  -0.0023054364
  -0.0022949798
  -0.0024466832
  -0.0025208574
  -0.0025959985
  -0.0027283257
  -0.0027196891
  -0.0028104281
  -0.0029605833
  -0.0044597532
  -0.0048967769
  -0.0014612289
   0.0001640449
  -0.0007150721
  -0.0007129142
   0.0010708815
   0.0026172213
   0.0017538074
   0.0006425434
   0.0008504978
  -0.0001172022
   0.0002510410
   0.0041903071
   0.0017495640
  -0.0027730548
  -0.0043444408
  -0.0001491950
   0.0016306067
  -0.0007210010
  -0.0016794665
  -0.0021260291
  -0.0039431353
  -0.0056315268
  -0.0035639906
  -0.0031034985
  -0.0029810888
  -0.0035444540
  -0.0027553939
  -0.0001299231
   0.0010756502
   0.0005289873
   0.0004530020
  -0.0005493410
  -0.0004253896
  -0.0009382821
  -0.0012277728
  -0.0043681988
  -0.0060564276
  -0.0055524339
  -0.0063415786
  -0.0096719483
  -0.0111794674
  -0.0120843501
  -0.0126093394
  -0.0135568037
  -0.0138387848
  -0.0149942208
  -0.0152529763
  -0.0175199077
  -0.0199916253
  -0.0219237178
  -0.0185983760
  -0.0149871346
  -0.0170523562
  -0.0189755492
  -0.0163920368
  -0.0159796398
  -0.0155836607
  -0.0142919345
  -0.0143602834
  -0.0123797773
  -0.0090626243
  -0.0051033407
  -0.0038913624
  -0.0063939619
  -0.0051915781
  -0.0027396177
  -0.0022735475
  -0.0027466170
  -0.0013548924
  -0.0002833643
   0.0015200448
   0.0010242945
   0.0008178715
   0.0018107236
   0.0017081523
   0.0013324682
   0.0025418887
   0.0057090470
   0.0074300401
   0.0079471436
   0.0099664533
   0.0131295616
   0.0128577097
   0.0123618447
   0.0137124990
   0.0149972704
   0.0167929591
   0.0165820848
   0.0149782240
   0.0146174150
   0.0157592890
   0.0145316347
   0.0133900458
   0.0147629745
   0.0154346795
   0.0133581547
   0.0113162433
   0.0117307944
   0.0088046863
   0.0051443674
   0.0093490830
   0.0120957623
   0.0106116670
   0.0103483068
   0.0106829096
   0.0104000263
   0.0101034674
   0.0101075752
   0.0099548227
   0.0096784753
   0.0101507717
   0.0142727522
   0.0114806086
   0.0080242606
   0.0071362948
   0.0074463532
   0.0053172112
   0.0018152393
   0.0022833470
   0.0025154799
   0.0018576209
   0.0012699778
  -0.0011023485
  -0.0021493364
  -0.0024586056
  -0.0019070626
  -0.0044428520
  -0.0052215357
  -0.0047087182
  -0.0048764451
  -0.0050754594
  -0.0051348420
  -0.0051950110
  -0.0052571002
  -0.0065621076
  -0.0075479967
  -0.0072124561
  -0.0093703883
  -0.0111631387
  -0.0105401459
  -0.0113964901
  -0.0120821915
  -0.0098863891
  -0.0088588807
  -0.0104890033
  -0.0114827182
  -0.0123366343
  -0.0128930113
  -0.0173900443
  -0.0187441092
  -0.0135737606
  -0.0129246619
  -0.0173033350
  -0.0202843081
  -0.0194608685
  -0.0195960984
  -0.0205674631
  -0.0238238412
  -0.0255554870
  -0.0261968513
  -0.0250458662
  -0.0216287361
  -0.0257642629
  -0.0277919864
  -0.0265856664
  -0.0267997886
  -0.0274184754
  -0.0272966004
  -0.0272578169
  -0.0274328883
  -0.0275094083
  -0.0276383227
  -0.0277101646
  -0.0279004733
  -0.0280181826
  -0.0280792426
  -0.0281977316
  -0.0263779820
  -0.0232013006
  -0.0223328713
  -0.0221713262
  -0.0211298905
  -0.0178848222
  -0.0165429471
  -0.0142181701
  -0.0110407981
  -0.0104474019
  -0.0077853935
  -0.0052880601
  -0.0035109167
  -0.0006380115
   0.0001006316
  -0.0003344090
   0.0019032682
   0.0028248255
   0.0034293644
   0.0053623413
   0.0062438046
   0.0052662157
   0.0044404884
   0.0076547727
   0.0111492448
   0.0103712272
   0.0118139104
   0.0147442555
   0.0148635554
   0.0160025490
   0.0166587295
   0.0189179911
   0.0198649563
   0.0222255295
   0.0267079201
   0.0267892518
   0.0215115993
   0.0219829021
   0.0253082841
   0.0255900157
   0.0270211953
   0.0274061119
   0.0270916115
   0.0271862200
   0.0301610982
   0.0320258241
   0.0324136144
   0.0324264012
   0.0324371385
   0.0323972634
   0.0321550727
   0.0309190357
   0.0289644016
   0.0299576687
   0.0286155730
   0.0269143347
   0.0271213507
   0.0254530371
   0.0250152583
   0.0253347041
   0.0252375115
   0.0246245275
   0.0237960401
   0.0235067344
   0.0216885977
   0.0212680942
   0.0191240225
   0.0182659407
   0.0185513791
   0.0183781299
   0.0171695220
   0.0113208456
   0.0062586341
   0.0102722480
   0.0125710260
   0.0082768277
   0.0045033618
   0.0051635787
   0.0046281238
   0.0008675204
  -0.0017307124
  -0.0014569801
  -0.0032684319
  -0.0072018146
  -0.0030551072
  -0.0055373638
  -0.0100952385
  -0.0135571467
  -0.0142063992
  -0.0139257257
  -0.0142191102
  -0.0144243419
  -0.0152636446
  -0.0174711288
  -0.0207335660
  -0.0207645505
  -0.0203696250
  -0.0207962189
  -0.0210379529
  -0.0209178333
  -0.0210655758
  -0.0212094401
  -0.0213660420
  -0.0215719754
  -0.0216265819
  -0.0217736896
  -0.0219422742
  -0.0221588402
  -0.0223000134
  -0.0224487094
  -0.0225191701
  -0.0227044220
  -0.0229307741
  -0.0229767083
  -0.0231223079
  -0.0231736554
  -0.0232531604
  -0.0215818640
  -0.0182753614
  -0.0171326053
  -0.0177153845
  -0.0210895476
  -0.0202754888
  -0.0155336030
  -0.0117200170
  -0.0119334019
  -0.0123561040
  -0.0112169522
  -0.0071041185
  -0.0058186654
  -0.0066694583
  -0.0035699429
   0.0001929981
   0.0025541765
   0.0052995816
   0.0049711115
   0.0023133959
   0.0024015821
   0.0060580270
   0.0077172317
   0.0047606671
   0.0035217453
   0.0032269285
   0.0042334768
   0.0041133550
   0.0037977318
   0.0038584243
   0.0052556277
   0.0084360204
   0.0098585701
   0.0093195688
   0.0091964841
   0.0092397675
   0.0091796386
   0.0112933407
   0.0138884548
   0.0144390088
   0.0145529957
   0.0145473686
   0.0149973551
   0.0188936517
   0.0207242411
   0.0197655405
   0.0216443497
   0.0251922678
   0.0258698092
   0.0252676962
   0.0253767399
   0.0254797913
   0.0252345264
   0.0251142553
   0.0232182976
   0.0197431815
   0.0240654082
   0.0255942037
   0.0242371604
   0.0242079781
   0.0236221047
   0.0233592413
   0.0218831722
   0.0220515117
   0.0243159749
   0.0240977315
   0.0237419303
   0.0268922809
   0.0251778326
   0.0226950881
   0.0217571716
   0.0200451692
   0.0195862098
   0.0171885729
   0.0160300427
   0.0140570639
   0.0116622806
   0.0099354265
   0.0095413921
   0.0052960151
   0.0028124709
   0.0031082880
   0.0018586110
  -0.0015386188
  -0.0035965700
  -0.0035430061
  -0.0061747896
  -0.0088611440
  -0.0099252305
  -0.0097857302
  -0.0099527443
  -0.0102877770
  -0.0124029828
  -0.0145198103
  -0.0165671595
  -0.0168663292
  -0.0168438744
  -0.0179749376
  -0.0189470642
  -0.0198143930
  -0.0204250714
  -0.0197116580
  -0.0220647440
  -0.0221795484
  -0.0247075299
  -0.0273014789
  -0.0249202933
  -0.0239127024
  -0.0249468470
  -0.0250556457
  -0.0248179771
  -0.0250579401
  -0.0253103335
  -0.0253269964
  -0.0254747122
  -0.0257309595
  -0.0243807106
  -0.0201114888
  -0.0210677745
  -0.0262814800
  -0.0264857337
  -0.0233161362
  -0.0227271663
  -0.0213397401
  -0.0203517548
  -0.0205871868
  -0.0196345521
  -0.0184069357
  -0.0160743085
  -0.0144328894
  -0.0148675162
  -0.0147065480
  -0.0117080010
  -0.0100308971
  -0.0095197749
  -0.0090958810
  -0.0077851262
  -0.0046272952
  -0.0030356642
  -0.0036172293
  -0.0038303647
  -0.0037840429
  -0.0036078197
  -0.0000104794
   0.0012379421
   0.0009864084
   0.0015694077
   0.0014803988
   0.0012777106
   0.0015140366
   0.0034474820
   0.0030354058
   0.0052383589
   0.0065915350
   0.0012796050
   0.0005100603
   0.0064988890
   0.0072348819
   0.0058013810
   0.0062475916
   0.0064872896
   0.0060839569
   0.0063968512
   0.0080221020
   0.0101811636
   0.0097814442
   0.0099781462
   0.0116965553
   0.0103787010
   0.0051876196
   0.0045568255
   0.0053825929
   0.0047413801
   0.0043167421
   0.0043316006
   0.0043065306
   0.0041038250
   0.0058015793
   0.0073666990
   0.0072632979
   0.0081873807
   0.0083026552
   0.0093198718
   0.0096907586
   0.0094215865
   0.0094571555
   0.0095444907
   0.0093807402
   0.0097131287
   0.0108525790
   0.0114261201
   0.0105066085
   0.0102625443
   0.0091473888
   0.0086777523
   0.0087543212
   0.0091744415
   0.0100496740
   0.0117392506
   0.0136801334
   0.0132581775
   0.0137366624
   0.0126015560
   0.0106533063
   0.0075654883
   0.0081251422
   0.0125874393
   0.0137659583
   0.0127833015
   0.0128505210
   0.0128122588
   0.0094547162
   0.0070114235
   0.0066153931
   0.0066869388
   0.0063140426
   0.0069833328
   0.0109982967
   0.0084231936
   0.0040801985
   0.0026478561
   0.0020376279
  -0.0006239971
  -0.0011713463
  -0.0009273418
  -0.0024660816
  -0.0040260955
  -0.0060391187
  -0.0070911714
  -0.0079639713
  -0.0079975577
  -0.0080209859
  -0.0070245444
  -0.0073456387
  -0.0068896131
  -0.0055847571
  -0.0054814117
  -0.0057755625
  -0.0057367078
  -0.0057838962
  -0.0079170680
  -0.0082327380
  -0.0078687613
  -0.0090406062
  -0.0090773914
  -0.0088310306
  -0.0089999448
  -0.0092272570
  -0.0092457309
  -0.0093569199
  -0.0095363264
  -0.0096518971
  -0.0098284411
  -0.0104950225
  -0.0150492037
  -0.0145394315
  -0.0097686374
  -0.0105231555
  -0.0117077693
  -0.0113055305
  -0.0113623936
  -0.0119232126
  -0.0121542873
  -0.0108273842
  -0.0069222638
  -0.0065149882
  -0.0049650857
  -0.0008827034
  -0.0036342152
  -0.0084941088
  -0.0078603096
  -0.0059187941
  -0.0061109895
  -0.0075891838
  -0.0074420539
  -0.0078810090
  -0.0075940869
  -0.0069377750
  -0.0084058402
  -0.0091181776
  -0.0087140341
  -0.0087307036
  -0.0088969357
  -0.0088605381
  -0.0088219974
  -0.0088799677
  -0.0089825847
  -0.0090546671
  -0.0090806461
  -0.0090771910
  -0.0090856516
  -0.0091822628
  -0.0092542985
  -0.0093204198
  -0.0094477459
  -0.0096913088
  -0.0098286460
  -0.0099681663
  -0.0100433675
  -0.0102432239
  -0.0104326771
  -0.0087919686
  -0.0068426007
  -0.0062516170
  -0.0108812645
  -0.0102285570
  -0.0047363679
  -0.0050510844
  -0.0055457687
  -0.0027789024
  -0.0018893418
  -0.0015153438
  -0.0003087756
  -0.0000982158
  -0.0004011219
  -0.0004997307
   0.0008704865
   0.0052796730
   0.0040103793
  -0.0013139154
   0.0006502836
   0.0046856486
   0.0048668996
   0.0039313399
   0.0042026193
   0.0065048992
   0.0060810543
   0.0077024089
   0.0092096028
   0.0095127890
   0.0081331885
   0.0092214450
   0.0095774199
   0.0091920645
   0.0094038299
   0.0138230241
   0.0157876025
   0.0147047414
   0.0149043393
   0.0175627723
   0.0194396612
   0.0210928446
   0.0203780411
   0.0202441234
   0.0215415501
   0.0214062468
   0.0211372573
   0.0212846145
   0.0213186264
   0.0199128153
   0.0177566340
   0.0186280728
   0.0175746902
   0.0161585517
   0.0120830803
   0.0103637512
   0.0148410605
   0.0147836494
   0.0134987733
   0.0135804079
   0.0102972869
   0.0070665491
   0.0075063707
   0.0076087226
   0.0070260837
   0.0068007430
   0.0071577961
   0.0113293129
   0.0093159444
   0.0042362792
   0.0018632181
   0.0025829533
   0.0017983383
   0.0000152454
  -0.0009049497
  -0.0030173350
  -0.0048685079
  -0.0044178242
  -0.0060853002
  -0.0073041375
  -0.0070441344
  -0.0070655689
  -0.0085254163
  -0.0085333890
  -0.0088520663
  -0.0099779034
  -0.0098991112
  -0.0109230242
  -0.0109825872
  -0.0089751465
  -0.0106049907
  -0.0094919270
  -0.0083105544
  -0.0091731740
  -0.0103053131
  -0.0089577307
  -0.0088544343
  -0.0092833516
  -0.0091762392
  -0.0090677346
  -0.0091575893
  -0.0093513953
  -0.0093720256
  -0.0092585912
  -0.0110571268
  -0.0133439445
  -0.0080365238
  -0.0056889580
  -0.0093412194
  -0.0098594345
  -0.0088143231
  -0.0091225928
  -0.0094550370
  -0.0093846342
  -0.0093301435
  -0.0093784346
  -0.0076467286
  -0.0040084457
  -0.0072253743
  -0.0094850524
  -0.0096904735
  -0.0094041373
  -0.0074060839
  -0.0065984897
  -0.0065146029
  -0.0060386843
  -0.0045310827
  -0.0042943252
  -0.0035217364
  -0.0023265680
  -0.0016523856
   0.0003568098
   0.0006734025
   0.0002036775
   0.0002467412
   0.0013684377
   0.0008214197
   0.0023088002
   0.0021242006
   0.0029870189
   0.0041153933
   0.0052575457
   0.0049025131
   0.0045718622
   0.0046427061
   0.0045478235
   0.0042395138
   0.0040085193
   0.0038292665
   0.0037281510
   0.0036848921
   0.0034661163
   0.0033628934
   0.0025552034
   0.0008801265
   0.0036516689
   0.0076870269
   0.0082082204
   0.0086689397
   0.0089799248
   0.0090761373
   0.0090158525
   0.0089867682
   0.0091444818
   0.0110932883
   0.0131312212
   0.0157305255
   0.0159695040
   0.0138012889
   0.0120821892
   0.0144168213
   0.0135070089
   0.0106682606
   0.0088281658
   0.0089763049
   0.0088643051
   0.0083082087
   0.0080877755
   0.0079413584
   0.0076151628
   0.0082180154
   0.0076115517
   0.0063049003
   0.0102015511
   0.0129512289
   0.0114503593
   0.0107911225
   0.0108995558
   0.0095937442
   0.0087487833
   0.0070860277
   0.0079297300
   0.0072862004
   0.0061646025
   0.0055696514
   0.0046746618
   0.0033422431
   0.0024253912
   0.0039833401
   0.0018159053
   0.0014184766
   0.0008109615
   0.0000919989
  -0.0014951929
  -0.0066648805
  -0.0081899915
  -0.0051662430
  -0.0035288627
  -0.0059158825
  -0.0066870568
  -0.0060425248
  -0.0061817688
  -0.0064409521
  -0.0065285524
  -0.0065219898
  -0.0065260486
  -0.0060474323
  -0.0033231721
  -0.0030228396
  -0.0076686220
  -0.0091892688
  -0.0078611138
  -0.0075794779
  -0.0087650541
  -0.0076735296
  -0.0074736353
  -0.0079569341
  -0.0080675773
  -0.0081864918
  -0.0084549087
  -0.0086744152
  -0.0076859621
  -0.0073708669
  -0.0069889131
  -0.0049349589
  -0.0041942389
  -0.0037538314
  -0.0038903644
  -0.0040460174
  -0.0034678026
  -0.0013512999
  -0.0006546630
   0.0010814230
   0.0012435573
   0.0007371716
   0.0007801092
   0.0015090910
   0.0036038344
   0.0055399590
   0.0064924110
   0.0062699083
   0.0071246954
   0.0083822070
   0.0068850464
   0.0055564793
   0.0024554000
   0.0067157646
   0.0104485981
   0.0103792869
   0.0112697677
   0.0118568285
   0.0115267656
   0.0122836205
   0.0132459923
   0.0129399057
   0.0148738249
   0.0163921860
   0.0191085492
   0.0195919839
   0.0163525828
   0.0163092994
   0.0170286540
   0.0186316660
   0.0179214404
   0.0166099104
   0.0172162760
   0.0172887372
   0.0155503839
   0.0152954755
   0.0154232115
   0.0160819761
   0.0155125338
   0.0144188084
   0.0146527345
   0.0146260784
   0.0139539100
   0.0114023889
   0.0103344687
   0.0094083565
   0.0079948377
   0.0073884609
   0.0063739710
   0.0064208787
   0.0045796166
   0.0020954714
   0.0006246204
   0.0007538921
   0.0006589332
  -0.0008787150
  -0.0014029352
  -0.0017080610
  -0.0017562875
  -0.0027005824
  -0.0038582305
  -0.0077885256
  -0.0080576153
  -0.0053812964
  -0.0052405175
  -0.0069015778
  -0.0068019838
  -0.0064790940
  -0.0068715936
  -0.0097524535
  -0.0109290589
  -0.0103959274
  -0.0119221834
  -0.0088647417
  -0.0073186106
  -0.0127465519
  -0.0152370976
  -0.0139998733
  -0.0121959445
  -0.0117378783
  -0.0112693712
  -0.0123827735
  -0.0128751700
  -0.0128368120
  -0.0120940582
  -0.0124158185
  -0.0112536484
  -0.0103876562
  -0.0109386601
  -0.0110480112
  -0.0110447967
  -0.0109663877
  -0.0098747763
  -0.0102775676
  -0.0112894691
  -0.0096409616
  -0.0065091897
  -0.0083048383
  -0.0080905200
  -0.0070704408
  -0.0086025021
  -0.0081508872
  -0.0074433281
  -0.0083650340
  -0.0085453671
  -0.0086950656
  -0.0084673079
  -0.0087039963
  -0.0098358904
  -0.0110752822
  -0.0110703658
  -0.0133093312
  -0.0147591652
  -0.0091791129
  -0.0072687534
  -0.0099237157
  -0.0099954284
  -0.0097002061
  -0.0091164044
  -0.0093957569
  -0.0098200629
  -0.0099567117
  -0.0101453986
  -0.0098069264
  -0.0056658238
  -0.0072905978
  -0.0114266414
  -0.0115204346
  -0.0109462274
  -0.0116225994
  -0.0118986326
  -0.0118141198
  -0.0119234420
  -0.0119693763
  -0.0113028907
  -0.0111229652
  -0.0123546360
  -0.0122695997
  -0.0119739207
  -0.0120295230
  -0.0119999843
  -0.0120278344
  -0.0110419409
  -0.0089061894
  -0.0087785626
  -0.0080531332
  -0.0087200577
  -0.0067474753
  -0.0057217758
  -0.0062955954
  -0.0063703221
  -0.0052056658
  -0.0043382613
  -0.0035910365
  -0.0038271012
  -0.0026119507
  -0.0010279428
  -0.0016339208
  -0.0021068398
  -0.0020224770
  -0.0024780397
  -0.0063119129
  -0.0074404232
  -0.0012840884
   0.0001253193
  -0.0015564523
  -0.0007216506
   0.0017465473
   0.0014140980
   0.0006940023
   0.0008493616
   0.0007314218
   0.0003630767
   0.0021912152
   0.0064849929
   0.0054222942
   0.0037702982
   0.0054523052
   0.0066167787
   0.0059597585
   0.0058281998
   0.0083171884
   0.0095523209
   0.0112506321
   0.0125454235
   0.0132834793
   0.0142570917
   0.0172814417
   0.0206505747
   0.0189710449
   0.0174879409
   0.0183973367
   0.0206749676
   0.0211486741
   0.0221200544
   0.0227905877
   0.0229843715
   0.0234942818
   0.0225276352
   0.0190820044
   0.0198811492
   0.0211436619
   0.0188419901
   0.0159721126
   0.0157176385
   0.0152466676
   0.0123086928
   0.0116307236
   0.0124099865
   0.0108355664
   0.0065065321
   0.0019719972
   0.0021281382
   0.0047233383
   0.0041156049
   0.0014725931
   0.0003556590
   0.0014499256
   0.0015476996
   0.0000997979
   0.0012744576
   0.0006126104
   0.0012114241
   0.0047238462
   0.0063453924
   0.0024518647
   0.0000984782
   0.0030493910
   0.0021387800
   0.0016395127
   0.0023455320
   0.0033637310
   0.0031498026
   0.0030209126
   0.0043478892
   0.0051851313
   0.0030262367
   0.0041566829
   0.0043551714
   0.0039115784
   0.0055012178
   0.0046356533
   0.0052960196
   0.0054106881
   0.0049724927
   0.0046789478
   0.0044636716
   0.0041489150
   0.0038222939
   0.0035151715
   0.0037300311
   0.0045462085
   0.0041046938
   0.0037249409
   0.0042665642
   0.0034109150
   0.0016986571
   0.0026783861
   0.0023881582
   0.0004689638
  -0.0009820549
  -0.0054446487
  -0.0046136307
   0.0006584126
   0.0005040819
  -0.0014881205
  -0.0021761569
   0.0001579593
  -0.0020205558
  -0.0057859300
  -0.0062046112
  -0.0056229614
  -0.0059557888
  -0.0043667552
  -0.0022648931
  -0.0057957495
  -0.0088453744
  -0.0078163156
  -0.0086902605
  -0.0105033472
  -0.0112395206
  -0.0102195617
  -0.0106535246
  -0.0101996554
  -0.0102127117
  -0.0106320634
  -0.0107710535
  -0.0111056585
  -0.0110869328
  -0.0105628613
  -0.0121096451
  -0.0120935302
  -0.0098347275
  -0.0110198893
  -0.0116255978
  -0.0116333879
  -0.0109480675
  -0.0113962941
  -0.0116956553
  -0.0117068604
  -0.0118532352
  -0.0119875852
  -0.0120157628
  -0.0121728080
  -0.0122047638
  -0.0121785866
  -0.0121969068
  -0.0114855607
  -0.0115231056
  -0.0116665800
  -0.0085222931
  -0.0105813219
  -0.0129293021
  -0.0078077636
  -0.0054194874
  -0.0067277115
  -0.0066760344
  -0.0062280863
  -0.0064553829
  -0.0054743278
  -0.0023896908
  -0.0017588718
  -0.0012554374
   0.0013268828
   0.0060674500
   0.0050601086
   0.0024057144
   0.0040889822
   0.0043935183
   0.0034230535
   0.0035844650
   0.0059095204
   0.0065056165
   0.0065951326
   0.0056982495
   0.0077163807
   0.0082732345
   0.0074888435
   0.0073372404
   0.0074281132
   0.0083538422
   0.0090497819
   0.0082888548
   0.0077954826
   0.0096641715
   0.0095247916
   0.0090886768
   0.0080378983
   0.0085775880
   0.0078468969
   0.0056892275
   0.0069375723
   0.0079864082
   0.0079575156
   0.0084487470
   0.0062284427
   0.0056720211
   0.0061732993
   0.0060264856
   0.0041708084
   0.0020808177
  -0.0021383293
  -0.0017886678
   0.0012535622
   0.0019196936
  -0.0005414549
  -0.0009056276
  -0.0004587529
  -0.0008165345
  -0.0010933614
  -0.0011052816
  -0.0013587236
  -0.0016346156
   0.0016279934
   0.0038551162
  -0.0012149703
  -0.0037188037
  -0.0027651911
  -0.0025157605
  -0.0027731327
  -0.0040243958
  -0.0030639153
  -0.0038868781
  -0.0033372308
  -0.0011576832
  -0.0004436398
  -0.0015243683
  -0.0022665705
   0.0001768664
   0.0005141013
  -0.0002084222
  -0.0001636839
  -0.0002060769
  -0.0004055019
   0.0000989052
   0.0012742538
   0.0022772009
   0.0032669572
   0.0050934076
   0.0048201544
   0.0045431856
   0.0054622428
   0.0048495261
   0.0048236942
   0.0049231122
   0.0059026904
   0.0058251635
   0.0055665060
   0.0055888070
   0.0055995777
   0.0044988819
  -0.0004018005
  -0.0003346326
   0.0050385538
   0.0052528966
   0.0022151705
   0.0021640126
   0.0024138765
   0.0023405666
   0.0019823691
   0.0024244489
   0.0021929911
   0.0016920922
   0.0045190601
   0.0061674339
   0.0009774224
  -0.0031579781
  -0.0028888416
  -0.0007712698
   0.0010926268
  -0.0005181919
   0.0000651029
   0.0000898329
  -0.0007812034
   0.0001488544
  -0.0004877494
  -0.0032311721
  -0.0034491594
  -0.0030983437
  -0.0034457533
  -0.0035567641
  -0.0034508591
  -0.0028081448
  -0.0019411845
  -0.0033478523
  -0.0032801650
  -0.0047431087
  -0.0051647037
  -0.0035680026
  -0.0032921386
  -0.0037770146
  -0.0029869966
  -0.0012722596
  -0.0022055250
  -0.0019633429
  -0.0026808833
  -0.0036276948
  -0.0044591851
  -0.0047421286
  -0.0038228375
  -0.0050477874
  -0.0106496908
  -0.0094430277
  -0.0046287788
  -0.0046764929
  -0.0068235987
  -0.0064506090
  -0.0071399682
  -0.0070118757
  -0.0053077860
  -0.0067537484
  -0.0081302235
  -0.0078444598
  -0.0048380782
  -0.0028625687
  -0.0058006370
  -0.0061600336
  -0.0056059065
  -0.0061666408
  -0.0064492323
  -0.0063010130
  -0.0062471617
  -0.0053951435
  -0.0056171406
  -0.0061506374
  -0.0066452014
  -0.0052520479
  -0.0053162556
  -0.0054880346
  -0.0022707674
  -0.0022388184
  -0.0041054000
  -0.0038468872
  -0.0032387484
  -0.0022855769
  -0.0024899420
  -0.0028160686
  -0.0022388318
  -0.0021951247
  -0.0020505675
  -0.0007729707
  -0.0008512661
  -0.0012151211
  -0.0011026038
  -0.0012098545
  -0.0013522259
  -0.0015267262
  -0.0017593175
  -0.0019864413
  -0.0021830684
  -0.0030094313
  -0.0078937044
  -0.0072341356
  -0.0025326172
  -0.0029669789
  -0.0041902180
  -0.0038529621
  -0.0038582817
  -0.0044067194
  -0.0046834655
  -0.0048146321
  -0.0050586517
  -0.0052706711
  -0.0020672332
   0.0003637394
  -0.0045251750
  -0.0068596779
  -0.0059398165
  -0.0057367724
  -0.0045081690
  -0.0066878454
  -0.0032144425
  -0.0005662141
  -0.0011800137
  -0.0021225058
  -0.0020980591
  -0.0008695360
  -0.0010221838
  -0.0012164835
  -0.0010380505
  -0.0010818113
  -0.0010928313
  -0.0010043924
  -0.0009468419
   0.0004282621
   0.0021568021
   0.0052236987
   0.0053107087
   0.0048968281
   0.0052880668
   0.0054595673
   0.0060393593
   0.0069910071
   0.0062379303
   0.0062854194
   0.0067383998
   0.0062800976
   0.0093576595
   0.0105117789
   0.0106045964
   0.0094680042
   0.0052151868
   0.0085737542
   0.0157450343
   0.0163965879
   0.0135257257
   0.0150687069
   0.0157333235
   0.0148508756
   0.0145712157
   0.0144202764
   0.0140718689
   0.0138450891
   0.0166320622
   0.0196372120
   0.0157613229
   0.0119702874
   0.0126380183
   0.0127155563
   0.0119168593
   0.0118516892
   0.0118826113
   0.0115766740
   0.0113072792
   0.0111910646
   0.0111377100
   0.0109634673
   0.0096091885
   0.0095045711
   0.0101441021
   0.0091736306
   0.0065919716
   0.0064594840
   0.0050128734
   0.0047703908
   0.0050179079
   0.0049274628
   0.0058747110
   0.0057390045
   0.0047679761
   0.0049711138
   0.0052269622
   0.0050945281
   0.0051230265
   0.0050060612
   0.0038379120
   0.0049466897
   0.0029474089
  -0.0003982037
  -0.0003524080
  -0.0003890422
  -0.0029204632
  -0.0037847847
  -0.0004938173
  -0.0008320762
  -0.0025864151
  -0.0023839034
  -0.0023771046
  -0.0027640617
  -0.0030252878
  -0.0032816731
  -0.0035187023
  -0.0038331827
  -0.0029591799
  -0.0011021861
  -0.0029386253
  -0.0074703295
  -0.0069507689
  -0.0054336798
  -0.0056452625
  -0.0062185385
  -0.0060682074
  -0.0061333218
  -0.0064796777
  -0.0065005620
  -0.0054604228
  -0.0057237896
  -0.0057007289
  -0.0028679908
  -0.0030340335
  -0.0040409005
  -0.0044513170
  -0.0042758691
  -0.0046570500
  -0.0067464550
  -0.0050901352
  -0.0040132174
  -0.0048685636
  -0.0058106771
  -0.0054108352
  -0.0061978637
  -0.0075460720
  -0.0061711652
  -0.0065254404
  -0.0075346531
  -0.0068994504
  -0.0059104270
  -0.0069157747
  -0.0051876664
  -0.0061794810
  -0.0068970757
  -0.0107879213
  -0.0085679489
  -0.0054602423
  -0.0058774956
  -0.0075575422
  -0.0078629694
  -0.0065048123
  -0.0072640486
  -0.0081927048
  -0.0067732760
  -0.0055801526
  -0.0053942525
  -0.0029661257
  -0.0016509800
  -0.0069605238
  -0.0094712833
  -0.0054103696
  -0.0064574145
  -0.0066722719
  -0.0058890883
  -0.0074421853
  -0.0082405125
  -0.0063960448
  -0.0051160428
  -0.0059845166
  -0.0063951471
  -0.0062814453
  -0.0063548109
  -0.0061154783
  -0.0039202417
  -0.0037087459
  -0.0026143521
  -0.0009868238
  -0.0012883036
  -0.0016516347
  -0.0008231497
   0.0002499822
   0.0011699932
   0.0013532896
   0.0013982016
   0.0027208118
   0.0030568670
   0.0035409522
   0.0045857226
   0.0032508557
   0.0040673917
   0.0049533682
   0.0047296938
   0.0046251276
   0.0046471748
   0.0016079114
   0.0039417876
   0.0074651769
   0.0084106118
   0.0085810230
   0.0075944188
   0.0065450460
   0.0086537560
   0.0090126469
   0.0073837561
   0.0075297901
   0.0070233459
   0.0087122765
   0.0106622548
   0.0068279449
   0.0031545386
   0.0038049761
   0.0039699697
   0.0031163833
   0.0028916061
   0.0027173834
   0.0024337650
   0.0021901221
   0.0019816318
   0.0016893322
   0.0012989400
   0.0010794515
   0.0008820122
   0.0006351309
   0.0004097271
   0.0001619366
  -0.0001603778
  -0.0003720601
  -0.0004839147
   0.0003320031
   0.0009549356
   0.0007883751
   0.0016653579
   0.0007446418
   0.0005184298
  -0.0000121222
   0.0009319990
   0.0014079187
   0.0001074004
   0.0012021813
   0.0016412696
   0.0023380048
   0.0023376483
   0.0015398627
   0.0003578666
  -0.0015552142
  -0.0009678489
   0.0038356042
   0.0052895037
   0.0042847953
   0.0045293028
   0.0049077726
   0.0047379139
   0.0045911693
   0.0049856715
   0.0072930727
   0.0082107733
   0.0099706212
   0.0115536089
   0.0101949060
   0.0069524263
   0.0065643776
   0.0072087337
   0.0086639141
   0.0065347810
   0.0054086944
   0.0053633571
   0.0038324253
   0.0037411894
   0.0037630650
   0.0024643975
   0.0009357991
   0.0008264057
   0.0007501586
   0.0003641515
   0.0001181258
  -0.0000473915
  -0.0002747230
  -0.0005121498
  -0.0012013491
  -0.0024952372
  -0.0020432830
  -0.0020578318
  -0.0034068473
  -0.0045608709
  -0.0031509142
  -0.0022516987
  -0.0033535061
  -0.0044224600
  -0.0022094989
  -0.0028603410
  -0.0046656064
  -0.0066741810
  -0.0055072102
  -0.0059503644
  -0.0109107119
  -0.0090093878
  -0.0043216096
  -0.0045898015
  -0.0074344843
  -0.0059342897
  -0.0063755303
  -0.0066762482
  -0.0048495506
  -0.0062009334
  -0.0057534152
  -0.0032295838
  -0.0002952793
  -0.0007491303
  -0.0029396723
  -0.0027176441
  -0.0015973705
  -0.0020342330
  -0.0025381864
  -0.0027507025
  -0.0030200416
  -0.0034213137
  -0.0037286812
  -0.0040597531
  -0.0042945346
  -0.0045890619
  -0.0049081803
  -0.0053366876
  -0.0055984082
  -0.0054560833
  -0.0044469219
  -0.0038885400
  -0.0045154691
  -0.0035300188
  -0.0035572029
  -0.0024934394
  -0.0006449493
  -0.0010209791
  -0.0013780418
  -0.0011492805
  -0.0011308239
  -0.0007964686
  -0.0002237281
  -0.0008466555
   0.0014393513
   0.0020444543
   0.0022101670
   0.0040953444
   0.0042543344
   0.0035079985
  -0.0006824969
   0.0015465544
   0.0059431424
   0.0053134666
   0.0046527996
   0.0052424378
   0.0053411986
   0.0051164705
   0.0049693584
   0.0049433505
   0.0048810964
   0.0046915341
   0.0055627145
   0.0083941004
   0.0045866115
   0.0007765175
   0.0010233794
   0.0032898441
   0.0032970862
   0.0024142062
   0.0022180825
   0.0007895371
   0.0005289051
   0.0017516176
   0.0014113038
   0.0007825409
   0.0007414658
   0.0005053680
   0.0000846475
  -0.0000902765
  -0.0001925612
  -0.0003417386
  -0.0005358022
  -0.0007105700
  -0.0007119353
  -0.0006924427
  -0.0007908545
  -0.0008606672
  -0.0009955302
  -0.0010551932
  -0.0010987751
  -0.0010916976
  -0.0010831200
  -0.0016822268
  -0.0018438288
  -0.0007683438
  -0.0007685610
  -0.0009005728
  -0.0007273385
  -0.0008626102
  -0.0049572199
  -0.0051867530
  -0.0001759878
  -0.0003729423
  -0.0014446745
  -0.0008926301
  -0.0007018946
  -0.0009610447
  -0.0011698983
  -0.0011525988
  -0.0012699089
  -0.0013592994
   0.0007229562
   0.0038263928
  -0.0007477721
  -0.0029438603
  -0.0018298730
  -0.0020727081
  -0.0027580560
  -0.0028145805
  -0.0028902361
  -0.0022458400
  -0.0019323923
  -0.0033529536
  -0.0027329325
  -0.0009249436
  -0.0028283652
  -0.0026616052
  -0.0011681561
  -0.0022047809
  -0.0030149938
  -0.0018405987
   0.0004379103
  -0.0000418380
  -0.0004442400
  -0.0002078600
   0.0003149328
   0.0026748508
   0.0049167166
   0.0048240640
   0.0045330141
   0.0058699438
   0.0058161348
   0.0059332961
   0.0056022932
   0.0063133787
   0.0074342482
   0.0061143243
   0.0056626293
   0.0053766139
   0.0034106343
   0.0057539632
   0.0090053847
   0.0092642071
   0.0086149101
   0.0087203361
   0.0086381646
   0.0081389715
   0.0078644285
   0.0077654894
   0.0084634585
   0.0073394191
   0.0102206778
   0.0110899045
   0.0063810594
   0.0050788655
   0.0057070688
   0.0051611283
   0.0046661455
   0.0046312403
   0.0043810145
   0.0039777932
   0.0037722942
   0.0035890762
   0.0034242720
   0.0033201959
   0.0031045945
   0.0029481819
   0.0028761440
   0.0014128507
  -0.0007641772
   0.0004006953
   0.0007344770
   0.0000603812
  -0.0017839899
  -0.0012019282
  -0.0011566656
  -0.0018977654
  -0.0017560888
  -0.0015376625
  -0.0016250552
  -0.0015917624
  -0.0018827885
  -0.0027077689
  -0.0022664837
  -0.0025819308
  -0.0026673325
  -0.0022866595
  -0.0031361894
  -0.0044649191
  -0.0059797004
  -0.0033610177
  -0.0004574629
  -0.0012603855
  -0.0026861651
  -0.0026351406
  -0.0012291063
  -0.0005509946
  -0.0002677261
  -0.0006748473
   0.0004245346
   0.0004543718
   0.0013082126
   0.0042644190
   0.0026353834
  -0.0012043490
   0.0004795626
   0.0015712023
   0.0005828487
   0.0004356942
   0.0006282421
   0.0003818618
   0.0001266081
  -0.0000229236
  -0.0008422026
  -0.0008940455
   0.0002209690
   0.0017442098
   0.0020462289
   0.0004183629
   0.0012955241
   0.0007243897
  -0.0002347822
   0.0008264159
   0.0006557561
   0.0001526772
   0.0011025254
   0.0002475393
  -0.0012150696
  -0.0011818834
  -0.0017547277
  -0.0013299830
  -0.0008778496
  -0.0019235884
  -0.0023461179
  -0.0021598710
  -0.0022836700
  -0.0024659390
  -0.0025677652
  -0.0030216455
  -0.0057477012
  -0.0066235798
  -0.0036430456
  -0.0029601266
  -0.0050425970
  -0.0058503650
  -0.0050418017
  -0.0049905812
  -0.0064644940
  -0.0071134568
  -0.0072500745
  -0.0072859554
  -0.0056594727
  -0.0034159874
  -0.0049477345
  -0.0075674798
  -0.0073619474
  -0.0061619316
  -0.0058127154
  -0.0047857639
  -0.0045751301
  -0.0046991437
  -0.0046719530
  -0.0045726107
  -0.0045330831
  -0.0044936626
  -0.0039794617
  -0.0038532851
  -0.0036233598
  -0.0029549807
  -0.0030939129
  -0.0026353055
  -0.0030703065
  -0.0031284171
  -0.0023206291
  -0.0027435873
  -0.0023457102
  -0.0020126026
  -0.0025880457
  -0.0029814319
  -0.0022406406
  -0.0018411761
  -0.0021408359
  -0.0032459215
  -0.0035902190
  -0.0033183158
  -0.0027379469
  -0.0018731492
  -0.0024662754
  -0.0031588491
  -0.0045634728
  -0.0038097901
  -0.0020347215
  -0.0009280164
  -0.0015033652
  -0.0019938431
  -0.0009207217
  -0.0011568405
  -0.0021285956
  -0.0020975182
  -0.0025229937
  -0.0028133998
  -0.0010734785
  -0.0007356044
  -0.0022176229
  -0.0031737855
  -0.0025697166
  -0.0017222393
  -0.0019894074
  -0.0027756745
  -0.0027727429
  -0.0018761848
  -0.0020123433
  -0.0021768071
  -0.0020305885
  -0.0019663273
  -0.0019833936
  -0.0019218682
  -0.0018447849
  -0.0017915479
  -0.0017355242
  -0.0016726573
  -0.0016118982
  -0.0015060193
  -0.0014041383
  -0.0011829843
  -0.0006880538
  -0.0002108491
  -0.0000511502
  -0.0000437921
   0.0006508940
   0.0012331760
   0.0010242538
   0.0010068059
   0.0010913577
   0.0010666405
   0.0010749443
   0.0010574608
   0.0009904758
   0.0006573215
  -0.0007961741
   0.0000458577
   0.0013717128
   0.0011428432
   0.0005855535
   0.0010283094
   0.0013282022
   0.0013980486
   0.0012803515
   0.0012077389
   0.0011678587
   0.0010795578
   0.0014858120
   0.0017777108
   0.0012133472
   0.0001412542
   0.0007957602
   0.0015020667
   0.0012680464
   0.0011256930
   0.0012097758
   0.0011788410
   0.0011016441
   0.0010575686
   0.0010624799
   0.0014700727
   0.0021352135
   0.0022756616
   0.0021202554
   0.0021165593
   0.0021371302
   0.0020752085
   0.0017929607
   0.0019793373
   0.0020298071
   0.0019483457
   0.0019109583
   0.0019034431
   0.0018637574
   0.0018186821
   0.0017986713
   0.0017640818
   0.0017354462
   0.0020203001
   0.0021254911
   0.0019608266
   0.0017124118
   0.0015540892
   0.0014194321
   0.0013212889
   0.0007539970
   0.0010295554
   0.0014683525
   0.0013780699
   0.0010152008
   0.0010043833
   0.0010142111
   0.0009539746
   0.0010072545
   0.0008481193
   0.0007742897
   0.0008041797
   0.0011966509
   0.0011617903
   0.0006229779
   0.0005415992
   0.0006141428
   0.0005396625
   0.0004907543
   0.0004930597
   0.0004788934
   0.0004543208
   0.0004450947
   0.0004316303
   0.0004211793
   0.0004070644
   0.0003994202
   0.0003923441
   0.0003839511
   0.0003790835
   0.0003777580
   0.0003752767
   0.0003724235
   0.0003700697
   0.0003676385
   0.0003650011
   0.0003665933
   0.0003617891
   0.0003400670
   0.0002849439
   0.0002528420
   0.0002885190
   0.0003403742
   0.0003513904
   0.0003371267
   0.0003409106
   0.0003506680
   0.0004234983
   0.0004338796
   0.0003516031
   0.0002900824
   0.0003354419
   0.0004692071
   0.0004654112
   0.0004254782
   0.0004198193
   0.0004088122
   0.0003874374
   0.0003709463
   0.0003575356
   0.0003430853
   0.0003410040
   0.0004123905
   0.0004218349
   0.0003082151
   0.0002598661
   0.0002726167
   0.0002897075
   0.0002966743
   0.0002726410
   0.0002521581
   0.0002619507
   0.0002457311
   0.0002019398
   0.0002142616
   0.0002325100
   0.0002158355
   0.0002058748
   0.0002017488
   0.0001818964
   0.0001714366
   0.0001749432
   0.0001593150
   0.0001690714
   0.0001700533
   0.0001767177
   0.0001810836
   0.0001719478
   0.0001515121
   0.0001386558
   0.0001264249
   0.0001155099
   0.0001142782
   0.0001120414
   0.0001050563
   0.0001008463
   0.0000959993
   0.0000884065
   0.0000909209
   0.0000948802
   0.0000779920
   0.0000812424
   0.0000956897
   0.0000923400
   0.0000839886
   0.0000828501
   0.0000813918
   0.0000777702
   0.0000768975
   0.0000746424
   0.0000716151
   0.0000731958
   0.0000741344
   0.0000717701
   0.0000653262
   0.0000568096
   0.0000549297
   0.0000546237
   0.0000532018
   0.0000506332
   0.0000502169
   0.0000499033
   0.0000472787
   0.0000447579
   0.0000427208
   0.0000405862
   0.0000384187
   0.0000365094
   0.0000347423
   0.0000329591
   0.0000311808
   0.0000295390
   0.0000280260
   0.0000265537
   0.0000251371
   0.0000237823
   0.0000227229
   0.0000219201
   0.0000210317
   0.0000200577
   0.0000185232
   0.0000172705
   0.0000162024
   0.0000150987
   0.0000140438
   0.0000129730
   0.0000119871
   0.0000111447
   0.0000103293
   0.0000094683
   0.0000086470
   0.0000080758
   0.0000076842
   0.0000071959
   0.0000066284
   0.0000061144
   0.0000056876
   0.0000053023
   0.0000049336
   0.0000046147
   0.0000043429
   0.0000041103
   0.0000039308
   0.0000038063
   0.0000036700
   0.0000035783
   0.0000035559
   0.0000035685
   0.0000036153
   0.0000037034
   0.0000038301
   0.0000039934
   0.0000041937
   0.0000044308
   0.0000047040
   0.0000050124
   0.0000053564
   0.0000057358
   0.0000061499
   0.0000065981
   0.0000070800
   0.0000075952
   0.0000081433
   0.0000087241
   0.0000093372
   0.0000099822
   0.0000106587
   0.0000113664
   0.0000121049
   0.0000128738
   0.0000136727
   0.0000145014
   0.0000153593
   0.0000162462
   0.0000171617
   0.0000181054
   0.0000190769
