   0.0022181067
   0.0015933013
   0.0008584883
  -0.0001065293
  -0.0013137709
  -0.0000791561
   0.0015040468
   0.0014183845
   0.0014168780
   0.0002744454
  -0.0015382965
  -0.0004136019
   0.0003597658
   0.0000652505
   0.0010041533
   0.0018164046
   0.0012242227
  -0.0010543930
  -0.0003539671
   0.0009631759
   0.0016192551
   0.0012814158
  -0.0011302582
  -0.0014754607
  -0.0004198962
   0.0030747501
   0.0043855333
  -0.0000185516
  -0.0019465722
   0.0000604731
   0.0022413556
   0.0036696387
   0.0029954222
  -0.0017220068
  -0.0043997774
  -0.0003086189
   0.0046146836
   0.0025915663
  -0.0006880534
  -0.0017662121
  -0.0035479692
  -0.0013807928
   0.0004433743
  -0.0006846561
  -0.0031265135
  -0.0013439107
   0.0049710410
   0.0004747891
  -0.0029369066
  -0.0018504648
  -0.0058705127
  -0.0002923921
   0.0051840373
  -0.0002542905
  -0.0061216148
  -0.0018258463
   0.0029571941
  -0.0034953564
  -0.0051779404
  -0.0033285833
  -0.0033145223
   0.0014223512
   0.0015483119
   0.0002642876
  -0.0019332183
  -0.0044256560
   0.0004250018
   0.0017344969
   0.0056337763
   0.0056867788
  -0.0003384540
  -0.0000875666
   0.0074176572
   0.0139428268
   0.0088117159
   0.0023861925
  -0.0033116678
  -0.0010552804
   0.0027608993
  -0.0047824077
  -0.0115398023
  -0.0090540752
  -0.0045869405
  -0.0052984198
  -0.0083685125
  -0.0079575200
  -0.0068188635
  -0.0053741590
   0.0005326209
   0.0064107482
   0.0054238149
   0.0009604366
   0.0047989514
   0.0072681611
   0.0007318828
  -0.0075823690
  -0.0104387621
  -0.0060787329
  -0.0040717714
  -0.0054857786
  -0.0079880197
  -0.0059301786
   0.0042501853
   0.0101691266
   0.0071380588
   0.0037075768
   0.0067871338
   0.0122955902
   0.0130905010
   0.0120270063
   0.0111918850
   0.0071623256
   0.0016293884
  -0.0043695334
  -0.0098626979
  -0.0147160369
  -0.0153310517
  -0.0092002662
  -0.0042196530
   0.0030594926
   0.0092920090
   0.0051950326
   0.0018220138
   0.0051827827
   0.0064382710
   0.0029950061
  -0.0061289254
  -0.0131078053
  -0.0084627435
   0.0008237590
   0.0005675876
  -0.0071111759
  -0.0090547070
  -0.0111045657
  -0.0077187495
  -0.0041230489
  -0.0070521654
  -0.0074312595
  -0.0053426187
   0.0036129487
   0.0159460483
   0.0162918536
   0.0049527178
   0.0026172318
   0.0051885451
   0.0056064982
   0.0034873841
   0.0024093643
   0.0062492379
   0.0077119991
   0.0050529496
   0.0025954668
   0.0022081429
  -0.0036259274
  -0.0038209241
   0.0006440107
  -0.0012781081
  -0.0086608421
  -0.0043429007
   0.0031195727
  -0.0035687797
  -0.0090181775
  -0.0043155864
   0.0051218297
   0.0071699381
   0.0005897872
  -0.0007507136
   0.0061006465
   0.0050772899
   0.0039790460
  -0.0037521927
  -0.0177077616
  -0.0127980136
  -0.0010777388
   0.0015214708
   0.0018933495
  -0.0024538678
  -0.0071672178
   0.0035008949
   0.0158684100
   0.0133343205
   0.0013555723
  -0.0034446681
   0.0003870554
   0.0040199971
   0.0053581129
  -0.0014641879
  -0.0010145948
   0.0029114568
  -0.0036186630
  -0.0028935307
   0.0093963607
   0.0142895477
   0.0057604812
  -0.0047314837
  -0.0049817753
   0.0088198378
   0.0159995475
   0.0012665072
  -0.0174237769
  -0.0189268683
   0.0006210853
   0.0245756257
   0.0235949360
   0.0010750267
  -0.0137245604
  -0.0051403731
   0.0149216582
   0.0201662434
  -0.0003741065
  -0.0126514029
  -0.0012823395
   0.0047906827
  -0.0029561208
  -0.0086688271
  -0.0070412208
  -0.0031594642
  -0.0001218540
   0.0043618158
  -0.0003837592
   0.0013557355
   0.0086214990
   0.0284191414
   0.0533889411
   0.0707244016
   0.0305569177
  -0.0559472512
  -0.0846747974
  -0.0757253395
  -0.0666002006
  -0.0441998333
  -0.0206002653
   0.0269063963
   0.1124506698
   0.1429244833
   0.0693054478
  -0.0115661078
  -0.0820083104
  -0.1413525916
  -0.1551434686
  -0.0685303614
   0.0957925702
   0.1338694047
   0.0301789603
  -0.0699147881
  -0.0737107782
  -0.0294096208
   0.0233857070
   0.1013945815
   0.1509732104
   0.1025750639
   0.0160802587
  -0.0856490965
  -0.1474546966
  -0.1410986923
  -0.0465414815
   0.0900308589
   0.1121640472
   0.0054743092
  -0.0735286252
  -0.0527943217
   0.0128306190
   0.0679355969
   0.0508181671
  -0.0061601411
  -0.0157005699
  -0.0551597553
  -0.0558740636
   0.0786799175
   0.1397900365
   0.0717583276
  -0.0382173991
  -0.0925217919
  -0.1009989118
  -0.0540867337
  -0.0276245933
  -0.0749316978
  -0.1008539690
  -0.0313198576
   0.0682134540
   0.0816666295
   0.0689733663
   0.0518910800
  -0.0693387421
  -0.1287403841
   0.0022428241
   0.1071582145
   0.0750688995
  -0.0090229763
  -0.0268985554
   0.0155857849
   0.0639939660
  -0.0222262998
  -0.1103928251
  -0.0943212049
  -0.0860300180
  -0.0908106680
  -0.0600676541
   0.0696201978
   0.0806407891
  -0.0174364130
  -0.0050918113
   0.0882264332
   0.1348030581
   0.1165409782
   0.0837138233
   0.0765403283
   0.0439471396
  -0.0239782959
  -0.0398623242
  -0.0944311585
  -0.1918065886
  -0.1392775242
  -0.0074335247
   0.0229017120
   0.0259356868
   0.0272037150
   0.0383860822
   0.0473059895
   0.0520060734
   0.0562660621
   0.0610114599
   0.0400745355
  -0.0158395755
  -0.0385803637
  -0.0493273855
  -0.0633761231
  -0.0360217635
   0.0190046063
   0.0049493984
  -0.0276096005
  -0.0420364949
  -0.0075674405
   0.0555971583
   0.0713349838
   0.0141791227
  -0.0458956380
  -0.0347216103
  -0.0369763018
  -0.0633590544
  -0.0304913988
   0.0387403448
   0.0773533954
   0.1058338769
   0.0899525952
   0.0455708626
   0.0429592617
   0.0421737419
   0.0234475004
   0.0131433204
   0.0370933166
   0.0194238620
  -0.0402135955
  -0.0115657724
   0.0181222131
   0.0217219910
  -0.0209954998
  -0.0805747173
  -0.0924626907
  -0.0614109820
   0.0176389432
   0.0342356664
   0.0336821912
   0.0280656675
  -0.0040976608
  -0.0256485566
  -0.0303488218
  -0.0269080823
  -0.0299015655
   0.0455896082
   0.1409908236
   0.1636334603
   0.1106733743
   0.0489915875
   0.0547428655
  -0.0130855698
  -0.1533397952
  -0.1746095988
  -0.1321910040
  -0.0993160695
  -0.1224655078
  -0.1787662601
  -0.1892184650
  -0.1502762336
   0.0339899977
   0.1759729141
   0.1913436596
   0.2075352950
   0.1862043960
   0.0337918365
  -0.0593823797
  -0.0265961514
   0.0038480816
  -0.0234695183
  -0.1191613718
  -0.1198684103
  -0.0258217176
   0.0368980562
   0.0392597461
   0.0254938330
   0.0147938565
   0.0215917055
   0.0424590410
   0.0206732262
  -0.0241394645
  -0.0303061910
  -0.0383785042
  -0.0492134888
  -0.0587327926
  -0.0664287981
  -0.0362065000
  -0.0228616464
  -0.0302386779
  -0.0495170259
  -0.0052807375
   0.1025043600
   0.1521134460
   0.1101706518
   0.0132832415
  -0.0890749701
  -0.1289892072
  -0.0645155519
  -0.0417010776
  -0.0437377112
  -0.0244403819
   0.0144647029
   0.0564301766
   0.1098077960
   0.1274686212
   0.1088272786
   0.0878680281
   0.0827358530
   0.0616619172
  -0.0342685708
  -0.0684661296
  -0.0861135483
  -0.0611864157
   0.1141546326
   0.1926978197
   0.1087452440
  -0.0475053744
  -0.1131796446
  -0.0261062915
   0.0915108175
   0.1943881856
   0.2003787961
   0.1154147928
   0.0081303375
  -0.0914273325
  -0.1316163086
  -0.1207216608
  -0.0476170140
   0.0177793266
   0.0155447586
  -0.0247467924
  -0.1027634262
  -0.1531653924
  -0.1642149541
  -0.1655397449
  -0.1533118763
  -0.0641314396
   0.0432319611
   0.1187710503
   0.1404564656
   0.1435771342
   0.1212853880
   0.0652268236
   0.0552284649
   0.0801730922
   0.1173121035
   0.1535930600
   0.1759118187
   0.1859161419
   0.1752548168
   0.1253391662
   0.0248808125
  -0.1459506988
  -0.2125256273
  -0.2630709047
  -0.3615912840
  -0.4587081918
  -0.4007538758
   0.0478049593
   0.5528986852
   0.6824983930
   0.5334501404
   0.2953417745
   0.1769140912
  -0.0662692703
  -0.5959328568
  -0.8005831627
  -0.6436340265
  -0.3277824242
  -0.1173810850
  -0.1066335556
  -0.0178313212
   0.2024418983
   0.2274566492
   0.0439434594
  -0.1008405533
  -0.1308758217
  -0.1268713549
  -0.1373496658
  -0.0788000053
   0.0304994029
   0.1179119985
   0.1503169336
   0.1605328244
   0.2093030726
   0.2559403306
   0.0394626752
  -0.2121086559
  -0.2932625374
  -0.2151143854
   0.0390301308
   0.2958393302
   0.2848468754
   0.1003637556
   0.0650306204
   0.1050320227
   0.0799359805
  -0.0207036561
  -0.1376788920
  -0.2113252028
  -0.2391728214
  -0.2071034576
  -0.0631200120
   0.0064682458
  -0.0497735540
  -0.1310735205
  -0.1023179013
   0.0334616314
   0.1732742025
   0.3050346381
   0.3230381957
   0.2146116629
   0.0200300931
  -0.1121814512
  -0.0679325331
   0.0777438075
   0.1233898247
   0.0518099790
   0.0169797658
   0.0297279785
   0.0842629746
   0.1038345896
   0.0619396293
   0.0225095956
   0.0005644390
  -0.0495399956
  -0.0916014634
  -0.0805554097
  -0.0020005329
   0.0543937878
   0.0220895332
  -0.0264856358
  -0.0405542339
  -0.0367902781
  -0.0319732337
  -0.0249316195
  -0.0307048157
  -0.0441234369
  -0.0690476416
  -0.0257399640
   0.0346550308
   0.0073157938
  -0.0584364075
  -0.0948986197
  -0.0632518293
  -0.0357056266
  -0.0311077189
  -0.0316412973
  -0.0068226389
   0.0388362482
   0.0600822844
   0.0683554147
   0.0672393453
   0.0443658514
   0.0148177417
   0.0124359102
   0.0081142814
  -0.0117062283
  -0.0244656630
   0.0034355537
   0.0282643544
   0.0116780465
  -0.0001577229
   0.0093950100
   0.0316118464
   0.0475599614
   0.0661736660
   0.0578531732
  -0.0361776292
  -0.0854102625
  -0.0614080451
  -0.0386522006
  -0.0305510801
  -0.0006000809
   0.0349705695
   0.0443651806
   0.0256032880
  -0.0020873554
  -0.0018091937
   0.0228115373
   0.0356853763
   0.0360125357
   0.0054158979
  -0.0676572776
  -0.0941838763
  -0.0422350821
   0.0183687883
  -0.0391740676
  -0.1066719895
  -0.1166437708
  -0.1155465014
  -0.0686330270
  -0.0198703749
  -0.0172373091
  -0.0338171993
  -0.0523146957
  -0.0582220570
  -0.0570332080
  -0.0514997160
  -0.0541756483
  -0.0701952467
  -0.0832681896
  -0.0856269970
  -0.0787389915
  -0.0748595799
  -0.0771980644
  -0.0782356253
  -0.0727261908
  -0.0579144590
   0.0045209874
   0.0514843606
   0.0497219039
   0.0241854945
  -0.0145087387
  -0.0438858901
  -0.0593248739
  -0.0541381300
  -0.0127259954
   0.0205312565
   0.0198367000
   0.0133967302
   0.0088595670
   0.0150180511
   0.0276310836
   0.0446534711
   0.0514101578
   0.0418404549
   0.0284096689
   0.0308753298
   0.0429289769
   0.0591201681
   0.0709814917
   0.0753342384
   0.0739434392
   0.0764118739
   0.0795164166
   0.0838488042
   0.0630786230
   0.0267855108
   0.0303976528
   0.0491628812
   0.0685577455
   0.0784996227
   0.0756350198
   0.0624723375
   0.0487780165
   0.0425737898
   0.0435942911
   0.0468190213
   0.0416198226
   0.0318143132
   0.0247187828
   0.0298758946
   0.0415938888
   0.0446521930
   0.0418217818
   0.0539595302
   0.0671429886
   0.0633278903
   0.0521096093
   0.0425361626
   0.0459041860
   0.0641127938
   0.0895146846
   0.1057779484
   0.1069168243
   0.1007503606
   0.1028203519
   0.1038306918
   0.0995504800
   0.0931918469
   0.0926765246
   0.0957024682
   0.0919012296
   0.0776068415
   0.0413367987
  -0.0116729159
  -0.0836098886
  -0.1152246176
  -0.1104049716
  -0.0870621855
  -0.0649278007
  -0.0576866929
  -0.0539349742
  -0.0657080449
  -0.0860955007
  -0.1134821302
  -0.1357584666
  -0.1503820174
  -0.1560713207
  -0.1531507984
  -0.1489405653
  -0.1459525117
  -0.1350066489
  -0.1096241473
  -0.0845745339
  -0.0729693758
  -0.0680610056
  -0.0621041698
  -0.0496992424
  -0.0218472093
   0.0057181931
   0.0102798325
   0.0049039866
  -0.0038641740
  -0.0084143603
  -0.0002838126
   0.0133045795
   0.0293838230
   0.0352435770
   0.0279982088
  -0.0208693750
  -0.0589174112
  -0.0587743900
  -0.0329250254
   0.0053887168
   0.0176170432
   0.0186005066
   0.0141483212
   0.0184408971
   0.0248045520
   0.0354083623
   0.0462867844
   0.0564532732
   0.0635251541
   0.0641924081
   0.0550229615
   0.0345273107
   0.0160777750
   0.0064719242
   0.0081867419
   0.0215966729
   0.0429571588
   0.0617056720
   0.0667767427
   0.0491796688
   0.0142622813
  -0.0072495016
  -0.0118015516
  -0.0045854331
   0.0133096829
   0.0315996001
   0.0400611380
   0.0338623953
   0.0204472368
   0.0075248850
   0.0011449220
  -0.0034663026
  -0.0077317309
  -0.0058606622
  -0.0060643727
  -0.0121475382
  -0.0213456561
  -0.0224711708
  -0.0115576324
   0.0021971748
   0.0119022774
   0.0100870195
  -0.0016453956
  -0.0166804347
  -0.0271692696
  -0.0274423315
  -0.0183520641
  -0.0065435228
   0.0020465312
  -0.0037518664
  -0.0148601731
  -0.0232437282
  -0.0213023908
  -0.0084721725
   0.0079731882
   0.0217187459
   0.0201041146
   0.0053076222
  -0.0109793111
  -0.0221810040
  -0.0231299313
  -0.0175753098
  -0.0184419396
  -0.0265222205
  -0.0309087691
  -0.0301499899
  -0.0272165686
  -0.0191267154
  -0.0080042073
  -0.0024144414
  -0.0123633118
  -0.0269379048
  -0.0349248023
  -0.0342168664
  -0.0354977211
  -0.0417223432
  -0.0516296117
  -0.0555252036
  -0.0404020031
  -0.0190563107
  -0.0070415797
  -0.0101595906
  -0.0130575512
  -0.0069601779
   0.0052838566
   0.0154392467
   0.0159326871
   0.0133648047
   0.0160106879
   0.0240404519
   0.0320424691
   0.0359513407
   0.0371844521
   0.0390259339
   0.0344267481
   0.0252646981
   0.0167618982
   0.0110041935
   0.0076420966
   0.0039258840
  -0.0033000651
  -0.0156787514
  -0.0290097543
  -0.0421077607
  -0.0448966198
  -0.0353579178
  -0.0249334597
  -0.0172762959
  -0.0154523813
  -0.0140371168
  -0.0082309772
   0.0007150612
   0.0082825384
   0.0125298194
   0.0161567004
   0.0214949954
   0.0253798366
   0.0284519643
   0.0358077121
   0.0435499471
   0.0494873847
   0.0484793018
   0.0403833210
   0.0317510877
   0.0258667324
   0.0294751216
   0.0358674659
   0.0423716674
   0.0421578245
   0.0276304037
   0.0068943843
  -0.0057117291
  -0.0038692937
  -0.0049762939
  -0.0115208029
  -0.0213633140
  -0.0320767877
  -0.0415633411
  -0.0498137101
  -0.0569813857
  -0.0635970817
  -0.0675786241
  -0.0624390976
  -0.0481840407
  -0.0330145836
  -0.0199300562
  -0.0108601026
  -0.0018770513
   0.0039365068
   0.0037300669
   0.0062160316
   0.0127563165
   0.0171118007
   0.0189080321
   0.0172952953
   0.0108515819
   0.0004090262
  -0.0017640058
   0.0141719617
   0.0347216194
   0.0464756725
   0.0462849625
   0.0422461137
   0.0363812019
   0.0309869059
   0.0243610667
   0.0144344452
   0.0135909755
   0.0230908810
   0.0363825344
   0.0431798759
   0.0373565797
   0.0263158287
   0.0155626340
   0.0086363015
   0.0058863423
   0.0058297112
   0.0127583470
   0.0179561588
   0.0122355010
   0.0041312524
  -0.0039785411
  -0.0086858486
  -0.0102504813
  -0.0088055674
  -0.0082343927
  -0.0132320084
  -0.0191616232
  -0.0246770132
  -0.0272586827
  -0.0300049291
  -0.0265656672
  -0.0151749593
  -0.0023557427
   0.0037925610
  -0.0008435380
  -0.0083024062
  -0.0095868622
  -0.0046941520
  -0.0005743903
   0.0002122295
  -0.0043203090
  -0.0112392112
  -0.0184327118
  -0.0224632030
  -0.0224227115
  -0.0222832980
  -0.0173508160
  -0.0079904744
   0.0020642343
   0.0120311035
   0.0137016451
   0.0054393298
  -0.0013242260
  -0.0042091327
  -0.0117142142
  -0.0223175803
  -0.0272088365
  -0.0224325919
  -0.0212409782
  -0.0265723387
  -0.0286620998
  -0.0297153878
  -0.0378667443
  -0.0385714441
  -0.0265140624
  -0.0120018883
  -0.0058369067
  -0.0091424794
  -0.0165892992
  -0.0254581185
  -0.0267730470
  -0.0208863621
  -0.0108547364
   0.0001412333
   0.0109624601
   0.0200889133
   0.0226997890
   0.0129868292
  -0.0023346929
  -0.0158976433
  -0.0158016402
  -0.0053687348
   0.0088022860
   0.0232590021
   0.0322134909
   0.0316410253
   0.0218097272
   0.0132312379
   0.0110980755
   0.0138837166
   0.0180183329
   0.0223526693
   0.0212809349
   0.0181436600
   0.0202210751
   0.0199370904
   0.0146991586
   0.0103257265
   0.0153433342
   0.0272842721
   0.0353779959
   0.0314918130
   0.0217058469
   0.0162783836
   0.0119909473
   0.0130457763
   0.0200623631
   0.0261506537
   0.0233582866
   0.0149425612
   0.0083390281
   0.0033526072
  -0.0013397936
  -0.0072692924
  -0.0109492620
  -0.0124555260
  -0.0107192660
  -0.0051228277
   0.0001065423
   0.0041931219
   0.0074540461
   0.0104070813
   0.0124688238
   0.0104115048
   0.0077365778
   0.0073315145
   0.0110094328
   0.0152522803
   0.0107226380
   0.0031298184
  -0.0052636861
  -0.0093208616
  -0.0075161567
  -0.0029626392
   0.0009630826
   0.0007457241
  -0.0029573327
  -0.0087786220
  -0.0085873083
  -0.0058228620
  -0.0061114071
  -0.0110404609
  -0.0164863617
  -0.0207201265
  -0.0259348710
  -0.0266274514
  -0.0204845557
  -0.0132617312
  -0.0112064337
  -0.0142419132
  -0.0157656991
  -0.0176093836
  -0.0197803726
  -0.0204017597
  -0.0205025943
  -0.0168838080
  -0.0101389687
  -0.0027081044
  -0.0003384317
  -0.0015210275
  -0.0003949234
   0.0012563485
  -0.0028618127
  -0.0052417452
   0.0002438004
   0.0043119533
   0.0036961400
  -0.0047703545
  -0.0167798733
  -0.0245076230
  -0.0220306768
  -0.0146118031
  -0.0106231541
  -0.0104992864
  -0.0103791170
  -0.0138583720
  -0.0193837421
  -0.0199301922
  -0.0178138265
  -0.0146415803
  -0.0148598014
  -0.0140683624
  -0.0111476044
  -0.0063906103
   0.0015737853
   0.0068550267
   0.0056179178
   0.0016449523
   0.0015987165
   0.0035523682
   0.0056946369
   0.0048717510
   0.0083851877
   0.0155942060
   0.0197409869
   0.0188459940
   0.0182644276
   0.0238221401
   0.0291070899
   0.0302961293
   0.0256815155
   0.0194812318
   0.0152531052
   0.0168887119
   0.0243991652
   0.0335932947
   0.0400635855
   0.0426256393
   0.0411796005
   0.0363440280
   0.0300845797
   0.0218992220
   0.0113173299
   0.0009231340
  -0.0061712072
  -0.0052558334
   0.0006680384
   0.0049147082
   0.0045670972
   0.0028131884
   0.0028243198
   0.0059374484
   0.0094241074
   0.0079374166
   0.0025822388
  -0.0073912565
  -0.0158521209
  -0.0194413385
  -0.0215613663
  -0.0225996252
  -0.0205414451
  -0.0165027867
  -0.0141588996
  -0.0128727422
  -0.0119240687
  -0.0082293528
  -0.0039641674
   0.0006209280
   0.0039716973
   0.0011868974
  -0.0029847840
  -0.0042134991
  -0.0049133476
  -0.0089981158
  -0.0143477242
  -0.0137143084
  -0.0083756608
  -0.0077718327
  -0.0105982264
  -0.0079787947
   0.0018681517
   0.0103661274
   0.0114387230
   0.0088175934
   0.0059606928
   0.0051850434
   0.0070389256
   0.0082418991
   0.0037225941
  -0.0030397626
  -0.0090994317
  -0.0134523053
  -0.0160540076
  -0.0172808463
  -0.0145273301
  -0.0117007714
  -0.0117783462
  -0.0138502501
  -0.0116551856
  -0.0085050135
  -0.0092445831
  -0.0101635247
  -0.0097122347
  -0.0083446617
  -0.0048792003
  -0.0027941483
  -0.0019970484
   0.0015266648
   0.0046796197
   0.0036543585
  -0.0028028602
  -0.0047878437
   0.0006414535
   0.0034578634
   0.0046155620
   0.0048264824
   0.0020186204
  -0.0015557241
  -0.0037108228
  -0.0024181298
   0.0021651768
   0.0028319259
  -0.0028051717
  -0.0080483917
  -0.0087259930
  -0.0042943136
   0.0000735683
   0.0032320897
   0.0032664273
   0.0034459245
   0.0021497805
  -0.0007218624
  -0.0039587168
  -0.0049294037
  -0.0010136376
   0.0014921323
   0.0016568433
   0.0010624686
   0.0007362251
  -0.0017692733
  -0.0029831197
  -0.0039269862
  -0.0054311527
  -0.0052858517
  -0.0035040276
  -0.0003251482
   0.0018154184
   0.0050294324
   0.0055797087
   0.0030612747
   0.0012113183
   0.0033657581
   0.0051762517
   0.0031099452
   0.0022603976
   0.0013609232
  -0.0019850125
  -0.0037665429
  -0.0016231918
   0.0003010304
   0.0031868275
   0.0078681758
   0.0140381139
   0.0157940622
   0.0118684121
   0.0101201778
   0.0115959847
   0.0156976149
   0.0192953532
   0.0225158502
   0.0267996425
   0.0284964171
   0.0294516806
   0.0257571958
   0.0227367182
   0.0204087757
   0.0189730524
   0.0201788794
   0.0224794196
   0.0250961782
   0.0236669361
   0.0225677632
   0.0188603341
   0.0162013889
   0.0162709053
   0.0179889636
   0.0195415114
   0.0200465091
   0.0190324074
   0.0152315949
   0.0113457203
   0.0097611563
   0.0081488474
   0.0056979373
   0.0054364555
   0.0048347240
   0.0011319224
  -0.0024821177
  -0.0021481634
  -0.0019473491
  -0.0029226117
  -0.0054992613
  -0.0091918906
  -0.0121559411
  -0.0128066703
  -0.0117265693
  -0.0104375202
  -0.0096643736
  -0.0112822228
  -0.0141843258
  -0.0179546178
  -0.0208576364
  -0.0226012387
  -0.0209423360
  -0.0203883260
  -0.0221513265
  -0.0254926093
  -0.0282911493
  -0.0283362729
  -0.0268336257
  -0.0266513004
  -0.0269210900
  -0.0266315124
  -0.0263437749
  -0.0249548612
  -0.0263387803
  -0.0291364048
  -0.0307866055
  -0.0325588520
  -0.0326955008
  -0.0314683901
  -0.0295006656
  -0.0277659557
  -0.0286025182
  -0.0272348610
  -0.0244442615
  -0.0217331767
  -0.0182417480
  -0.0151931791
  -0.0152420011
  -0.0190575798
  -0.0251966683
  -0.0293608261
  -0.0309046900
  -0.0280724931
  -0.0228622447
  -0.0197415670
  -0.0182971689
  -0.0166613809
  -0.0133613330
  -0.0112577030
  -0.0116634072
  -0.0118694001
  -0.0100560820
  -0.0055420562
  -0.0016021937
   0.0040204214
   0.0100073235
   0.0124151432
   0.0133843027
   0.0108446475
   0.0108744247
   0.0132498838
   0.0149947733
   0.0170660426
   0.0174804397
   0.0176128553
   0.0190008535
   0.0220974828
   0.0255158781
   0.0276074884
   0.0282927991
   0.0255515745
   0.0239836712
   0.0246273664
   0.0271359753
   0.0288651377
   0.0285010310
   0.0274425671
   0.0230833121
   0.0192418358
   0.0204624834
   0.0246538259
   0.0279621951
   0.0285615100
   0.0269261027
   0.0231604427
   0.0203600444
   0.0181717240
   0.0157864751
   0.0139957188
   0.0130158450
   0.0133331602
   0.0139075202
   0.0146362685
   0.0120374305
   0.0075154542
   0.0073769462
   0.0089378335
   0.0091201624
   0.0095669201
   0.0111943687
   0.0142900643
   0.0164593310
   0.0153139468
   0.0098091171
   0.0062459348
   0.0072095331
   0.0070636230
   0.0086032402
   0.0079219923
   0.0058806742
   0.0024506236
  -0.0023690849
  -0.0050252564
  -0.0077211852
  -0.0082406328
  -0.0081295108
  -0.0059168002
  -0.0018502890
   0.0006832536
   0.0006473628
  -0.0005923431
  -0.0050375987
  -0.0100191166
  -0.0144181471
  -0.0171889676
  -0.0171000439
  -0.0143612577
  -0.0107496505
  -0.0091536380
  -0.0086542041
  -0.0091838321
  -0.0100037793
  -0.0090855085
  -0.0073249318
  -0.0070307557
  -0.0101076324
  -0.0149911565
  -0.0169612921
  -0.0168316956
  -0.0143018755
  -0.0124321937
  -0.0089158373
  -0.0088223025
  -0.0113582928
  -0.0129844996
  -0.0133088762
  -0.0135343399
  -0.0149469666
  -0.0131623560
  -0.0111715803
  -0.0104641157
  -0.0126663504
  -0.0128455756
  -0.0107059410
  -0.0056390510
  -0.0020459601
  -0.0001716801
   0.0002565415
   0.0005488476
   0.0010168247
   0.0017797447
   0.0041588441
   0.0078101768
   0.0104194907
   0.0074091664
   0.0052901375
   0.0052125998
   0.0084229001
   0.0124607019
   0.0154546474
   0.0177348104
   0.0169018737
   0.0154356027
   0.0160625918
   0.0176862786
   0.0183326931
   0.0155128059
   0.0137580541
   0.0126810260
   0.0099073773
   0.0044588804
   0.0001781448
  -0.0031003376
  -0.0050390935
  -0.0029022608
   0.0021997256
   0.0053989072
   0.0053934630
   0.0043534021
   0.0014373504
  -0.0006863314
  -0.0030541046
  -0.0029291899
   0.0005159241
   0.0041727664
   0.0053849957
   0.0048497504
   0.0038605300
   0.0039613991
   0.0028002034
  -0.0017745770
  -0.0063641507
  -0.0059544745
  -0.0055161378
  -0.0057379575
  -0.0059440629
  -0.0056462682
  -0.0026172382
  -0.0000717704
   0.0016313953
  -0.0005071064
  -0.0053250679
  -0.0101790886
  -0.0125644643
  -0.0108622328
  -0.0057658293
  -0.0003754139
   0.0044667195
   0.0039083277
   0.0016792029
   0.0033296511
   0.0035146241
   0.0030505340
   0.0015601503
   0.0001566753
  -0.0015066112
  -0.0032503377
  -0.0077216040
  -0.0105794627
  -0.0038031076
   0.0029029769
   0.0056878784
   0.0042658988
  -0.0015136689
  -0.0054431361
  -0.0042744222
  -0.0023651146
   0.0028385013
   0.0071572848
   0.0050908550
   0.0007388408
  -0.0019230269
  -0.0036695535
  -0.0040606337
  -0.0005813878
   0.0041922807
   0.0053434092
   0.0000788140
  -0.0040383684
  -0.0046929673
  -0.0047706246
  -0.0049444409
  -0.0044285149
  -0.0014504116
   0.0003155546
   0.0028248881
   0.0012715771
  -0.0019191826
  -0.0005101153
  -0.0012377734
  -0.0039357336
  -0.0075786254
  -0.0091901955
  -0.0084218767
  -0.0077247530
  -0.0082499394
  -0.0078227993
  -0.0066301005
  -0.0048114579
  -0.0029798728
  -0.0011695550
  -0.0023206980
  -0.0006925278
  -0.0017955959
  -0.0065554128
  -0.0090869679
  -0.0078166281
  -0.0054756082
  -0.0034434045
  -0.0002360503
  -0.0015074061
  -0.0042895411
  -0.0074294946
  -0.0087369158
  -0.0075377776
  -0.0059151795
  -0.0072669854
  -0.0093076092
  -0.0097033967
  -0.0053070411
  -0.0014312291
   0.0003503864
   0.0025933702
   0.0042011594
   0.0059827687
   0.0061371007
   0.0033817498
  -0.0005977596
  -0.0035250883
  -0.0027651588
   0.0011688824
   0.0022930954
   0.0049576725
   0.0054318960
   0.0042538773
   0.0048612379
   0.0045930102
   0.0048480988
   0.0060619833
   0.0081292633
   0.0088438654
   0.0065461560
   0.0013544809
  -0.0034322251
  -0.0049495878
  -0.0022720928
   0.0017007494
   0.0037855785
   0.0042033721
   0.0018113393
  -0.0024178542
  -0.0048459505
  -0.0040805196
  -0.0038596734
  -0.0047427881
  -0.0028336463
  -0.0013368739
  -0.0015968211
  -0.0022321542
  -0.0040269234
  -0.0039799144
  -0.0020069878
   0.0011586558
   0.0041763623
   0.0034688996
   0.0040170267
   0.0052613664
   0.0041267373
   0.0033906032
   0.0013785357
  -0.0011892125
  -0.0006790055
   0.0038013826
   0.0062948283
   0.0053802377
   0.0017445786
  -0.0001935359
   0.0011376930
   0.0028313584
   0.0052101424
   0.0046977362
   0.0046171084
   0.0064753443
   0.0093894534
   0.0103323437
   0.0115378081
   0.0125749974
   0.0105749123
   0.0095493439
   0.0099522652
   0.0075952852
   0.0028565598
   0.0016654800
   0.0045527606
   0.0039839237
   0.0027290427
   0.0026178736
   0.0012649817
   0.0002135029
   0.0003815548
   0.0016239777
   0.0029607057
   0.0032563448
   0.0018840238
   0.0011330238
   0.0024780658
   0.0035466530
   0.0058846997
   0.0076874069
   0.0082132541
   0.0073087623
   0.0072502658
   0.0079869147
   0.0065221140
   0.0054622832
   0.0031662735
   0.0025548638
   0.0001053697
   0.0007791345
   0.0027010920
   0.0040858614
   0.0042067160
   0.0031755321
   0.0027665937
   0.0012296542
   0.0019819967
   0.0006558604
   0.0005991828
   0.0014892824
   0.0027048348
   0.0020628882
  -0.0005807972
  -0.0030636052
  -0.0051747297
  -0.0078285907
  -0.0064743608
  -0.0041077080
  -0.0041496100
  -0.0038642094
  -0.0037581817
  -0.0029670355
  -0.0052362802
  -0.0069054676
  -0.0109027787
  -0.0125442321
  -0.0114849615
  -0.0093855285
  -0.0085796015
  -0.0107249586
  -0.0126271641
  -0.0154262027
  -0.0175133261
  -0.0164448277
  -0.0140218067
  -0.0130355967
  -0.0134399684
  -0.0158802846
  -0.0160544336
  -0.0137932247
  -0.0111843704
  -0.0089832589
  -0.0078833354
  -0.0056323015
  -0.0051712725
  -0.0050754570
  -0.0039875604
  -0.0030531464
  -0.0007096603
  -0.0010188217
  -0.0004366806
  -0.0007754316
  -0.0014035802
  -0.0005838248
   0.0010246040
   0.0018027497
   0.0017737285
   0.0036114503
   0.0034409643
   0.0026454553
   0.0040865240
   0.0055090991
   0.0062354588
   0.0095968877
   0.0107957168
   0.0101139232
   0.0108495242
   0.0098487475
   0.0075988430
   0.0058667101
   0.0049204778
   0.0060628898
   0.0070841797
   0.0074878434
   0.0078166127
   0.0079928248
   0.0081819794
   0.0083581897
   0.0073888326
   0.0067763642
   0.0048768689
   0.0027083165
   0.0013783643
  -0.0000671611
   0.0008829212
   0.0030895181
   0.0028829378
   0.0005498027
   0.0010237174
   0.0031544950
   0.0038124007
   0.0027551941
   0.0004229778
  -0.0025943591
  -0.0037209135
  -0.0042843942
  -0.0032982649
  -0.0030804689
  -0.0029079796
  -0.0022454583
  -0.0044824484
  -0.0060907199
  -0.0078228872
  -0.0072796405
  -0.0048308171
  -0.0035007480
  -0.0039911944
  -0.0044714711
  -0.0033965904
  -0.0019888577
  -0.0006930018
  -0.0002866005
  -0.0013798827
  -0.0005084145
  -0.0014768784
  -0.0021707406
  -0.0002831499
  -0.0013570181
  -0.0025159494
  -0.0041649137
  -0.0041181812
  -0.0031080280
  -0.0013508080
  -0.0000152005
  -0.0001404437
  -0.0002536675
  -0.0004251406
   0.0005591220
   0.0015554041
   0.0000830338
  -0.0007661638
   0.0000923539
   0.0007604063
   0.0026304244
  -0.0004396366
  -0.0033044388
  -0.0025984781
  -0.0001468944
   0.0019939076
   0.0025070652
   0.0016556775
  -0.0008064869
  -0.0019942484
  -0.0023031852
   0.0010072851
   0.0018965710
   0.0019575087
   0.0010228146
   0.0006252394
   0.0023146057
   0.0045463411
   0.0061193096
   0.0069927896
   0.0071660929
   0.0065142115
   0.0078265258
   0.0098620996
   0.0101928577
   0.0096699030
   0.0088898183
   0.0080151935
   0.0077077478
   0.0077755093
   0.0081321558
   0.0070736249
   0.0055014269
   0.0050168344
   0.0031988816
   0.0007083932
   0.0004250899
   0.0005838601
   0.0016914736
   0.0018726296
   0.0005762161
  -0.0004356336
  -0.0002960298
   0.0004967308
   0.0000613243
  -0.0009286915
  -0.0011925075
  -0.0012327298
  -0.0025003456
  -0.0037427574
  -0.0027274700
  -0.0014065190
  -0.0006172520
  -0.0004338142
  -0.0013055856
  -0.0015704531
  -0.0008745154
  -0.0013959361
  -0.0026842808
  -0.0033203880
  -0.0023825875
  -0.0016551591
  -0.0008850418
  -0.0001208262
  -0.0014559002
  -0.0027716708
  -0.0035348509
  -0.0030877297
  -0.0029879801
  -0.0033237183
  -0.0037382749
  -0.0037204884
  -0.0039991468
  -0.0038283543
  -0.0040477194
  -0.0052162891
  -0.0057192373
  -0.0058453938
  -0.0055934896
  -0.0047193271
  -0.0026246575
  -0.0017015761
  -0.0016888277
  -0.0020111765
  -0.0027942398
  -0.0027921232
  -0.0019798955
  -0.0012872389
  -0.0005413943
  -0.0006803328
  -0.0005411356
  -0.0007255655
  -0.0014986597
  -0.0009925198
  -0.0003069465
  -0.0001906968
   0.0000708075
   0.0000496192
  -0.0000582719
  -0.0000045713
   0.0001796135
   0.0002446052
  -0.0004361989
  -0.0002276633
   0.0000770659
   0.0001435464
  -0.0001184644
  -0.0007568033
  -0.0014318427
  -0.0013319174
  -0.0008031852
  -0.0002122831
   0.0002886063
   0.0002763381
   0.0003318690
   0.0003795262
   0.0003434509
   0.0000659318
  -0.0003334715
  -0.0005774843
  -0.0003924215
  -0.0001575273
   0.0000249411
   0.0001190950
   0.0001900901
   0.0001627631
   0.0000781519
   0.0002402831
   0.0003005304
   0.0002774745
   0.0004133974
   0.0005230681
   0.0005380631
   0.0005753474
   0.0006648298
   0.0007819503
   0.0008140272
   0.0008636323
   0.0007853782
   0.0007007224
   0.0007702906
   0.0007975308
   0.0008263556
   0.0008695974
   0.0007763753
   0.0007324619
   0.0007720992
   0.0007834955
   0.0007423901
   0.0006886324
   0.0006492174
   0.0005865425
   0.0005791165
   0.0005685815
   0.0005472172
   0.0005648778
   0.0005328131
   0.0004769989
   0.0004545049
   0.0004374592
   0.0004424115
   0.0004413810
   0.0004300342
   0.0004206824
   0.0004015135
   0.0003743270
   0.0003396194
   0.0003030707
   0.0002727439
   0.0002412295
   0.0002176706
   0.0002003186
   0.0001770368
   0.0001537984
   0.0001375192
   0.0001190143
   0.0000974043
   0.0000802565
   0.0000659587
   0.0000517160
   0.0000425437
   0.0000322883
   0.0000217628
   0.0000135774
   0.0000069170
   0.0000019634
  -0.0000025543
  -0.0000058668
  -0.0000089054
  -0.0000119356
  -0.0000147975
  -0.0000174526
  -0.0000201034
  -0.0000227173
  -0.0000253355
  -0.0000278649
  -0.0000302766
  -0.0000326174
  -0.0000349469
  -0.0000372975
  -0.0000397136
  -0.0000422442
  -0.0000449325
  -0.0000478176
  -0.0000509366
