     0.000    0.0121657777
     0.020    0.0074307787
     0.040    0.0004084004
     0.060   -0.0009245551
     0.080    0.0024236350
     0.100    0.0048481803
     0.120    0.0050796656
     0.140    0.0042762620
     0.160   -0.0008044717
     0.180   -0.0062165231
     0.200   -0.0058762586
     0.220   -0.0017930308
     0.240   -0.0001422005
     0.260   -0.0027155477
     0.280   -0.0034150008
     0.300   -0.0031061791
     0.320    0.0007038486
     0.340    0.0066658893
     0.360   -0.0009005062
     0.380   -0.0053623024
     0.400    0.0001499430
     0.420    0.0032926526
     0.440    0.0052142623
     0.460    0.0065483652
     0.480    0.0028192540
     0.500    0.0036334434
     0.520   -0.0010289751
     0.540   -0.0047678119
     0.560   -0.0031387692
     0.580   -0.0034706966
     0.600   -0.0011597783
     0.620   -0.0014191568
     0.640    0.0022264667
     0.660    0.0020590039
     0.680    0.0006777212
     0.700   -0.0005270577
     0.720   -0.0020195527
     0.740   -0.0072671405
     0.760   -0.0051956584
     0.780    0.0034672332
     0.800    0.0017934061
     0.820    0.0003298982
     0.840    0.0041206197
     0.860   -0.0002637403
     0.880    0.0012540908
     0.900   -0.0022863868
     0.920   -0.0034428404
     0.940    0.0021420064
     0.960   -0.0012630979
     0.980    0.0090657194
     1.000    0.0147400935
     1.020    0.0010345904
     1.040   -0.0058668902
     1.060   -0.0041822371
     1.080   -0.0024226157
     1.100    0.0039359975
     1.120   -0.0003805623
     1.140   -0.0128070436
     1.160   -0.0149597096
     1.180   -0.0065773734
     1.200   -0.0010843821
     1.220   -0.0011551152
     1.240    0.0037334209
     1.260   -0.0028270578
     1.280   -0.0087855384
     1.300    0.0001941336
     1.320    0.0063060844
     1.340    0.0059839497
     1.360   -0.0001485539
     1.380   -0.0060175118
     1.400   -0.0091179684
     1.420   -0.0015552567
     1.440    0.0121636063
     1.460    0.0091116414
     1.480   -0.0042384164
     1.500   -0.0061323240
     1.520   -0.0061208506
     1.540   -0.0018924526
     1.560   -0.0001690334
     1.580   -0.0004428327
     1.600   -0.0011977941
     1.620   -0.0043223429
     1.640   -0.0061823424
     1.660   -0.0025898879
     1.680    0.0082564464
     1.700    0.0147481391
     1.720    0.0106710069
     1.740   -0.0018376028
     1.760   -0.0084754959
     1.780   -0.0012295053
     1.800    0.0007889373
     1.820   -0.0007832947
     1.840    0.0022748115
     1.860    0.0049171036
     1.880    0.0057096383
     1.900    0.0045122514
     1.920    0.0031358937
     1.940   -0.0034729178
     1.960   -0.0023539699
     1.980   -0.0011165081
     2.000    0.0028507868
     2.020    0.0094319531
     2.040    0.0023565526
     2.060   -0.0029465660
     2.080   -0.0000697723
     2.100    0.0040426669
     2.120   -0.0019446103
     2.140   -0.0137858693
     2.160   -0.0167122170
     2.180   -0.0096886444
     2.200   -0.0023047611
     2.220    0.0020615868
     2.240    0.0021118814
     2.260   -0.0031428489
     2.280    0.0001280637
     2.300    0.0079569171
     2.320    0.0043126451
     2.340   -0.0057755463
     2.360   -0.0083270504
     2.380   -0.0015646046
     2.400    0.0054203806
     2.420    0.0096610039
     2.440    0.0098612835
     2.460    0.0032260073
     2.480   -0.0036728892
     2.500   -0.0069908592
     2.520   -0.0033088387
     2.540   -0.0003110486
     2.560    0.0022418247
     2.580    0.0038565489
     2.600    0.0010875525
     2.620   -0.0106278750
     2.640   -0.0120259658
     2.660    0.0001116842
     2.680    0.0044176030
     2.700    0.0074396303
     2.720    0.0065470021
     2.740   -0.0032872431
     2.760   -0.0091246604
     2.780   -0.0006865154
     2.800   -0.0025898594
     2.820   -0.0018141907
     2.840    0.0054174932
     2.860    0.0000830906
     2.880   -0.0080078197
     2.900   -0.0043547482
     2.920   -0.0022709001
     2.940   -0.0079994683
     2.960   -0.0052338216
     2.980    0.0023436161
     3.000    0.0077690781
     3.020    0.0055950014
     3.040   -0.0032647609
     3.060   -0.0023657507
     3.080    0.0053156644
     3.100    0.0043384389
     3.120    0.0035885075
     3.140   -0.0057717558
     3.160   -0.0088841433
     3.180   -0.0060507633
     3.200    0.0056903919
     3.220    0.0122596581
     3.240   -0.0016269559
     3.260   -0.0071814338
     3.280   -0.0090436757
     3.300    0.0002118278
     3.320    0.0055987137
     3.340   -0.0035221396
     3.360   -0.0056116734
     3.380   -0.0057329383
     3.400   -0.0069012007
     3.420   -0.0052815500
     3.440   -0.0013793960
     3.460    0.0047957250
     3.480    0.0101438279
     3.500    0.0158064204
     3.520    0.0173753748
     3.540    0.0165843857
     3.560   -0.0005228267
     3.580   -0.0144603725
     3.600   -0.0024702184
     3.620    0.0020389416
     3.640    0.0074524146
     3.660    0.0037067618
     3.680    0.0037402670
     3.700   -0.0005566958
     3.720   -0.0109470275
     3.740   -0.0024628318
     3.760   -0.0010220455
     3.780    0.0018743495
     3.800   -0.0009959896
     3.820   -0.0063521297
     3.840   -0.0024668688
     3.860    0.0106357310
     3.880    0.0087132370
     3.900   -0.0074389689
     3.920   -0.0036649550
     3.940    0.0056027958
     3.960    0.0054913094
     3.980    0.0020309787
     4.000   -0.0056898206
     4.020   -0.0054894675
     4.040   -0.0014372829
     4.060   -0.0059132105
     4.080   -0.0036987233
     4.100    0.0016108704
     4.120    0.0019732964
     4.140    0.0010397376
     4.160   -0.0028461690
     4.180   -0.0021403887
     4.200   -0.0032891751
     4.220   -0.0087322985
     4.240    0.0049553214
     4.260    0.0152435008
     4.280    0.0268929162
     4.300    0.0305899351
     4.320    0.0206205645
     4.340    0.0219356059
     4.360    0.0286766744
     4.380    0.0200154849
     4.400    0.0053769831
     4.420   -0.0016692648
     4.440    0.0035459256
     4.460    0.0082849141
     4.480    0.0145157458
     4.500    0.0154102681
     4.520   -0.0135327101
     4.540   -0.0240487692
     4.560   -0.0116257645
     4.580    0.0149351792
     4.600    0.0316044539
     4.620    0.0271602891
     4.640    0.0121133201
     4.660   -0.0014371489
     4.680    0.0017470341
     4.700    0.0053012682
     4.720   -0.0068103404
     4.740   -0.0182547920
     4.760   -0.0147926222
     4.780   -0.0026837446
     4.800    0.0044032020
     4.820   -0.0129481024
     4.840   -0.0161788034
     4.860   -0.0122788025
     4.880   -0.0225601263
     4.900   -0.0206308692
     4.920   -0.0115855318
     4.940   -0.0058042654
     4.960   -0.0160418669
     4.980   -0.0449752326
     5.000   -0.0470311048
     5.020   -0.0362642428
     5.040   -0.0172307459
     5.060    0.0125946055
     5.080    0.0563107391
     5.100    0.0985123956
     5.120    0.0946924170
     5.140    0.0604825292
     5.160    0.0125517652
     5.180   -0.0267645279
     5.200   -0.0478563837
     5.220   -0.0427984156
     5.240   -0.0191172077
     5.260   -0.0032918775
     5.280   -0.0128911408
     5.300   -0.0168785623
     5.320   -0.0160880023
     5.340   -0.0122678127
     5.360   -0.0283593306
     5.380   -0.0246941006
     5.400    0.0327489256
     5.420    0.0414586827
     5.440    0.0198544021
     5.460    0.0081319742
     5.480   -0.0002776741
     5.500   -0.0072729697
     5.520   -0.0161300083
     5.540   -0.0073796368
     5.560   -0.0049569002
     5.580    0.0004253287
     5.600    0.0076018130
     5.620    0.0058874309
     5.640   -0.0089175892
     5.660   -0.0285805254
     5.680   -0.0457820213
     5.700   -0.0291662141
     5.720   -0.0044693257
     5.740   -0.0028710881
     5.760   -0.0038407114
     5.780   -0.0057171576
     5.800    0.0228581550
     5.820    0.0163927136
     5.840   -0.0108188834
     5.860   -0.0115081337
     5.880   -0.0177657881
     5.900   -0.0216999697
     5.920   -0.0123716280
     5.940   -0.0051346787
     5.960   -0.0015029674
     5.980    0.0120327573
     6.000   -0.0094915959
     6.020   -0.0278174494
     6.040   -0.0277279380
     6.060   -0.0502804477
     6.080   -0.0322067126
     6.100    0.0246394123
     6.120    0.0283223502
     6.140   -0.0327065167
     6.160   -0.0630739769
     6.180   -0.0288046834
     6.200   -0.0048258000
     6.220   -0.0202352574
     6.240   -0.0475291784
     6.260   -0.0613602680
     6.280    0.0215263468
     6.300    0.0756480654
     6.320    0.0576346842
     6.340    0.0428490977
     6.360    0.0268181020
     6.380    0.0275387691
     6.400    0.0214310489
     6.420    0.0177120504
     6.440    0.0387747130
     6.460    0.0615132862
     6.480    0.0353392829
     6.500   -0.0020351075
     6.520    0.0011587637
     6.540    0.0302490755
     6.560    0.0582103454
     6.580    0.0825157016
     6.600    0.0479976203
     6.620   -0.0035846649
     6.640    0.0020562337
     6.660    0.0238080649
     6.680    0.0279770577
     6.700   -0.0139162370
     6.720   -0.0743892152
     6.740   -0.0796389361
     6.760   -0.0319886469
     6.780   -0.0289877600
     6.800   -0.0412834052
     6.820    0.0305101902
     6.840    0.0765822941
     6.860    0.0541419108
     6.880    0.0160908446
     6.900   -0.0040509164
     6.920    0.0127875483
     6.940    0.0275491994
     6.960    0.0402774677
     6.980    0.0362541918
     7.000    0.0361237648
     7.020    0.0373549271
     7.040   -0.0095286805
     7.060   -0.0504212102
     7.080   -0.0919299824
     7.100   -0.1197731996
     7.120   -0.1198099903
     7.140   -0.0386131609
     7.160    0.0258036780
     7.180    0.0428870974
     7.200    0.0126343973
     7.220   -0.0604409974
     7.240   -0.0465986951
     7.260   -0.0094130363
     7.280   -0.0019460774
     7.300   -0.0215772612
     7.320   -0.0210454170
     7.340   -0.0043277003
     7.360    0.0164596789
     7.380   -0.0091145738
     7.400   -0.0568569820
     7.420   -0.0613017158
     7.440    0.0007788168
     7.460    0.0370342408
     7.480   -0.0024407076
     7.500   -0.0219029778
     7.520   -0.0036476690
     7.540    0.0295969881
     7.560    0.0256488819
     7.580    0.0204359542
     7.600    0.0219573745
     7.620   -0.0420697124
     7.640   -0.0503012610
     7.660    0.0077706379
     7.680    0.0396251669
     7.700    0.0453510813
     7.720    0.0041014918
     7.740   -0.0905274066
     7.760   -0.1153916643
     7.780   -0.0500540614
     7.800    0.0140215576
     7.820    0.0432477747
     7.840    0.0726550012
     7.860    0.1028821493
     7.880    0.0726921950
     7.900    0.0335820036
     7.920    0.0228173154
     7.940    0.0402700716
     7.960    0.0370474210
     7.980    0.0038321727
     8.000   -0.0124237893
     8.020    0.0288843098
     8.040    0.0779498097
     8.060    0.0356435650
     8.080   -0.0210329906
     8.100   -0.0362856488
     8.120   -0.0248705397
     8.140   -0.0116999007
     8.160   -0.0250927301
     8.180   -0.0162527997
     8.200    0.0055403748
     8.220    0.0023996072
     8.240    0.0108020763
     8.260    0.0394282227
     8.280    0.0651972197
     8.300   -0.0108709238
     8.320   -0.0793233938
     8.340   -0.0546410985
     8.360   -0.0237348390
     8.380   -0.0163235247
     8.400   -0.0405439872
     8.420   -0.0426815244
     8.440   -0.0078921374
     8.460    0.0151948431
     8.480    0.0151952912
     8.500   -0.0254646674
     8.520   -0.0361642062
     8.540   -0.0301191701
     8.560   -0.0439692003
     8.580   -0.0293599581
     8.600   -0.0039957374
     8.620    0.0212021308
     8.640    0.0308670272
     8.660    0.0115698530
     8.680   -0.0532675618
     8.700    0.0022625337
     8.720    0.0709693122
     8.740    0.0035600492
     8.760   -0.0414964928
     8.780    0.0060133752
     8.800    0.0825877185
     8.820    0.0965135585
     8.840    0.0606319204
     8.860    0.0326854901
     8.880    0.0156272837
     8.900   -0.0279173676
     8.920   -0.0711068744
     8.940   -0.0700196512
     8.960   -0.0369762100
     8.980    0.0284853009
     9.000    0.0683528553
     9.020    0.0439829731
     9.040    0.0250965704
     9.060    0.0080429273
     9.080    0.0212763452
     9.100    0.0297733561
     9.120    0.0428086563
     9.140    0.0613207038
     9.160    0.0883779693
     9.180    0.0696011802
     9.200   -0.0430070229
     9.220   -0.0701758222
     9.240   -0.0528754512
     9.260   -0.0463422978
     9.280   -0.0308794725
     9.300   -0.0133610192
     9.320   -0.0351948460
     9.340   -0.0517119915
     9.360   -0.0245007596
     9.380    0.0241389207
     9.400    0.0492544318
     9.420    0.0514335008
     9.440    0.0664079243
     9.460    0.0917457917
     9.480    0.1230006150
     9.500    0.1282701061
     9.520    0.1166791269
     9.540    0.0926498909
     9.560    0.0760583343
     9.580    0.0697552889
     9.600    0.0357959195
     9.620   -0.0359713392
     9.640   -0.1018966932
     9.660   -0.1052416162
     9.680   -0.0472715721
     9.700   -0.0008031160
     9.720    0.0136106960
     9.740    0.0045776119
     9.760   -0.0240750111
     9.780   -0.0045964387
     9.800    0.0704542892
     9.820    0.1179364599
     9.840    0.1229499566
     9.860    0.0850300120
     9.880    0.0226886687
     9.900   -0.0056911552
     9.920    0.0155166815
     9.940    0.0660885181
     9.960    0.0290833401
     9.980   -0.0502662008
    10.000   -0.1480619118
    10.020   -0.2368136675
    10.040   -0.2398732489
    10.060   -0.1993883592
    10.080   -0.1296788454
    10.100   -0.1043158265
    10.120   -0.1516368244
    10.140   -0.2084034178
    10.160   -0.2232698396
    10.180   -0.2015595580
    10.200   -0.1502274451
    10.220   -0.0715329311
    10.240   -0.0176629755
    10.260    0.0155873852
    10.280    0.0109667836
    10.300    0.0314956463
    10.320    0.1257472144
    10.340    0.1913639244
    10.360    0.1300188041
    10.380    0.0798128861
    10.400    0.1297363546
    10.420    0.1664726899
    10.440    0.0981374951
    10.460    0.0108690084
    10.480   -0.0342326686
    10.500   -0.0902759637
    10.520   -0.0864944826
    10.540   -0.0625980204
    10.560   -0.0515502734
    10.580   -0.0434329136
    10.600   -0.0175173226
    10.620    0.0013043353
    10.640    0.0031227183
    10.660    0.0242583247
    10.680    0.0086603480
    10.700    0.0098040042
    10.720    0.1134831210
    10.740    0.1682624693
    10.760    0.1602743038
    10.780    0.1525643208
    10.800    0.0612517685
    10.820   -0.0792096317
    10.840   -0.0933815098
    10.860   -0.0922092317
    10.880   -0.1748351870
    10.900   -0.1833535232
    10.920   -0.1368396697
    10.940   -0.1068424400
    10.960   -0.0879050945
    10.980   -0.0635124551
    11.000   -0.0561377847
    11.020   -0.0286576390
    11.040    0.0002756669
    11.060   -0.0068302695
    11.080    0.0163891886
    11.100    0.0458911845
    11.120    0.0196399372
    11.140   -0.0239289860
    11.160   -0.0096127161
    11.180    0.0367711822
    11.200    0.0650687129
    11.220    0.0700064236
    11.240    0.0672984877
    11.260    0.0809627152
    11.280    0.0903374317
    11.300    0.0876805098
    11.320    0.0525265792
    11.340    0.0043756848
    11.360   -0.0259236035
    11.380   -0.0402331861
    11.400   -0.0121561817
    11.420    0.0122484146
    11.440    0.0255858967
    11.460    0.0458268481
    11.480    0.0555859947
    11.500    0.0528785329
    11.520    0.0491478050
    11.540    0.0616678452
    11.560    0.0713883046
    11.580    0.0503596711
    11.600    0.0468996585
    11.620    0.0715991402
    11.640    0.0677430346
    11.660    0.0371272844
    11.680   -0.0116086042
    11.700   -0.0478345747
    11.720   -0.0153280839
    11.740    0.0824491132
    11.760    0.1102661360
    11.780    0.0876030643
    11.800    0.0344818832
    11.820   -0.0858597475
    11.840   -0.1628404104
    11.860   -0.1495202427
    11.880   -0.0756208042
    11.900   -0.0497630068
    11.920   -0.0218431288
    11.940    0.0091118785
    11.960    0.0137253921
    11.980    0.0215380739
    12.000    0.0436622631
    12.020    0.0764064240
    12.040    0.0852806252
    12.060    0.0675285484
    12.080    0.0550275435
    12.100    0.1091943686
    12.120    0.1733383349
    12.140    0.1640961077
    12.160    0.1182282967
    12.180    0.0918600516
    12.200    0.0829555785
    12.220    0.0123687241
    12.240   -0.0905483147
    12.260   -0.1436712500
    12.280   -0.1635758459
    12.300   -0.1647928324
    12.320   -0.1498717460
    12.340   -0.1454925102
    12.360   -0.1506910985
    12.380   -0.1594709050
    12.400   -0.1615483253
    12.420   -0.1515744081
    12.440   -0.1000487883
    12.460   -0.0126783945
    12.480    0.0505753900
    12.500    0.1058841740
    12.520    0.1148749109
    12.540    0.0768171670
    12.560    0.0165283344
    12.580   -0.0056639082
    12.600    0.0138246892
    12.620    0.0186608271
    12.640    0.0285598306
    12.660    0.0739689901
    12.680    0.1005914280
    12.700    0.0497063273
    12.720    0.0153133416
    12.740    0.0269749368
    12.760    0.0521145798
    12.780    0.0580127138
    12.800    0.0273898756
    12.820    0.0107540540
    12.840   -0.0041399040
    12.860   -0.0825298063
    12.880   -0.1583686051
    12.900   -0.1867653665
    12.920   -0.1762862877
    12.940   -0.1453853382
    12.960   -0.1244291245
    12.980   -0.1115509435
    13.000   -0.0383601060
    13.020    0.0216153107
    13.040    0.0198479329
    13.060    0.0389040732
    13.080    0.0457808834
    13.100    0.0543433353
    13.120    0.0321348854
    13.140   -0.0026909297
    13.160    0.0000606677
    13.180    0.0148440534
    13.200    0.0250914975
    13.220    0.0404553528
    13.240    0.0152248328
    13.260   -0.0684000527
    13.280   -0.1148638642
    13.300   -0.0974937046
    13.320   -0.0218560720
    13.340    0.0500372069
    13.360    0.0925088439
    13.380    0.0977904248
    13.400    0.0383989828
    13.420   -0.0243762115
    13.440    0.0145688601
    13.460    0.1331235442
    13.480    0.1740937778
    13.500    0.1463606483
    13.520    0.1118302402
    13.540    0.0894327399
    13.560    0.0973830479
    13.580    0.1144081995
    13.600    0.1269654098
    13.620    0.0496253023
    13.640   -0.0519622017
    13.660   -0.0761762685
    13.680   -0.0795785111
    13.700   -0.0548745964
    13.720   -0.0382243216
    13.740   -0.0494605737
    13.760   -0.0833335607
    13.780   -0.0974568902
    13.800   -0.0899082934
    13.820   -0.0734205426
    13.840   -0.0420357189
    13.860   -0.0224525869
    13.880   -0.0037231564
    13.900    0.0090028171
    13.920    0.0063649733
    13.940   -0.0005406648
    13.960    0.0120058186
    13.980    0.0570813770
    14.000    0.0816146367
    14.020    0.0276707132
    14.040   -0.0025635773
    14.060    0.0146787772
    14.080    0.0105661438
    14.100   -0.0153180305
    14.120   -0.0344294707
    14.140   -0.0438234122
    14.160   -0.0365092616
    14.180   -0.0131252645
    14.200   -0.0041015748
    14.220    0.0297425154
    14.240    0.0577861615
    14.260    0.0704032041
    14.280    0.0615517126
    14.300    0.0090485330
    14.320   -0.0181195291
    14.340   -0.0296580294
    14.360   -0.0544056568
    14.380   -0.0711166411
    14.400   -0.0582436752
    14.420   -0.0374369476
    14.440   -0.0433124429
    14.460   -0.0534920043
    14.480   -0.0599431134
    14.500   -0.0741146596
    14.520   -0.0868793156
    14.540   -0.0700411757
    14.560   -0.0322899185
    14.580   -0.0186716012
    14.600   -0.0290882234
    14.620   -0.0290060606
    14.640   -0.0218904377
    14.660    0.0125796948
    14.680    0.0731444461
    14.700    0.0921216166
    14.720    0.0717363232
    14.740    0.0418551551
    14.760    0.0164957253
    14.780    0.0246827694
    14.800    0.0325485915
    14.820    0.0102116323
    14.840    0.0000295841
    14.860   -0.0073307563
    14.880   -0.0118356069
    14.900    0.0056943601
    14.920    0.0301300982
    14.940    0.0372947865
    14.960    0.0315812227
    14.980    0.0248182219
    15.000    0.0302802007
    15.020    0.0519718261
    15.040    0.0570643092
    15.060    0.0487681634
    15.080    0.0537370230
    15.100    0.0708804881
    15.120    0.0576596696
    15.140    0.0289609729
    15.160    0.0143155919
    15.180    0.0070809419
    15.200   -0.0023440174
    15.220   -0.0208922423
    15.240   -0.0317439600
    15.260   -0.0371651655
    15.280   -0.0611727822
    15.300   -0.0937720084
    15.320   -0.0932019890
    15.340   -0.0718474777
    15.360   -0.0507655545
    15.380   -0.0207656296
    15.400    0.0074564564
    15.420    0.0355725675
    15.440    0.0749535928
    15.460    0.0948149263
    15.480    0.0888910484
    15.500    0.1068325075
    15.520    0.1278013324
    15.540    0.1138233643
    15.560    0.0237047331
    15.580   -0.0587260321
    15.600   -0.0994443249
    15.620   -0.1319057992
    15.640   -0.1240890235
    15.660   -0.0955626175
    15.680   -0.0863913879
    15.700   -0.0886133399
    15.720   -0.0732257555
    15.740   -0.0578428648
    15.760   -0.0432095853
    15.780   -0.0325802145
    15.800   -0.0301237215
    15.820   -0.0211967995
    15.840    0.0072743493
    15.860    0.0322761220
    15.880    0.0303975186
    15.900    0.0135952188
    15.920    0.0191586921
    15.940    0.0460269926
    15.960    0.0548890804
    15.980    0.0378985387
    16.000   -0.0096937624
    16.020   -0.0595183131
    16.040   -0.0757429106
    16.060   -0.0720921646
    16.080   -0.0743964691
    16.100   -0.0772835939
    16.120   -0.0939432798
    16.140   -0.1174824546
    16.160   -0.1306848540
    16.180   -0.1291229544
    16.200   -0.1040736287
    16.220   -0.0690231958
    16.240   -0.0341518570
    16.260   -0.0203886691
    16.280   -0.0132414967
    16.300   -0.0097354222
    16.320   -0.0000254655
    16.340    0.0419476298
    16.360    0.0977462854
    16.380    0.1328821050
    16.400    0.1412483713
    16.420    0.1382262443
    16.440    0.1224227254
    16.460    0.0966501489
    16.480    0.0832594340
    16.500    0.0746998741
    16.520    0.0346973414
    16.540    0.0157377175
    16.560    0.0375930949
    16.580    0.0595020749
    16.600    0.0785844025
    16.620    0.0898986453
    16.640    0.0898019511
    16.660    0.0903502326
    16.680    0.1098170377
    16.700    0.1359599396
    16.720    0.1421937415
    16.740    0.1228283481
    16.760    0.0942025691
    16.780    0.0564606756
    16.800    0.0375715230
    16.820    0.0494987393
    16.840    0.0713789173
    16.860    0.0751437098
    16.880    0.0535689282
    16.900    0.0097241029
    16.920   -0.0392995736
    16.940   -0.0780649704
    16.960   -0.1101537251
    16.980   -0.1269635134
    17.000   -0.1376511757
    17.020   -0.1415809339
    17.040   -0.1373281900
    17.060   -0.1218754158
    17.080   -0.0954936586
    17.100   -0.0750309197
    17.120   -0.0525371992
    17.140   -0.0161592441
    17.160    0.0407709899
    17.180    0.0941695001
    17.200    0.1046639637
    17.220    0.0783184282
    17.240    0.0247418432
    17.260   -0.0120380721
    17.280   -0.0317591552
    17.300   -0.0435904595
    17.320   -0.0361339107
    17.340   -0.0125784598
    17.360   -0.0013833512
    17.380   -0.0084510817
    17.400   -0.0053079886
    17.420   -0.0001433856
    17.440    0.0060270508
    17.460    0.0094895169
    17.480    0.0045084562
    17.500    0.0042641154
    17.520   -0.0062130361
    17.540   -0.0033771504
    17.560    0.0248907841
    17.580    0.0511789525
    17.600    0.0673406596
    17.620    0.0732476593
    17.640    0.0636124918
    17.660    0.0454271755
    17.680    0.0114119302
    17.700   -0.0392347394
    17.720   -0.0771144323
    17.740   -0.1024820263
    17.760   -0.1038074885
    17.780   -0.0980336893
    17.800   -0.1016633849
    17.820   -0.0868830848
    17.840   -0.0637604134
    17.860   -0.0567895639
    17.880   -0.0568548959
    17.900   -0.0655745856
    17.920   -0.0682612577
    17.940   -0.0633210817
    17.960   -0.0714263043
    17.980   -0.0823749391
    18.000   -0.0785719572
    18.020   -0.0623596629
    18.040   -0.0441336445
    18.060   -0.0246354535
    18.080    0.0104073961
    18.100    0.0447593241
    18.120    0.0615952594
    18.140    0.0796720288
    18.160    0.1059477993
    18.180    0.1094275584
    18.200    0.0859856941
    18.220    0.0579568876
    18.240    0.0475014668
    18.260    0.0414901635
    18.280    0.0338564881
    18.300    0.0360347985
    18.320    0.0522324667
    18.340    0.0643221833
    18.360    0.0635412335
    18.380    0.0553615048
    18.400    0.0317648208
    18.420    0.0170416387
    18.440   -0.0025533200
    18.460   -0.0337306125
    18.480   -0.0663974465
    18.500   -0.0733400628
    18.520   -0.0550174687
    18.540   -0.0260653853
    18.560    0.0086925588
    18.580    0.0194501876
    18.600    0.0138501985
    18.620    0.0039462240
    18.640   -0.0077543500
    18.660   -0.0163672753
    18.680   -0.0212855879
    18.700   -0.0235103870
    18.720   -0.0231890014
    18.740   -0.0336951019
    18.760   -0.0420518386
    18.780   -0.0416871077
    18.800   -0.0288434417
    18.820   -0.0049808094
    18.840    0.0086828752
    18.860    0.0110138103
    18.880    0.0086681542
    18.900    0.0079450431
    18.920    0.0055122460
    18.940    0.0176839642
    18.960    0.0430478435
    18.980    0.0689103109
    19.000    0.0686637987
    19.020    0.0583803367
    19.040    0.0653655990
    19.060    0.0690528276
    19.080    0.0714876538
    19.100    0.0683444162
    19.120    0.0585202221
    19.140    0.0503183763
    19.160    0.0504995802
    19.180    0.0608582830
    19.200    0.0685426879
    19.220    0.0556135403
    19.240    0.0370222696
    19.260   -0.0109379057
    19.280   -0.0765466175
    19.300   -0.1046415621
    19.320   -0.1023788842
    19.340   -0.0851880083
    19.360   -0.0672616259
    19.380   -0.0493713704
    19.400   -0.0356787438
    19.420   -0.0333263174
    19.440   -0.0275888111
    19.460   -0.0132601102
    19.480   -0.0109437752
    19.500   -0.0141477128
    19.520   -0.0283460319
    19.540   -0.0368575172
    19.560   -0.0210614845
    19.580   -0.0039207810
    19.600    0.0096002305
    19.620    0.0144167024
    19.640    0.0239843143
    19.660    0.0332184817
    19.680    0.0404215015
    19.700    0.0451848829
    19.720    0.0301260209
    19.740    0.0116720208
    19.760    0.0051845050
    19.780   -0.0031721345
    19.800   -0.0149162505
    19.820   -0.0236551699
    19.840   -0.0369904332
    19.860   -0.0442107343
    19.880   -0.0361400978
    19.900   -0.0121349749
    19.920    0.0138456447
    19.940    0.0347246737
    19.960    0.0458713431
    19.980    0.0526393457
    20.000    0.0528426193
    20.020    0.0402281605
    20.040    0.0142160293
    20.060   -0.0128871298
    20.080   -0.0239906910
    20.100   -0.0259447961
    20.120   -0.0248183167
    20.140   -0.0184183401
    20.160   -0.0085266734
    20.180   -0.0044912319
    20.200   -0.0067956288
    20.220   -0.0181626539
    20.240   -0.0155274698
    20.260    0.0019952080
    20.280    0.0171147129
    20.300    0.0133671281
    20.320   -0.0113104143
    20.340   -0.0303980638
    20.360   -0.0403845449
    20.380   -0.0371183474
    20.400   -0.0254738414
    20.420   -0.0144480765
    20.440   -0.0102384834
    20.460   -0.0098325028
    20.480   -0.0093031595
    20.500   -0.0010145011
    20.520    0.0108623045
    20.540    0.0111620637
    20.560   -0.0049028567
    20.580   -0.0251291890
    20.600   -0.0290633802
    20.620   -0.0255576162
    20.640   -0.0149841356
    20.660   -0.0021594163
    20.680    0.0055319428
    20.700    0.0053698715
    20.720   -0.0096770477
    20.740   -0.0328919164
    20.760   -0.0571562149
    20.780   -0.0642485544
    20.800   -0.0601891515
    20.820   -0.0525580600
    20.840   -0.0436506712
    20.860   -0.0289883763
    20.880   -0.0100924157
    20.900   -0.0051041935
    20.920   -0.0015283821
    20.940    0.0127640373
    20.960    0.0347234884
    20.980    0.0618238266
    21.000    0.0837447304
    21.020    0.0991641511
    21.040    0.1120565791
    21.060    0.1174874090
    21.080    0.1108913652
    21.100    0.0911346671
    21.120    0.0660605457
    21.140    0.0468203640
    21.160    0.0272132706
    21.180    0.0146444494
    21.200    0.0077219186
    21.220   -0.0115058770
    21.240   -0.0194198376
    21.260   -0.0309900107
    21.280   -0.0573867971
    21.300   -0.0803502869
    21.320   -0.0871135721
    21.340   -0.0830759544
    21.360   -0.0790310355
    21.380   -0.0690330573
    21.400   -0.0468149118
    21.420   -0.0163537633
    21.440    0.0082100597
    21.460    0.0247585081
    21.480    0.0383231019
    21.500    0.0477242262
    21.520    0.0335697005
    21.540    0.0086743911
    21.560   -0.0131259520
    21.580   -0.0188930947
    21.600   -0.0118522077
    21.620   -0.0055221430
    21.640    0.0000632118
    21.660    0.0041034736
    21.680    0.0091134501
    21.700    0.0067413909
    21.720   -0.0052297965
    21.740   -0.0241021774
    21.760   -0.0443889513
    21.780   -0.0604417796
    21.800   -0.0655293794
    21.820   -0.0574996347
    21.840   -0.0306559071
    21.860    0.0045542502
    21.880    0.0256048373
    21.900    0.0170237364
    21.920   -0.0132853445
    21.940   -0.0315773587
    21.960   -0.0237266606
    21.980    0.0031873842
    22.000    0.0283773941
    22.020    0.0408444291
    22.040    0.0425803973
    22.060    0.0519718498
    22.080    0.0670235765
    22.100    0.0773118507
    22.120    0.0679980333
    22.140    0.0459680848
    22.160    0.0413836552
    22.180    0.0367966892
    22.200    0.0259063223
    22.220    0.0121480958
    22.240    0.0021281475
    22.260   -0.0102930224
    22.280   -0.0250642837
    22.300   -0.0343833400
    22.320   -0.0413567496
    22.340   -0.0494377691
    22.360   -0.0549242355
    22.380   -0.0596856731
    22.400   -0.0609988796
    22.420   -0.0517017745
    22.440   -0.0313139683
    22.460   -0.0028522803
    22.480    0.0249250383
    22.500    0.0269369845
    22.520    0.0162665251
    22.540    0.0145594585
    22.560    0.0094937531
    22.580    0.0165637194
    22.600    0.0295480602
    22.620    0.0321256877
    22.640    0.0303460779
    22.660    0.0254111170
    22.680    0.0137300028
    22.700    0.0115441090
    22.720    0.0081952462
    22.740    0.0049139650
    22.760   -0.0004030907
    22.780   -0.0091851778
    22.800   -0.0177399539
    22.820   -0.0183639315
    22.840   -0.0166303528
    22.860   -0.0121306392
    22.880   -0.0144035128
    22.900   -0.0194257213
    22.920   -0.0093720520
    22.940   -0.0020626164
    22.960    0.0074930338
    22.980    0.0157141354
    23.000    0.0214882665
    23.020    0.0161592986
    23.040    0.0113572135
    23.060    0.0079598850
    23.080    0.0058973516
    23.100    0.0029740145
    23.120   -0.0020915623
    23.140    0.0000482843
    23.160    0.0019077323
    23.180   -0.0015862005
    23.200   -0.0169352751
    23.220   -0.0315566876
    23.240   -0.0380755704
    23.260   -0.0336992503
    23.280   -0.0257055852
    23.300   -0.0212565465
    23.320   -0.0167447147
    23.340   -0.0134514955
    23.360   -0.0137924475
    23.380   -0.0124746018
    23.400   -0.0121675651
    23.420   -0.0102743283
    23.440   -0.0058132402
    23.460   -0.0100566822
    23.480   -0.0089252152
    23.500    0.0005144931
    23.520    0.0025504113
    23.540    0.0020281985
    23.560    0.0044992348
    23.580    0.0197323716
    23.600    0.0232312396
    23.620    0.0225131683
    23.640    0.0209827020
    23.660    0.0141255009
    23.680    0.0121138013
    23.700    0.0069490358
    23.720    0.0031625552
    23.740   -0.0035690549
    23.760    0.0014408702
    23.780    0.0102906424
    23.800    0.0074326870
    23.820    0.0051429210
    23.840    0.0026862953
    23.860   -0.0031844898
    23.880   -0.0011800729
    23.900    0.0102616815
    23.920    0.0197497547
    23.940    0.0246486100
    23.960    0.0301543488
    23.980    0.0301158750
    24.000    0.0272361463
    24.020    0.0326087558
    24.040    0.0438087860
    24.060    0.0486932545
    24.080    0.0385163955
    24.100    0.0178888877
    24.120   -0.0009324186
    24.140    0.0010331593
    24.160    0.0216630794
    24.180    0.0400298888
    24.200    0.0521489052
    24.220    0.0527875280
    24.240    0.0414839764
    24.260    0.0237459805
    24.280    0.0055802069
    24.300   -0.0129220858
    24.320   -0.0296566545
    24.340   -0.0407260445
    24.360   -0.0462316885
    24.380   -0.0432166021
    24.400   -0.0434945476
    24.420   -0.0488502551
    24.440   -0.0531542027
    24.460   -0.0542134062
    24.480   -0.0415072313
    24.500   -0.0169914995
    24.520    0.0017283367
    24.540    0.0057085383
    24.560   -0.0012888713
    24.580   -0.0078196417
    24.600   -0.0068428144
    24.620    0.0042725972
    24.640    0.0099355975
    24.660    0.0171363748
    24.680    0.0207973450
    24.700    0.0198762822
    24.720    0.0231262604
    24.740    0.0124947608
    24.760   -0.0060675799
    24.780   -0.0244827198
    24.800   -0.0307524828
    24.820   -0.0283925418
    24.840   -0.0217963605
    24.860   -0.0167524616
    24.880   -0.0098128369
    24.900   -0.0093048923
    24.920   -0.0104098188
    24.940   -0.0085866195
    24.960   -0.0082044960
    24.980   -0.0051746317
    25.000   -0.0043789869
    25.020   -0.0002489202
    25.040   -0.0060759669
    25.060   -0.0116878987
    25.080   -0.0155758525
    25.100   -0.0202642277
    25.120   -0.0190020802
    25.140   -0.0067066460
    25.160   -0.0015635633
    25.180    0.0079584556
    25.200    0.0166826161
    25.220    0.0156625028
    25.240    0.0096324200
    25.260   -0.0009774074
    25.280   -0.0044930548
    25.300   -0.0087582488
    25.320   -0.0057794458
    25.340    0.0148553538
    25.360    0.0416028114
    25.380    0.0644962993
    25.400    0.0714242420
    25.420    0.0625919992
    25.440    0.0571302338
    25.460    0.0478430138
    25.480    0.0386842533
    25.500    0.0238818360
    25.520    0.0031434795
    25.540   -0.0170851286
    25.560   -0.0302989753
    25.580   -0.0439148913
    25.600   -0.0511590874
    25.620   -0.0468498772
    25.640   -0.0389552294
    25.660   -0.0271167660
    25.680   -0.0249162911
    25.700   -0.0217243768
    25.720   -0.0143712853
    25.740   -0.0066723277
    25.760   -0.0014300390
    25.780    0.0004658796
    25.800   -0.0040893262
    25.820   -0.0098511044
    25.840   -0.0056050312
    25.860   -0.0030102932
    25.880   -0.0073454204
    25.900   -0.0140671738
    25.920   -0.0232818079
    25.940   -0.0255423974
    25.960   -0.0149008870
    25.980   -0.0070398795
    26.000   -0.0067881806
    26.020   -0.0112732087
    26.040   -0.0172381136
    26.060   -0.0206255261
    26.080   -0.0169815788
    26.100   -0.0090649513
    26.120   -0.0043135245
    26.140   -0.0027174062
    26.160   -0.0030775430
    26.180    0.0047689308
    26.200    0.0150018980
    26.220    0.0162040141
    26.240    0.0170142898
    26.260    0.0069679716
    26.280   -0.0057526232
    26.300   -0.0105641668
    26.320   -0.0109363696
    26.340   -0.0036460144
    26.360   -0.0039214139
    26.380   -0.0072724695
    26.400   -0.0096394534
    26.420   -0.0092257685
    26.440   -0.0036667590
    26.460    0.0039838800
    26.480    0.0118472225
    26.500    0.0148070801
    26.520    0.0255187631
    26.540    0.0340086529
    26.560    0.0380686721
    26.580    0.0421963228
    26.600    0.0440560094
    26.620    0.0431931575
    26.640    0.0380215221
    26.660    0.0345761832
    26.680    0.0274678189
    26.700    0.0184829870
    26.720    0.0089421101
    26.740    0.0015264392
    26.760   -0.0051128958
    26.780   -0.0153164873
    26.800   -0.0244536570
    26.820   -0.0309965059
    26.840   -0.0365020077
    26.860   -0.0345507710
    26.880   -0.0340452540
    26.900   -0.0323619828
    26.920   -0.0257777206
    26.940   -0.0177934475
    26.960   -0.0037184391
    26.980    0.0071191574
    27.000    0.0145134630
    27.020    0.0218088082
    27.040    0.0313382426
    27.060    0.0372552697
    27.080    0.0321561965
    27.100    0.0253523988
    27.120    0.0150837076
    27.140    0.0109999782
    27.160    0.0125985406
    27.180    0.0101494816
    27.200    0.0010801349
    27.220   -0.0086905581
    27.240   -0.0137583165
    27.260   -0.0132600177
    27.280   -0.0147684712
    27.300   -0.0192511099
    27.320   -0.0217340675
    27.340   -0.0267245606
    27.360   -0.0290528313
    27.380   -0.0305782720
    27.400   -0.0322174986
    27.420   -0.0266584937
    27.440   -0.0166939567
    27.460   -0.0116014405
    27.480   -0.0074279009
    27.500    0.0015889147
    27.520    0.0091380089
    27.540    0.0170401950
    27.560    0.0243137005
    27.580    0.0272833674
    27.600    0.0268751372
    27.620    0.0188551969
    27.640    0.0065239629
    27.660    0.0022879137
    27.680   -0.0016409997
    27.700    0.0009246492
    27.720    0.0045229022
    27.740    0.0032175066
    27.760   -0.0032235965
    27.780   -0.0079818765
    27.800   -0.0114344242
    27.820   -0.0125247671
    27.840   -0.0104886391
    27.860   -0.0077488456
    27.880   -0.0046584448
    27.900   -0.0073203283
    27.920   -0.0053349819
    27.940   -0.0008252485
    27.960    0.0039070011
    27.980    0.0009888877
    28.000    0.0021377351
    28.020   -0.0064021291
    28.040   -0.0118713569
    28.060   -0.0089357523
    28.080   -0.0039666841
    28.100    0.0039597313
    28.120   -0.0032815893
    28.140   -0.0098655031
    28.160   -0.0184731564
    28.180   -0.0299363542
    28.200   -0.0319963274
    28.220   -0.0294814244
    28.240   -0.0286059376
    28.260   -0.0226816448
    28.280   -0.0149295136
    28.300   -0.0124073259
    28.320   -0.0036445423
    28.340    0.0055585094
    28.360    0.0084723264
    28.380    0.0106149342
    28.400    0.0169839659
    28.420    0.0272726526
    28.440    0.0333491931
    28.460    0.0353420327
    28.480    0.0341913976
    28.500    0.0340151007
    28.520    0.0343852364
    28.540    0.0411775133
    28.560    0.0458880554
    28.580    0.0412265360
    28.600    0.0375418913
    28.620    0.0322855804
    28.640    0.0322955130
    28.660    0.0295320354
    28.680    0.0266864424
    28.700    0.0210189902
    28.720    0.0205864904
    28.740    0.0165221710
    28.760    0.0066862949
    28.780   -0.0037083453
    28.800   -0.0105218835
    28.820   -0.0167575796
    28.840   -0.0233028133
    28.860   -0.0215835597
    28.880   -0.0191485083
    28.900   -0.0163700678
    28.920   -0.0150738936
    28.940   -0.0067293865
    28.960   -0.0058055099
    28.980   -0.0033220781
    29.000   -0.0041438960
    29.020   -0.0067406039
    29.040   -0.0027460162
    29.060    0.0058765999
    29.080    0.0154591818
    29.100    0.0190768185
    29.120    0.0072026169
    29.140   -0.0063112380
    29.160   -0.0090675352
    29.180   -0.0067147698
    29.200    0.0043305853
    29.220    0.0067584351
    29.240    0.0077670347
    29.260    0.0004796484
    29.280   -0.0157252035
    29.300   -0.0243765908
    29.320   -0.0297056535
    29.340   -0.0283709225
    29.360   -0.0321838844
    29.380   -0.0341980114
    29.400   -0.0336707802
    29.420   -0.0317413287
    29.440   -0.0250894825
    29.460   -0.0183382633
    29.480   -0.0124360355
    29.500   -0.0043067258
    29.520    0.0033171853
    29.540    0.0087094442
    29.560    0.0159755654
    29.580    0.0143219947
    29.600    0.0071698703
    29.620    0.0017175090
    29.640   -0.0019818816
    29.660   -0.0032609467
    29.680   -0.0002553652
    29.700    0.0002380660
    29.720    0.0005113835
    29.740   -0.0024214802
    29.760    0.0016721341
    29.780    0.0049196188
    29.800    0.0053838624
    29.820    0.0151501182
    29.840    0.0160860372
    29.860    0.0097051813
    29.880    0.0102636917
    29.900    0.0178441082
    29.920    0.0183060880
    29.940    0.0127835681
    29.960    0.0094902992
    29.980    0.0102302126
    30.000    0.0100537000
    30.020    0.0132018803
    30.040    0.0181223975
    30.060    0.0241118255
    30.080    0.0294603977
    30.100    0.0331357025
    30.120    0.0219384078
    30.140    0.0140413942
    30.160    0.0110432192
    30.180    0.0054722076
    30.200    0.0039367774
    30.220    0.0043646949
    30.240    0.0031170480
    30.260   -0.0028288001
    30.280    0.0068307815
    30.300    0.0142442055
    30.320    0.0177550235
    30.340    0.0197933489
    30.360    0.0205114629
    30.380    0.0265854101
    30.400    0.0320959848
    30.420    0.0329179449
    30.440    0.0325020816
    30.460    0.0344267682
    30.480    0.0310539203
    30.500    0.0206277330
    30.520    0.0029574871
    30.540   -0.0084312948
    30.560   -0.0177476843
    30.580   -0.0272021528
    30.600   -0.0305462935
    30.620   -0.0323576447
    30.640   -0.0330033554
    30.660   -0.0358857391
    30.680   -0.0413577215
    30.700   -0.0398737652
    30.720   -0.0311645296
    30.740   -0.0259342946
    30.760   -0.0240485322
    30.780   -0.0213937200
    30.800   -0.0189373218
    30.820   -0.0130497961
    30.840   -0.0079554545
    30.860   -0.0012361390
    30.880    0.0095598081
    30.900    0.0134017616
    30.920    0.0111528329
    30.940    0.0079996484
    30.960    0.0077987359
    30.980    0.0073923334
    31.000    0.0075226987
    31.020    0.0097325136
    31.040    0.0061682922
    31.060   -0.0008246936
    31.080   -0.0060428220
    31.100   -0.0132655387
    31.120   -0.0288131699
    31.140   -0.0340049074
    31.160   -0.0379996421
    31.180   -0.0433341333
    31.200   -0.0429548711
    31.220   -0.0451119889
    31.240   -0.0495348426
    31.260   -0.0492694136
    31.280   -0.0379998554
    31.300   -0.0331159085
    31.320   -0.0279419027
    31.340   -0.0268784796
    31.360   -0.0255587304
    31.380   -0.0211630975
    31.400   -0.0173045265
    31.420   -0.0119104542
    31.440   -0.0091157970
    31.460   -0.0038281238
    31.480    0.0054272433
    31.500    0.0165688255
    31.520    0.0193828857
    31.540    0.0195033232
    31.560    0.0217781619
    31.580    0.0223725457
    31.600    0.0247343997
    31.620    0.0232058109
    31.640    0.0200112938
    31.660    0.0141715154
    31.680    0.0029178896
    31.700   -0.0060726837
    31.720   -0.0106528296
    31.740   -0.0162631068
    31.760   -0.0194602434
    31.780   -0.0205827782
    31.800   -0.0293798943
    31.820   -0.0351329513
    31.840   -0.0397107907
    31.860   -0.0404730844
    31.880   -0.0399128553
    31.900   -0.0373989479
    31.920   -0.0329991121
    31.940   -0.0252115889
    31.960   -0.0180431338
    31.980   -0.0117837751
    32.000   -0.0060249648
    32.020   -0.0095896318
    32.040   -0.0065245152
    32.060   -0.0052122758
    32.080   -0.0007810596
    32.100    0.0093857016
    32.120    0.0114207510
    32.140    0.0149937505
    32.160    0.0187044213
    32.180    0.0205074188
    32.200    0.0303427117
    32.220    0.0418054686
    32.240    0.0530286353
    32.260    0.0608765125
    32.280    0.0647661612
    32.300    0.0588295298
    32.320    0.0561254579
    32.340    0.0498595825
    32.360    0.0434632565
    32.380    0.0414940986
    32.400    0.0399593179
    32.420    0.0349420045
    32.440    0.0350078818
    32.460    0.0321513132
    32.480    0.0235437499
    32.500    0.0150007198
    32.520    0.0046606328
    32.540   -0.0011652298
    32.560   -0.0026007639
    32.580    0.0011751356
    32.600   -0.0010735256
    32.620   -0.0040670503
    32.640   -0.0043893011
    32.660   -0.0072162570
    32.680   -0.0069602745
    32.700   -0.0047378792
    32.720    0.0014801092
    32.740    0.0096669895
    32.760    0.0140424278
    32.780    0.0156376003
    32.800    0.0186701978
    32.820    0.0218190987
    32.840    0.0258356802
    32.860    0.0271298514
    32.880    0.0235091638
    32.900    0.0185109570
    32.920    0.0087154440
    32.940    0.0000058598
    32.960   -0.0091019198
    32.980   -0.0201797939
    33.000   -0.0316817809
    33.020   -0.0386754349
    33.040   -0.0378884165
    33.060   -0.0360980682
    33.080   -0.0349420994
    33.100   -0.0307308635
    33.120   -0.0308210150
    33.140   -0.0313877868
    33.160   -0.0316105699
    33.180   -0.0289556629
    33.200   -0.0247244909
    33.220   -0.0230583753
    33.240   -0.0190401131
    33.260   -0.0172575046
    33.280   -0.0171002455
    33.300   -0.0157835590
    33.320   -0.0155132940
    33.340   -0.0194342220
    33.360   -0.0166634337
    33.380   -0.0142176247
    33.400   -0.0134200622
    33.420   -0.0069558439
    33.440   -0.0040141209
    33.460   -0.0026647186
    33.480   -0.0004991202
    33.500   -0.0007672130
    33.520    0.0004061074
    33.540    0.0038361410
    33.560    0.0039993051
    33.580    0.0060002448
    33.600    0.0071394231
    33.620    0.0093381676
    33.640    0.0127199263
    33.660    0.0151690778
    33.680    0.0127856210
    33.700    0.0090957019
    33.720    0.0060605655
    33.740    0.0040197012
    33.760    0.0053617595
    33.780    0.0071225306
    33.800    0.0094912213
    33.820    0.0134624829
    33.840    0.0162922858
    33.860    0.0169577975
    33.880    0.0192027746
    33.900    0.0192908970
    33.920    0.0189938117
    33.940    0.0174899500
    33.960    0.0162601057
    33.980    0.0156491827
    34.000    0.0139043629
    34.020    0.0109020537
    34.040    0.0090777712
    34.060    0.0067169815
    34.080    0.0046847246
    34.100    0.0025225860
    34.120    0.0016263128
    34.140    0.0006688106
    34.160    0.0000558047
    34.180    0.0004638471
    34.200   -0.0009721427
    34.220   -0.0006710413
    34.240   -0.0008318123
    34.260   -0.0020784070
    34.280   -0.0029080567
    34.300   -0.0032047081
    34.320   -0.0039573774
    34.340   -0.0039078971
    34.360   -0.0036930388
    34.380   -0.0034687575
    34.400   -0.0021280591
    34.420   -0.0007596636
    34.440   -0.0005212674
    34.460   -0.0003342287
    34.480   -0.0003460235
    34.500    0.0001954697
    34.520    0.0007577470
    34.540    0.0012601938
    34.560    0.0007331998
    34.580   -0.0004211146
    34.600   -0.0006750022
    34.620   -0.0011448880
    34.640   -0.0008896148
    34.660   -0.0010000434
    34.680   -0.0012154027
    34.700   -0.0015143099
    34.720   -0.0020350944
    34.740   -0.0022594952
    34.760   -0.0024677104
    34.780   -0.0023671899
    34.800   -0.0021858466
    34.820   -0.0023405550
    34.840   -0.0023335624
    34.860   -0.0024976455
    34.880   -0.0025368637
    34.900   -0.0024103884
    34.920   -0.0021234700
    34.940   -0.0018597135
    34.960   -0.0018978894
    34.980   -0.0019162200
    35.000   -0.0017876106
    35.020   -0.0016732893
    35.040   -0.0013782558
    35.060   -0.0010421005
    35.080   -0.0009469363
    35.100   -0.0007876390
    35.120   -0.0008839900
    35.140   -0.0008831674
    35.160   -0.0008176310
    35.180   -0.0008855441
    35.200   -0.0009067924
    35.220   -0.0009339730
    35.240   -0.0009294460
    35.260   -0.0009023223
    35.280   -0.0008044506
    35.300   -0.0007004445
    35.320   -0.0006067978
    35.340   -0.0005235128
    35.360   -0.0004868178
    35.380   -0.0004266709
    35.400   -0.0003897595
    35.420   -0.0003685728
    35.440   -0.0003587128
    35.460   -0.0003362273
    35.480   -0.0003033107
    35.500   -0.0002604161
    35.520   -0.0002199272
    35.540   -0.0001956762
    35.560   -0.0001736559
    35.580   -0.0001579842
    35.600   -0.0001458815
    35.620   -0.0001407185
    35.640   -0.0001306501
    35.660   -0.0001223175
    35.680   -0.0001141309
    35.700   -0.0001057427
    35.720   -0.0000986717
    35.740   -0.0000911524
    35.760   -0.0000850927
    35.780   -0.0000792762
    35.800   -0.0000746968
    35.820   -0.0000707275
    35.840   -0.0000673292
    35.860   -0.0000644850
    35.880   -0.0000619842
    35.900   -0.0000597716
    35.920   -0.0000577770
    35.940   -0.0000559198
    35.960   -0.0000541570
    35.980   -0.0000524845
