  -0.0005516028
  -0.0005458912
  -0.0004997573
  -0.0003690080
  -0.0003215463
  -0.0004735402
  -0.0006730691
  -0.0005853392
  -0.0002545357
  -0.0003494125
  -0.0009259965
  -0.0011444664
  -0.0005635863
   0.0002039014
  -0.0001617822
  -0.0018595511
  -0.0031235746
  -0.0032714221
  -0.0027627788
  -0.0009905954
   0.0004223973
  -0.0015908911
  -0.0041361146
  -0.0012575753
   0.0014972034
   0.0001297057
  -0.0013170749
  -0.0003526975
   0.0002254695
   0.0012403092
   0.0033922823
   0.0007331786
  -0.0037390363
  -0.0036847371
  -0.0035348706
  -0.0070036949
  -0.0068161252
   0.0018901781
   0.0094168960
  -0.0027523553
  -0.0188931331
  -0.0186014835
  -0.0145783003
  -0.0166995451
  -0.0138325746
  -0.0093854995
  -0.0088949005
  -0.0076806107
  -0.0012251088
   0.0100849010
   0.0190149087
   0.0212405991
   0.0154192986
  -0.0012885161
  -0.0116962395
   0.0057477193
   0.0284617968
   0.0256507635
   0.0133912196
   0.0122211326
   0.0153786919
   0.0195884248
   0.0307714392
   0.0325714267
   0.0012108789
  -0.0361439894
  -0.0391119425
  -0.0207990668
  -0.0177350983
  -0.0312215978
  -0.0351604298
  -0.0199825501
   0.0017046234
   0.0165136459
   0.0261903181
   0.0343329105
   0.0379550941
   0.0348084191
   0.0241223717
   0.0107224926
  -0.0090196883
  -0.0321736314
  -0.0399296197
  -0.0314920366
  -0.0292933151
  -0.0389620744
  -0.0432189188
  -0.0308402566
  -0.0279481097
  -0.0380427974
  -0.0239402238
  -0.0041976769
  -0.0023602797
   0.0110545196
   0.0357362558
   0.0349803627
   0.0148987371
   0.0078630617
   0.0207321935
   0.0372382775
   0.0456401657
   0.0272854268
  -0.0210131064
  -0.0554265687
  -0.0221746227
   0.0206988122
   0.0095005930
  -0.0082485534
  -0.0182022690
  -0.0456967497
  -0.0626952252
  -0.0345858457
   0.0051077179
   0.0190523665
   0.0203290243
   0.0284840719
   0.0618921837
   0.0976946107
   0.0101810198
  -0.1142805887
  -0.0645836737
   0.0402234424
   0.0672287803
   0.0281636093
  -0.0087825235
  -0.0054061642
   0.0057267414
   0.0020043473
   0.0192458608
   0.0526811928
   0.0424514317
   0.0046192959
   0.0002533155
   0.0071548603
  -0.0216036975
  -0.0574984439
  -0.0602729804
  -0.0529843661
  -0.0635226965
  -0.0748593747
  -0.0663914780
  -0.0450928424
  -0.0204103966
   0.0094254483
   0.0199116963
  -0.0065002861
  -0.0226419967
   0.0083845249
   0.0401232100
   0.0437872717
   0.0326457251
   0.0230105169
   0.0212151419
   0.0261232009
   0.0250957010
   0.0124346992
  -0.0023597575
  -0.0092934609
  -0.0091782787
  -0.0047965578
  -0.0013254712
  -0.0185486768
  -0.0495909540
  -0.0498955317
  -0.0217798876
  -0.0020706226
   0.0025460119
   0.0119323289
   0.0266671240
   0.0372821477
   0.0435421607
   0.0434584489
   0.0274048629
  -0.0066614635
  -0.0362987619
  -0.0450207357
  -0.0378009388
  -0.0172458225
   0.0137525365
   0.0378963295
   0.0461574416
   0.0523595401
   0.0631197713
   0.0644360232
   0.0502290482
   0.0263997047
  -0.0070725677
  -0.0378893443
  -0.0420792193
  -0.0209510563
   0.0050561382
   0.0273240672
   0.0414749054
   0.0327339014
   0.0053178622
  -0.0052122893
   0.0110469800
   0.0313440239
   0.0476697969
   0.0663840862
   0.0865614648
   0.0995676103
   0.1024898343
   0.0978612580
   0.0864974891
   0.0709485389
   0.0476736037
   0.0100678704
  -0.0309464430
  -0.0573383752
  -0.0607002244
  -0.0500996553
  -0.0466909792
  -0.0659913247
  -0.0980913637
  -0.1171594599
  -0.1195369846
  -0.1213051690
  -0.1225406289
  -0.1179488636
  -0.1118563850
  -0.1107814743
  -0.1128126947
  -0.1112623087
  -0.1051700149
  -0.0978014217
  -0.0881542796
  -0.0764338948
  -0.0695325352
  -0.0681562992
  -0.0683517005
  -0.0678102536
  -0.0665972278
  -0.0642859703
  -0.0604673838
  -0.0539237118
  -0.0433990931
  -0.0321018537
  -0.0137598729
   0.0156351455
   0.0466010584
   0.0751855364
   0.1032589845
   0.1305482402
   0.1449156904
   0.1435907533
   0.1401135185
   0.1379525356
   0.1360878147
   0.1345838490
   0.1343567370
   0.1355312517
   0.1310291486
   0.1127915912
   0.0864140360
   0.0643194920
   0.0444115803
   0.0239337855
   0.0096518137
   0.0040917344
   0.0033612335
   0.0083105925
   0.0227689392
   0.0455606303
   0.0669189175
   0.0848198538
   0.1053462346
   0.1229401538
   0.1285227484
   0.1275680648
   0.1252566225
   0.1206532522
   0.1106550751
   0.0953876034
   0.0773747558
   0.0688435487
   0.0841147162
   0.1078603591
   0.1280358528
   0.1458796137
   0.1520723247
   0.1454314140
   0.1284488308
   0.1047249566
   0.0788023646
   0.0540885851
   0.0360700274
   0.0140756565
  -0.0246903846
  -0.0681507554
  -0.1074037697
  -0.1326486846
  -0.1299567511
  -0.1075278035
  -0.0907038476
  -0.1074952428
  -0.1469642815
  -0.1577970630
  -0.1401789357
  -0.1196983099
  -0.0988360842
  -0.0720039353
  -0.0440457987
  -0.0177461527
   0.0080076927
   0.0336480671
   0.0585053873
   0.0740734821
   0.0694335225
   0.0546478831
   0.0502854844
   0.0623243803
   0.0793064831
   0.0824686438
   0.0699292143
   0.0504879818
   0.0270997752
  -0.0162932197
  -0.0708507459
  -0.1169556319
  -0.1334901263
  -0.1151764707
  -0.0863133232
  -0.0651991122
  -0.0556525720
  -0.0529221644
  -0.0542786274
  -0.0722190357
  -0.1221246202
  -0.1561347656
  -0.1577775487
  -0.1539755937
  -0.1490775506
  -0.1335410556
  -0.1130517075
  -0.0977836075
  -0.0844282010
  -0.0685869435
  -0.0596100867
  -0.0592134446
  -0.0599977479
  -0.0533137802
  -0.0202580597
   0.0183832195
   0.0283888881
   0.0283790127
   0.0355492035
   0.0400408658
   0.0232299637
  -0.0210200695
  -0.0606036880
  -0.0693171022
  -0.0528328349
  -0.0335206737
  -0.0277044771
  -0.0271501242
  -0.0207868999
   0.0013873100
   0.0285130033
   0.0382450731
   0.0351577208
   0.0202290248
  -0.0109815186
  -0.0280183167
  -0.0188803342
  -0.0048670827
  -0.0042356632
  -0.0094616383
  -0.0079283421
  -0.0035760985
  -0.0111326839
  -0.0448079637
  -0.0688651696
  -0.0645689271
  -0.0555306078
  -0.0588644054
  -0.0697169598
  -0.0746759849
  -0.0713474726
  -0.0688233322
  -0.0753901035
  -0.0927486320
  -0.1041132879
  -0.1080376506
  -0.1176380029
  -0.1284174157
  -0.1286883609
  -0.1150778646
  -0.0936710505
  -0.0711985285
  -0.0410646993
  -0.0032994476
   0.0354946596
   0.0898238948
   0.1342752797
   0.1260590357
   0.0797401580
   0.0493407427
   0.0501885044
   0.0709451018
   0.0942474974
   0.0998954352
   0.0883229966
   0.0636223745
   0.0412336012
   0.0292362913
   0.0197594703
   0.0096327540
   0.0007745854
  -0.0238940917
  -0.0712996478
  -0.1034828442
  -0.1082931470
  -0.1112404660
  -0.1261398277
  -0.1371175617
  -0.1276991948
  -0.0971574140
  -0.0479186038
   0.0184713367
   0.0886340052
   0.1465250997
   0.1745743399
   0.1727021163
   0.1432247130
   0.1171384303
   0.1158644224
   0.1342225764
   0.1427913707
   0.1327911609
   0.1181385363
   0.1099175616
   0.1030428493
   0.0920798989
   0.0762524270
   0.0683926509
   0.0871266023
   0.1186098353
   0.1017104465
   0.0432672979
  -0.0128082827
  -0.0582013270
  -0.0813888545
  -0.0820983532
  -0.0774984201
  -0.0681367480
  -0.0543525081
  -0.0504196819
  -0.0621409167
  -0.0744112119
  -0.0647454055
  -0.0453294159
  -0.0362735781
  -0.0247223539
   0.0097291316
   0.0598624786
   0.1032062813
   0.1281311696
   0.1311818255
   0.1112419444
   0.0798878085
   0.0444754082
  -0.0051662090
  -0.0598049707
  -0.0785560340
  -0.0585414591
  -0.0145773875
   0.0276112115
   0.0567056400
   0.0680605019
   0.0455352027
   0.0078544651
  -0.0082396537
  -0.0056677662
  -0.0136064826
  -0.0258281068
  -0.0166817457
   0.0039478389
   0.0182686286
   0.0219982959
   0.0175256859
   0.0049276471
  -0.0098304838
  -0.0061920162
   0.0217285149
   0.0521142443
   0.0584474728
   0.0436410995
   0.0206204373
  -0.0012604691
  -0.0206446195
  -0.0374238848
  -0.0467796435
  -0.0481366979
  -0.0354964928
  -0.0068113390
   0.0170689967
   0.0253181118
   0.0258567979
   0.0263398313
   0.0191207145
  -0.0204456997
  -0.0678118798
  -0.0949587701
  -0.1036041431
  -0.0837751015
  -0.0506963926
  -0.0205223449
  -0.0048881455
   0.0009956672
   0.0227017074
   0.0557376143
   0.0888732767
   0.1197901156
   0.1239958089
   0.0993813748
   0.0740320143
   0.0648562451
   0.0669086429
   0.0701658617
   0.0724097433
   0.0724536134
   0.0710002443
   0.0705629105
   0.0700848849
   0.0670982417
   0.0617759852
   0.0580131695
   0.0576548906
   0.0558432796
   0.0485993855
   0.0418052804
   0.0434013106
   0.0488543645
   0.0453197327
   0.0287777837
   0.0022534443
  -0.0207417510
  -0.0344344660
  -0.0364815455
  -0.0226806298
   0.0017054712
   0.0229861648
   0.0379491807
   0.0474682235
   0.0514760392
   0.0416557080
   0.0019989432
  -0.0475537832
  -0.0575968283
  -0.0188029203
   0.0136124811
   0.0173400860
   0.0138290118
   0.0138178354
   0.0145003357
   0.0152402182
   0.0174916690
   0.0167910256
   0.0061802374
  -0.0053798458
  -0.0105411504
  -0.0116139877
  -0.0129870674
  -0.0161710892
  -0.0211987617
  -0.0242285655
  -0.0209493377
  -0.0003301055
   0.0451778108
   0.0741922308
   0.0500653576
  -0.0024438617
  -0.0282805396
  -0.0203645566
   0.0030200780
   0.0214061932
   0.0261316053
   0.0188881880
   0.0016802679
  -0.0210336371
  -0.0435495894
  -0.0625076222
  -0.0746554728
  -0.0839397531
  -0.0981230005
  -0.1151903673
  -0.1302630659
  -0.1446991486
  -0.1571124376
  -0.1639603917
  -0.1646388819
  -0.1556077326
  -0.1388113850
  -0.1200280566
  -0.1081449421
  -0.1052342493
  -0.1039418359
  -0.1007509213
  -0.0980120131
  -0.0975126254
  -0.0977051809
  -0.0968475142
  -0.0944340286
  -0.0893792431
  -0.0817364893
  -0.0721340304
  -0.0617144857
  -0.0557940134
  -0.0531727083
  -0.0498155158
  -0.0456441203
  -0.0412181893
  -0.0319782005
  -0.0184468884
  -0.0101804100
  -0.0097665081
  -0.0148744773
  -0.0225980638
  -0.0322067354
  -0.0403076716
  -0.0475464653
  -0.0604424366
  -0.0718867758
  -0.0522518051
  -0.0008059989
   0.0437369707
   0.0543801533
   0.0485493802
   0.0421232003
   0.0254495079
  -0.0042970814
  -0.0261276913
  -0.0300184030
  -0.0280926335
  -0.0274387653
  -0.0269372672
  -0.0263709396
  -0.0270527118
  -0.0283751875
  -0.0245052910
  -0.0083124293
   0.0077249059
   0.0100985979
   0.0058588729
   0.0052952212
   0.0150610603
   0.0309498025
   0.0462654722
   0.0538548205
   0.0542160561
   0.0517094342
   0.0478699290
   0.0452102237
   0.0501098560
   0.0585243102
   0.0618645385
   0.0597620245
   0.0429419123
   0.0064555437
  -0.0210458520
  -0.0230440127
  -0.0144561884
  -0.0100147716
  -0.0120013864
  -0.0117273737
   0.0036332576
   0.0210196482
   0.0259295070
   0.0241035485
   0.0206051216
   0.0159092470
   0.0101591956
   0.0067288025
   0.0113569316
   0.0265915727
   0.0390765359
   0.0421854020
   0.0445372403
   0.0531585531
   0.0741887197
   0.0965361361
   0.0975756032
   0.0776922691
   0.0468056255
   0.0283367133
   0.0269880449
   0.0332538826
   0.0196609085
  -0.0245315762
  -0.0663790229
  -0.0703119970
  -0.0362590644
   0.0078249313
   0.0359475199
   0.0395740388
   0.0345443594
   0.0296819557
   0.0291135510
   0.0387888484
   0.0608022678
   0.0899726171
   0.1096264738
   0.1064664937
   0.0759562758
   0.0406217847
   0.0162148152
  -0.0044236543
  -0.0299756786
  -0.0678760034
  -0.0982628527
  -0.0974558197
  -0.0734191260
  -0.0507292490
  -0.0438182062
  -0.0427214529
  -0.0373759492
  -0.0257020734
  -0.0055650835
   0.0336972667
   0.0849007197
   0.1197768105
   0.1225476141
   0.1136852558
   0.1081020329
   0.1047058119
   0.0945824553
   0.0775133884
   0.0583589564
   0.0291008631
  -0.0074865140
  -0.0470566869
  -0.0671812882
  -0.0642418045
  -0.0565851542
  -0.0503579237
  -0.0468533764
  -0.0425189924
  -0.0241769525
   0.0081051790
   0.0411946835
   0.0602372781
   0.0618127592
   0.0520667892
   0.0237418731
  -0.0245360001
  -0.0438556455
  -0.0299105350
  -0.0149203063
  -0.0096690735
  -0.0075055885
  -0.0039355612
   0.0003131932
   0.0030361403
   0.0043456305
   0.0040025897
   0.0014570753
  -0.0021772910
  -0.0040781373
  -0.0012218782
   0.0061276597
   0.0183870004
   0.0304608076
   0.0412989074
   0.0513974278
   0.0561422396
   0.0459815545
   0.0008014707
  -0.0621071363
  -0.0899550987
  -0.0722897749
  -0.0220298328
   0.0348496393
   0.0743855255
   0.0814573392
   0.0621605788
   0.0407842557
   0.0318060647
   0.0293461810
   0.0224720859
  -0.0001676983
  -0.0207582679
  -0.0254136098
  -0.0224624655
  -0.0164825561
  -0.0100855108
  -0.0053430348
  -0.0035562974
  -0.0034465729
   0.0023064026
   0.0249850758
   0.0410172442
   0.0400276345
   0.0351901152
   0.0326901607
   0.0303799084
   0.0259494537
   0.0193486174
   0.0092440432
  -0.0098986876
  -0.0267951309
  -0.0320052248
  -0.0321873986
  -0.0329081808
  -0.0360541351
  -0.0454458362
  -0.0617083135
  -0.0714855877
  -0.0716885287
  -0.0668035690
  -0.0561880315
  -0.0284522466
   0.0147863786
   0.0344871619
   0.0280448457
   0.0101465077
  -0.0114873667
  -0.0261206544
  -0.0322375480
  -0.0330524607
  -0.0333453668
  -0.0374326071
  -0.0427111414
  -0.0428997053
  -0.0300108228
   0.0020591451
   0.0303835008
   0.0340918059
   0.0284059077
   0.0246557689
   0.0199624593
   0.0116647543
  -0.0019589648
  -0.0196691872
  -0.0357506365
  -0.0520496403
  -0.0651164353
  -0.0681621387
  -0.0648301522
  -0.0572370710
  -0.0462783339
  -0.0335050696
  -0.0089839381
   0.0292387491
   0.0621283876
   0.0744657262
   0.0707331429
   0.0631253152
   0.0560630368
   0.0509381773
   0.0482102829
   0.0456273410
   0.0410653646
   0.0323153538
   0.0137554600
  -0.0097097947
  -0.0197273789
  -0.0138659632
  -0.0006377091
   0.0069675344
   0.0062574702
   0.0022987155
  -0.0020675927
  -0.0058791707
  -0.0090314228
  -0.0121966178
  -0.0142692358
  -0.0155007447
  -0.0183140991
  -0.0239559793
  -0.0365296696
  -0.0616880601
  -0.0828902332
  -0.0865661586
  -0.0795028823
  -0.0682794460
  -0.0589914698
  -0.0522726499
  -0.0450893683
  -0.0345181851
  -0.0131483557
   0.0177203406
   0.0451052236
   0.0659528136
   0.0744311327
   0.0730999864
   0.0710328420
   0.0712529688
   0.0721506249
   0.0727670243
   0.0739038410
   0.0746985668
   0.0737581863
   0.0703017594
   0.0642453526
   0.0566218913
   0.0480098552
   0.0384989063
   0.0240501578
  -0.0019942915
  -0.0190084964
  -0.0167257489
  -0.0085546243
  -0.0026103997
   0.0014447692
   0.0094538770
   0.0202474673
   0.0252838214
   0.0250455294
   0.0228171299
   0.0151890118
   0.0003153346
  -0.0188421114
  -0.0362101124
  -0.0434006453
  -0.0409109136
  -0.0373008858
  -0.0357946508
  -0.0350744821
  -0.0323184546
  -0.0240869023
  -0.0028486951
   0.0349021837
   0.0657095876
   0.0699815111
   0.0531878984
   0.0241276346
   0.0067063242
   0.0057388233
   0.0095747139
   0.0113859184
   0.0105515950
   0.0059921724
  -0.0032118315
  -0.0180485055
  -0.0352268227
  -0.0546884269
  -0.0790734576
  -0.0911074011
  -0.0867217922
  -0.0797176870
  -0.0743044378
  -0.0661497303
  -0.0455721245
  -0.0131539143
   0.0081364018
   0.0115420695
   0.0055971416
  -0.0067101975
  -0.0172684376
  -0.0206057943
  -0.0186223209
  -0.0140444263
  -0.0059804047
   0.0043738893
   0.0129462353
   0.0208785320
   0.0282904113
   0.0329647315
   0.0345557907
   0.0312372462
   0.0202552693
   0.0047614322
  -0.0100769438
  -0.0193636670
  -0.0229602973
  -0.0238001904
  -0.0208894311
  -0.0131803732
  -0.0025677684
   0.0044212040
   0.0065014096
   0.0072885145
   0.0072837357
   0.0066333231
   0.0073627056
   0.0127049126
   0.0230304230
   0.0348008278
   0.0423093619
   0.0441198642
   0.0437450647
   0.0436273878
   0.0437734491
   0.0437417753
   0.0431124034
   0.0397866999
   0.0320295363
   0.0197223895
   0.0076349481
   0.0003816107
  -0.0062265874
  -0.0199385617
  -0.0344062701
  -0.0392423702
  -0.0382174648
  -0.0351469842
  -0.0273608782
  -0.0103796292
   0.0074809924
   0.0140032320
   0.0133597011
   0.0123126426
   0.0120750787
   0.0118966599
   0.0103699090
   0.0050568996
  -0.0025453326
  -0.0087688377
  -0.0109164525
  -0.0114286724
  -0.0141885879
  -0.0215545496
  -0.0304895653
  -0.0358822247
  -0.0368317082
  -0.0355135456
  -0.0334634762
  -0.0291513858
  -0.0202991838
  -0.0035654311
   0.0186986224
   0.0326124954
   0.0339302514
   0.0290493905
   0.0210261825
   0.0114374242
   0.0015881605
  -0.0067287951
  -0.0124211464
  -0.0166186681
  -0.0192965868
  -0.0188828068
  -0.0121144916
   0.0027644777
   0.0168924998
   0.0248945747
   0.0284373448
   0.0295826066
   0.0293663051
   0.0266888262
   0.0211148504
   0.0136667773
   0.0070552340
   0.0034848228
   0.0008705361
  -0.0025284221
  -0.0058920731
  -0.0085458983
  -0.0110984046
  -0.0143634586
  -0.0179095588
  -0.0219426285
  -0.0266354133
  -0.0294319181
  -0.0289742310
  -0.0246526200
  -0.0169977622
  -0.0062408646
   0.0002768004
  -0.0018819626
  -0.0081244530
  -0.0133286631
  -0.0143131651
  -0.0129425764
  -0.0082189198
  -0.0000809235
   0.0053393722
   0.0046679042
   0.0013656695
  -0.0000530560
   0.0003280456
  -0.0004790947
  -0.0025369976
  -0.0032460868
  -0.0022006722
  -0.0015680424
  -0.0027339704
  -0.0058475968
  -0.0120090295
  -0.0204315666
  -0.0261116697
  -0.0233668297
  -0.0111415503
   0.0018004964
   0.0071033581
   0.0057652045
   0.0024946169
  -0.0007545238
  -0.0027046828
  -0.0006688207
   0.0065044292
   0.0144517829
   0.0182774987
   0.0195380462
   0.0197610373
   0.0189068374
   0.0189105850
   0.0224344285
   0.0295252835
   0.0383223170
   0.0450977210
   0.0479975109
   0.0491106740
   0.0505215774
   0.0511439641
   0.0506373694
   0.0497620734
   0.0484711753
   0.0463467447
   0.0432998956
   0.0373069101
   0.0260667684
   0.0129559037
   0.0028901995
  -0.0029990506
  -0.0063640300
  -0.0100767220
  -0.0154636898
  -0.0216556727
  -0.0272965994
  -0.0312325635
  -0.0325956163
  -0.0309472228
  -0.0258155777
  -0.0194918957
  -0.0145393753
  -0.0114757284
  -0.0097136791
  -0.0085418735
  -0.0073313461
  -0.0064851662
  -0.0064315279
  -0.0068829393
  -0.0075216582
  -0.0072928497
  -0.0034760047
   0.0069781453
   0.0180952325
   0.0231080070
   0.0241223310
   0.0230009779
   0.0180311903
   0.0073885620
  -0.0053363896
  -0.0158005511
  -0.0255593421
  -0.0343492463
  -0.0428590876
  -0.0529391654
  -0.0594489462
  -0.0602325104
  -0.0576652021
  -0.0528714569
  -0.0450266491
  -0.0301755150
  -0.0139899231
  -0.0071217377
  -0.0063743636
  -0.0056713069
  -0.0034633057
   0.0027469153
   0.0173917618
   0.0311205856
   0.0348940158
   0.0328863455
   0.0291332870
   0.0240377359
   0.0158674207
   0.0047992337
  -0.0079518368
  -0.0212732375
  -0.0304968499
  -0.0344105869
  -0.0365616759
  -0.0370412131
  -0.0321395554
  -0.0161965945
   0.0035711553
   0.0104658911
   0.0080409963
   0.0039148680
  -0.0002264409
  -0.0039301837
  -0.0060211961
  -0.0051094439
  -0.0025625310
  -0.0002597496
   0.0006167727
   0.0000314064
   0.0005822313
   0.0051199181
   0.0113356950
   0.0144679671
   0.0106828210
  -0.0017374661
  -0.0191298433
  -0.0343272521
  -0.0411627511
  -0.0419085434
  -0.0418399108
  -0.0424012046
  -0.0431877994
  -0.0439143361
  -0.0432563211
  -0.0391913301
  -0.0269765211
  -0.0031679156
   0.0210231703
   0.0326574964
   0.0344168625
   0.0330067204
   0.0309208120
   0.0295745533
   0.0302827067
   0.0317524190
   0.0319656345
   0.0300137684
   0.0258361009
   0.0162953818
   0.0034380188
  -0.0035861350
  -0.0049273034
  -0.0045866058
  -0.0048418509
  -0.0054718068
  -0.0044964300
  -0.0015876479
   0.0012958232
   0.0026420350
   0.0013761691
  -0.0022211086
  -0.0060540119
  -0.0091851235
  -0.0093446599
  -0.0063271155
  -0.0022456245
   0.0012846764
   0.0038690797
   0.0059603656
   0.0071780741
   0.0072018164
   0.0061381597
   0.0045569131
   0.0031868640
   0.0023342418
   0.0020552474
   0.0013695424
  -0.0018411763
  -0.0075274977
  -0.0129994708
  -0.0157730020
  -0.0150822266
  -0.0117299312
  -0.0079371789
  -0.0043661944
  -0.0016100749
  -0.0006819182
  -0.0018563379
  -0.0042961168
  -0.0056029552
  -0.0048980394
  -0.0038873891
  -0.0041195903
  -0.0045976085
  -0.0039773986
  -0.0031702817
  -0.0039081156
  -0.0069841363
  -0.0113175704
  -0.0147983532
  -0.0164768607
  -0.0156158013
  -0.0134233405
  -0.0109690524
  -0.0071875577
  -0.0028894644
   0.0005889327
   0.0039673865
   0.0059315968
   0.0056698618
   0.0063227100
   0.0099935277
   0.0137465788
   0.0157290727
   0.0154347621
   0.0129887084
   0.0096264784
   0.0070309742
   0.0061679449
   0.0060517352
   0.0055223406
   0.0050839608
   0.0057490646
   0.0076737992
   0.0097681712
   0.0109339932
   0.0099098566
   0.0069608042
   0.0048347770
   0.0065450617
   0.0120806225
   0.0183697628
   0.0237549861
   0.0279513843
   0.0315802352
   0.0351377149
   0.0377439113
   0.0385877923
   0.0380468998
   0.0364629995
   0.0344966344
   0.0324781944
   0.0306744518
   0.0289180942
   0.0269243020
   0.0237822543
   0.0171717163
   0.0055136294
  -0.0043630271
  -0.0083137525
  -0.0090341651
  -0.0094421241
  -0.0104882771
  -0.0128197585
  -0.0176784108
  -0.0251162353
  -0.0316037004
  -0.0343154918
  -0.0350925623
  -0.0359772607
  -0.0364995814
  -0.0361092111
  -0.0346573204
  -0.0319499233
  -0.0250036439
  -0.0097525413
   0.0061665663
   0.0137419035
   0.0165072261
   0.0184767955
   0.0189541595
   0.0174018036
   0.0140026776
   0.0086604115
  -0.0017233415
  -0.0185282903
  -0.0328179643
  -0.0372386102
  -0.0314239067
  -0.0172854608
  -0.0030363399
   0.0056581237
   0.0097777435
   0.0108204926
   0.0094797001
   0.0070784700
   0.0048198197
   0.0032992772
   0.0024937340
   0.0019490299
   0.0011725160
  -0.0003247571
  -0.0022906755
  -0.0036744293
  -0.0041302825
  -0.0040671346
  -0.0043313459
  -0.0055855993
  -0.0077267945
  -0.0097719040
  -0.0124222625
  -0.0157571503
  -0.0190078237
  -0.0219523080
  -0.0253560427
  -0.0285241648
  -0.0311180946
  -0.0335764704
  -0.0344623773
  -0.0329582711
  -0.0288271422
  -0.0223184037
  -0.0154750916
  -0.0097544447
  -0.0065616008
  -0.0065309508
  -0.0085523772
  -0.0113887568
  -0.0140974992
  -0.0158610046
  -0.0163663797
  -0.0158266773
  -0.0145404730
  -0.0132168663
  -0.0116715954
  -0.0094114039
  -0.0044825297
   0.0046441655
   0.0130682623
   0.0189160993
   0.0262662057
   0.0341005097
   0.0384371481
   0.0387368103
   0.0355619432
   0.0278279787
   0.0128104042
  -0.0047506993
  -0.0139387943
  -0.0143612596
  -0.0106863838
  -0.0071612615
  -0.0049517073
  -0.0048775975
  -0.0063539217
  -0.0074290726
  -0.0058785905
  -0.0007231557
   0.0059265335
   0.0110499996
   0.0118357554
   0.0093567196
   0.0043225165
  -0.0044186205
  -0.0153566977
  -0.0231748729
  -0.0259935197
  -0.0270186209
  -0.0277213081
  -0.0263563630
  -0.0211287765
  -0.0122282398
  -0.0001859072
   0.0135028907
   0.0221784849
   0.0247163740
   0.0240759292
   0.0212646261
   0.0175885824
   0.0137977483
   0.0106289350
   0.0083045017
   0.0053625713
   0.0007854750
  -0.0060583398
  -0.0144463240
  -0.0200907397
  -0.0222497859
  -0.0224503467
  -0.0206891992
  -0.0170357596
  -0.0111220360
  -0.0042880376
  -0.0000434711
   0.0012321088
   0.0004073407
  -0.0015328406
  -0.0033199110
  -0.0034021303
  -0.0010694360
   0.0039030005
   0.0140945203
   0.0235910367
   0.0267446599
   0.0269630940
   0.0268269746
   0.0260316686
   0.0238921181
   0.0207063592
   0.0179485282
   0.0162312213
   0.0124152847
   0.0017734655
  -0.0106936573
  -0.0159106921
  -0.0147158574
  -0.0114378123
  -0.0045043613
   0.0074141708
   0.0168185562
   0.0198472512
   0.0187937545
   0.0158484165
   0.0122033554
   0.0091501382
   0.0087388197
   0.0107662925
   0.0133661763
   0.0153826982
   0.0173775031
   0.0199420432
   0.0209083725
   0.0160582244
   0.0040067291
  -0.0055085550
  -0.0073538429
  -0.0066303479
  -0.0068660787
  -0.0077062010
  -0.0080236256
  -0.0076688098
  -0.0079335348
  -0.0103227126
  -0.0138208069
  -0.0161494277
  -0.0153513719
  -0.0089405853
   0.0009564735
   0.0083139779
   0.0125883555
   0.0157442665
   0.0174753775
   0.0167160287
   0.0133336341
   0.0088895785
   0.0064775416
   0.0077408832
   0.0108490544
   0.0132984825
   0.0127326428
   0.0085797858
   0.0011499607
  -0.0080158458
  -0.0153570784
  -0.0181672542
  -0.0158091034
  -0.0103948415
  -0.0048700468
  -0.0002970579
   0.0031513269
   0.0047893952
   0.0051888389
   0.0048980505
   0.0037464540
   0.0028312916
   0.0040574477
   0.0067972725
   0.0079462449
   0.0053393648
  -0.0007629205
  -0.0052874303
  -0.0122365555
  -0.0181784601
  -0.0179915926
  -0.0163958507
  -0.0166443766
  -0.0160724276
  -0.0131575067
  -0.0100324047
  -0.0084219347
  -0.0072559353
  -0.0045204384
  -0.0001308982
   0.0042076780
   0.0086652531
   0.0114899316
   0.0121030417
   0.0124603116
   0.0133810042
   0.0138847124
   0.0139786100
   0.0151576929
   0.0171360215
   0.0164523644
   0.0117114740
   0.0006227515
  -0.0116019723
  -0.0167700108
  -0.0164378544
  -0.0141080214
  -0.0103934112
  -0.0041470840
   0.0023851685
   0.0060469675
   0.0072589363
   0.0074426217
   0.0072946644
   0.0069006204
   0.0063111049
   0.0056743449
   0.0046633915
   0.0030528535
   0.0012216805
  -0.0004177560
  -0.0018461779
  -0.0028211404
  -0.0032445135
  -0.0027135936
  -0.0012632891
  -0.0003047385
  -0.0006803925
  -0.0014826900
  -0.0016385110
   0.0002499243
   0.0035224897
   0.0059105968
   0.0070974336
   0.0065001013
   0.0047700066
   0.0045312156
   0.0059607943
   0.0076559185
   0.0087167405
   0.0089974539
   0.0077048409
   0.0052189419
   0.0024505195
  -0.0006635337
  -0.0035566474
  -0.0050738637
  -0.0042832182
  -0.0019807835
   0.0016240147
   0.0055282134
   0.0100717806
   0.0125692700
   0.0115042125
   0.0089960975
   0.0048085399
  -0.0012320275
  -0.0059018745
  -0.0111260609
  -0.0170982681
  -0.0187881959
  -0.0172973246
  -0.0151125846
  -0.0113596555
  -0.0048519517
   0.0013005410
   0.0086649390
   0.0169819660
   0.0192473133
   0.0174692497
   0.0140910610
   0.0104866065
   0.0084286686
   0.0080036309
   0.0076031081
   0.0077597913
   0.0094495602
   0.0113130356
   0.0125325366
   0.0124876168
   0.0109817329
   0.0088128963
   0.0077024016
   0.0087390045
   0.0092262623
   0.0062532606
   0.0013865065
  -0.0030986333
  -0.0055651981
  -0.0038459508
  -0.0000310389
   0.0029076396
   0.0059184654
   0.0082773998
   0.0093673933
   0.0116867966
   0.0148242429
   0.0188952693
   0.0236815858
   0.0292745215
   0.0296756098
   0.0242643194
   0.0164047541
   0.0094892355
   0.0054233131
   0.0021617686
  -0.0013365493
  -0.0048437395
  -0.0082959568
  -0.0117004898
  -0.0140621813
  -0.0154246206
  -0.0162059673
  -0.0166839448
  -0.0168910732
  -0.0164256025
  -0.0139910873
  -0.0086032030
  -0.0016427299
   0.0032852772
   0.0049034021
   0.0047480346
   0.0045230773
   0.0050392443
   0.0055654272
   0.0048580869
   0.0023592966
  -0.0007111131
  -0.0037562296
  -0.0057288037
  -0.0062821514
  -0.0067040956
  -0.0082569061
  -0.0105756441
  -0.0122080565
  -0.0124175946
  -0.0106530654
  -0.0077028452
  -0.0046123809
  -0.0022059581
  -0.0015327408
  -0.0028185777
  -0.0047227289
  -0.0055046743
  -0.0044444363
  -0.0023283983
  -0.0004925256
   0.0011873779
   0.0028473757
   0.0037165173
   0.0036770231
   0.0039530169
   0.0048824760
   0.0060839153
   0.0079144677
   0.0098774843
   0.0109847081
   0.0107704097
   0.0084812055
   0.0047948614
  -0.0010174375
  -0.0089506271
  -0.0149826965
  -0.0177954077
  -0.0183227326
  -0.0174627080
  -0.0159197951
  -0.0133013320
  -0.0104756667
  -0.0081246378
  -0.0053768226
  -0.0026829857
  -0.0012870119
  -0.0013921154
  -0.0021956163
  -0.0027412887
  -0.0028803696
  -0.0027555858
  -0.0026151774
  -0.0028330977
  -0.0035593646
  -0.0041921886
  -0.0036313180
  -0.0017624410
   0.0000280166
   0.0008457363
   0.0006565762
   0.0001010825
   0.0004952694
   0.0019173303
   0.0031466177
   0.0029827503
   0.0017321559
   0.0001012707
  -0.0013556459
  -0.0023958193
  -0.0029955998
  -0.0034747444
  -0.0041376558
  -0.0053335142
  -0.0065894012
  -0.0078442570
  -0.0083140223
  -0.0073974174
  -0.0055570154
  -0.0042142086
  -0.0034685483
  -0.0028826181
  -0.0025435112
  -0.0025737454
  -0.0016219956
   0.0004128727
   0.0021525312
   0.0032524744
   0.0036589905
   0.0032254885
   0.0024509101
   0.0018551164
   0.0015401714
   0.0014273604
   0.0016274781
   0.0020840597
   0.0033955077
   0.0055908179
   0.0075839116
   0.0091307829
   0.0108148010
   0.0120708986
   0.0124348840
   0.0114699665
   0.0098472188
   0.0068358649
   0.0004405899
  -0.0090105410
  -0.0163314093
  -0.0194856312
  -0.0190016959
  -0.0164740962
  -0.0127528815
  -0.0076789069
  -0.0018726848
   0.0046550166
   0.0106019107
   0.0141032611
   0.0159405400
   0.0167807769
   0.0159862544
   0.0137978074
   0.0114637204
   0.0091240305
   0.0064374450
   0.0034210651
   0.0000032441
  -0.0040194208
  -0.0098373027
  -0.0163350830
  -0.0202421452
  -0.0212745828
  -0.0210107263
  -0.0207660625
  -0.0203921500
  -0.0192641406
  -0.0176638417
  -0.0162161125
  -0.0145631287
  -0.0119931409
  -0.0088048910
  -0.0052242344
  -0.0004281204
   0.0044757219
   0.0080353490
   0.0108621231
   0.0124324780
   0.0126066280
   0.0116891619
   0.0098339099
   0.0073268482
   0.0045247515
   0.0021912507
   0.0004984911
  -0.0010654828
  -0.0028447276
  -0.0042651822
  -0.0052629635
  -0.0059021961
  -0.0062114158
  -0.0061723208
  -0.0058289622
  -0.0051199033
  -0.0039142803
  -0.0023745543
  -0.0005545314
   0.0008984167
   0.0012204701
   0.0006681030
  -0.0001141109
  -0.0005019057
  -0.0007444758
  -0.0008772434
  -0.0002454165
   0.0015471473
   0.0037616329
   0.0055021315
   0.0066667487
   0.0075992237
   0.0079712032
   0.0074149026
   0.0062314143
   0.0050553990
   0.0039457434
   0.0027811159
   0.0017425065
   0.0008648455
  -0.0002249596
  -0.0010265741
  -0.0009478732
  -0.0005709408
  -0.0003432716
   0.0002079126
   0.0020351854
   0.0048456503
   0.0078612433
   0.0107429345
   0.0129108287
   0.0138663882
   0.0140009775
   0.0130584423
   0.0107306938
   0.0079493088
   0.0054314256
   0.0032350539
   0.0014376841
  -0.0006008926
  -0.0028487080
  -0.0047504776
  -0.0060757178
  -0.0066892085
  -0.0065576610
  -0.0059175007
  -0.0054075502
  -0.0054561732
  -0.0060484865
  -0.0065567703
  -0.0065225833
  -0.0061512136
  -0.0055099446
  -0.0039779530
  -0.0010523011
   0.0019170956
   0.0030723297
   0.0025355255
   0.0014963463
   0.0005110545
  -0.0004416824
  -0.0016952562
  -0.0039707608
  -0.0063210505
  -0.0070486775
  -0.0066590760
  -0.0059999374
  -0.0052185353
  -0.0043259869
  -0.0033607630
  -0.0025052836
  -0.0017822462
  -0.0011296216
  -0.0004524899
   0.0001001116
   0.0003965986
   0.0002872765
  -0.0001211578
  -0.0004682677
  -0.0007434110
  -0.0011353679
  -0.0016305893
  -0.0020648437
  -0.0022680234
  -0.0022539898
  -0.0021109462
  -0.0019052570
  -0.0017053759
  -0.0015312609
  -0.0013581558
  -0.0012046084
  -0.0010688601
  -0.0009487569
  -0.0008578418
  -0.0008025788
  -0.0007801097
  -0.0007575252
  -0.0007084298
  -0.0006173914
  -0.0004702446
  -0.0003017114
  -0.0001355343
   0.0000186058
   0.0001624104
   0.0003001886
   0.0004260921
   0.0005324467
   0.0006250563
   0.0007171935
   0.0008123536
   0.0009042333
   0.0009882710
   0.0010654658
   0.0011361474
   0.0012026337
   0.0012675471
   0.0013313325
   0.0013935852
   0.0014545873
   0.0015141257
   0.0015716263
   0.0016261298
   0.0016771108
   0.0017248657
   0.0017698964
   0.0018126389
   0.0018532744
   0.0018917127
   0.0019278640
   0.0019616746
   0.0019930944
   0.0020220875
   0.0020486365
   0.0020727300
