     0.000   -0.0009447021
     0.010   -0.0009368465
     0.020   -0.0009058336
     0.030   -0.0007955965
     0.040   -0.0006542175
     0.050   -0.0005378319
     0.060   -0.0006100362
     0.070   -0.0010114546
     0.080   -0.0014123293
     0.090   -0.0012556619
     0.100   -0.0008017550
     0.110   -0.0006887511
     0.120   -0.0011214119
     0.130   -0.0017769891
     0.140   -0.0020679239
     0.150   -0.0019016816
     0.160   -0.0016801230
     0.170   -0.0015737115
     0.180   -0.0019147092
     0.190   -0.0030713174
     0.200   -0.0041090718
     0.210   -0.0036858112
     0.220   -0.0022764489
     0.230   -0.0013155104
     0.240   -0.0008527700
     0.250   -0.0008607705
     0.260   -0.0025871918
     0.270   -0.0055281727
     0.280   -0.0061956862
     0.290   -0.0041064293
     0.300   -0.0013668023
     0.310    0.0023081596
     0.320    0.0062175843
     0.330    0.0080657587
     0.340    0.0083016706
     0.350    0.0075630964
     0.360    0.0056141463
     0.370    0.0027030755
     0.380    0.0011356296
     0.390    0.0039332291
     0.400    0.0035916619
     0.410   -0.0037584360
     0.420   -0.0068931806
     0.430   -0.0064105685
     0.440   -0.0049081883
     0.450    0.0040774166
     0.460    0.0101722717
     0.470    0.0092101963
     0.480    0.0113644453
     0.490    0.0136440069
     0.500    0.0106853785
     0.510    0.0094341336
     0.520    0.0116680178
     0.530    0.0089375473
     0.540   -0.0036331204
     0.550   -0.0141928789
     0.560   -0.0116644439
     0.570   -0.0054892661
     0.580   -0.0081382719
     0.590   -0.0144807475
     0.600   -0.0128950288
     0.610   -0.0083163026
     0.620   -0.0140578461
     0.630   -0.0288550277
     0.640   -0.0403717582
     0.650   -0.0335657560
     0.660   -0.0040959034
     0.670    0.0242191816
     0.680    0.0280351514
     0.690    0.0103246308
     0.700   -0.0054638385
     0.710   -0.0051384233
     0.720    0.0051350527
     0.730    0.0075884761
     0.740   -0.0032406664
     0.750   -0.0106477507
     0.760   -0.0089478810
     0.770   -0.0139665245
     0.780   -0.0349282988
     0.790   -0.0598264807
     0.800   -0.0726584393
     0.810   -0.0610521464
     0.820   -0.0271598702
     0.830    0.0027025577
     0.840    0.0167801523
     0.850    0.0102988002
     0.860    0.0011148794
     0.870    0.0027107936
     0.880    0.0042511564
     0.890    0.0046014928
     0.900    0.0078609366
     0.910    0.0102706930
     0.920    0.0085389648
     0.930    0.0075709317
     0.940    0.0148524905
     0.950    0.0229519076
     0.960    0.0212702364
     0.970    0.0130562728
     0.980    0.0104501171
     0.990    0.0122533865
     1.000    0.0065781583
     1.010    0.0040889367
     1.020    0.0093491541
     1.030    0.0024933548
     1.040   -0.0284047878
     1.050   -0.0528774811
     1.060   -0.0552300586
     1.070   -0.0503464295
     1.080   -0.0373749883
     1.090   -0.0085960219
     1.100    0.0170883779
     1.110    0.0211002812
     1.120    0.0105560855
     1.130    0.0014501260
     1.140   -0.0033082882
     1.150    0.0055459869
     1.160    0.0519711397
     1.170    0.1014909849
     1.180    0.0947620752
     1.190    0.0235478614
     1.200   -0.0316703297
     1.210   -0.0253792750
     1.220   -0.0037487121
     1.230   -0.0077173737
     1.240   -0.0156474824
     1.250   -0.0063386134
     1.260   -0.0120896441
     1.270   -0.0252667649
     1.280   -0.0223010146
     1.290   -0.0105316113
     1.300   -0.0131981134
     1.310   -0.0307178341
     1.320   -0.0450515594
     1.330   -0.0556424822
     1.340   -0.0598972569
     1.350   -0.0533409449
     1.360   -0.0364783042
     1.370   -0.0092121108
     1.380    0.0153320794
     1.390    0.0233049384
     1.400    0.0235915246
     1.410    0.0258002989
     1.420    0.0270791817
     1.430    0.0228818004
     1.440    0.0187604620
     1.450    0.0118398283
     1.460   -0.0147825348
     1.470   -0.0480607844
     1.480   -0.0600557363
     1.490   -0.0504381613
     1.500   -0.0314196491
     1.510   -0.0055258221
     1.520    0.0208835214
     1.530    0.0385906382
     1.540    0.0531946988
     1.550    0.0645024382
     1.560    0.0642362976
     1.570    0.0502964611
     1.580    0.0309207935
     1.590    0.0182329375
     1.600    0.0207212869
     1.610    0.0331693393
     1.620    0.0336413258
     1.630    0.0158202612
     1.640   -0.0026137585
     1.650   -0.0008992549
     1.660    0.0203174969
     1.670    0.0366749880
     1.680    0.0320582718
     1.690    0.0097753338
     1.700   -0.0182479354
     1.710   -0.0398065468
     1.720   -0.0476887938
     1.730   -0.0369722109
     1.740   -0.0218994162
     1.750   -0.0206340345
     1.760   -0.0258005613
     1.770   -0.0148130517
     1.780    0.0129140848
     1.790    0.0300731169
     1.800    0.0315297531
     1.810    0.0309810845
     1.820    0.0318829280
     1.830    0.0310509108
     1.840    0.0327328185
     1.850    0.0415256129
     1.860    0.0496819466
     1.870    0.0416689023
     1.880    0.0196091772
     1.890    0.0061958894
     1.900    0.0118374445
     1.910    0.0275989153
     1.920    0.0397290811
     1.930    0.0422641612
     1.940    0.0400326239
     1.950    0.0371245922
     1.960    0.0350595951
     1.970    0.0336159461
     1.980    0.0302048344
     1.990    0.0284305703
     2.000    0.0363504784
     2.010    0.0536153642
     2.020    0.0694157823
     2.030    0.0769331717
     2.040    0.0767341114
     2.050    0.0768322002
     2.060    0.0809178142
     2.070    0.0834354129
     2.080    0.0796580724
     2.090    0.0735497754
     2.100    0.0778072481
     2.110    0.0959717008
     2.120    0.1148919617
     2.130    0.1132372778
     2.140    0.0931890704
     2.150    0.0731653297
     2.160    0.0670545934
     2.170    0.0697648215
     2.180    0.0733951766
     2.190    0.0836767910
     2.200    0.1001138988
     2.210    0.1119866648
     2.220    0.1197083997
     2.230    0.1290705153
     2.240    0.1377334067
     2.250    0.1401977847
     2.260    0.1388060259
     2.270    0.1373776410
     2.280    0.1384223194
     2.290    0.1435191640
     2.300    0.1501307664
     2.310    0.1549634663
     2.320    0.1585174276
     2.330    0.1614977138
     2.340    0.1619846834
     2.350    0.1601711874
     2.360    0.1582176914
     2.370    0.1567049295
     2.380    0.1557910485
     2.390    0.1572849244
     2.400    0.1614637856
     2.410    0.1670693686
     2.420    0.1614495195
     2.430    0.1350253592
     2.440    0.0908968466
     2.450    0.0161613728
     2.460   -0.0529397568
     2.470   -0.0971166485
     2.480   -0.1385426204
     2.490   -0.1812907575
     2.500   -0.2158702167
     2.510   -0.2526792913
     2.520   -0.2833566001
     2.530   -0.2971431314
     2.540   -0.3087484633
     2.550   -0.3218859605
     2.560   -0.3230422176
     2.570   -0.3177301986
     2.580   -0.3142269079
     2.590   -0.3114441296
     2.600   -0.3062780610
     2.610   -0.2992597267
     2.620   -0.2914084512
     2.630   -0.2830360931
     2.640   -0.2737855192
     2.650   -0.2647599877
     2.660   -0.2592202284
     2.670   -0.2574118328
     2.680   -0.2576436386
     2.690   -0.2584470866
     2.700   -0.2577502648
     2.710   -0.2554231150
     2.720   -0.2562720594
     2.730   -0.2659179818
     2.740   -0.2816720904
     2.750   -0.2936596875
     2.760   -0.2870007779
     2.770   -0.2646485568
     2.780   -0.2368912545
     2.790   -0.1955640366
     2.800   -0.1541507046
     2.810   -0.1209783421
     2.820   -0.0904143121
     2.830   -0.0642671952
     2.840   -0.0453719925
     2.850   -0.0272912921
     2.860   -0.0064199080
     2.870    0.0126291211
     2.880    0.0217733422
     2.890    0.0200576098
     2.900    0.0084230804
     2.910   -0.0050795627
     2.920   -0.0081267999
     2.930   -0.0042413808
     2.940    0.0003491297
     2.950    0.0095782915
     2.960    0.0423852384
     2.970    0.0879591000
     2.980    0.1380719496
     2.990    0.1944368661
     3.000    0.2374872896
     3.010    0.2497357052
     3.020    0.2069132808
     3.030    0.1593061660
     3.040    0.1342498520
     3.050    0.1216271913
     3.060    0.1116152286
     3.070    0.1037714187
     3.080    0.1066892076
     3.090    0.1184036051
     3.100    0.1302469518
     3.110    0.1387550597
     3.120    0.1420518614
     3.130    0.1385028896
     3.140    0.1259884813
     3.150    0.1017200188
     3.160    0.0819205073
     3.170    0.0760571365
     3.180    0.0769083723
     3.190    0.0780866568
     3.200    0.0766059382
     3.210    0.0736701503
     3.220    0.0717820715
     3.230    0.0705124986
     3.240    0.0672355438
     3.250    0.0600708155
     3.260    0.0511810338
     3.270    0.0418186595
     3.280    0.0292749909
     3.290    0.0137880725
     3.300    0.0035659603
     3.310    0.0045062093
     3.320    0.0195011059
     3.330    0.0473556838
     3.340    0.0752495860
     3.350    0.0922466201
     3.360    0.1024315502
     3.370    0.1131388195
     3.380    0.1222923764
     3.390    0.1275508420
     3.400    0.1268202398
     3.410    0.1188448196
     3.420    0.1069095932
     3.430    0.0960649849
     3.440    0.0852775150
     3.450    0.0694574349
     3.460    0.0520604692
     3.470    0.0277108155
     3.480   -0.0074189089
     3.490   -0.0331647601
     3.500   -0.0455882386
     3.510   -0.0553595993
     3.520   -0.0666322278
     3.530   -0.0786327236
     3.540   -0.0947379411
     3.550   -0.1098534011
     3.560   -0.1166279919
     3.570   -0.1209499947
     3.580   -0.1270156412
     3.590   -0.1291742587
     3.600   -0.1219630362
     3.610   -0.1097324718
     3.620   -0.1035534725
     3.630   -0.1010472941
     3.640   -0.0932568159
     3.650   -0.0791529191
     3.660   -0.0666840072
     3.670   -0.0625722632
     3.680   -0.0679202062
     3.690   -0.0851445001
     3.700   -0.1124467653
     3.710   -0.1253971031
     3.720   -0.1067633471
     3.730   -0.0568984542
     3.740   -0.0106990533
     3.750    0.0122235275
     3.760    0.0247063397
     3.770    0.0314974992
     3.780    0.0348015965
     3.790    0.0374323114
     3.800    0.0370108329
     3.810    0.0309958902
     3.820    0.0239731762
     3.830    0.0195661978
     3.840    0.0169557992
     3.850    0.0153421581
     3.860    0.0149859526
     3.870    0.0177029145
     3.880    0.0279980633
     3.890    0.0514419632
     3.900    0.0728390940
     3.910    0.0749730600
     3.920    0.0676316686
     3.930    0.0567188712
     3.940    0.0357815526
     3.950    0.0073111000
     3.960   -0.0205862763
     3.970   -0.0470229065
     3.980   -0.0730465440
     3.990   -0.0916115935
     4.000   -0.0965112258
     4.010   -0.0956610618
     4.020   -0.0957933744
     4.030   -0.0962611624
     4.040   -0.0956143828
     4.050   -0.0940174287
     4.060   -0.0926638854
     4.070   -0.0935042183
     4.080   -0.1012697493
     4.090   -0.1070792712
     4.100   -0.0742903565
     4.110   -0.0056887699
     4.120    0.0446577261
     4.130    0.0746599448
     4.140    0.1166402992
     4.150    0.1726342230
     4.160    0.2033226563
     4.170    0.2050016221
     4.180    0.1888767056
     4.190    0.1475599470
     4.200    0.0830336704
     4.210    0.0340743059
     4.220    0.0145845538
     4.230    0.0083882689
     4.240   -0.0088382094
     4.250   -0.0400143663
     4.260   -0.0715919552
     4.270   -0.0946078090
     4.280   -0.1007372465
     4.290   -0.1004026951
     4.300   -0.1088205865
     4.310   -0.1248332961
     4.320   -0.1416069880
     4.330   -0.1541827110
     4.340   -0.1585785575
     4.350   -0.1535835713
     4.360   -0.1346552904
     4.370   -0.1131549335
     4.380   -0.1042196185
     4.390   -0.0856727158
     4.400   -0.0388314249
     4.410    0.0061658752
     4.420    0.0284107751
     4.430    0.0402095459
     4.440    0.0530227663
     4.450    0.0698943252
     4.460    0.0796295402
     4.470    0.0838300962
     4.480    0.0972749801
     4.490    0.1233800378
     4.500    0.1343833473
     4.510    0.1223516214
     4.520    0.0894010858
     4.530    0.0542813993
     4.540    0.0302926302
     4.550    0.0188277085
     4.560    0.0222524580
     4.570    0.0358614539
     4.580    0.0513467942
     4.590    0.0601090679
     4.600    0.0528318000
     4.610    0.0230635529
     4.620   -0.0133136467
     4.630   -0.0403781521
     4.640   -0.0472204145
     4.650   -0.0374711182
     4.660   -0.0228283062
     4.670   -0.0098756992
     4.680    0.0076230843
     4.690    0.0279590754
     4.700    0.0378359388
     4.710    0.0352753644
     4.720    0.0151830799
     4.730   -0.0143267807
     4.740   -0.0284956844
     4.750   -0.0194715018
     4.760   -0.0037482058
     4.770    0.0084275155
     4.780    0.0247059627
     4.790    0.0436981270
     4.800    0.0542274394
     4.810    0.0491252727
     4.820    0.0350363590
     4.830    0.0275847933
     4.840    0.0279116942
     4.850    0.0304145241
     4.860    0.0323811405
     4.870    0.0384644607
     4.880    0.0549244830
     4.890    0.0732063170
     4.900    0.0832112206
     4.910    0.0823824188
     4.920    0.0726724836
     4.930    0.0604290205
     4.940    0.0504595235
     4.950    0.0453691466
     4.960    0.0463256042
     4.970    0.0555009669
     4.980    0.0667477981
     4.990    0.0728636347
     5.000    0.0673642345
     5.010    0.0402706019
     5.020    0.0030994397
     5.030   -0.0313875577
     5.040   -0.0578780111
     5.050   -0.0650347193
     5.060   -0.0611013756
     5.070   -0.0592465966
     5.080   -0.0607936933
     5.090   -0.0639469469
     5.100   -0.0653869370
     5.110   -0.0593976104
     5.120   -0.0439613108
     5.130   -0.0167728049
     5.140    0.0123373422
     5.150    0.0249104892
     5.160    0.0198118520
     5.170    0.0069009753
     5.180   -0.0018486560
     5.190   -0.0072815182
     5.200   -0.0151441659
     5.210   -0.0248157674
     5.220   -0.0340515688
     5.230   -0.0401058763
     5.240   -0.0444308728
     5.250   -0.0538392239
     5.260   -0.0685595570
     5.270   -0.0726802819
     5.280   -0.0573884914
     5.290   -0.0238515484
     5.300    0.0066352523
     5.310    0.0219328492
     5.320    0.0328331026
     5.330    0.0387463827
     5.340    0.0380270160
     5.350    0.0364005687
     5.360    0.0359367686
     5.370    0.0343468846
     5.380    0.0311137741
     5.390    0.0301272246
     5.400    0.0348798717
     5.410    0.0434148006
     5.420    0.0519651524
     5.430    0.0578839984
     5.440    0.0580787345
     5.450    0.0493047818
     5.460    0.0288465678
     5.470    0.0060537236
     5.480   -0.0068609045
     5.490   -0.0073176972
     5.500   -0.0008952797
     5.510    0.0030474815
     5.520   -0.0015161866
     5.530   -0.0163291622
     5.540   -0.0348237164
     5.550   -0.0520993869
     5.560   -0.0672572756
     5.570   -0.0760123424
     5.580   -0.0773515087
     5.590   -0.0728089726
     5.600   -0.0659269055
     5.610   -0.0602949339
     5.620   -0.0582091622
     5.630   -0.0616849556
     5.640   -0.0704145577
     5.650   -0.0825139553
     5.660   -0.0934001053
     5.670   -0.0999023465
     5.680   -0.0928306436
     5.690   -0.0637772320
     5.700   -0.0284360439
     5.710    0.0008668114
     5.720    0.0124957884
     5.730    0.0095084948
     5.740    0.0085990636
     5.750    0.0138506807
     5.760    0.0160658120
     5.770    0.0093213057
     5.780   -0.0044810403
     5.790   -0.0145068848
     5.800   -0.0131467111
     5.810   -0.0040925291
     5.820    0.0023996316
     5.830    0.0044650150
     5.840    0.0069830719
     5.850    0.0095030396
     5.860    0.0093998432
     5.870    0.0086357785
     5.880    0.0106589714
     5.890    0.0160617281
     5.900    0.0238252485
     5.910    0.0354164658
     5.920    0.0464067289
     5.930    0.0501346554
     5.940    0.0442382803
     5.950    0.0309437228
     5.960    0.0175120924
     5.970    0.0106595147
     5.980    0.0152419368
     5.990    0.0278302517
     6.000    0.0440261736
     6.010    0.0581816279
     6.020    0.0685869065
     6.030    0.0813221438
     6.040    0.0992424835
     6.050    0.1168253151
     6.060    0.1311983091
     6.070    0.1445891592
     6.080    0.1573815718
     6.090    0.1700702779
     6.100    0.1808747119
     6.110    0.1872751316
     6.120    0.1895600005
     6.130    0.1870170111
     6.140    0.1797577791
     6.150    0.1709759541
     6.160    0.1626222602
     6.170    0.1479405121
     6.180    0.1150447125
     6.190    0.0565207719
     6.200    0.0044894004
     6.210   -0.0131884006
     6.220   -0.0130828056
     6.230   -0.0218974241
     6.240   -0.0466052348
     6.250   -0.0729160423
     6.260   -0.0864778639
     6.270   -0.0872439096
     6.280   -0.0862440993
     6.290   -0.0867844374
     6.300   -0.0804780041
     6.310   -0.0635959120
     6.320   -0.0450629797
     6.330   -0.0355731639
     6.340   -0.0297904631
     6.350   -0.0147599936
     6.360    0.0027552794
     6.370    0.0086316649
     6.380    0.0046724501
     6.390   -0.0024547705
     6.400   -0.0077276482
     6.410   -0.0060774586
     6.420    0.0049061814
     6.430    0.0128081201
     6.440    0.0114015705
     6.450    0.0058678355
     6.460    0.0010613534
     6.470    0.0025571916
     6.480    0.0113579738
     6.490    0.0221944733
     6.500    0.0283018205
     6.510    0.0300553138
     6.520    0.0299043628
     6.530    0.0290104137
     6.540    0.0312603639
     6.550    0.0378616991
     6.560    0.0420754495
     6.570    0.0344456867
     6.580    0.0075407289
     6.590   -0.0264208636
     6.600   -0.0482554466
     6.610   -0.0554825244
     6.620   -0.0643298404
     6.630   -0.0740383342
     6.640   -0.0762762654
     6.650   -0.0738783764
     6.660   -0.0714262688
     6.670   -0.0701788343
     6.680   -0.0700854763
     6.690   -0.0736483077
     6.700   -0.0836936812
     6.710   -0.1006101081
     6.720   -0.1180918943
     6.730   -0.1337184580
     6.740   -0.1520756880
     6.750   -0.1668269556
     6.760   -0.1703680552
     6.770   -0.1656994525
     6.780   -0.1483796569
     6.790   -0.1170148400
     6.800   -0.0778318996
     6.810   -0.0371292490
     6.820    0.0012391613
     6.830    0.0301381090
     6.840    0.0471993849
     6.850    0.0617810855
     6.860    0.0807925238
     6.870    0.0941163305
     6.880    0.0942909610
     6.890    0.0818267797
     6.900    0.0509481932
     6.910    0.0163745920
     6.920    0.0031907509
     6.930    0.0025830568
     6.940   -0.0010018612
     6.950   -0.0114125657
     6.960   -0.0312787472
     6.970   -0.0554335909
     6.980   -0.0662565413
     6.990   -0.0655623436
     7.000   -0.0631080923
     7.010   -0.0585415330
     7.020   -0.0442118178
     7.030   -0.0124312731
     7.040    0.0142490156
     7.050    0.0182272975
     7.060    0.0144041171
     7.070    0.0114337136
     7.080    0.0048804100
     7.090   -0.0080920254
     7.100   -0.0195986513
     7.110   -0.0252530052
     7.120   -0.0310659604
     7.130   -0.0428482217
     7.140   -0.0529433048
     7.150   -0.0576957301
     7.160   -0.0624409485
     7.170   -0.0687949478
     7.180   -0.0729742525
     7.190   -0.0715439457
     7.200   -0.0582531432
     7.210   -0.0310642012
     7.220    0.0035253658
     7.230    0.0316166249
     7.240    0.0468287248
     7.250    0.0582688507
     7.260    0.0593622408
     7.270    0.0303585241
     7.280   -0.0189569499
     7.290   -0.0553716849
     7.300   -0.0662621590
     7.310   -0.0643916726
     7.320   -0.0601256624
     7.330   -0.0512772746
     7.340   -0.0297376933
     7.350   -0.0013573050
     7.360    0.0188867872
     7.370    0.0351000317
     7.380    0.0526842234
     7.390    0.0615729703
     7.400    0.0626879813
     7.410    0.0637917199
     7.420    0.0651507331
     7.430    0.0624326327
     7.440    0.0413651007
     7.450    0.0003137172
     7.460   -0.0297214905
     7.470   -0.0311486374
     7.480   -0.0227613627
     7.490   -0.0208122278
     7.500   -0.0224667195
     7.510   -0.0182104628
     7.520    0.0010315657
     7.530    0.0311441690
     7.540    0.0496493859
     7.550    0.0511741964
     7.560    0.0511432249
     7.570    0.0570665799
     7.580    0.0634254578
     7.590    0.0675176506
     7.600    0.0759744965
     7.610    0.0885421256
     7.620    0.0957457715
     7.630    0.0964302860
     7.640    0.0878545065
     7.650    0.0624804944
     7.660    0.0301739701
     7.670    0.0095028733
     7.680    0.0002571157
     7.690   -0.0142808446
     7.700   -0.0305263800
     7.710   -0.0353425630
     7.720   -0.0325959933
     7.730   -0.0271792219
     7.740   -0.0223293176
     7.750   -0.0198330775
     7.760   -0.0136376500
     7.770    0.0027609009
     7.780    0.0213748595
     7.790    0.0351227799
     7.800    0.0412559613
     7.810    0.0386044238
     7.820    0.0303324385
     7.830    0.0192523729
     7.840    0.0084482346
     7.850    0.0004424286
     7.860   -0.0054718955
     7.870   -0.0098852494
     7.880   -0.0119235474
     7.890   -0.0095718718
     7.900    0.0013019325
     7.910    0.0150698898
     7.920    0.0225603066
     7.930    0.0228247138
     7.940    0.0190271717
     7.950    0.0132329878
     7.960    0.0043961643
     7.970   -0.0060716523
     7.980   -0.0191422615
     7.990   -0.0342091539
     8.000   -0.0456781964
     8.010   -0.0519736899
     8.020   -0.0544956127
     8.030   -0.0547661514
     8.040   -0.0541546675
     8.050   -0.0504224538
     8.060   -0.0414617481
     8.070   -0.0312811348
     8.080   -0.0214332877
     8.090   -0.0113397938
     8.100   -0.0000036370
     8.110    0.0130647438
     8.120    0.0253153288
     8.130    0.0362949034
     8.140    0.0495707005
     8.150    0.0590739989
     8.160    0.0586736608
     8.170    0.0506569206
     8.180    0.0360850142
     8.190    0.0224097659
     8.200    0.0174855190
     8.210    0.0181803192
     8.220    0.0186166773
     8.230    0.0183696925
     8.240    0.0175590486
     8.250    0.0149145887
     8.260    0.0119472122
     8.270    0.0114535087
     8.280    0.0122150418
     8.290    0.0123287049
     8.300    0.0111276094
     8.310    0.0061205932
     8.320   -0.0051794994
     8.330   -0.0174353104
     8.340   -0.0242822777
     8.350   -0.0274582167
     8.360   -0.0289479163
     8.370   -0.0289062046
     8.380   -0.0257730898
     8.390   -0.0177688491
     8.400   -0.0077551382
     8.410    0.0025993316
     8.420    0.0087433841
     8.430    0.0086445968
     8.440    0.0076648773
     8.450    0.0090882765
     8.460    0.0104568362
     8.470    0.0102268710
     8.480    0.0117115922
     8.490    0.0177523802
     8.500    0.0273461723
     8.510    0.0408649738
     8.520    0.0545207447
     8.530    0.0616572734
     8.540    0.0612267030
     8.550    0.0537060982
     8.560    0.0442638558
     8.570    0.0402160506
     8.580    0.0438212368
     8.590    0.0504839902
     8.600    0.0552635803
     8.610    0.0582931696
     8.620    0.0609876902
     8.630    0.0630669202
     8.640    0.0638390272
     8.650    0.0634569468
     8.660    0.0628491957
     8.670    0.0624194015
     8.680    0.0612189417
     8.690    0.0567503602
     8.700    0.0433214056
     8.710    0.0199644957
     8.720    0.0004115935
     8.730   -0.0104907053
     8.740   -0.0161550787
     8.750   -0.0184886076
     8.760   -0.0195396022
     8.770   -0.0211151646
     8.780   -0.0245528940
     8.790   -0.0318499238
     8.800   -0.0443666383
     8.810   -0.0555538550
     8.820   -0.0589748753
     8.830   -0.0550043141
     8.840   -0.0468398125
     8.850   -0.0405290919
     8.860   -0.0388523067
     8.870   -0.0412309032
     8.880   -0.0465465441
     8.890   -0.0548579202
     8.900   -0.0639659807
     8.910   -0.0717882066
     8.920   -0.0812388017
     8.930   -0.0926073014
     8.940   -0.0995358997
     8.950   -0.1014326639
     8.960   -0.1015376639
     8.970   -0.1008117925
     8.980   -0.0950845040
     8.990   -0.0638609807
     9.000   -0.0073122199
     9.010    0.0430398163
     9.020    0.0625238471
     9.030    0.0655085685
     9.040    0.0671575607
     9.050    0.0655157015
     9.060    0.0586665647
     9.070    0.0497412656
     9.080    0.0406571543
     9.090    0.0330432727
     9.100    0.0253086541
     9.110    0.0169550858
     9.120    0.0087324739
     9.130    0.0007292107
     9.140   -0.0072346765
     9.150   -0.0151492367
     9.160   -0.0232672182
     9.170   -0.0316464543
     9.180   -0.0366228908
     9.190   -0.0328216971
     9.200   -0.0197164132
     9.210   -0.0006773464
     9.220    0.0145906446
     9.230    0.0174405179
     9.240    0.0076953795
     9.250   -0.0149248559
     9.260   -0.0374568521
     9.270   -0.0536490337
     9.280   -0.0671259978
     9.290   -0.0768350829
     9.300   -0.0841890404
     9.310   -0.0931056912
     9.320   -0.1026544489
     9.330   -0.1121092942
     9.340   -0.1195776024
     9.350   -0.1198894979
     9.360   -0.1079245196
     9.370   -0.0732922463
     9.380   -0.0296599689
     9.390   -0.0051291319
     9.400    0.0050821387
     9.410    0.0189137635
     9.420    0.0348690575
     9.430    0.0485589156
     9.440    0.0578607513
     9.450    0.0635209964
     9.460    0.0681168641
     9.470    0.0713444789
     9.480    0.0706830267
     9.490    0.0650679453
     9.500    0.0520557015
     9.510    0.0337770497
     9.520    0.0135032418
     9.530   -0.0047378931
     9.540   -0.0149114435
     9.550   -0.0204466015
     9.560   -0.0251285056
     9.570   -0.0269375702
     9.580   -0.0257820450
     9.590   -0.0228664145
     9.600   -0.0188074625
     9.610   -0.0146349582
     9.620   -0.0098429389
     9.630   -0.0059196998
     9.640   -0.0054627704
     9.650   -0.0071345809
     9.660   -0.0092486520
     9.670   -0.0118174423
     9.680   -0.0162047809
     9.690   -0.0231328026
     9.700   -0.0295435264
     9.710   -0.0346193156
     9.720   -0.0390965307
     9.730   -0.0412579940
     9.740   -0.0411413150
     9.750   -0.0401215839
     9.760   -0.0383346613
     9.770   -0.0352183074
     9.780   -0.0250091508
     9.790   -0.0040188849
     9.800    0.0155579792
     9.810    0.0274130123
     9.820    0.0335909767
     9.830    0.0367516591
     9.840    0.0384678609
     9.850    0.0389224546
     9.860    0.0379575334
     9.870    0.0365286051
     9.880    0.0358783921
     9.890    0.0354372700
     9.900    0.0318892480
     9.910    0.0190778053
     9.920   -0.0027461099
     9.930   -0.0190345080
     9.940   -0.0234038217
     9.950   -0.0233261823
     9.960   -0.0217972028
     9.970   -0.0178688375
     9.980   -0.0118842935
     9.990   -0.0049360627
    10.000    0.0033868881
    10.010    0.0147381436
    10.020    0.0251307047
    10.030    0.0302364823
    10.040    0.0323977017
    10.050    0.0311173332
    10.060    0.0229068142
    10.070    0.0054447049
    10.080   -0.0142404892
    10.090   -0.0217017567
    10.100   -0.0199704608
    10.110   -0.0165996934
    10.120   -0.0123511353
    10.130   -0.0075904977
    10.140   -0.0039957450
    10.150   -0.0031933983
    10.160   -0.0035369528
    10.170   -0.0019356534
    10.180    0.0034366421
    10.190    0.0097179774
    10.200    0.0129100563
    10.210    0.0116771540
    10.220    0.0073831328
    10.230    0.0004667597
    10.240   -0.0087400172
    10.250   -0.0167417040
    10.260   -0.0222126608
    10.270   -0.0250220162
    10.280   -0.0237930833
    10.290   -0.0173531325
    10.300   -0.0057724632
    10.310    0.0049840870
    10.320    0.0123641854
    10.330    0.0222942585
    10.340    0.0331170463
    10.350    0.0396549047
    10.360    0.0453727686
    10.370    0.0511859124
    10.380    0.0544119010
    10.390    0.0557385752
    10.400    0.0556697948
    10.410    0.0546532791
    10.420    0.0531575182
    10.430    0.0515324014
    10.440    0.0497505792
    10.450    0.0478266133
    10.460    0.0453414275
    10.470    0.0422518909
    10.480    0.0386468525
    10.490    0.0332647744
    10.500    0.0253273515
    10.510    0.0150671881
    10.520    0.0028929374
    10.530   -0.0046215800
    10.540   -0.0045876259
    10.550    0.0006732277
    10.560    0.0079028109
    10.570    0.0130088583
    10.580    0.0142231666
    10.590    0.0099126950
    10.600   -0.0011767744
    10.610   -0.0172842893
    10.620   -0.0307853173
    10.630   -0.0358565605
    10.640   -0.0337745624
    10.650   -0.0231468470
    10.660   -0.0049928684
    10.670    0.0117266234
    10.680    0.0238601857
    10.690    0.0325209594
    10.700    0.0363426468
    10.710    0.0367997425
    10.720    0.0367923914
    10.730    0.0366321860
    10.740    0.0364519045
    10.750    0.0380105323
    10.760    0.0419615423
    10.770    0.0457261320
    10.780    0.0471596172
    10.790    0.0451895637
    10.800    0.0391569953
    10.810    0.0261640588
    10.820    0.0098214289
    10.830   -0.0002651437
    10.840   -0.0035177553
    10.850   -0.0035393056
    10.860   -0.0021543044
    10.870   -0.0012254347
    10.880   -0.0026316218
    10.890   -0.0060423772
    10.900   -0.0101365916
    10.910   -0.0156157532
    10.920   -0.0225612491
    10.930   -0.0296224667
    10.940   -0.0357102664
    10.950   -0.0393603428
    10.960   -0.0404733580
    10.970   -0.0396309554
    10.980   -0.0358554776
    10.990   -0.0284414214
    11.000   -0.0178591728
    11.010   -0.0078608442
    11.020   -0.0020710395
    11.030    0.0022787688
    11.040    0.0074028171
    11.050    0.0126545931
    11.060    0.0173179329
    11.070    0.0187792555
    11.080    0.0163787240
    11.090    0.0106366816
    11.100    0.0017065962
    11.110   -0.0107191367
    11.120   -0.0220323793
    11.130   -0.0294240348
    11.140   -0.0342566423
    11.150   -0.0361238875
    11.160   -0.0349010010
    11.170   -0.0306977766
    11.180   -0.0240083352
    11.190   -0.0177875392
    11.200   -0.0132681024
    11.210   -0.0102426930
    11.220   -0.0085711523
    11.230   -0.0079248051
    11.240   -0.0076915912
    11.250   -0.0080211753
    11.260   -0.0099623086
    11.270   -0.0144153895
    11.280   -0.0201703231
    11.290   -0.0245317609
    11.300   -0.0265078721
    11.310   -0.0259629806
    11.320   -0.0232865181
    11.330   -0.0179649822
    11.340   -0.0106605052
    11.350   -0.0024644814
    11.360    0.0078536741
    11.370    0.0190320576
    11.380    0.0287903091
    11.390    0.0386257121
    11.400    0.0472745592
    11.410    0.0514649516
    11.420    0.0525301051
    11.430    0.0527437271
    11.440    0.0524019319
    11.450    0.0513726284
    11.460    0.0501304421
    11.470    0.0480844750
    11.480    0.0435972294
    11.490    0.0347492998
    11.500    0.0227878252
    11.510    0.0109300756
    11.520   -0.0006922238
    11.530   -0.0116789946
    11.540   -0.0205211918
    11.550   -0.0253664207
    11.560   -0.0253370495
    11.570   -0.0233636918
    11.580   -0.0224074449
    11.590   -0.0235037510
    11.600   -0.0261097774
    11.610   -0.0291921698
    11.620   -0.0319496424
    11.630   -0.0343023493
    11.640   -0.0369475261
    11.650   -0.0400045352
    11.660   -0.0427053019
    11.670   -0.0445343945
    11.680   -0.0442464482
    11.690   -0.0390933891
    11.700   -0.0258735661
    11.710   -0.0076050595
    11.720    0.0056249753
    11.730    0.0123383586
    11.740    0.0178560091
    11.750    0.0227304503
    11.760    0.0261395256
    11.770    0.0295376314
    11.780    0.0326542662
    11.790    0.0341024870
    11.800    0.0341890150
    11.810    0.0333279629
    11.820    0.0318070922
    11.830    0.0292263309
    11.840    0.0245103026
    11.850    0.0164461147
    11.860    0.0041831336
    11.870   -0.0083683739
    11.880   -0.0170859866
    11.890   -0.0205532055
    11.900   -0.0207603598
    11.910   -0.0190006131
    11.920   -0.0163184108
    11.930   -0.0133909757
    11.940   -0.0109431849
    11.950   -0.0095034536
    11.960   -0.0092567423
    11.970   -0.0099711491
    11.980   -0.0124797668
    11.990   -0.0162298649
    12.000   -0.0212791879
    12.010   -0.0265009164
    12.020   -0.0303976930
    12.030   -0.0334485559
    12.040   -0.0349070327
    12.050   -0.0338551659
    12.060   -0.0293279936
    12.070   -0.0192889437
    12.080   -0.0057856649
    12.090    0.0069199093
    12.100    0.0132977322
    12.110    0.0133958727
    12.120    0.0116600088
    12.130    0.0092879762
    12.140    0.0069085481
    12.150    0.0055361447
    12.160    0.0061934908
    12.170    0.0082567730
    12.180    0.0100883419
    12.190    0.0103701012
    12.200    0.0077631102
    12.210    0.0021795787
    12.220   -0.0056653639
    12.230   -0.0123022498
    12.240   -0.0156319855
    12.250   -0.0163643026
    12.260   -0.0142841376
    12.270   -0.0088971920
    12.280   -0.0016735687
    12.290    0.0053291864
    12.300    0.0089055151
    12.310    0.0082471268
    12.320    0.0046567537
    12.330   -0.0011544110
    12.340   -0.0061769628
    12.350   -0.0082291611
    12.360   -0.0075387332
    12.370   -0.0054031669
    12.380   -0.0026897610
    12.390    0.0007965896
    12.400    0.0039209773
    12.410    0.0054756801
    12.420    0.0054265396
    12.430    0.0038511805
    12.440    0.0014540114
    12.450   -0.0004441964
    12.460   -0.0010141345
    12.470   -0.0005088130
    12.480    0.0005005438
    12.490    0.0014224726
    12.500    0.0022219376
    12.510    0.0041912276
    12.520    0.0076395310
    12.530    0.0118406192
    12.540    0.0161222297
    12.550    0.0199846604
    12.560    0.0218816205
    12.570    0.0217106564
    12.580    0.0193319748
    12.590    0.0127299300
    12.600    0.0014152963
    12.610   -0.0116816186
    12.620   -0.0215296616
    12.630   -0.0266563061
    12.640   -0.0288322980
    12.650   -0.0282117666
    12.660   -0.0247125007
    12.670   -0.0191036764
    12.680   -0.0132656372
    12.690   -0.0106217613
    12.700   -0.0114575557
    12.710   -0.0135768860
    12.720   -0.0144408357
    12.730   -0.0127602437
    12.740   -0.0078027338
    12.750   -0.0009589035
    12.760    0.0038289793
    12.770    0.0064420057
    12.780    0.0084003359
    12.790    0.0089722997
    12.800    0.0070396522
    12.810    0.0009934918
    12.820   -0.0065230712
    12.830   -0.0105850501
    12.840   -0.0107390612
    12.850   -0.0087577944
    12.860   -0.0067090739
    12.870   -0.0059240868
    12.880   -0.0070690492
    12.890   -0.0103772712
    12.900   -0.0152980773
    12.910   -0.0189806775
    12.920   -0.0197492179
    12.930   -0.0179161448
    12.940   -0.0139006528
    12.950   -0.0097706364
    12.960   -0.0071408824
    12.970   -0.0061013709
    12.980   -0.0055277329
    12.990   -0.0030376900
    13.000    0.0024033279
    13.010    0.0075721846
    13.020    0.0097425366
    13.030    0.0090385484
    13.040    0.0061650990
    13.050    0.0021096545
    13.060   -0.0024550129
    13.070   -0.0069797050
    13.080   -0.0116078747
    13.090   -0.0160861837
    13.100   -0.0209850695
    13.110   -0.0254832439
    13.120   -0.0280547840
    13.130   -0.0291834513
    13.140   -0.0291819175
    13.150   -0.0279170606
    13.160   -0.0243606268
    13.170   -0.0167287611
    13.180   -0.0064485326
    13.190    0.0012457791
    13.200    0.0040443237
    13.210    0.0043289547
    13.220    0.0045206750
    13.230    0.0039899942
    13.240    0.0014288295
    13.250   -0.0033802067
    13.260   -0.0100921043
    13.270   -0.0151685920
    13.280   -0.0168474026
    13.290   -0.0169180642
    13.300   -0.0161591774
    13.310   -0.0150037224
    13.320   -0.0135953913
    13.330   -0.0120096874
    13.340   -0.0099242853
    13.350   -0.0064278948
    13.360   -0.0016002113
    13.370    0.0030320870
    13.380    0.0076616767
    13.390    0.0134385713
    13.400    0.0188593194
    13.410    0.0222794343
    13.420    0.0243224003
    13.430    0.0248236803
    13.440    0.0233335408
    13.450    0.0178038269
    13.460    0.0072002753
    13.470   -0.0064740157
    13.480   -0.0170257696
    13.490   -0.0201874979
    13.500   -0.0169374897
    13.510   -0.0105474112
    13.520   -0.0016775847
    13.530    0.0080987112
    13.540    0.0147945834
    13.550    0.0178822314
    13.560    0.0192354901
    13.570    0.0196279301
    13.580    0.0195302664
    13.590    0.0195210747
    13.600    0.0197529433
    13.610    0.0203113211
    13.620    0.0216212492
    13.630    0.0237106798
    13.640    0.0260026116
    13.650    0.0287767304
    13.660    0.0313522399
    13.670    0.0328147637
    13.680    0.0337090122
    13.690    0.0345423599
    13.700    0.0350495386
    13.710    0.0354242235
    13.720    0.0356168825
    13.730    0.0352171136
    13.740    0.0342660187
    13.750    0.0327229801
    13.760    0.0305166265
    13.770    0.0268204883
    13.780    0.0206065741
    13.790    0.0131514233
    13.800    0.0057358259
    13.810   -0.0007411628
    13.820   -0.0043796105
    13.830   -0.0053454187
    13.840   -0.0052548806
    13.850   -0.0051725844
    13.860   -0.0056062482
    13.870   -0.0074798467
    13.880   -0.0106255533
    13.890   -0.0132931161
    13.900   -0.0150863475
    13.910   -0.0161716177
    13.920   -0.0157554206
    13.930   -0.0135802308
    13.940   -0.0102514523
    13.950   -0.0076334882
    13.960   -0.0072786354
    13.970   -0.0089198995
    13.980   -0.0104177855
    13.990   -0.0102681909
    14.000   -0.0077255970
    14.010   -0.0025531327
    14.020    0.0041698913
    14.030    0.0107764968
    14.040    0.0145981103
    14.050    0.0145939339
    14.060    0.0112223423
    14.070    0.0032402266
    14.080   -0.0073340847
    14.090   -0.0151725725
    14.100   -0.0182371803
    14.110   -0.0173360908
    14.120   -0.0133367682
    14.130   -0.0053679414
    14.140    0.0035727123
    14.150    0.0078986641
    14.160    0.0084090508
    14.170    0.0084715741
    14.180    0.0089838641
    14.190    0.0105723178
    14.200    0.0129426614
    14.210    0.0143772997
    14.220    0.0142490452
    14.230    0.0125898043
    14.240    0.0102525389
    14.250    0.0074378134
    14.260    0.0043241390
    14.270    0.0015291037
    14.280   -0.0016651391
    14.290   -0.0052195554
    14.300   -0.0081856347
    14.310   -0.0095793190
    14.320   -0.0093300279
    14.330   -0.0072624955
    14.340   -0.0034058310
    14.350    0.0010538449
    14.360    0.0049783583
    14.370    0.0067932440
    14.380    0.0061866645
    14.390    0.0037131467
    14.400   -0.0007262932
    14.410   -0.0055306268
    14.420   -0.0093203632
    14.430   -0.0110824199
    14.440   -0.0113903793
    14.450   -0.0116207437
    14.460   -0.0119834614
    14.470   -0.0117473943
    14.480   -0.0106618395
    14.490   -0.0082166136
    14.500   -0.0038601282
    14.510    0.0026841692
    14.520    0.0116223034
    14.530    0.0212914582
    14.540    0.0285079288
    14.550    0.0322169213
    14.560    0.0329967600
    14.570    0.0316897701
    14.580    0.0283027814
    14.590    0.0230488987
    14.600    0.0178588439
    14.610    0.0133140089
    14.620    0.0075633884
    14.630    0.0012957696
    14.640   -0.0045437927
    14.650   -0.0105566177
    14.660   -0.0162864599
    14.670   -0.0209613752
    14.680   -0.0241175116
    14.690   -0.0246485915
    14.700   -0.0231432028
    14.710   -0.0203870904
    14.720   -0.0169697326
    14.730   -0.0135843739
    14.740   -0.0106672354
    14.750   -0.0095486616
    14.760   -0.0102269301
    14.770   -0.0108367508
    14.780   -0.0107631067
    14.790   -0.0108071283
    14.800   -0.0108146273
    14.810   -0.0108212170
    14.820   -0.0114611075
    14.830   -0.0135306098
    14.840   -0.0176986791
    14.850   -0.0223762923
    14.860   -0.0260054870
    14.870   -0.0287768967
    14.880   -0.0304072912
    14.890   -0.0309235322
    14.900   -0.0307146409
    14.910   -0.0288890631
    14.920   -0.0237722089
    14.930   -0.0136540782
    14.940   -0.0049394703
    14.950   -0.0040864198
    14.960   -0.0067376727
    14.970   -0.0077490991
    14.980   -0.0067165137
    14.990   -0.0035832715
    15.000    0.0028341008
    15.010    0.0111599151
    15.020    0.0177721754
    15.030    0.0205630551
    15.040    0.0199419323
    15.050    0.0179620218
    15.060    0.0162798110
    15.070    0.0158725912
    15.080    0.0159643785
    15.090    0.0153774242
    15.100    0.0139141538
    15.110    0.0108870259
    15.120    0.0056904996
    15.130   -0.0031814214
    15.140   -0.0156952775
    15.150   -0.0282633020
    15.160   -0.0344649459
    15.170   -0.0342693672
    15.180   -0.0294647671
    15.190   -0.0218093364
    15.200   -0.0102968414
    15.210    0.0025197645
    15.220    0.0128799385
    15.230    0.0167836671
    15.240    0.0133467434
    15.250    0.0076840146
    15.260    0.0037529439
    15.270    0.0025421970
    15.280    0.0038066340
    15.290    0.0068631183
    15.300    0.0094323374
    15.310    0.0092497423
    15.320    0.0083606828
    15.330    0.0081097323
    15.340    0.0088111444
    15.350    0.0105605870
    15.360    0.0118280421
    15.370    0.0116786693
    15.380    0.0110411184
    15.390    0.0105833019
    15.400    0.0103024518
    15.410    0.0102027331
    15.420    0.0109266938
    15.430    0.0126665826
    15.440    0.0144141292
    15.450    0.0157111772
    15.460    0.0157638288
    15.470    0.0135147545
    15.480    0.0078531900
    15.490    0.0013337755
    15.500   -0.0033961570
    15.510   -0.0079397106
    15.520   -0.0121118453
    15.530   -0.0140899226
    15.540   -0.0140442230
    15.550   -0.0119214667
    15.560   -0.0077065115
    15.570   -0.0004941000
    15.580    0.0070346036
    15.590    0.0105326092
    15.600    0.0107365924
    15.610    0.0110044515
    15.620    0.0125337895
    15.630    0.0136688802
    15.640    0.0134581484
    15.650    0.0123182567
    15.660    0.0109797335
    15.670    0.0100430673
    15.680    0.0095980830
    15.690    0.0082567841
    15.700    0.0053578258
    15.710    0.0000241835
    15.720   -0.0068742466
    15.730   -0.0110479890
    15.740   -0.0128918023
    15.750   -0.0157758589
    15.760   -0.0203925861
    15.770   -0.0251297179
    15.780   -0.0277608541
    15.790   -0.0283227577
    15.800   -0.0284249747
    15.810   -0.0277527305
    15.820   -0.0255228564
    15.830   -0.0212043388
    15.840   -0.0148380914
    15.850   -0.0073745362
    15.860   -0.0021416331
    15.870    0.0000165737
    15.880    0.0013984187
    15.890    0.0032127466
    15.900    0.0053548210
    15.910    0.0084928291
    15.920    0.0133057708
    15.930    0.0174669065
    15.940    0.0192382251
    15.950    0.0171480701
    15.960    0.0113367742
    15.970    0.0031476621
    15.980   -0.0056414848
    15.990   -0.0098496987
    16.000   -0.0110350091
    16.010   -0.0121869420
    16.020   -0.0124436063
    16.030   -0.0115999211
    16.040   -0.0097052636
    16.050   -0.0056406384
    16.060    0.0022211412
    16.070    0.0113098128
    16.080    0.0157499803
    16.090    0.0151495619
    16.100    0.0132654672
    16.110    0.0115699845
    16.120    0.0098388402
    16.130    0.0076210848
    16.140    0.0059035118
    16.150    0.0046187009
    16.160    0.0031567444
    16.170    0.0016057481
    16.180    0.0003262982
    16.190    0.0005022872
    16.200    0.0021665057
    16.210    0.0043238877
    16.220    0.0068748269
    16.230    0.0094423643
    16.240    0.0120873675
    16.250    0.0146072243
    16.260    0.0159793173
    16.270    0.0126483914
    16.280    0.0057428592
    16.290   -0.0000332573
    16.300   -0.0027047538
    16.310   -0.0027829971
    16.320   -0.0026651716
    16.330   -0.0041691743
    16.340   -0.0065428663
    16.350   -0.0083608528
    16.360   -0.0093724419
    16.370   -0.0096308839
    16.380   -0.0093896980
    16.390   -0.0092494540
    16.400   -0.0095459488
    16.410   -0.0094226948
    16.420   -0.0084935868
    16.430   -0.0073618667
    16.440   -0.0059370409
    16.450   -0.0032755567
    16.460   -0.0004899902
    16.470    0.0014543651
    16.480    0.0026548815
    16.490    0.0036159634
    16.500    0.0049704196
    16.510    0.0067241199
    16.520    0.0096339959
    16.530    0.0140091011
    16.540    0.0174627154
    16.550    0.0186375517
    16.560    0.0185647428
    16.570    0.0172205131
    16.580    0.0137436590
    16.590    0.0077287976
    16.600   -0.0015474293
    16.610   -0.0103482881
    16.620   -0.0128913662
    16.630   -0.0115795125
    16.640   -0.0098302473
    16.650   -0.0082414166
    16.660   -0.0066275612
    16.670   -0.0061092838
    16.680   -0.0068565396
    16.690   -0.0080238067
    16.700   -0.0086544944
    16.710   -0.0091560147
    16.720   -0.0097942013
    16.730   -0.0107587196
    16.740   -0.0124497599
    16.750   -0.0153111348
    16.760   -0.0178505688
    16.770   -0.0186882407
    16.780   -0.0179137610
    16.790   -0.0149346980
    16.800   -0.0083170307
    16.810    0.0006446578
    16.820    0.0073934295
    16.830    0.0104277792
    16.840    0.0120963485
    16.850    0.0146209287
    16.860    0.0184345959
    16.870    0.0226193964
    16.880    0.0261201222
    16.890    0.0284685196
    16.900    0.0280135231
    16.910    0.0236393493
    16.920    0.0143686255
    16.930    0.0035853696
    16.940   -0.0023227310
    16.950   -0.0039813791
    16.960   -0.0055373681
    16.970   -0.0083196881
    16.980   -0.0118555469
    16.990   -0.0148575834
    17.000   -0.0165475039
    17.010   -0.0173332634
    17.020   -0.0181413350
    17.030   -0.0198051994
    17.040   -0.0221491988
    17.050   -0.0244505476
    17.060   -0.0255715016
    17.070   -0.0250039211
    17.080   -0.0228353247
    17.090   -0.0190071585
    17.100   -0.0133257138
    17.110   -0.0059454564
    17.120    0.0007278780
    17.130    0.0054188004
    17.140    0.0095290180
    17.150    0.0126780139
    17.160    0.0134836426
    17.170    0.0124981797
    17.180    0.0109998723
    17.190    0.0099896618
    17.200    0.0092756393
    17.210    0.0091314925
    17.220    0.0092709714
    17.230    0.0095864409
    17.240    0.0099182684
    17.250    0.0096432873
    17.260    0.0092716810
    17.270    0.0093226584
    17.280    0.0100931428
    17.290    0.0111622694
    17.300    0.0124289853
    17.310    0.0141214005
    17.320    0.0152109986
    17.330    0.0152302541
    17.340    0.0143411059
    17.350    0.0131088689
    17.360    0.0121426764
    17.370    0.0116745854
    17.380    0.0117191245
    17.390    0.0118624767
    17.400    0.0119080284
    17.410    0.0113439960
    17.420    0.0102208688
    17.430    0.0090891746
    17.440    0.0083022028
    17.450    0.0086331729
    17.460    0.0102743741
    17.470    0.0121148611
    17.480    0.0126840419
    17.490    0.0119633706
    17.500    0.0104867322
    17.510    0.0081829736
    17.520    0.0049293694
    17.530    0.0016435071
    17.540   -0.0006526094
    17.550   -0.0024524447
    17.560   -0.0042197598
    17.570   -0.0052247740
    17.580   -0.0055242772
    17.590   -0.0054111869
    17.600   -0.0045469268
    17.610   -0.0031629424
    17.620   -0.0006191310
    17.630    0.0017598291
    17.640    0.0031169892
    17.650    0.0043996717
    17.660    0.0058663978
    17.670    0.0081301558
    17.680    0.0112793180
    17.690    0.0133511710
    17.700    0.0136421109
    17.710    0.0127503904
    17.720    0.0112865583
    17.730    0.0093533527
    17.740    0.0072843381
    17.750    0.0064270743
    17.760    0.0064719682
    17.770    0.0054521558
    17.780    0.0024844111
    17.790   -0.0014681209
    17.800   -0.0053359683
    17.810   -0.0082381421
    17.820   -0.0098631443
    17.830   -0.0102772015
    17.840   -0.0098776137
    17.850   -0.0095225243
    17.860   -0.0093478125
    17.870   -0.0084292451
    17.880   -0.0066749276
    17.890   -0.0042402166
    17.900   -0.0016838100
    17.910    0.0000433872
    17.920    0.0034139316
    17.930    0.0059342985
    17.940    0.0093647988
    17.950    0.0125081586
    17.960    0.0140285414
    17.970    0.0134488052
    17.980    0.0104884064
    17.990    0.0053822149
    18.000    0.0008171882
    18.010   -0.0023446993
    18.020   -0.0054717735
    18.030   -0.0079581900
    18.040   -0.0088804312
    18.050   -0.0080543089
    18.060   -0.0053864910
    18.070   -0.0008774496
    18.080    0.0033187142
    18.090    0.0058367568
    18.100    0.0075205162
    18.110    0.0097262821
    18.120    0.0123790946
    18.130    0.0142608498
    18.140    0.0147202703
    18.150    0.0140498223
    18.160    0.0127955948
    18.170    0.0114739765
    18.180    0.0104816947
    18.190    0.0100688720
    18.200    0.0099515092
    18.210    0.0096313533
    18.220    0.0092786034
    18.230    0.0089476630
    18.240    0.0083856078
    18.250    0.0075445135
    18.260    0.0064095669
    18.270    0.0044584289
    18.280    0.0005625293
    18.290   -0.0049188324
    18.300   -0.0110092599
    18.310   -0.0165187314
    18.320   -0.0197347152
    18.330   -0.0203964816
    18.340   -0.0189926965
    18.350   -0.0154864084
    18.360   -0.0102812928
    18.370   -0.0040680697
    18.380    0.0013245314
    18.390    0.0039097418
    18.400    0.0043694468
    18.410    0.0036018629
    18.420    0.0016078995
    18.430   -0.0009453145
    18.440   -0.0032282350
    18.450   -0.0048246503
    18.460   -0.0058172277
    18.470   -0.0065875089
    18.480   -0.0073751497
    18.490   -0.0082877593
    18.500   -0.0094581938
    18.510   -0.0112156823
    18.520   -0.0136065196
    18.530   -0.0154970525
    18.540   -0.0165541601
    18.550   -0.0164501395
    18.560   -0.0153148085
    18.570   -0.0131648837
    18.580   -0.0100713741
    18.590   -0.0071216712
    18.600   -0.0044805377
    18.610   -0.0024355804
    18.620   -0.0016365689
    18.630   -0.0015362522
    18.640   -0.0011555186
    18.650   -0.0003295942
    18.660    0.0004726007
    18.670    0.0007158848
    18.680    0.0004079963
    18.690    0.0000776144
    18.700   -0.0000579793
    18.710    0.0000409951
    18.720    0.0000978311
    18.730   -0.0001265912
    18.740   -0.0007582437
    18.750   -0.0021391728
    18.760   -0.0039487925
    18.770   -0.0058673920
    18.780   -0.0078888811
    18.790   -0.0095684531
    18.800   -0.0103573356
    18.810   -0.0103094555
    18.820   -0.0098062277
    18.830   -0.0091159143
    18.840   -0.0085598687
    18.850   -0.0081933480
    18.860   -0.0080133511
    18.870   -0.0073929527
    18.880   -0.0060580958
    18.890   -0.0047180869
    18.900   -0.0035334040
    18.910   -0.0027019689
    18.920   -0.0022793580
    18.930   -0.0016613693
    18.940   -0.0011625415
    18.950   -0.0016547836
    18.960   -0.0041030106
    18.970   -0.0077235606
    18.980   -0.0099876808
    18.990   -0.0101895721
    19.000   -0.0089222649
    19.010   -0.0059914960
    19.020   -0.0014472439
    19.030    0.0030255989
    19.040    0.0051441483
    19.050    0.0055347403
    19.060    0.0057440308
    19.070    0.0057122388
    19.080    0.0051240796
    19.090    0.0043009067
    19.100    0.0035997241
    19.110    0.0031363568
    19.120    0.0027307188
    19.130    0.0019533667
    19.140    0.0002767578
    19.150   -0.0019849702
    19.160   -0.0041104060
    19.170   -0.0057638185
    19.180   -0.0070683322
    19.190   -0.0077680368
    19.200   -0.0075134940
    19.210   -0.0065358294
    19.220   -0.0049782881
    19.230   -0.0030909872
    19.240   -0.0011964915
    19.250    0.0005402853
    19.260    0.0015291037
    19.270    0.0016286571
    19.280    0.0013090068
    19.290    0.0008422367
    19.300    0.0004125042
    19.310    0.0002029384
    19.320    0.0001802165
    19.330    0.0001281479
    19.340   -0.0001220046
    19.350   -0.0005141070
    19.360   -0.0008744371
    19.370   -0.0011053012
    19.380   -0.0012100015
    19.390   -0.0012413245
    19.400   -0.0012148963
    19.410   -0.0011570110
    19.420   -0.0010761078
    19.430   -0.0009576628
    19.440   -0.0008204040
    19.450   -0.0006915814
    19.460   -0.0005339173
    19.470   -0.0003318314
    19.480   -0.0000910023
    19.490    0.0001743393
    19.500    0.0004092208
    19.510    0.0006093307
    19.520    0.0008166361
    19.530    0.0010466061
    19.540    0.0012834446
    19.550    0.0014574660
    19.560    0.0015352019
    19.570    0.0015523463
    19.580    0.0015577774
    19.590    0.0015694361
    19.600    0.0015998096
    19.610    0.0016463297
    19.620    0.0016897534
    19.630    0.0017250834
    19.640    0.0017545991
    19.650    0.0017778240
    19.660    0.0017995961
    19.670    0.0018244336
    19.680    0.0018502290
    19.690    0.0018751470
    19.700    0.0018979155
    19.710    0.0019188434
    19.720    0.0019381766
    19.730    0.0019552745
    19.740    0.0019712932
    19.750    0.0019867845
    19.760    0.0020017214
    19.770    0.0020171247
    19.780    0.0020342699
    19.790    0.0020528968
    19.800    0.0020713197
    19.810    0.0020883141
    19.820    0.0021035633
    19.830    0.0021170318
    19.840    0.0021287570
    19.850    0.0021387972
    19.860    0.0021471976
    19.870    0.0021539729
    19.880    0.0021591154
    19.890    0.0021626039
    19.900    0.0021644086
