  -0.0000049711
  -0.0000053608
  -0.0000057468
  -0.0000061405
  -0.0000065320
  -0.0000069307
  -0.0000073297
  -0.0000077286
  -0.0000081263
  -0.0000085355
  -0.0000089525
  -0.0000093691
  -0.0000097752
  -0.0000101623
  -0.0000105520
  -0.0000110002
  -0.0000114147
  -0.0000118098
  -0.0000122210
  -0.0000126220
  -0.0000130223
  -0.0000134203
  -0.0000138200
  -0.0000140955
  -0.0000145526
  -0.0000150547
  -0.0000154397
  -0.0000156989
  -0.0000160003
  -0.0000166806
  -0.0000171655
  -0.0000175160
  -0.0000179826
  -0.0000196675
  -0.0000223489
  -0.0000238559
  -0.0000272408
  -0.0000304020
  -0.0000290083
  -0.0000272440
  -0.0000288018
  -0.0000305543
  -0.0000314668
  -0.0000297022
  -0.0000237076
  -0.0000163249
  -0.0000149645
  -0.0000155143
  -0.0000149329
  -0.0000144728
  -0.0000143300
  -0.0000142948
  -0.0000183931
  -0.0000285529
  -0.0000292086
  -0.0000148992
  -0.0000111573
  -0.0000142188
  -0.0000173774
  -0.0000401314
  -0.0000723155
  -0.0000817586
  -0.0000818260
  -0.0001049858
  -0.0001544508
  -0.0001863640
  -0.0001983709
  -0.0002064328
  -0.0002135213
  -0.0002132994
  -0.0001949622
  -0.0001838865
  -0.0001934662
  -0.0001971968
  -0.0001489426
  -0.0000776423
  -0.0000194744
   0.0000153179
   0.0000317220
   0.0000200460
  -0.0000232388
  -0.0000077084
   0.0000674359
   0.0001401330
   0.0001134086
   0.0000329308
   0.0000267840
   0.0000500628
   0.0001361617
   0.0002612242
   0.0003657635
   0.0003493992
   0.0002465870
   0.0002137008
   0.0003465472
   0.0005224465
   0.0006600207
   0.0006194996
   0.0005547960
   0.0004491481
   0.0004971718
   0.0005695563
   0.0004978723
   0.0003644154
   0.0002551769
   0.0003259223
   0.0006558371
   0.0009167652
   0.0008309177
   0.0005156434
   0.0002107527
   0.0001615118
   0.0001705821
  -0.0001413947
  -0.0006116075
  -0.0010023218
  -0.0012147543
  -0.0010521223
  -0.0007362435
  -0.0006349504
  -0.0008694778
  -0.0010090798
  -0.0009124764
  -0.0006988739
  -0.0007377894
  -0.0010052314
  -0.0011488421
  -0.0011435544
  -0.0012574223
  -0.0012125500
  -0.0008933789
  -0.0004252875
   0.0000494122
   0.0002242658
  -0.0003238113
  -0.0012406140
  -0.0015759813
  -0.0012526014
  -0.0009897782
  -0.0010728339
  -0.0015243889
  -0.0017611118
  -0.0012880260
  -0.0005530943
   0.0000357147
   0.0006108231
   0.0010174335
   0.0010335458
   0.0012387470
   0.0016685743
   0.0021854813
   0.0018304104
   0.0010165147
   0.0007047476
   0.0014402135
   0.0021765032
   0.0024847897
   0.0017080460
   0.0004595484
  -0.0003204817
  -0.0003608963
  -0.0003075825
  -0.0002834194
  -0.0005665147
  -0.0013070264
  -0.0020858722
  -0.0024676516
  -0.0027308782
  -0.0030572510
  -0.0032225036
  -0.0034251850
  -0.0036672990
  -0.0038113366
  -0.0036225068
  -0.0029645898
  -0.0017160456
  -0.0003121013
  -0.0001074607
  -0.0002353060
   0.0008100453
   0.0032694522
   0.0052840461
   0.0057302076
   0.0052936290
   0.0050976518
   0.0057736854
   0.0063229256
   0.0059522770
   0.0044072527
   0.0027686808
   0.0014504592
  -0.0001141900
  -0.0009800454
  -0.0014135203
  -0.0010168402
  -0.0007440957
  -0.0007037372
   0.0003460816
   0.0010639543
  -0.0003639949
  -0.0025940562
  -0.0029186967
  -0.0026125591
  -0.0027764961
  -0.0040217500
  -0.0063583684
  -0.0075947477
  -0.0072616316
  -0.0064185500
  -0.0053097419
  -0.0051604835
  -0.0053173198
  -0.0050280325
  -0.0027805944
  -0.0001113970
   0.0020191391
   0.0035545225
   0.0039968913
   0.0049315280
   0.0061338079
   0.0075780073
   0.0105487723
   0.0133285347
   0.0135825256
   0.0115634610
   0.0085827078
   0.0063695068
   0.0057243783
   0.0045928465
   0.0028174892
   0.0007827625
  -0.0008514896
  -0.0012851524
  -0.0004542433
  -0.0013264876
  -0.0043406559
  -0.0077854537
  -0.0095665077
  -0.0105691754
  -0.0117907360
  -0.0134094275
  -0.0142608407
  -0.0143168357
  -0.0144748209
  -0.0136187235
  -0.0108491236
  -0.0074859888
  -0.0036230055
  -0.0014845890
  -0.0019590964
  -0.0017328390
  -0.0011793372
  -0.0015075740
  -0.0027085472
  -0.0026987724
  -0.0013837804
  -0.0010573945
  -0.0012959461
  -0.0009368551
   0.0002689999
   0.0009928900
   0.0023399655
   0.0046815735
   0.0055956720
   0.0053712681
   0.0049185034
   0.0068126571
   0.0090027392
   0.0085769139
   0.0061701686
   0.0058127872
   0.0087815131
   0.0118512484
   0.0113368602
   0.0097888461
   0.0084436788
   0.0061324203
   0.0029680025
   0.0004214679
  -0.0013243261
  -0.0015510165
  -0.0005957645
  -0.0006304885
  -0.0010196812
  -0.0005475588
   0.0005897446
   0.0017862609
   0.0043733918
   0.0076958807
   0.0101533585
   0.0090107110
   0.0086170635
   0.0122746066
   0.0172598077
   0.0209157903
   0.0194328023
   0.0127542805
   0.0062733508
   0.0041339356
   0.0031468163
   0.0008298043
  -0.0019457372
  -0.0052631746
  -0.0081491758
  -0.0098493130
  -0.0102500082
  -0.0102332173
  -0.0111394992
  -0.0140936387
  -0.0157752036
  -0.0146642441
  -0.0114793007
  -0.0073299302
  -0.0028916588
   0.0007588884
   0.0035488864
   0.0059441650
   0.0089927144
   0.0130549234
   0.0147553637
   0.0135009511
   0.0085626430
   0.0034349080
   0.0009672163
  -0.0001377425
  -0.0024793480
  -0.0040175040
  -0.0054615885
  -0.0065875928
  -0.0074986523
  -0.0096140257
  -0.0095140088
  -0.0062137159
  -0.0031594231
  -0.0020133023
  -0.0029415643
  -0.0035617495
  -0.0047112249
  -0.0063552183
  -0.0067706476
  -0.0073926130
  -0.0094737960
  -0.0133636846
  -0.0162104995
  -0.0147211481
  -0.0103628326
  -0.0074596869
  -0.0068916812
  -0.0071337573
  -0.0073142479
  -0.0056712557
  -0.0031615442
  -0.0014706856
   0.0001385160
   0.0026226836
   0.0056249106
   0.0084884368
   0.0116794393
   0.0153098586
   0.0188672219
   0.0213443062
   0.0216738114
   0.0207817308
   0.0189595536
   0.0157922988
   0.0121308518
   0.0089027677
   0.0066416535
   0.0041158328
   0.0001914037
  -0.0035507664
  -0.0047076998
  -0.0047382603
  -0.0057951857
  -0.0053755356
  -0.0057678789
  -0.0080918602
  -0.0115522797
  -0.0142168276
  -0.0165117231
  -0.0177568558
  -0.0185100034
  -0.0183286606
  -0.0184762423
  -0.0190089074
  -0.0180436357
  -0.0143822367
  -0.0106306537
  -0.0087486447
  -0.0088373591
  -0.0083967668
  -0.0046940363
   0.0004606321
   0.0056636273
   0.0098310664
   0.0127848852
   0.0150659177
   0.0173623915
   0.0171552292
   0.0139014884
   0.0116634577
   0.0112518792
   0.0122253728
   0.0129274797
   0.0118591723
   0.0108741780
   0.0109638797
   0.0088926369
   0.0028339177
  -0.0044841065
  -0.0089126322
  -0.0074218894
  -0.0047707677
  -0.0033982519
  -0.0024020864
  -0.0006260258
   0.0001827908
   0.0009069081
   0.0020261249
   0.0031830988
   0.0041394972
   0.0041779045
   0.0022936948
   0.0001727306
  -0.0011897607
  -0.0022017217
  -0.0041303372
  -0.0066990751
  -0.0106780164
  -0.0128991982
  -0.0128307796
  -0.0117267654
  -0.0080110735
  -0.0043749322
  -0.0021605885
  -0.0001206058
   0.0018183427
   0.0051061564
   0.0087648295
   0.0121310576
   0.0135649759
   0.0117269119
   0.0085270689
   0.0052904006
   0.0039510802
   0.0059378446
   0.0074264991
   0.0058439070
   0.0026383168
  -0.0018629253
  -0.0038857297
  -0.0030440319
  -0.0029282594
  -0.0033179108
  -0.0040924715
  -0.0049367197
  -0.0039318248
  -0.0009025815
   0.0004633578
  -0.0009599858
  -0.0043802362
  -0.0067433913
  -0.0056093848
  -0.0030953654
  -0.0015714966
  -0.0000881948
   0.0023744929
   0.0053414033
   0.0067849929
   0.0055650194
   0.0036132484
   0.0028636297
   0.0020066397
  -0.0005215052
  -0.0037837672
  -0.0046942876
  -0.0044116855
  -0.0039956464
  -0.0047803051
  -0.0062302139
  -0.0079545281
  -0.0086219623
  -0.0071308951
  -0.0048727226
  -0.0036836164
  -0.0027606875
  -0.0020842751
  -0.0014992360
   0.0005837963
   0.0013895857
   0.0010178482
   0.0009074583
   0.0009495497
   0.0008612376
   0.0001840789
  -0.0017232486
  -0.0058842902
  -0.0096266489
  -0.0101590906
  -0.0098572293
  -0.0098476426
  -0.0077520865
  -0.0057098916
  -0.0036013992
  -0.0011004022
   0.0022802005
   0.0039142233
   0.0037342012
   0.0035383162
   0.0022077316
  -0.0014615711
  -0.0048837259
  -0.0063744535
  -0.0074218377
  -0.0100588767
  -0.0139781642
  -0.0179068742
  -0.0192357153
  -0.0184009048
  -0.0181100089
  -0.0190011426
  -0.0193532352
  -0.0189125482
  -0.0174196995
  -0.0150304648
  -0.0127322108
  -0.0091936939
  -0.0021243717
   0.0053492211
   0.0096747225
   0.0114698201
   0.0133227647
   0.0155605164
   0.0187573406
   0.0223828574
   0.0248364704
   0.0253651964
   0.0264518767
   0.0272658422
   0.0283732412
   0.0287959366
   0.0284819737
   0.0271097887
   0.0255053794
   0.0243997479
   0.0249339281
   0.0279043484
   0.0300325596
   0.0292667612
   0.0252313388
   0.0220323683
   0.0200981760
   0.0183069949
   0.0154047407
   0.0117644960
   0.0078619502
   0.0031563841
  -0.0016562579
  -0.0052519427
  -0.0071739020
  -0.0090012430
  -0.0106663528
  -0.0109841502
  -0.0110321481
  -0.0108801171
  -0.0083514254
  -0.0047612441
  -0.0019287607
  -0.0003608249
   0.0011355112
   0.0032950091
   0.0060882835
   0.0068466138
   0.0064052488
   0.0072819715
   0.0077275699
   0.0057881254
   0.0030252385
   0.0017426883
   0.0002029029
  -0.0031728240
  -0.0075733333
  -0.0121539164
  -0.0163708078
  -0.0210415927
  -0.0259163708
  -0.0293704054
  -0.0299273498
  -0.0298489821
  -0.0317672029
  -0.0348667967
  -0.0365970588
  -0.0367807121
  -0.0365707974
  -0.0346858832
  -0.0320559019
  -0.0319742011
  -0.0310737370
  -0.0290499402
  -0.0276564683
  -0.0254042476
  -0.0220913050
  -0.0185306716
  -0.0149665914
  -0.0101711494
  -0.0041257819
   0.0034700441
   0.0111002599
   0.0172546691
   0.0223282386
   0.0270021420
   0.0326076066
   0.0374122111
   0.0421326528
   0.0457934331
   0.0497565229
   0.0531001459
   0.0541181804
   0.0554732324
   0.0579661366
   0.0596330177
   0.0602366266
   0.0600196794
   0.0593929024
   0.0575785784
   0.0543985338
   0.0490640797
   0.0439388458
   0.0383414870
   0.0339157288
   0.0299515785
   0.0251973505
   0.0212952175
   0.0185193590
   0.0161829502
   0.0143624018
   0.0130661224
   0.0113334134
   0.0091581046
   0.0075286371
   0.0048499055
   0.0017363932
   0.0004498261
   0.0005995953
   0.0005959825
   0.0005971695
   0.0017515667
   0.0025728905
   0.0028810166
   0.0005233599
  -0.0043569115
  -0.0084712002
  -0.0106132707
  -0.0134820883
  -0.0167781125
  -0.0192809910
  -0.0215763537
  -0.0258547448
  -0.0321034502
  -0.0386688584
  -0.0447065886
  -0.0510817656
  -0.0556375178
  -0.0596808439
  -0.0645595990
  -0.0680566116
  -0.0699405410
  -0.0711787548
  -0.0709936875
  -0.0709280339
  -0.0706654322
  -0.0685979379
  -0.0658911293
  -0.0632328286
  -0.0590224647
  -0.0515913005
  -0.0441937206
  -0.0374832685
  -0.0305838224
  -0.0238467680
  -0.0171059006
  -0.0104178099
  -0.0057906808
  -0.0027647390
  -0.0008034377
  -0.0008753436
  -0.0029882503
  -0.0053296804
  -0.0069551569
  -0.0092175337
  -0.0104831516
  -0.0109465497
  -0.0105539299
  -0.0094240281
  -0.0083108679
  -0.0068821135
  -0.0052729355
  -0.0046771621
  -0.0038516163
  -0.0039468165
  -0.0046738819
  -0.0049744061
  -0.0048445939
  -0.0048573660
  -0.0040991581
  -0.0023014798
  -0.0004386666
   0.0004702033
   0.0006373787
   0.0024022252
   0.0025016803
   0.0014754114
   0.0017607267
   0.0008497885
  -0.0000541067
  -0.0020028924
  -0.0044682751
  -0.0076676371
  -0.0103076709
  -0.0107233982
  -0.0105786611
  -0.0106030363
  -0.0088252485
  -0.0071873774
  -0.0062771612
  -0.0060887140
  -0.0062387918
  -0.0055324982
  -0.0046345491
  -0.0048123883
  -0.0051060201
  -0.0051343105
  -0.0054411147
  -0.0061027146
  -0.0063116698
  -0.0060215403
  -0.0058771201
  -0.0063001513
  -0.0068066788
  -0.0063608443
  -0.0052497863
  -0.0030345172
  -0.0011829842
   0.0017794026
   0.0058598292
   0.0101875830
   0.0142702721
   0.0178216761
   0.0213243954
   0.0244345821
   0.0267591733
   0.0299336121
   0.0318912629
   0.0335021997
   0.0370613432
   0.0416419049
   0.0469525470
   0.0516269049
   0.0562984726
   0.0600330753
   0.0627440251
   0.0650079372
   0.0674499346
   0.0692223792
   0.0695932209
   0.0694979980
   0.0694358796
   0.0683392376
   0.0675920746
   0.0664560405
   0.0646095463
   0.0627721678
   0.0604439026
   0.0577362985
   0.0571721575
   0.0574389510
   0.0564013088
   0.0532023130
   0.0495666578
   0.0461563837
   0.0424477268
   0.0374960709
   0.0313260109
   0.0252970681
   0.0197653503
   0.0138160377
   0.0084768755
   0.0048295655
   0.0025754825
  -0.0001333425
  -0.0042534314
  -0.0085156818
  -0.0136901470
  -0.0211620291
  -0.0288753648
  -0.0361582783
  -0.0453185305
  -0.0550137962
  -0.0629462129
  -0.0704599870
  -0.0777326736
  -0.0828728058
  -0.0866300338
  -0.0885179529
  -0.0882741887
  -0.0883919106
  -0.0878780073
  -0.0875865306
  -0.0866475582
  -0.0827919888
  -0.0779847076
  -0.0724363743
  -0.0644484299
  -0.0548050936
  -0.0456196784
  -0.0359139712
  -0.0252425378
  -0.0145466989
  -0.0033438743
   0.0075672313
   0.0145044534
   0.0197436214
   0.0261899189
   0.0325069925
   0.0397670155
   0.0467880722
   0.0510354420
   0.0554807825
   0.0609576292
   0.0671886208
   0.0737735104
   0.0778005367
   0.0790517802
   0.0776301530
   0.0731390191
   0.0658378111
   0.0563354153
   0.0467597654
   0.0389157538
   0.0335249638
   0.0282967801
   0.0227756551
   0.0184995114
   0.0161655899
   0.0148574929
   0.0131211578
   0.0106901927
   0.0092317212
   0.0087841317
   0.0075850423
   0.0071009583
   0.0061937534
   0.0049056833
   0.0036081211
   0.0018774082
  -0.0016420528
  -0.0059602880
  -0.0076119931
  -0.0074105957
  -0.0076473034
  -0.0100791839
  -0.0121684284
  -0.0136540249
  -0.0150586327
  -0.0159246539
  -0.0182501920
  -0.0209905723
  -0.0243496239
  -0.0265912643
  -0.0267388586
  -0.0267461057
  -0.0270403979
  -0.0253506389
  -0.0223287815
  -0.0166308212
  -0.0078017800
  -0.0004251425
   0.0061151396
   0.0119621562
   0.0158499729
   0.0191405050
   0.0221440930
   0.0248026967
   0.0252421338
   0.0246329317
   0.0226929569
   0.0215583999
   0.0220495771
   0.0239095050
   0.0237304728
   0.0221812756
   0.0215078719
   0.0206687182
   0.0187784886
   0.0197866877
   0.0188763377
   0.0149786995
   0.0116204609
   0.0086034568
   0.0039983344
  -0.0006104737
  -0.0034475261
  -0.0062217446
  -0.0096644944
  -0.0138309739
  -0.0171277683
  -0.0195915829
  -0.0207252561
  -0.0216490145
  -0.0238281072
  -0.0272517898
  -0.0304715169
  -0.0318381088
  -0.0338219326
  -0.0371037403
  -0.0410781174
  -0.0451760748
  -0.0484499915
  -0.0507963998
  -0.0540630188
  -0.0579043591
  -0.0616985424
  -0.0660774087
  -0.0693792281
  -0.0711763685
  -0.0714415332
  -0.0729568430
  -0.0752275351
  -0.0770161532
  -0.0787887493
  -0.0791669139
  -0.0791646791
  -0.0779405177
  -0.0760572953
  -0.0738607792
  -0.0712114175
  -0.0679388644
  -0.0629261380
  -0.0541308440
  -0.0432665658
  -0.0346130582
  -0.0275770275
  -0.0210547360
  -0.0136387226
  -0.0059440653
   0.0000659938
   0.0039027731
   0.0064659695
   0.0076104351
   0.0075421958
   0.0074657384
   0.0082166866
   0.0106447945
   0.0122440285
   0.0136922176
   0.0145860027
   0.0145772405
   0.0136174735
   0.0131473813
   0.0141065296
   0.0129783865
   0.0111946141
   0.0110450010
   0.0101195924
   0.0079169111
   0.0072034650
   0.0069107814
   0.0052156957
   0.0029996766
   0.0014256068
   0.0025189586
   0.0049700629
   0.0072109533
   0.0063005996
   0.0043699400
   0.0062884120
   0.0078647468
   0.0073633908
   0.0070393475
   0.0063838445
   0.0063904376
   0.0074911666
   0.0095936466
   0.0115256862
   0.0130700111
   0.0144749598
   0.0171486259
   0.0205166797
   0.0237808114
   0.0254805573
   0.0290670102
   0.0334230745
   0.0382757450
   0.0437514301
   0.0504418831
   0.0565814395
   0.0616573322
   0.0685822947
   0.0762811488
   0.0813911056
   0.0853908477
   0.0907304784
   0.0953438416
   0.0987677767
   0.1002084687
   0.0998037901
   0.0976360479
   0.0951769805
   0.0925519359
   0.0885595419
   0.0846222464
   0.0824141524
   0.0818780784
   0.0797229997
   0.0773210762
   0.0751336126
   0.0718083600
   0.0665883829
   0.0587669587
   0.0483847167
   0.0370019646
   0.0250609804
   0.0125884888
   0.0013183592
  -0.0098964359
  -0.0225320172
  -0.0356989557
  -0.0470741955
  -0.0563202140
  -0.0637062162
  -0.0698402299
  -0.0776743935
  -0.0855076480
  -0.0915780661
  -0.0948712495
  -0.0973650375
  -0.0989210904
  -0.1006255204
  -0.1025906203
  -0.1027764326
  -0.1021009330
  -0.0998367937
  -0.0983124818
  -0.0969608261
  -0.0960520670
  -0.0956334118
  -0.0931462902
  -0.0898015939
  -0.0862969807
  -0.0840456186
  -0.0822630735
  -0.0801446345
  -0.0772532005
  -0.0744546537
  -0.0706155229
  -0.0658994118
  -0.0617761146
  -0.0584284640
  -0.0544337595
  -0.0494971786
  -0.0426728302
  -0.0341398853
  -0.0255901482
  -0.0177670448
  -0.0103102390
  -0.0018622662
   0.0080897365
   0.0192477728
   0.0306276083
   0.0420456618
   0.0523335773
   0.0623609239
   0.0710781407
   0.0767415698
   0.0825861774
   0.0877594520
   0.0894517109
   0.0902999930
   0.0916416617
   0.0927727718
   0.0927459801
   0.0926252785
   0.0935372951
   0.0951524362
   0.0954699723
   0.0938549448
   0.0907319682
   0.0864756973
   0.0814894344
   0.0753527315
   0.0664724665
   0.0550204247
   0.0436095679
   0.0320697396
   0.0201215083
   0.0089449047
  -0.0021424643
  -0.0136211855
  -0.0222409951
  -0.0301848633
  -0.0377342293
  -0.0444405401
  -0.0502504019
  -0.0560835329
  -0.0606879318
  -0.0631155234
  -0.0633317761
  -0.0622436060
  -0.0589123687
  -0.0535728012
  -0.0490742939
  -0.0422348325
  -0.0330731157
  -0.0246322625
  -0.0183519045
  -0.0117103154
  -0.0039347502
   0.0053756934
   0.0148408901
   0.0250384814
   0.0356752321
   0.0467187571
   0.0598305719
   0.0720814410
   0.0826719059
   0.0923994050
   0.1002991842
   0.1059591034
   0.1102556250
   0.1139671100
   0.1158872499
   0.1177941707
   0.1189639154
   0.1194361793
   0.1195198750
   0.1187895547
   0.1180809506
   0.1165632545
   0.1145726002
   0.1120962609
   0.1086356229
   0.1045418699
   0.1009793932
   0.0965251136
   0.0900483125
   0.0816464727
   0.0723754301
   0.0630534681
   0.0526026433
   0.0375519901
   0.0190881589
   0.0024347818
  -0.0129941686
  -0.0300408926
  -0.0475940203
  -0.0618574493
  -0.0763402244
  -0.0913491245
  -0.1052318259
  -0.1173703895
  -0.1274032913
  -0.1354682020
  -0.1423767259
  -0.1472988503
  -0.1505446622
  -0.1526674191
  -0.1528936714
  -0.1519385381
  -0.1503757305
  -0.1475912612
  -0.1450880924
  -0.1429057422
  -0.1416665309
  -0.1417064281
  -0.1402092741
  -0.1365224469
  -0.1329587203
  -0.1296380381
  -0.1263551067
  -0.1224374694
  -0.1177020915
  -0.1124932504
  -0.1056495594
  -0.0985698059
  -0.0914444737
  -0.0824803489
  -0.0740045605
  -0.0653859629
  -0.0551370860
  -0.0461020807
  -0.0370594620
  -0.0287203972
  -0.0227761097
  -0.0180822703
  -0.0135243844
  -0.0118440391
  -0.0111393755
  -0.0098542686
  -0.0078050487
  -0.0060929777
  -0.0041125186
   0.0016932916
   0.0067318640
   0.0125308854
   0.0205466026
   0.0295077856
   0.0385034367
   0.0481871120
   0.0575230002
   0.0647625317
   0.0690102171
   0.0718938864
   0.0743962851
   0.0750494246
   0.0738348965
   0.0717246264
   0.0703810765
   0.0680060204
   0.0639938167
   0.0600026853
   0.0566255789
   0.0539551575
   0.0513457182
   0.0477358573
   0.0440616559
   0.0403955854
   0.0353276469
   0.0294026262
   0.0229514173
   0.0149723740
   0.0062152247
  -0.0033302335
  -0.0122852097
  -0.0212743977
  -0.0289947281
  -0.0350079897
  -0.0383909292
  -0.0392802069
  -0.0389299955
  -0.0368694201
  -0.0334677189
  -0.0290944710
  -0.0229576039
  -0.0144475999
  -0.0056936853
   0.0014354182
   0.0085147210
   0.0164937441
   0.0249915391
   0.0309566716
   0.0356297796
   0.0424010118
   0.0493821965
   0.0540603169
   0.0574635711
   0.0601350530
   0.0615843431
   0.0626336892
   0.0625670509
   0.0612090192
   0.0596191800
   0.0572250213
   0.0545614683
   0.0532032473
   0.0506839428
   0.0468992792
   0.0432784339
   0.0399285991
   0.0367729599
   0.0343958711
   0.0317781115
   0.0287387928
   0.0257128068
   0.0222150746
   0.0190551048
   0.0181905735
   0.0169690760
   0.0137665829
   0.0101088568
   0.0067503556
   0.0042739380
   0.0022962945
   0.0005839972
  -0.0002684551
  -0.0024832784
  -0.0052442057
  -0.0085510931
  -0.0106210115
  -0.0130540522
  -0.0172767640
  -0.0222900459
  -0.0279521240
  -0.0345910895
  -0.0406753075
  -0.0471441923
  -0.0532640021
  -0.0599616139
  -0.0665493822
  -0.0727281035
  -0.0799002012
  -0.0867388293
  -0.0914668338
  -0.0952620777
  -0.0984489023
  -0.1013002245
  -0.1042477166
  -0.1067356842
  -0.1085619394
  -0.1087507313
  -0.1087504788
  -0.1085171561
  -0.1058349802
  -0.1020812748
  -0.0972894728
  -0.0913659798
  -0.0834657712
  -0.0748752532
  -0.0656112178
  -0.0559211286
  -0.0455624461
  -0.0355359581
  -0.0256059303
  -0.0152461115
  -0.0053328406
   0.0040535756
   0.0134581879
   0.0230485720
   0.0325927083
   0.0420119512
   0.0522335314
   0.0637402045
   0.0753371892
   0.0858140861
   0.0952120168
   0.1044223551
   0.1135304885
   0.1216919478
   0.1284162503
   0.1330923000
   0.1376374214
   0.1407278111
   0.1433496614
   0.1454269658
   0.1455446372
   0.1459201252
   0.1457764449
   0.1448667641
   0.1419091967
   0.1372955178
   0.1311844324
   0.1235157410
   0.1162816638
   0.1071932012
   0.0969226082
   0.0871245441
   0.0767895726
   0.0659563031
   0.0555319544
   0.0457781939
   0.0362856462
   0.0259992836
   0.0160703038
   0.0076701382
  -0.0009705859
  -0.0096995016
  -0.0171227685
  -0.0241888736
  -0.0311726088
  -0.0376148786
  -0.0429455703
  -0.0465104459
  -0.0483348199
  -0.0483736566
  -0.0462578817
  -0.0440460631
  -0.0410196353
  -0.0374715771
  -0.0338768543
  -0.0296614781
  -0.0253615349
  -0.0207263924
  -0.0155229929
  -0.0107713127
  -0.0063165622
  -0.0022454533
   0.0018426043
   0.0057394660
   0.0091529899
   0.0108963550
   0.0109712266
   0.0108653842
   0.0091795405
   0.0044162762
  -0.0016465589
  -0.0089841617
  -0.0170880226
  -0.0226934872
  -0.0265010159
  -0.0289591363
  -0.0322622940
  -0.0355911829
  -0.0380252514
  -0.0387656470
  -0.0403564331
  -0.0423160030
  -0.0424819172
  -0.0423007512
  -0.0426813020
  -0.0451286654
  -0.0471770317
  -0.0491821930
  -0.0500288590
  -0.0499720813
  -0.0495742332
  -0.0502448087
  -0.0500020294
  -0.0477110478
  -0.0468581447
  -0.0456118631
  -0.0422476097
  -0.0396669569
  -0.0376778177
  -0.0354477172
  -0.0333393662
  -0.0311621547
  -0.0303964446
  -0.0306712932
  -0.0308173977
  -0.0322710562
  -0.0344277131
  -0.0367535163
  -0.0390045755
  -0.0418228941
  -0.0446228551
  -0.0470373032
  -0.0497024471
  -0.0523515310
  -0.0527787338
  -0.0525306895
  -0.0522326981
  -0.0496783446
  -0.0455219934
  -0.0414639837
  -0.0359798015
  -0.0297329268
  -0.0227538001
  -0.0164755000
  -0.0096870300
  -0.0024979873
   0.0035622734
   0.0097541380
   0.0167472806
   0.0239929735
   0.0319252260
   0.0400729738
   0.0479023522
   0.0551804553
   0.0622943107
   0.0694124968
   0.0765029821
   0.0833346408
   0.0897334531
   0.0958548664
   0.0998254558
   0.1023947707
   0.1031507969
   0.1020365042
   0.0988329379
   0.0941101731
   0.0881722994
   0.0821790369
   0.0772933628
   0.0737678036
   0.0709992428
   0.0684630072
   0.0654599242
   0.0618170976
   0.0582146480
   0.0544424712
   0.0491738348
   0.0424326896
   0.0366661844
   0.0313593679
   0.0248314075
   0.0186097589
   0.0128085205
   0.0060331597
  -0.0006976963
  -0.0080896911
  -0.0155368559
  -0.0216447975
  -0.0265584880
  -0.0310524122
  -0.0342993604
  -0.0362871613
  -0.0366340773
  -0.0370148302
  -0.0393818689
  -0.0406953823
  -0.0404742813
  -0.0405135598
  -0.0408014255
  -0.0409866822
  -0.0419668144
  -0.0435530300
  -0.0435717287
  -0.0417146541
  -0.0421885719
  -0.0439067008
  -0.0451037170
  -0.0452360469
  -0.0449634709
  -0.0439670516
  -0.0446486367
  -0.0457870319
  -0.0460326015
  -0.0465114433
  -0.0473250300
  -0.0485459467
  -0.0493603919
  -0.0493086140
  -0.0495800663
  -0.0511910409
  -0.0527548839
  -0.0528978067
  -0.0539361054
  -0.0561616732
  -0.0577989724
  -0.0595501680
  -0.0602496690
  -0.0621764626
  -0.0634869585
  -0.0629923345
  -0.0607644309
  -0.0590286261
  -0.0565542438
  -0.0530739350
  -0.0477442786
  -0.0432807192
  -0.0374252408
  -0.0308918387
  -0.0248137189
  -0.0187838545
  -0.0130449112
  -0.0088845324
  -0.0055448524
  -0.0019984557
   0.0009725690
   0.0029746260
   0.0031905000
   0.0030024770
   0.0030080297
   0.0029306696
   0.0019523253
   0.0000246030
  -0.0013153189
  -0.0033086272
  -0.0053104855
  -0.0079847451
  -0.0112366122
  -0.0152615906
  -0.0181196802
  -0.0193871857
  -0.0184615838
  -0.0173346402
  -0.0163048133
  -0.0140194755
  -0.0116403880
  -0.0083639324
  -0.0043653556
  -0.0014425593
   0.0017326206
   0.0052923550
   0.0093967755
   0.0147095956
   0.0218297891
   0.0306234292
   0.0393224903
   0.0464323308
   0.0531919978
   0.0599942639
   0.0662847983
   0.0701562635
   0.0734239051
   0.0764456615
   0.0788814092
   0.0812527785
   0.0836589316
   0.0855623298
   0.0869907497
   0.0888928095
   0.0895902399
   0.0905312451
   0.0909087784
   0.0904821943
   0.0891937049
   0.0888688081
   0.0889909616
   0.0881720721
   0.0852587830
   0.0819993228
   0.0788121952
   0.0763471306
   0.0724079918
   0.0676295351
   0.0619350594
   0.0555295934
   0.0492247163
   0.0422242900
   0.0352894794
   0.0287262807
   0.0235971581
   0.0188493945
   0.0143959861
   0.0094991396
   0.0045360915
   0.0001384078
  -0.0034493594
  -0.0070537888
  -0.0101488549
  -0.0132315315
  -0.0160105464
  -0.0171429570
  -0.0170702204
  -0.0180725990
  -0.0188386753
  -0.0175804750
  -0.0167246553
  -0.0149458600
  -0.0138241687
  -0.0139825074
  -0.0152809458
  -0.0172391774
  -0.0178927335
  -0.0197389752
  -0.0214177877
  -0.0234102475
  -0.0248711658
  -0.0269005684
  -0.0292923408
  -0.0315986626
  -0.0339408540
  -0.0353476839
  -0.0373532744
  -0.0388888105
  -0.0393684983
  -0.0390214308
  -0.0384236802
  -0.0378348939
  -0.0369830008
  -0.0358429265
  -0.0351836509
  -0.0343706071
  -0.0319908922
  -0.0306089602
  -0.0286206416
  -0.0273275186
  -0.0251162809
  -0.0225865728
  -0.0198944227
  -0.0176632490
  -0.0153634926
  -0.0125110643
  -0.0105841748
  -0.0087271356
  -0.0065143625
  -0.0045448032
  -0.0025480822
  -0.0010506020
  -0.0011758285
  -0.0005364589
   0.0011781712
   0.0010439405
  -0.0001734575
  -0.0006695544
  -0.0017521917
  -0.0024325004
  -0.0042830967
  -0.0064900139
  -0.0087200778
  -0.0117223692
  -0.0154339691
  -0.0193657851
  -0.0235120989
  -0.0271961989
  -0.0307156851
  -0.0340400287
  -0.0364339980
  -0.0383547944
  -0.0386979733
  -0.0386534298
  -0.0387747374
  -0.0388314268
  -0.0387699523
  -0.0374938235
  -0.0353379621
  -0.0349677012
  -0.0334045905
  -0.0302686474
  -0.0281171544
  -0.0273451315
  -0.0244428267
  -0.0208234460
  -0.0175657913
  -0.0130045595
  -0.0083610727
  -0.0043346537
  -0.0003342790
   0.0030049074
   0.0055593492
   0.0059988822
   0.0065221412
   0.0074981890
   0.0075250261
   0.0073043556
   0.0060156630
   0.0038776783
   0.0031905151
   0.0018874848
   0.0010995617
   0.0015986659
   0.0016181700
   0.0010134796
   0.0002443862
  -0.0004712183
  -0.0008648567
  -0.0005998644
   0.0013851832
   0.0024893980
   0.0033758021
   0.0052644523
   0.0068352394
   0.0097459339
   0.0132781834
   0.0156737688
   0.0176917704
   0.0196493833
   0.0205086624
   0.0205358834
   0.0210088038
   0.0211334950
   0.0207710747
   0.0200676345
   0.0191621580
   0.0181488329
   0.0180742404
   0.0189641115
   0.0208979376
   0.0228497553
   0.0222031686
   0.0230048240
   0.0250319287
   0.0254047148
   0.0250419787
   0.0251122281
   0.0252828516
   0.0252688371
   0.0250261966
   0.0230882545
   0.0214206663
   0.0195522286
   0.0179984610
   0.0159825048
   0.0143667576
   0.0124264785
   0.0109999399
   0.0100671427
   0.0083162060
   0.0072415188
   0.0072717965
   0.0072350848
   0.0064160198
   0.0065712930
   0.0069108180
   0.0070595398
   0.0079833336
   0.0091435055
   0.0098128563
   0.0099426913
   0.0118236878
   0.0130507064
   0.0139575465
   0.0164425722
   0.0194861710
   0.0222465252
   0.0251294874
   0.0273514064
   0.0292103496
   0.0306811412
   0.0325244159
   0.0328322681
   0.0325032805
   0.0324897710
   0.0325099469
   0.0323885004
   0.0319492022
   0.0298536410
   0.0285364409
   0.0277509085
   0.0259601566
   0.0230776868
   0.0201817328
   0.0179096898
   0.0153025862
   0.0125945277
   0.0092534020
   0.0054809702
   0.0025683225
  -0.0012079911
  -0.0058516806
  -0.0109086537
  -0.0140334773
  -0.0162231125
  -0.0186913587
  -0.0217730745
  -0.0242335054
  -0.0263735343
  -0.0282923737
  -0.0307376917
  -0.0322278890
  -0.0337814420
  -0.0352375500
  -0.0355129541
  -0.0356107779
  -0.0370435031
  -0.0390358240
  -0.0396388395
  -0.0395618355
  -0.0398643217
  -0.0401582224
  -0.0402389637
  -0.0403340730
  -0.0411175096
  -0.0420253471
  -0.0418515671
  -0.0418716293
  -0.0421743933
  -0.0428205129
  -0.0433824949
  -0.0435984446
  -0.0448638542
  -0.0456229484
  -0.0462486523
  -0.0480199227
  -0.0493062025
  -0.0493050914
  -0.0492348926
  -0.0480578123
  -0.0456650425
  -0.0431195649
  -0.0414231270
  -0.0392650813
  -0.0366893273
  -0.0343146501
  -0.0313139786
  -0.0283572697
  -0.0259755221
  -0.0230262245
  -0.0186629004
  -0.0137653835
  -0.0097615014
  -0.0055542762
   0.0002609144
   0.0050878353
   0.0088683615
   0.0129143742
   0.0166641530
   0.0202508963
   0.0255726617
   0.0309010681
   0.0354135268
   0.0392347291
   0.0421476016
   0.0450509290
   0.0472302111
   0.0486142012
   0.0489284419
   0.0487540812
   0.0485929395
   0.0485154052
   0.0483776084
   0.0488684951
   0.0504055085
   0.0515350909
   0.0524626118
   0.0528042251
   0.0524292926
   0.0509917571
   0.0485301141
   0.0467735021
   0.0447656895
   0.0432248632
   0.0423462163
   0.0414026734
   0.0404167839
   0.0394333186
   0.0393242958
   0.0402081949
   0.0402935319
   0.0382254695
   0.0351139066
   0.0328300964
   0.0298891066
   0.0253387834
   0.0199748230
   0.0147239888
   0.0097620594
   0.0046439868
  -0.0004053012
  -0.0051791140
  -0.0103691391
  -0.0138949862
  -0.0160639278
  -0.0183546316
  -0.0214767244
  -0.0236168290
  -0.0246285001
  -0.0267015370
  -0.0283506665
  -0.0303245413
  -0.0329158249
  -0.0353313967
  -0.0376879940
  -0.0401362538
  -0.0422159192
  -0.0444828488
  -0.0463738360
  -0.0469769777
  -0.0472701462
  -0.0471304177
  -0.0465411263
  -0.0450091001
  -0.0432652780
  -0.0428144020
  -0.0409332882
  -0.0398877550
  -0.0387304718
  -0.0364802081
  -0.0341712475
  -0.0327596956
  -0.0306633264
  -0.0287229223
  -0.0262763670
  -0.0233885565
  -0.0209639321
  -0.0194887972
  -0.0172871297
  -0.0143141338
  -0.0107398533
  -0.0078013696
  -0.0057641720
  -0.0020311702
   0.0019778935
   0.0053836287
   0.0087635670
   0.0112664025
   0.0135292705
   0.0149751264
   0.0171106605
   0.0181671528
   0.0180305176
   0.0194325750
   0.0216027035
   0.0218636765
   0.0226515194
   0.0230987970
   0.0230103162
   0.0223055882
   0.0217186073
   0.0212683879
   0.0196818692
   0.0182926395
   0.0183195954
   0.0179580462
   0.0165976157
   0.0152332081
   0.0147274735
   0.0147913721
   0.0147601109
   0.0152356575
   0.0158292921
   0.0148754718
   0.0144668288
   0.0146353565
   0.0141648855
   0.0134070917
   0.0126954069
   0.0130043449
   0.0130221597
   0.0135344470
   0.0139063998
   0.0137283650
   0.0141925610
   0.0158370569
   0.0168641566
   0.0167507526
   0.0178116008
   0.0196714530
   0.0211117157
   0.0213376272
   0.0203620655
   0.0191720061
   0.0183975842
   0.0166205818
   0.0152313774
   0.0151396391
   0.0151306370
   0.0148825043
   0.0154394613
   0.0171546863
   0.0182424524
   0.0189329765
   0.0210785228
   0.0225002763
   0.0232713396
   0.0231345529
   0.0219592277
   0.0214665102
   0.0209954458
   0.0192938439
   0.0178269789
   0.0167224332
   0.0156074966
   0.0144294694
   0.0131945383
   0.0120768391
   0.0112318018
   0.0104096309
   0.0087255447
   0.0074362903
   0.0061267918
   0.0045457653
   0.0033672015
   0.0025222614
   0.0017085232
   0.0007347940
   0.0003927643
  -0.0007490763
  -0.0015787779
  -0.0029147928
  -0.0048522678
  -0.0075345850
  -0.0109279659
  -0.0133736841
  -0.0157287790
  -0.0179678184
  -0.0205393807
  -0.0228005656
  -0.0249889509
  -0.0281012334
  -0.0304424274
  -0.0322202883
  -0.0335842288
  -0.0352959690
  -0.0370363444
  -0.0380556288
  -0.0377716139
  -0.0375920009
  -0.0378399694
  -0.0383932523
  -0.0393287905
  -0.0385235241
  -0.0371901884
  -0.0356344764
  -0.0349009491
  -0.0337187050
  -0.0316022862
  -0.0298701933
  -0.0273742589
  -0.0243234003
  -0.0213239283
  -0.0184687552
  -0.0148320395
  -0.0114573194
  -0.0086348329
  -0.0059483441
  -0.0033618331
  -0.0013989073
   0.0019020561
   0.0046296238
   0.0069147673
   0.0099602133
   0.0129833863
   0.0162978818
   0.0198322917
   0.0223445510
   0.0245994231
   0.0259731990
   0.0276745736
   0.0284915187
   0.0288216047
   0.0287396766
   0.0276220381
   0.0267687814
   0.0263321094
   0.0247041027
   0.0230213132
   0.0222892758
   0.0204900521
   0.0170890327
   0.0133061998
   0.0097327451
   0.0066357989
   0.0040087809
   0.0005080139
  -0.0022555122
  -0.0047320510
  -0.0068421368
  -0.0093306056
  -0.0124065148
  -0.0152942280
  -0.0187076459
  -0.0205852498
  -0.0223985763
  -0.0247892125
  -0.0266730282
  -0.0276889795
  -0.0277986209
  -0.0278089109
  -0.0279314558
  -0.0279815924
  -0.0286169928
  -0.0291919540
  -0.0293516184
  -0.0296534607
  -0.0304747870
  -0.0314642116
  -0.0314829229
  -0.0305605785
  -0.0296091698
  -0.0294060225
  -0.0290989153
  -0.0287391084
  -0.0278904097
  -0.0275192271
  -0.0271877144
  -0.0284808626
  -0.0304049669
  -0.0312857223
  -0.0309366473
  -0.0296749875
  -0.0284686283
  -0.0266191418
  -0.0233533940
  -0.0188698228
  -0.0144418805
  -0.0099544623
  -0.0040174333
   0.0003063296
   0.0023384579
   0.0049941969
   0.0079301390
   0.0108326950
   0.0134212830
   0.0156543632
   0.0187516085
   0.0214810550
   0.0236254271
   0.0263258976
   0.0281351839
   0.0279253576
   0.0286563092
   0.0308675343
   0.0311884287
   0.0305797317
   0.0304828801
   0.0304344479
   0.0299628785
   0.0285778531
   0.0271612636
   0.0251357497
   0.0225420420
   0.0205812853
   0.0182425913
   0.0150983152
   0.0122750536
   0.0103303176
   0.0079444805
   0.0051330782
   0.0023662812
   0.0005718379
  -0.0010927524
  -0.0029462131
  -0.0047546573
  -0.0062725074
  -0.0074026453
  -0.0082509186
  -0.0082954039
  -0.0082086427
  -0.0074284409
  -0.0064570482
  -0.0062081530
  -0.0051225736
  -0.0037896507
  -0.0027038719
  -0.0012930964
   0.0003665252
   0.0015765532
   0.0031790889
   0.0044647728
   0.0058998741
   0.0074427761
   0.0087848754
   0.0109677141
   0.0128705379
   0.0145300583
   0.0167537070
   0.0184584653
   0.0203094543
   0.0218703807
   0.0226503452
   0.0237433762
   0.0257732460
   0.0273148172
   0.0279353824
   0.0290226056
   0.0304209511
   0.0308830765
   0.0302122106
   0.0296544960
   0.0291624856
   0.0290628563
   0.0284070150
   0.0264853221
   0.0240086293
   0.0216981158
   0.0195242880
   0.0164388981
   0.0127374505
   0.0098883365
   0.0075077340
   0.0041824573
   0.0015840100
  -0.0012851738
  -0.0036893762
  -0.0050816752
  -0.0064342715
  -0.0078173702
  -0.0089656752
  -0.0106924375
  -0.0121365006
  -0.0133116036
  -0.0144905146
  -0.0161502875
  -0.0174859338
  -0.0181923789
  -0.0193400035
  -0.0196454315
  -0.0201971614
  -0.0226246140
  -0.0246380199
  -0.0255412616
  -0.0272098977
  -0.0299337889
  -0.0323646000
  -0.0340111285
  -0.0353294397
  -0.0370823776
  -0.0378225081
  -0.0382640031
  -0.0401133381
  -0.0419070696
  -0.0420573532
  -0.0429563021
  -0.0443340046
  -0.0454095112
  -0.0454564282
  -0.0453689448
  -0.0449454793
  -0.0432163029
  -0.0402429029
  -0.0372957896
  -0.0339196933
  -0.0297027641
  -0.0261205534
  -0.0228504623
  -0.0193083130
  -0.0156302355
  -0.0120912665
  -0.0089860606
  -0.0066199209
  -0.0033500344
   0.0004315093
   0.0039469529
   0.0063955813
   0.0092141727
   0.0128964205
   0.0165329343
   0.0198715449
   0.0226153342
   0.0258022598
   0.0290290573
   0.0315748632
   0.0328848162
   0.0339702339
   0.0351877290
   0.0359310285
   0.0361018414
   0.0361799187
   0.0355546946
   0.0353208164
   0.0352947948
   0.0350900567
   0.0348573526
   0.0346997841
   0.0342237830
   0.0324640651
   0.0306781616
   0.0303687060
   0.0295935771
   0.0275196564
   0.0262738040
   0.0262988028
   0.0262417474
   0.0259644494
   0.0255903755
   0.0243196379
   0.0237396517
   0.0238286375
   0.0238093076
   0.0230671823
   0.0233383442
   0.0249225524
   0.0254373017
   0.0258687972
   0.0276646119
   0.0289388721
   0.0295111061
   0.0306331005
   0.0320668862
   0.0332239800
   0.0342867473
   0.0350124340
   0.0350564850
   0.0359509897
   0.0363018323
   0.0362108390
   0.0368591807
   0.0376505588
   0.0377630663
   0.0380925463
   0.0381936275
   0.0381561671
   0.0376053210
   0.0364914323
   0.0362999511
   0.0363435855
   0.0361429002
   0.0346150278
   0.0321732324
   0.0297036479
   0.0282714403
   0.0260129825
   0.0237723648
   0.0219183331
   0.0196170994
   0.0160644834
   0.0132796606
   0.0104673632
   0.0066370009
   0.0028023510
   0.0001776731
  -0.0016589775
  -0.0047349953
  -0.0086588659
  -0.0123610421
  -0.0154787651
  -0.0179771362
  -0.0215001576
  -0.0252779150
  -0.0274143960
  -0.0290242217
  -0.0321104954
  -0.0348143117
  -0.0375506139
  -0.0399944547
  -0.0423346890
  -0.0447718508
  -0.0461495406
  -0.0482145855
  -0.0507250015
  -0.0525612058
  -0.0526888010
  -0.0540879924
  -0.0562097645
  -0.0563396197
  -0.0559930067
  -0.0560506808
  -0.0561524312
  -0.0561049334
  -0.0560685714
  -0.0557627394
  -0.0542316348
  -0.0526578681
  -0.0524804393
  -0.0526723245
  -0.0522363216
  -0.0500239223
  -0.0479101549
  -0.0469733415
  -0.0464883131
  -0.0457537506
  -0.0447735300
  -0.0424652260
  -0.0414333664
  -0.0395874782
  -0.0382803534
  -0.0371000788
  -0.0350491621
  -0.0328349826
  -0.0312638294
  -0.0294313875
  -0.0265143991
  -0.0243330464
  -0.0228029140
  -0.0208985815
  -0.0191896820
  -0.0177562750
  -0.0196208366
  -0.0187038582
  -0.0146420229
  -0.0131380383
  -0.0137744108
  -0.0133059347
  -0.0107468201
  -0.0093025222
  -0.0074904204
  -0.0060432388
  -0.0039430907
  -0.0025204787
  -0.0005100683
   0.0008732940
   0.0023275746
   0.0041137988
   0.0052400733
   0.0068882534
   0.0074443089
   0.0088413526
   0.0106587358
   0.0107116084
   0.0109651360
   0.0122433821
   0.0130957928
   0.0134489206
   0.0137075578
   0.0148374938
   0.0170024078
   0.0172977606
   0.0180256188
   0.0186563603
   0.0174679548
   0.0165957092
   0.0166567291
   0.0166183470
   0.0165594356
   0.0181493506
   0.0185405828
   0.0184720632
   0.0194179040
   0.0195740585
   0.0186327755
   0.0181878211
   0.0190790684
   0.0181018401
   0.0155915630
   0.0150758920
   0.0152045604
   0.0130392170
   0.0112674732
   0.0111601839
   0.0091790266
   0.0076114111
   0.0077332098
   0.0069559700
   0.0055168663
   0.0043007323
   0.0041254940
   0.0042206349
   0.0041378571
   0.0035913466
   0.0013111891
   0.0002724943
   0.0005197844
  -0.0009060841
  -0.0031081161
  -0.0046546909
  -0.0062703825
  -0.0076342510
  -0.0098003657
  -0.0101688881
  -0.0098837130
  -0.0099762252
  -0.0100987284
  -0.0100559261
  -0.0100114092
  -0.0099973543
  -0.0100289399
  -0.0091409867
  -0.0069389859
  -0.0063523548
  -0.0066200446
  -0.0057351859
  -0.0033010480
  -0.0018641765
   0.0001651387
   0.0027384397
   0.0045350335
   0.0067866443
   0.0086679148
   0.0115583387
   0.0143245373
   0.0162272664
   0.0188797466
   0.0213023510
   0.0231297173
   0.0258727995
   0.0282740665
   0.0288047620
   0.0298609387
   0.0316758308
   0.0320776812
   0.0317446913
   0.0317020039
   0.0317230761
   0.0315476927
   0.0312300304
   0.0296923226
   0.0278750568
   0.0264410565
   0.0241330807
   0.0215047786
   0.0190721495
   0.0158351630
   0.0120268932
   0.0093601067
   0.0074383470
   0.0054929684
   0.0035542056
   0.0015512337
  -0.0004792472
  -0.0021539411
  -0.0026342702
  -0.0041075049
  -0.0058631851
  -0.0061092345
  -0.0065704092
  -0.0091439083
  -0.0099636601
  -0.0095777585
  -0.0097017137
  -0.0100090974
  -0.0100002847
  -0.0099253765
  -0.0096235240
  -0.0081293585
  -0.0065748106
  -0.0064212506
  -0.0074741257
  -0.0076290100
  -0.0078038834
  -0.0086454524
  -0.0108584438
  -0.0105087527
  -0.0099423732
  -0.0113095799
  -0.0111228434
  -0.0098830135
  -0.0097799841
  -0.0100258769
  -0.0100173306
  -0.0099367610
  -0.0099591590
  -0.0099894127
  -0.0099804889
  -0.0099714350
  -0.0091621966
  -0.0070134055
  -0.0064126689
  -0.0067112955
  -0.0058870047
  -0.0035782992
  -0.0017549971
   0.0000918897
   0.0004517015
   0.0018710259
   0.0037260589
   0.0039398838
   0.0057851407
   0.0078721227
   0.0098533886
   0.0105926037
   0.0125536609
   0.0144070588
   0.0163559979
   0.0171142714
   0.0173322034
   0.0194384081
   0.0208860568
   0.0212472904
   0.0206655113
   0.0203887436
   0.0220286058
   0.0227254933
   0.0221970199
   0.0223917332
   0.0227147614
   0.0213438011
   0.0190598647
   0.0186939344
   0.0185694451
   0.0162092621
   0.0147718907
   0.0149972845
   0.0150357676
   0.0143935493
   0.0122098722
   0.0109649087
   0.0108171124
   0.0087749516
   0.0073574757
   0.0075422615
   0.0065793091
   0.0041802112
   0.0037306837
   0.0041181736
   0.0031814612
   0.0012031015
   0.0003012348
   0.0002441140
  -0.0017196780
  -0.0032626911
  -0.0030786982
  -0.0039271571
  -0.0062999077
  -0.0068141292
  -0.0064402220
  -0.0065229442
  -0.0074857602
  -0.0085859374
  -0.0097053524
  -0.0101603708
  -0.0102518111
  -0.0121045247
  -0.0137994981
  -0.0138593439
  -0.0155035998
  -0.0173150830
  -0.0172973313
  -0.0170553474
  -0.0179263178
  -0.0197983791
  -0.0208748578
  -0.0207085649
  -0.0206495651
  -0.0214757396
  -0.0225731265
  -0.0233060982
  -0.0241909948
  -0.0243539166
  -0.0250183940
  -0.0268084135
  -0.0278678602
  -0.0267759150
  -0.0272882149
  -0.0281907369
  -0.0280933045
  -0.0278068529
  -0.0267363713
  -0.0257417954
  -0.0253454750
  -0.0248225948
  -0.0246764777
  -0.0247356922
  -0.0248178349
  -0.0240346130
  -0.0218869835
  -0.0213547476
  -0.0216974971
  -0.0208633558
  -0.0185517818
  -0.0179909487
  -0.0174248255
  -0.0152609215
  -0.0144475747
  -0.0129218360
  -0.0104151345
  -0.0082832227
  -0.0070185277
  -0.0048549002
  -0.0023209019
  -0.0007863166
   0.0013796455
   0.0030842207
   0.0052356922
   0.0076838270
   0.0104692204
   0.0132894456
   0.0163901125
   0.0192968994
   0.0219471575
   0.0230265402
   0.0251230230
   0.0270633893
   0.0289670147
   0.0308872682
   0.0326399157
   0.0342682507
   0.0360579924
   0.0365745093
   0.0387227196
   0.0394590750
   0.0386962814
   0.0391117044
   0.0394577114
   0.0393406587
   0.0392687806
   0.0393242074
   0.0393421611
   0.0388831164
   0.0365133379
   0.0356115355
   0.0359513054
   0.0360004572
   0.0354997350
   0.0340177318
   0.0325421171
   0.0320080505
   0.0300783656
   0.0286671673
   0.0269723328
   0.0247133952
   0.0222227510
   0.0204226562
   0.0181784654
   0.0156439470
   0.0132851528
   0.0109455005
   0.0084331477
   0.0065492170
   0.0041999010
   0.0021514601
   0.0003036266
  -0.0013645288
  -0.0033134918
  -0.0051067612
  -0.0069788427
  -0.0077634724
  -0.0098940824
  -0.0111130345
  -0.0117967711
  -0.0142112470
  -0.0154666192
  -0.0174761742
  -0.0191090165
  -0.0208025253
  -0.0221466307
  -0.0223388947
  -0.0223329606
  -0.0226040720
  -0.0234470261
  -0.0247068425
  -0.0262204983
  -0.0254030482
  -0.0247735692
  -0.0261331159
  -0.0263862105
  -0.0250046951
  -0.0234845370
  -0.0236144427
  -0.0237529465
  -0.0214922035
  -0.0201447522
  -0.0199118587
  -0.0178936930
  -0.0169246967
  -0.0167174839
  -0.0151472271
  -0.0137340970
  -0.0137409780
  -0.0138462258
  -0.0125714000
  -0.0107376854
  -0.0102298626
  -0.0104393291
  -0.0103920787
  -0.0101793434
  -0.0091066549
  -0.0080103576
  -0.0075129017
  -0.0068939627
  -0.0072134103
  -0.0078442603
  -0.0074240939
  -0.0088074678
  -0.0102617942
  -0.0102612198
  -0.0109074340
  -0.0132749008
  -0.0140215713
  -0.0145265105
  -0.0168814033
  -0.0179283505
  -0.0184333276
  -0.0203184059
  -0.0214062099
  -0.0212720620
  -0.0213235243
  -0.0216667536
  -0.0217831119
  -0.0218512780
  -0.0220160306
  -0.0221740664
  -0.0214998546
  -0.0193615934
  -0.0189175984
  -0.0185910350
  -0.0164576978
  -0.0149209622
  -0.0131514468
  -0.0118611242
  -0.0099024646
  -0.0085474607
  -0.0064839081
  -0.0040835931
  -0.0013711207
   0.0009313553
   0.0035602268
   0.0067946099
   0.0090939825
   0.0117305127
   0.0143138560
   0.0166295208
   0.0181431892
   0.0200432416
   0.0216614382
   0.0220008672
   0.0241673342
   0.0254652928
   0.0252144835
   0.0251022033
   0.0254314055
   0.0259492228
   0.0255296081
   0.0264564346
   0.0271270858
   0.0262714809
   0.0251016225
   0.0250759292
   0.0252019336
   0.0250098716
   0.0233448969
   0.0213602019
   0.0210561375
   0.0192844883
   0.0175331160
   0.0170534283
   0.0148103990
   0.0134310931
   0.0116233156
   0.0101346207
   0.0089485964
   0.0067623323
   0.0060332872
   0.0045509241
   0.0024398144
   0.0017545199
  -0.0005260835
  -0.0017182576
  -0.0027553443
  -0.0049946552
  -0.0056242553
  -0.0054201964
  -0.0055544328
  -0.0057716148
  -0.0058511895
  -0.0062380027
  -0.0066839255
  -0.0068471441
  -0.0064499185
  -0.0062715857
  -0.0064163758
  -0.0065218534
  -0.0061880832
  -0.0041745612
  -0.0030166038
  -0.0032407565
  -0.0033157165
  -0.0027948538
  -0.0006667613
   0.0005109933
   0.0002400680
   0.0001970208
   0.0004517941
   0.0019925633
   0.0034674697
   0.0039103712
   0.0038634239
   0.0040239191
   0.0057182460
   0.0056820229
   0.0040498548
   0.0052912553
   0.0075931859
   0.0071782641
   0.0059616099
   0.0064599622
   0.0073633795
   0.0073483549
   0.0070833720
   0.0071494990
   0.0068131242
   0.0049518402
   0.0057784415
   0.0071830379
   0.0069233641
   0.0053369591
   0.0033256933
   0.0030250896
   0.0031650819
   0.0022959889
  -0.0002391000
  -0.0010285695
  -0.0008090019
  -0.0027754078
  -0.0048184587
  -0.0047659699
  -0.0045852458
  -0.0048757578
  -0.0050855109
  -0.0050933376
  -0.0051523551
  -0.0052925482
  -0.0054422257
  -0.0055209179
  -0.0055909071
  -0.0056839534
  -0.0057663423
  -0.0058843584
  -0.0060143462
  -0.0060883895
  -0.0053892723
  -0.0042908691
  -0.0031729301
  -0.0029063929
  -0.0030584239
  -0.0029120316
  -0.0017209785
  -0.0004645395
   0.0003231516
   0.0002858934
   0.0002277595
   0.0002653846
   0.0002552919
   0.0002707365
   0.0002710700
   0.0002741682
   0.0002384628
   0.0002778327
   0.0001623738
  -0.0010654713
  -0.0022412136
  -0.0030928908
  -0.0031526317
  -0.0031090731
  -0.0031785990
  -0.0032008518
  -0.0031754312
  -0.0034704683
  -0.0058106799
  -0.0069412358
  -0.0066159728
  -0.0065616445
  -0.0067580421
  -0.0067744505
  -0.0067901530
  -0.0068361951
  -0.0068860338
  -0.0069605215
  -0.0069156069
  -0.0053387582
  -0.0035585552
  -0.0037444381
  -0.0046172040
  -0.0041066174
  -0.0038116674
  -0.0039974822
  -0.0025585641
  -0.0013989704
  -0.0021813704
  -0.0029458406
  -0.0024091353
  -0.0016187192
  -0.0024607213
  -0.0028501278
  -0.0022028177
  -0.0015416142
  -0.0017349564
  -0.0011143906
   0.0012784999
   0.0016494060
   0.0011899379
   0.0026501294
   0.0047169141
   0.0047267722
   0.0047240185
   0.0064044686
   0.0079472178
   0.0078484660
   0.0075270892
   0.0075885624
   0.0076187845
   0.0075305006
   0.0074539309
   0.0074654872
   0.0074429453
   0.0074282780
   0.0074309395
   0.0074332235
   0.0074315607
   0.0074309332
   0.0069678520
   0.0047424975
   0.0037347025
   0.0040637317
   0.0041472973
   0.0039803377
   0.0039743216
   0.0040371660
   0.0040060815
   0.0039740085
   0.0040166379
   0.0039577251
   0.0032796941
   0.0036781558
   0.0035568002
   0.0010787716
  -0.0001110842
   0.0002463051
   0.0002445728
  -0.0003979974
  -0.0006724095
  -0.0007603880
  -0.0010184655
  -0.0005129071
  -0.0003147653
  -0.0005043979
  -0.0005750424
  -0.0005917968
  -0.0003218159
  -0.0003513989
  -0.0010000799
  -0.0011335327
  -0.0011267151
  -0.0012176827
   0.0001111283
   0.0020311727
   0.0020941016
   0.0017372833
   0.0017980179
   0.0025542158
   0.0045531362
   0.0048071890
   0.0048609037
   0.0049256773
   0.0057954723
   0.0069061212
   0.0070619071
   0.0063622798
   0.0059376666
   0.0048202225
   0.0043190294
   0.0043350880
   0.0042944977
   0.0041487606
   0.0041214980
   0.0040857635
   0.0034661541
   0.0027627240
   0.0013310139
   0.0004287994
   0.0004268239
   0.0004207171
   0.0003339699
   0.0002941808
   0.0003359755
   0.0003560369
   0.0003356534
   0.0003239760
   0.0002469514
   0.0002207590
   0.0002755467
   0.0003403211
   0.0003912026
   0.0003719489
  -0.0005990366
  -0.0024210299
  -0.0032549289
  -0.0031194641
  -0.0031522656
  -0.0041691284
  -0.0059149568
  -0.0068610589
  -0.0067792735
  -0.0068083934
  -0.0069995021
  -0.0070110584
  -0.0072438167
  -0.0083180001
  -0.0082496144
  -0.0078819354
  -0.0100041178
  -0.0111486188
  -0.0108152956
  -0.0099931840
  -0.0098395521
  -0.0094447519
  -0.0085619865
  -0.0079697572
  -0.0078068517
  -0.0079146650
  -0.0079849395
  -0.0080324891
  -0.0081192062
  -0.0082666919
  -0.0084194665
  -0.0084901337
  -0.0080094182
  -0.0075541574
  -0.0064108370
  -0.0054162547
  -0.0055101191
  -0.0056990310
  -0.0056988795
  -0.0057887125
  -0.0059910796
  -0.0052930141
  -0.0037984407
  -0.0037826296
  -0.0036807971
  -0.0029930670
  -0.0028570101
  -0.0036143759
  -0.0055018064
  -0.0067312807
  -0.0066767832
  -0.0066103582
  -0.0068195115
  -0.0058468096
  -0.0041311996
  -0.0044058083
  -0.0046446093
  -0.0049495866
  -0.0049494969
  -0.0043508247
  -0.0047707374
  -0.0045208535
  -0.0033730207
  -0.0037167172
  -0.0035162705
  -0.0031770309
  -0.0031624495
  -0.0032253986
  -0.0030774483
  -0.0013653848
   0.0004780869
   0.0004737522
   0.0003406846
   0.0016612261
   0.0035139322
   0.0039638031
   0.0037392566
   0.0037723687
   0.0043192491
   0.0059073056
   0.0071638229
   0.0066498324
   0.0058796250
   0.0048321020
   0.0035854618
   0.0033462227
   0.0034512785
   0.0033139792
   0.0030874276
   0.0020272751
   0.0011413961
   0.0005390178
  -0.0000641018
  -0.0000456412
  -0.0005556073
   0.0011194229
   0.0026932372
   0.0024232192
   0.0021360101
   0.0030598418
   0.0053324050
   0.0056076311
   0.0060097012
   0.0084259435
   0.0089506582
   0.0084455840
   0.0084936891
   0.0106398010
   0.0120235385
   0.0116179711
   0.0113973877
   0.0119529635
   0.0131392882
   0.0138317441
   0.0131609918
   0.0117391500
   0.0110186929
   0.0111126583
   0.0110407487
   0.0109141951
   0.0108443763
   0.0088126986
   0.0072222255
   0.0073984132
   0.0075522143
   0.0069312072
   0.0046612525
   0.0036896161
   0.0031400818
   0.0007726624
   0.0001752978
   0.0005543762
   0.0000556210
  -0.0024034739
  -0.0034041291
  -0.0030403906
  -0.0030583595
  -0.0032372087
  -0.0032516184
  -0.0042574312
  -0.0050661860
  -0.0049308904
  -0.0042361001
  -0.0051856932
  -0.0067701110
  -0.0069136878
  -0.0067235361
  -0.0068665965
  -0.0070419017
  -0.0075542016
  -0.0098294717
  -0.0109621752
  -0.0107287250
  -0.0103394952
  -0.0094158845
  -0.0102851846
  -0.0112144491
  -0.0111217753
  -0.0111543761
  -0.0113141213
  -0.0109800961
  -0.0097942650
  -0.0086006716
  -0.0080894171
  -0.0082017731
  -0.0082291267
  -0.0083094210
  -0.0076144728
  -0.0059326769
  -0.0051290430
  -0.0047967375
  -0.0026698835
  -0.0016142207
  -0.0020138793
  -0.0008085744
   0.0006681375
   0.0011349802
   0.0010323471
   0.0009927480
   0.0018313068
   0.0041169704
   0.0044581392
   0.0045104285
   0.0067624662
   0.0079041692
   0.0095792470
   0.0110856229
   0.0114625969
   0.0134764825
   0.0146480958
   0.0152664389
   0.0175570543
   0.0181823415
   0.0178299964
   0.0178529626
   0.0180444564
   0.0180364138
   0.0179820855
   0.0180414010
   0.0180776493
   0.0180909063
   0.0180963732
   0.0180910704
   0.0181257405
   0.0181316872
   0.0181243391
   0.0180947824
   0.0180394440
   0.0180326135
   0.0180054051
   0.0179971605
   0.0180003675
   0.0179972742
   0.0179217094
   0.0178594774
   0.0172361220
   0.0149096243
   0.0140125945
   0.0141470328
   0.0132801025
   0.0113138726
   0.0101977429
   0.0097166612
   0.0074736775
   0.0063583671
   0.0059405427
   0.0037549225
   0.0027032974
   0.0027541208
   0.0005420450
  -0.0011036006
  -0.0016600166
  -0.0037519517
  -0.0047683839
  -0.0047148043
  -0.0065827950
  -0.0084567893
  -0.0084951739
  -0.0083574946
  -0.0094416056
  -0.0118872771
  -0.0126196137
  -0.0123851319
  -0.0133538871
  -0.0158241029
  -0.0164966985
  -0.0164386583
  -0.0184424054
  -0.0203222441
  -0.0203502352
  -0.0202381823
  -0.0205058090
  -0.0208406170
  -0.0212539315
  -0.0207943438
  -0.0209182018
  -0.0216664127
  -0.0215859618
  -0.0209117248
  -0.0209516851
  -0.0211257808
  -0.0210700383
  -0.0210188412
  -0.0210866664
  -0.0210868810
  -0.0212706731
  -0.0224679798
  -0.0227078804
  -0.0213322486
  -0.0208614872
  -0.0200926965
  -0.0178179768
  -0.0171993686
  -0.0175293662
  -0.0174880802
  -0.0171057617
  -0.0157096637
  -0.0141068957
  -0.0138115304
  -0.0139334693
  -0.0138080457
  -0.0137248424
  -0.0137124313
  -0.0122043826
  -0.0106961924
  -0.0102902765
  -0.0104215559
  -0.0103634298
  -0.0102795182
  -0.0100058791
  -0.0091672999
  -0.0073964411
  -0.0074461989
  -0.0074125603
  -0.0070441187
  -0.0070812471
  -0.0068659008
  -0.0047786095
  -0.0035797941
  -0.0039230916
  -0.0037116631
  -0.0014698346
  -0.0002170780
  -0.0005836940
   0.0001710915
   0.0009047498
   0.0008609818
   0.0023921563
   0.0028808398
   0.0031458858
   0.0048381333
   0.0059432029
   0.0068412265
   0.0085072983
   0.0094573649
   0.0104465484
   0.0109034064
   0.0116487260
   0.0145326087
   0.0162577448
   0.0159133160
   0.0169375749
   0.0191869296
   0.0193708733
   0.0188916400
   0.0189259440
   0.0189919764
   0.0188548993
   0.0187012068
   0.0185910477
   0.0184998397
   0.0184542104
   0.0183375617
   0.0172472704
   0.0152856173
   0.0145263842
   0.0146440682
   0.0131252864
   0.0109293169
   0.0103636078
   0.0090617920
   0.0074701473
   0.0072816900
   0.0070134876
   0.0056770295
   0.0043434487
   0.0037774530
   0.0038931852
   0.0038837487
   0.0037958121
   0.0038034746
   0.0038327334
   0.0038268536
   0.0038448780
   0.0038894265
   0.0039079320
   0.0038608179
   0.0038498614
   0.0038286464
   0.0038663354
   0.0038670765
   0.0038855277
   0.0039367248
   0.0039509982
   0.0039433962
   0.0039441551
   0.0039475855
   0.0039400618
   0.0038670576
   0.0038649213
   0.0039140188
   0.0038665437
   0.0038092471
   0.0038168035
   0.0038261124
   0.0037868554
   0.0037423309
   0.0036942169
   0.0036070732
   0.0035613657
   0.0035618618
   0.0034785563
   0.0033445902
   0.0026866126
   0.0008742871
  -0.0003832857
  -0.0002124533
   0.0008116973
   0.0013318144
   0.0019583919
   0.0013016996
   0.0013324027
   0.0002198944
  -0.0007320779
  -0.0010804749
  -0.0011032779
  -0.0012040803
  -0.0013149326
  -0.0016070203
  -0.0028584469
  -0.0042089978
  -0.0052050535
  -0.0052727827
  -0.0053374376
  -0.0044405782
  -0.0049595785
  -0.0059075518
  -0.0059028197
  -0.0058215860
  -0.0060575929
  -0.0060374714
  -0.0046568650
  -0.0030689512
  -0.0028375312
  -0.0030716430
  -0.0030610816
  -0.0030231073
  -0.0031483453
  -0.0022454862
  -0.0000593802
   0.0003331826
  -0.0000100731
   0.0011197315
   0.0035376167
   0.0039289487
   0.0035364236
   0.0036658319
   0.0038536844
   0.0048227830
   0.0069819574
   0.0074930213
   0.0072158092
   0.0073708273
   0.0075431011
   0.0074951916
   0.0074518173
   0.0075148082
   0.0075727664
   0.0076012701
   0.0076001869
   0.0076009179
   0.0076046892
   0.0076046096
   0.0076033496
   0.0076034847
   0.0076038824
   0.0072786308
   0.0057566281
   0.0041464224
   0.0039110088
   0.0040490669
   0.0038625477
   0.0036931715
   0.0036586302
   0.0035715470
   0.0022270274
   0.0000546572
  -0.0003891404
  -0.0002552987
  -0.0004464216
  -0.0006934766
  -0.0013735246
  -0.0023810659
  -0.0042455012
  -0.0047616747
  -0.0046635756
  -0.0051940035
  -0.0057281067
  -0.0052358879
  -0.0055722211
  -0.0079802504
  -0.0093455405
  -0.0091838787
  -0.0092524627
  -0.0095974608
  -0.0097093623
  -0.0097593007
  -0.0098493799
  -0.0103634853
  -0.0110068992
  -0.0106983148
  -0.0101578646
  -0.0102944683
  -0.0104130954
  -0.0103381771
  -0.0106943086
  -0.0113545993
  -0.0120525473
  -0.0122437583
  -0.0117754299
  -0.0116260844
  -0.0122019610
  -0.0121844113
  -0.0109763678
  -0.0102123836
  -0.0107565609
  -0.0110196436
  -0.0109658973
  -0.0104747669
  -0.0102886188
  -0.0103690987
  -0.0103657201
  -0.0103233003
  -0.0099039494
  -0.0091486214
  -0.0101246654
  -0.0106025868
  -0.0103865398
  -0.0103776677
  -0.0104935842
  -0.0105780841
  -0.0106702895
  -0.0105633575
  -0.0088981556
  -0.0075927996
  -0.0074138809
  -0.0075500098
  -0.0075439293
  -0.0070589261
  -0.0054928371
  -0.0042936303
  -0.0043849014
  -0.0046100667
  -0.0044408319
  -0.0032793406
  -0.0016765411
  -0.0011949308
  -0.0014369207
  -0.0008744652
   0.0013754854
   0.0021168317
   0.0016900620
   0.0016208732
   0.0016829853
   0.0015683390
   0.0013762088
   0.0013906930
   0.0026803792
   0.0037996503
   0.0042020575
   0.0044524753
   0.0044378472
   0.0043408504
   0.0042668702
   0.0041920390
   0.0040990634
   0.0040626951
   0.0038727391
   0.0026295520
   0.0013783703
   0.0004326115
   0.0002927282
   0.0003019666
   0.0002824354
   0.0007833392
   0.0005189483
   0.0000735861
   0.0003505438
   0.0018715916
   0.0035621497
   0.0038495773
   0.0036780485
   0.0037753584
   0.0038622194
   0.0038236302
   0.0038397394
   0.0038816087
   0.0038418453
   0.0038475332
   0.0038500167
   0.0044029978
   0.0052328792
   0.0070591181
   0.0075958562
   0.0073234381
   0.0073846575
   0.0085603654
   0.0107220359
   0.0111379185
   0.0110822607
   0.0131320158
   0.0146853669
   0.0147287740
   0.0159792095
   0.0178181535
   0.0181198065
   0.0181441109
   0.0202436618
   0.0218129717
   0.0216088648
   0.0214426981
   0.0215983350
   0.0216482065
   0.0215480721
   0.0214590105
   0.0212131758
   0.0199648487
   0.0194920041
   0.0196163166
   0.0193219613
   0.0180115538
   0.0174854919
   0.0175978479
   0.0175332423
   0.0174218711
   0.0165715815
   0.0149434107
   0.0142394149
   0.0137131889
   0.0134975800
   0.0134171039
   0.0132951397
   0.0123751286
   0.0106301045
   0.0094094176
   0.0092131437
   0.0073277599
   0.0054301076
   0.0053174082
   0.0052547469
   0.0036524499
   0.0016794450
   0.0011803796
   0.0012653906
   0.0002617964
  -0.0021773617
  -0.0028996874
  -0.0026037577
  -0.0034630116
  -0.0055405117
  -0.0067277657
  -0.0066039241
  -0.0074536354
  -0.0098877860
  -0.0105468381
  -0.0102617601
  -0.0105052289
  -0.0119945070
  -0.0137363570
  -0.0141279554
  -0.0140963406
  -0.0160174779
  -0.0177110877
  -0.0180240154
  -0.0185411004
  -0.0205327143
  -0.0212590196
  -0.0209659395
  -0.0209612807
  -0.0211054660
  -0.0216030318
  -0.0222652491
  -0.0223281124
  -0.0215826791
  -0.0210430320
  -0.0222312355
  -0.0224939760
  -0.0221968936
  -0.0226317602
  -0.0227033605
  -0.0220548925
  -0.0219404028
  -0.0211108446
  -0.0208395312
  -0.0210203184
  -0.0210227299
  -0.0209146540
  -0.0202367177
  -0.0180359467
  -0.0172097974
  -0.0174328807
  -0.0157826275
  -0.0138042453
  -0.0131489090
  -0.0111938983
  -0.0101878191
  -0.0102921413
  -0.0092552719
  -0.0078869074
  -0.0068771970
  -0.0068213928
  -0.0069259852
  -0.0068228233
  -0.0056086853
  -0.0038525633
  -0.0033594923
  -0.0036277932
  -0.0031202734
  -0.0014060269
  -0.0002199458
  -0.0003513570
  -0.0005242165
  -0.0000692070
   0.0010594543
   0.0015923909
   0.0025198664
   0.0027348869
   0.0024710719
   0.0023514510
   0.0023000355
   0.0021182268
   0.0019498456
   0.0022331458
   0.0037194582
   0.0050622367
   0.0049754187
   0.0046667863
   0.0046651374
   0.0046314356
   0.0044958054
   0.0043954767
   0.0046801784
   0.0057747460
   0.0059800965
   0.0067427196
   0.0074836972
   0.0067803113
   0.0063886561
   0.0071935526
   0.0074906893
   0.0073039453
   0.0073266551
   0.0079842413
   0.0085556951
   0.0093986833
   0.0105961906
   0.0108644713
   0.0107646274
   0.0108505982
   0.0109177985
   0.0108918956
   0.0108747638
   0.0108857469
   0.0108900712
   0.0109071197
   0.0109278195
   0.0109560227
   0.0109891172
   0.0109737770
   0.0110043046
   0.0109950348
   0.0109689704
   0.0110311809
   0.0119576236
   0.0128385949
   0.0127870947
   0.0126854074
   0.0127776254
   0.0128117021
   0.0127782062
   0.0128124218
   0.0128245551
   0.0128261333
   0.0135850508
   0.0145543375
   0.0142694641
   0.0129356738
   0.0125366755
   0.0126901420
   0.0123005663
   0.0116285338
   0.0113425935
   0.0104819029
   0.0101962252
   0.0101777021
   0.0099812742
   0.0089939075
   0.0086919882
   0.0095507748
   0.0094643747
   0.0090693359
   0.0089435714
   0.0082722977
   0.0075078438
   0.0068146708
   0.0058877206
   0.0046625908
   0.0044636276
   0.0045129739
   0.0042705089
   0.0034151804
   0.0023040908
   0.0014823265
   0.0004608429
   0.0002369599
   0.0002810323
   0.0001674373
  -0.0000370869
  -0.0013255533
  -0.0030466063
  -0.0034621492
  -0.0032771526
  -0.0040187262
  -0.0053766025
  -0.0065815539
  -0.0069307603
  -0.0068492829
  -0.0068473802
  -0.0068966810
  -0.0068562902
  -0.0068011399
  -0.0068078113
  -0.0068188095
  -0.0066796416
  -0.0060784746
  -0.0065251045
  -0.0067946869
  -0.0066765168
  -0.0065385433
  -0.0059032035
  -0.0052187485
  -0.0046928104
  -0.0036182709
  -0.0029691275
  -0.0031282818
  -0.0031775662
  -0.0030856815
  -0.0026514210
  -0.0011637608
  -0.0004115364
  -0.0000269252
   0.0000601561
  -0.0000384501
  -0.0001266763
  -0.0002420117
  -0.0004065655
  -0.0005060800
  -0.0005264669
   0.0004011940
   0.0008689377
   0.0010158005
   0.0008366694
   0.0002844892
  -0.0000277869
  -0.0012345887
  -0.0020652027
  -0.0021460185
  -0.0022370093
  -0.0030402379
  -0.0044564777
  -0.0058083126
  -0.0064019131
  -0.0065201224
  -0.0078887192
  -0.0098330410
  -0.0104332347
  -0.0103685406
  -0.0111425913
  -0.0119232249
  -0.0128617756
  -0.0139838963
  -0.0141557066
  -0.0140690818
  -0.0140471510
  -0.0133758936
  -0.0137736786
  -0.0141615902
  -0.0140711776
  -0.0139709676
  -0.0139767122
  -0.0143666061
  -0.0149079199
  -0.0155096475
  -0.0156855739
  -0.0152530935
  -0.0151083400
  -0.0160665666
  -0.0168869081
  -0.0147237742
  -0.0134691848
  -0.0138523618
  -0.0139659047
  -0.0137440839
  -0.0136806777
  -0.0127264788
  -0.0115119861
  -0.0104003713
  -0.0102403293
  -0.0103326584
  -0.0102943723
  -0.0088060322
  -0.0068739485
  -0.0068429208
  -0.0071804193
  -0.0066897258
  -0.0054874383
  -0.0050072809
  -0.0041796809
  -0.0040038241
  -0.0041874672
  -0.0043707379
  -0.0045242031
  -0.0046662358
  -0.0039589258
  -0.0029294613
  -0.0019073740
  -0.0018021591
  -0.0014497724
  -0.0007124570
  -0.0000581783
   0.0001303665
   0.0006584843
   0.0006743987
   0.0008544194
   0.0026046163
   0.0031859762
   0.0022019301
   0.0020835087
   0.0025576778
   0.0019936744
   0.0017149585
   0.0018723377
   0.0024987246
   0.0029998268
   0.0034664584
   0.0035801653
   0.0036310771
   0.0037014085
   0.0040809645
   0.0053110752
   0.0062435605
   0.0060461591
   0.0068848848
   0.0074210650
   0.0072965706
   0.0076017209
   0.0089420121
   0.0102550887
   0.0108979837
   0.0109091562
   0.0118463433
   0.0128347188
   0.0136963588
   0.0144571575
   0.0148497786
   0.0160678166
   0.0164977844
   0.0166570322
   0.0178724692
   0.0181598047
   0.0172996039
   0.0171614915
   0.0175706774
   0.0175636954
   0.0169614249
   0.0168541696
   0.0165459387
   0.0161210086
   0.0158296203
   0.0146057871
   0.0140015596
   0.0139611700
   0.0138598994
   0.0136492903
   0.0131966089
   0.0110523492
   0.0094323080
   0.0093669941
   0.0082581670
   0.0063087267
   0.0054429012
   0.0048667810
   0.0033985599
   0.0019134950
   0.0010284856
  -0.0000294371
  -0.0019864411
  -0.0030370903
  -0.0029871607
  -0.0030570427
  -0.0038826541
  -0.0045900347
  -0.0054455034
  -0.0067200552
  -0.0070515389
  -0.0069098269
  -0.0069452520
  -0.0073441114
  -0.0085465125
  -0.0097882438
  -0.0105090267
  -0.0104854330
  -0.0104381448
  -0.0104950551
  -0.0108391531
  -0.0114002222
  -0.0109497831
  -0.0103153575
  -0.0104056324
  -0.0105195211
  -0.0104097963
  -0.0099485774
  -0.0083690168
  -0.0069389733
  -0.0068620159
  -0.0069988001
  -0.0064574510
  -0.0051667522
  -0.0039353474
  -0.0033401068
  -0.0033571893
  -0.0028063962
  -0.0008477627
   0.0000644544
   0.0012985558
   0.0021345379
   0.0015336347
   0.0023264105
   0.0039488834
   0.0041118356
   0.0038456557
   0.0038674073
   0.0039140188
   0.0038759700
   0.0037773773
   0.0036853613
   0.0035399752
   0.0034746411
   0.0034018186
   0.0032674876
   0.0031017288
   0.0029471222
   0.0028248626
   0.0026868209
   0.0024317883
   0.0022101292
   0.0020279784
   0.0018194854
   0.0016290294
   0.0014642604
   0.0013017400
   0.0011270602
   0.0009889622
   0.0008679293
   0.0007076103
   0.0004810715
  -0.0006444572
  -0.0008983554
  -0.0013087384
  -0.0015855528
  -0.0016111893
  -0.0023524245
  -0.0034931112
  -0.0033792060
  -0.0027168448
  -0.0031583916
  -0.0024394256
  -0.0022056206
  -0.0018220017
  -0.0016826949
  -0.0017142515
  -0.0017103274
  -0.0015285592
  -0.0002825669
   0.0003532284
   0.0002235415
   0.0002003180
   0.0003171332
   0.0003416911
   0.0007976473
   0.0008370966
   0.0013558133
   0.0014682690
   0.0019217294
   0.0020579442
   0.0012261425
   0.0001805192
   0.0003937414
   0.0017276486
   0.0021074558
   0.0019256232
   0.0019910912
   0.0020729700
   0.0018004408
   0.0011490270
   0.0005053823
   0.0002692783
   0.0003573056
   0.0003857740
  -0.0004291767
  -0.0016694543
  -0.0028566730
  -0.0031740752
  -0.0030961949
  -0.0031694176
  -0.0038312385
  -0.0044711576
  -0.0049876618
  -0.0050402466
  -0.0050637442
  -0.0048118605
  -0.0042779795
  -0.0036971107
  -0.0035574239
  -0.0036985526
  -0.0038082812
  -0.0038975713
  -0.0031330203
  -0.0023626336
  -0.0025715483
  -0.0028555405
  -0.0029058033
  -0.0026888549
  -0.0017761590
  -0.0016328689
  -0.0019100961
  -0.0020393339
  -0.0021114165
  -0.0012263300
  -0.0006106892
  -0.0008747464
  -0.0010890528
  -0.0000618555
   0.0006821439
   0.0004503861
   0.0002725636
   0.0003377755
   0.0003769782
   0.0013253639
   0.0031222392
   0.0038025908
   0.0035551627
   0.0036576239
   0.0049301316
   0.0056627410
   0.0061481747
   0.0062762471
   0.0067699696
   0.0073231932
   0.0073944601
   0.0079639607
   0.0086617547
   0.0091658580
   0.0097676955
   0.0103934600
   0.0108611142
   0.0107679189
   0.0097146979
   0.0097660289
   0.0099147368
   0.0091652495
   0.0084294660
   0.0080458092
   0.0074775902
   0.0073104210
   0.0073207324
   0.0073112101
   0.0071863964
   0.0065609741
   0.0057871065
   0.0043232502
   0.0037941871
   0.0039564979
   0.0039972675
   0.0039086832
   0.0030541741
   0.0018604557
   0.0006665157
   0.0003293836
   0.0004584588
   0.0004037888
   0.0003126295
   0.0003327068
   0.0003004156
   0.0001622897
   0.0000751454
  -0.0004974907
  -0.0003859937
   0.0001054413
   0.0011395163
   0.0008100562
   0.0007316392
   0.0010785257
   0.0007546366
   0.0000397093
   0.0004196668
   0.0004625041
   0.0001062010
   0.0001050671
   0.0006326249
   0.0010909550
   0.0011841865
   0.0010214514
   0.0009117106
   0.0016317199
   0.0024459695
   0.0023598736
   0.0030229508
   0.0039532481
   0.0039004235
   0.0036938394
   0.0037144433
   0.0037352820
   0.0036522176
   0.0036082827
   0.0035640183
   0.0035839278
   0.0036368155
   0.0036738555
   0.0036870178
   0.0036524411
   0.0036900101
   0.0036984806
   0.0037369019
   0.0043764624
   0.0040674436
   0.0027284225
   0.0025228599
   0.0023740056
   0.0016977220
   0.0004790440
   0.0002756149
   0.0004438912
  -0.0005637267
  -0.0009639613
  -0.0012333199
  -0.0024186891
  -0.0033189916
  -0.0032059967
  -0.0029923676
  -0.0030274973
  -0.0031016884
  -0.0040220568
  -0.0048577334
  -0.0048382646
  -0.0051337259
  -0.0058248333
  -0.0065523659
  -0.0067046127
  -0.0066360414
  -0.0067476638
  -0.0068849757
  -0.0068631901
  -0.0069355555
  -0.0070880826
  -0.0072189555
  -0.0073785227
  -0.0075249239
  -0.0077180211
  -0.0078829543
  -0.0080433498
  -0.0081795153
  -0.0084114681
  -0.0086025629
  -0.0087614332
  -0.0089269636
  -0.0091362104
  -0.0103441188
  -0.0117672244
  -0.0129871235
  -0.0132987381
  -0.0133652249
  -0.0135842806
  -0.0137581742
  -0.0138141186
  -0.0149081345
  -0.0161605396
  -0.0173140982
  -0.0175290758
  -0.0174763762
  -0.0175896033
  -0.0176501183
  -0.0176421767
  -0.0175935931
  -0.0175996786
  -0.0177096863
  -0.0186606783
  -0.0181558907
  -0.0172518031
  -0.0162688301
  -0.0156991086
  -0.0151874905
  -0.0140769476
  -0.0134675183
  -0.0117880215
  -0.0123758609
  -0.0111352873
  -0.0101563243
  -0.0102389127
  -0.0092771383
  -0.0078873127
  -0.0068374135
  -0.0067828200
  -0.0061809257
  -0.0048681004
  -0.0035919653
  -0.0031991991
  -0.0030959740
  -0.0011260448
   0.0006048362
   0.0005477804
   0.0003432200
   0.0006343190
   0.0019005019
   0.0030813105
   0.0039393358
   0.0039930038
   0.0047493886
   0.0070050675
   0.0075962009
   0.0072550776
   0.0079344721
   0.0092179491
   0.0102579131
   0.0111595791
   0.0112777328
   0.0110143067
   0.0116724750
   0.0119707265
   0.0128468521
   0.0131166630
   0.0127746458
   0.0126043581
   0.0130837605
   0.0134517614
   0.0137988921
   0.0129356106
   0.0125230638
   0.0142062473
   0.0151974900
   0.0148526951
   0.0146781197
   0.0147321324
   0.0146665041
   0.0145253994
   0.0144974966
   0.0145233793
   0.0142533032
   0.0130045343
   0.0125139430
   0.0126815061
   0.0118901936
   0.0108056028
   0.0108481148
   0.0110126578
   0.0109356272
   0.0109302625
   0.0109946700
   0.0107875190
   0.0101466555
   0.0095253404
   0.0094597487
   0.0098778824
   0.0093922745
   0.0097755601
   0.0094273057
   0.0069619571
   0.0058543939
   0.0073442137
   0.0078333922
   0.0074500296
   0.0065238192
   0.0057315459
   0.0057652174
   0.0054698154
   0.0038355994
   0.0021915442
   0.0017454243
   0.0007676065
   0.0003336111
   0.0000693948
  -0.0010785620
  -0.0017854718
  -0.0028091057
  -0.0031610430
  -0.0033908393
  -0.0045964233
  -0.0047032670
  -0.0042086190
  -0.0040718121
  -0.0045085271
  -0.0047723232
  -0.0046467367
  -0.0045781805
  -0.0046262212
  -0.0049831355
  -0.0062409230
  -0.0066126169
  -0.0064276190
  -0.0064504412
  -0.0066129591
  -0.0066531353
  -0.0066449475
  -0.0067339220
  -0.0068424107
  -0.0069863928
  -0.0071196835
  -0.0072330874
  -0.0073947593
  -0.0071783210
  -0.0061625579
  -0.0060819933
  -0.0063917482
  -0.0055252674
  -0.0048249508
  -0.0051361993
  -0.0049930795
  -0.0028462858
  -0.0019521712
  -0.0034206814
  -0.0033931056
  -0.0020485103
  -0.0009284731
   0.0000268773
   0.0006268689
   0.0005635632
   0.0004478201
   0.0006203840
   0.0030346864
   0.0024194240
   0.0018140853
   0.0021071882
   0.0027269238
   0.0037331154
   0.0038481102
   0.0026262226
   0.0020011362
   0.0023008006
   0.0028853144
   0.0023223450
   0.0020728602
   0.0023111208
   0.0018772693
   0.0006533455
   0.0003995607
   0.0000884890
  -0.0007979649
  -0.0016245245
  -0.0022192677
  -0.0026556064
  -0.0027527951
  -0.0026953432
  -0.0026694858
  -0.0024916593
  -0.0019865990
  -0.0023506039
  -0.0019803934
  -0.0012066013
  -0.0009121225
  -0.0010192517
  -0.0010725831
  -0.0011381962
  -0.0012292243
  -0.0013816442
  -0.0013156775
  -0.0007810262
  -0.0002970409
  -0.0002304183
  -0.0004370100
  -0.0006464583
  -0.0008691792
  -0.0011651024
  -0.0012929007
  -0.0001805119
   0.0005913646
  -0.0002201195
  -0.0017644007
  -0.0020567738
  -0.0020131861
  -0.0023479600
  -0.0026515548
  -0.0027015588
  -0.0027804820
  -0.0029430201
  -0.0030433804
  -0.0035698274
  -0.0048153616
  -0.0050543722
  -0.0048981470
  -0.0050102000
  -0.0054335948
  -0.0065310625
  -0.0068030375
  -0.0066460927
  -0.0066769221
  -0.0067474365
  -0.0066629871
  -0.0065493748
  -0.0059485007
  -0.0058982037
  -0.0050449661
  -0.0045998575
  -0.0046900554
  -0.0043490217
  -0.0029917969
  -0.0025751808
  -0.0027446490
  -0.0023938531
  -0.0011019110
  -0.0007170026
   0.0000327290
   0.0009341371
   0.0009579217
   0.0017299793
   0.0026723316
   0.0027257143
   0.0034500134
   0.0042858516
   0.0042467726
   0.0049511787
   0.0057733079
   0.0056982734
   0.0063668705
   0.0075339512
   0.0085933184
   0.0076401497
   0.0064793035
   0.0071212352
   0.0076712430
   0.0078337255
   0.0076315996
   0.0074108281
   0.0074820470
   0.0077433129
   0.0069469603
   0.0065773269
   0.0065962919
   0.0072771940
   0.0080714861
   0.0079831416
   0.0085962690
   0.0095826976
   0.0095992259
   0.0093981038
   0.0093982149
   0.0094489979
   0.0094302260
   0.0094118506
   0.0094218640
   0.0094189753
   0.0095323868
   0.0105844273
   0.0101528724
   0.0099119857
   0.0102640643
   0.0111791666
   0.0102622778
   0.0100127311
   0.0098667289
   0.0103766728
   0.0109621487
   0.0108355497
   0.0108023782
   0.0109523524
   0.0108685343
   0.0112985753
   0.0108834377
   0.0101893468
   0.0098103931
   0.0098739495
   0.0098491666
   0.0087629534
   0.0079679984
   0.0084329520
   0.0086295680
   0.0079473466
   0.0078234090
   0.0078984107
   0.0077155516
   0.0075272836
   0.0074393659
   0.0069773339
   0.0062648297
   0.0053774522
   0.0049852781
   0.0038718389
   0.0028508096
   0.0027689674
   0.0026713064
   0.0019317807
   0.0005398649
   0.0001059781
  -0.0003194852
  -0.0017309869
  -0.0021927739
  -0.0021510397
  -0.0029720427
  -0.0038306665
  -0.0044081339
  -0.0055314313
  -0.0063543787
  -0.0063730773
  -0.0067867062
  -0.0080505464
  -0.0083337570
  -0.0081509951
  -0.0086123920
  -0.0098768900
  -0.0100888387
  -0.0098972666
  -0.0098825880
  -0.0099418189
  -0.0103465075
  -0.0110853022
  -0.0111992894
  -0.0115903600
  -0.0126826045
  -0.0133894536
  -0.0133247091
  -0.0142994753
  -0.0151811145
  -0.0155115287
  -0.0165856844
  -0.0168793831
  -0.0167175850
  -0.0171714027
  -0.0183728379
  -0.0180108468
  -0.0181776574
  -0.0185208741
  -0.0181226978
  -0.0178883524
  -0.0184173939
  -0.0178622046
  -0.0175179652
  -0.0182831197
  -0.0185832197
  -0.0179943829
  -0.0168568210
  -0.0167429878
  -0.0169428146
  -0.0169545565
  -0.0169374361
  -0.0160550394
  -0.0154112177
  -0.0152057093
  -0.0142390867
  -0.0140697762
  -0.0143572631
  -0.0144746568
  -0.0135790915
  -0.0129334138
  -0.0121763725
  -0.0115831103
  -0.0107278677
  -0.0101215228
  -0.0092946842
  -0.0086920879
  -0.0088842332
  -0.0080937149
  -0.0069212708
  -0.0059018387
  -0.0057680177
  -0.0049031266
  -0.0036991637
  -0.0027091848
  -0.0021983545
  -0.0011143318
   0.0001836669
   0.0008905188
   0.0024515866
   0.0043315250
   0.0045417314
   0.0054494363
   0.0073623530
   0.0080137362
   0.0072219124
   0.0076457719
   0.0082004095
   0.0091296741
   0.0098179382
   0.0101579719
   0.0102731435
   0.0109068166
   0.0116243345
   0.0115926352
   0.0115281103
   0.0121069451
   0.0133507811
   0.0139803358
   0.0150170058
   0.0153359054
   0.0152440409
   0.0152742668
   0.0154280098
   0.0161077895
   0.0157082748
   0.0153325849
   0.0154633491
   0.0155232075
   0.0154363428
   0.0153141514
   0.0148472787
   0.0136578505
   0.0133405670
   0.0123675645
   0.0114306665
   0.0113131832
   0.0102222140
   0.0091803712
   0.0080579337
   0.0072070633
   0.0070606937
   0.0064829284
   0.0050006941
   0.0045721808
   0.0041249006
   0.0026316466
   0.0021235763
   0.0021398256
   0.0019412172
   0.0017228433
   0.0016127486
   0.0024875509
   0.0021180829
   0.0010914929
   0.0010646495
   0.0011352142
   0.0009986478
   0.0019415871
   0.0027703726
   0.0026323158
   0.0024901026
   0.0025569556
   0.0025491377
   0.0014835966
   0.0007151733
   0.0009212279
   0.0010225850
   0.0009073583
   0.0008909722
   0.0009797726
   0.0009942195
   0.0010297716
   0.0010115701
   0.0010494801
   0.0011431040
   0.0011414200
   0.0012181983
   0.0018220875
   0.0013912498
   0.0010881371
   0.0012060977
   0.0012984927
   0.0012839580
   0.0012634134
   0.0013157861
   0.0013384732
   0.0013282211
   0.0013276782
   0.0013343976
   0.0013361096
   0.0013290708
   0.0012522440
   0.0011985256
   0.0005424918
  -0.0007217487
  -0.0009773207
  -0.0009226646
  -0.0010824485
  -0.0019872126
  -0.0031692560
  -0.0033876488
  -0.0029244578
  -0.0032353338
  -0.0046160184
  -0.0058956975
  -0.0060657542
  -0.0062461020
  -0.0077249072
  -0.0085395292
  -0.0085317808
  -0.0086611310
  -0.0089487972
  -0.0090721842
  -0.0098198383
  -0.0109837285
  -0.0111718702
  -0.0111360044
  -0.0112369190
  -0.0113500730
  -0.0124236112
  -0.0138715403
  -0.0133462864
  -0.0130675743
  -0.0132500660
  -0.0134738437
  -0.0137564066
  -0.0138309992
  -0.0142720397
  -0.0149290174
  -0.0149399765
  -0.0148388573
  -0.0146300663
  -0.0142208299
  -0.0144662985
  -0.0134349314
  -0.0128618135
  -0.0130275635
  -0.0130775991
  -0.0129805707
  -0.0126440961
  -0.0114814016
  -0.0108048377
  -0.0097749629
  -0.0094048156
  -0.0094986282
  -0.0091651421
  -0.0079089354
  -0.0072376263
  -0.0061736344
  -0.0057093373
  -0.0048554961
  -0.0029874928
  -0.0020202994
  -0.0021816002
  -0.0018969149
  -0.0005288291
   0.0004911059
   0.0008757545
   0.0012667062
   0.0016489047
   0.0028339935
   0.0040460380
   0.0046433013
   0.0045198990
   0.0044613095
   0.0055213913
   0.0072253643
   0.0077539134
   0.0074581479
   0.0083533256
   0.0090937590
   0.0088437489
   0.0095502458
   0.0102758340
   0.0100050382
   0.0097110718
   0.0100678005
   0.0111261274
   0.0111657341
   0.0108145822
   0.0107396538
   0.0113330018
   0.0118601243
   0.0121233648
   0.0120213000
   0.0119316096
   0.0118849565
   0.0118393184
   0.0118302443
   0.0118342466
   0.0122179224
   0.0123477334
   0.0117174477
   0.0116557421
   0.0118078034
   0.0117902247
   0.0117060845
   0.0117348118
   0.0118026092
   0.0107830369
   0.0100132273
   0.0111196226
   0.0109272475
   0.0088955079
   0.0081063545
   0.0084650541
   0.0084775459
   0.0077192723
   0.0065956972
   0.0065349664
   0.0061496178
   0.0049486636
   0.0046440942
   0.0037774505
   0.0030928744
   0.0031446081
   0.0032180101
   0.0031885872
   0.0032481804
   0.0032872367
   0.0032807900
   0.0027276738
   0.0016019940
   0.0014446969
   0.0016093358
   0.0015447075
   0.0013990752
   0.0013783501
   0.0013701801
   0.0012396886
   0.0011277144
   0.0010519900
   0.0009647262
   0.0007958602
   0.0006554410
   0.0005040887
   0.0003382165
   0.0001186756
  -0.0000889735
  -0.0002628255
  -0.0004940377
  -0.0006735260
  -0.0008431792
  -0.0010603286
  -0.0011147339
  -0.0006216500
  -0.0006161214
  -0.0003545989
   0.0000035435
  -0.0001176159
   0.0003655678
   0.0013957294
   0.0013970917
   0.0010838942
   0.0011355073
   0.0012204457
   0.0011462544
   0.0011149520
   0.0010810731
   0.0012849327
   0.0017305058
   0.0012477595
   0.0010854993
   0.0012097302
   0.0012201120
   0.0013974301
   0.0025982188
   0.0030880842
   0.0029963194
   0.0030220569
   0.0031057538
   0.0031182394
   0.0031795989
   0.0032086570
   0.0024083096
   0.0014173332
   0.0014183193
   0.0015907836
   0.0014904334
   0.0014690607
   0.0015786100
   0.0015778953
   0.0009108666
   0.0003494173
   0.0004780858
   0.0001368721
  -0.0002587704
  -0.0002644917
  -0.0002740580
  -0.0007386377
  -0.0020374792
  -0.0024464934
  -0.0023737392
  -0.0025956823
  -0.0028712860
  -0.0029753974
  -0.0031309219
  -0.0033377673
  -0.0035354918
  -0.0037119030
  -0.0039044473
  -0.0041348686
  -0.0043066133
  -0.0045042419
  -0.0046813374
  -0.0049113926
  -0.0051035265
  -0.0052207926
  -0.0057334234
  -0.0060782119
  -0.0060957983
  -0.0072559197
  -0.0076898419
  -0.0079740259
  -0.0091486707
  -0.0084842981
  -0.0075558884
  -0.0081131761
  -0.0094649277
  -0.0095695101
  -0.0093008468
  -0.0093837648
  -0.0094329317
  -0.0093730493
  -0.0093508471
  -0.0093370825
  -0.0092548123
  -0.0092299713
  -0.0092139947
  -0.0091301677
  -0.0080445416
  -0.0072142814
  -0.0069045670
  -0.0068063404
  -0.0061872575
  -0.0053858180
  -0.0054058373
  -0.0055168663
  -0.0049775310
  -0.0037735770
  -0.0035851537
  -0.0034179997
  -0.0022529568
  -0.0020379653
  -0.0023440827
  -0.0019854652
  -0.0007791796
  -0.0006938035
  -0.0006670758
   0.0003760903
   0.0005223568
   0.0001551135
  -0.0000056177
  -0.0001279639
  -0.0003840830
  -0.0000781772
   0.0008938774
   0.0008615334
   0.0010596918
   0.0020486908
   0.0021025785
   0.0017440140
   0.0016512190
   0.0010659354
   0.0003017649
   0.0011442841
   0.0014495186
   0.0011971774
   0.0010986884
   0.0011776744
   0.0011874838
   0.0011539957
   0.0011543762
   0.0012060037
   0.0012865576
   0.0013018536
   0.0013702684
   0.0014640975
   0.0015406647
   0.0015469056
   0.0015899213
   0.0016732092
   0.0016821595
   0.0016699858
   0.0018252869
   0.0029966237
   0.0035604452
   0.0033987077
   0.0035110586
   0.0041551896
   0.0041706523
   0.0044848438
   0.0048663290
   0.0047586382
   0.0045294479
   0.0043992316
   0.0042564047
   0.0040614237
   0.0038669035
   0.0037367365
   0.0035441720
   0.0033055604
   0.0030646484
   0.0029000650
   0.0027276940
   0.0025044719
   0.0023398493
   0.0021886971
   0.0020329719
   0.0018939529
   0.0017370586
   0.0016461334
   0.0015704159
   0.0014652022
   0.0013462619
   0.0013283713
   0.0021382044
   0.0028901626
   0.0021769489
   0.0013531972
   0.0011789184
   0.0012744041
   0.0012439422
   0.0012376721
   0.0013045492
   0.0013248639
   0.0012855059
   0.0013211116
   0.0013821959
   0.0014011294
   0.0014244819
   0.0012727602
   0.0000581402
   0.0004270224
   0.0008762889
  -0.0000842772
  -0.0002403032
   0.0000199245
   0.0000057605
  -0.0000827690
  -0.0000650187
  -0.0000357228
  -0.0000441719
  -0.0000521232
  -0.0000474044
  -0.0000605262
  -0.0001477630
  -0.0002285824
   0.0004548836
   0.0013738112
   0.0013651323
   0.0011371148
   0.0010405260
   0.0009231260
   0.0007478368
   0.0006324550
   0.0004251955
   0.0002159024
   0.0000515232
  -0.0001629619
  -0.0004059886
  -0.0005398906
  -0.0007078132
  -0.0009537047
  -0.0011277561
  -0.0012800137
  -0.0014552949
  -0.0016092752
  -0.0017295766
  -0.0018543411
  -0.0020153110
  -0.0021070165
  -0.0021663269
  -0.0021859788
  -0.0022189823
  -0.0022350106
  -0.0029702322
  -0.0040147465
  -0.0040387871
  -0.0039987132
  -0.0052840170
  -0.0059374911
  -0.0056700512
  -0.0056084859
  -0.0058851892
  -0.0070563947
  -0.0075758963
  -0.0074066212
  -0.0073497273
  -0.0074000760
  -0.0073700054
  -0.0073389020
  -0.0073433160
  -0.0068960522
  -0.0067586002
  -0.0061291781
  -0.0054694758
  -0.0054658333
  -0.0055132314
  -0.0054521975
  -0.0048723716
  -0.0031342765
  -0.0023483287
  -0.0029375632
  -0.0020749144
  -0.0016169264
  -0.0012477616
  -0.0001749704
   0.0000810292
   0.0008694219
   0.0015915829
   0.0014389092
   0.0012638642
   0.0012615818
   0.0011964104
   0.0013923836
   0.0024368310
   0.0025480090
   0.0022042166
   0.0025984448
   0.0031932524
   0.0034795070
   0.0032156731
   0.0029875887
   0.0028587461
   0.0026955680
   0.0035163652
   0.0041718669
   0.0039605823
   0.0046965854
   0.0054416892
   0.0052938701
   0.0051343559
   0.0061642876
   0.0069371703
   0.0067238997
   0.0076143163
   0.0085028036
   0.0083732918
   0.0082335999
   0.0083792070
   0.0084204121
   0.0084404377
   0.0084591402
   0.0085053313
   0.0076317940
   0.0073638100
   0.0071218412
   0.0068237298
   0.0065039299
   0.0062622831
   0.0067866683
   0.0065755529
   0.0052621658
   0.0049435654
   0.0048868281
   0.0037101051
   0.0032499505
   0.0025281703
   0.0016515536
   0.0016106678
   0.0017372719
   0.0007612340
  -0.0001791887
  -0.0009410988
  -0.0008003461
   0.0000112677
   0.0000409647
  -0.0010196758
  -0.0018761696
  -0.0018563877
  -0.0018445335
  -0.0019840296
  -0.0020689475
  -0.0021242581
  -0.0022068768
  -0.0022973601
  -0.0024704305
  -0.0026628460
  -0.0028296528
  -0.0029919560
  -0.0032250893
  -0.0034196903
  -0.0035144562
  -0.0027876913
  -0.0021614875
  -0.0024021533
  -0.0023632005
  -0.0018340074
  -0.0013167027
  -0.0013222593
  -0.0015670309
  -0.0016660466
  -0.0017487929
  -0.0018702570
  -0.0016422156
  -0.0005195943
  -0.0002531093
  -0.0004555188
  -0.0004279493
  -0.0003416472
   0.0004693043
   0.0013285835
   0.0013426750
   0.0012907354
   0.0013674984
   0.0013778868
   0.0013857589
   0.0016927512
   0.0029125366
   0.0033281238
   0.0032108399
   0.0032306787
   0.0031252327
   0.0021466927
   0.0028837538
   0.0043275694
   0.0051760396
   0.0048200824
   0.0041669492
   0.0036317059
   0.0034060015
   0.0034380076
   0.0034290245
   0.0033991167
   0.0027287773
   0.0016684455
   0.0016009663
   0.0017828658
   0.0017217348
   0.0017235794
   0.0016181763
   0.0004596114
  -0.0001164731
   0.0000432684
  -0.0005782484
  -0.0018920717
  -0.0021098446
  -0.0019197220
  -0.0021146045
  -0.0034177055
  -0.0042066810
  -0.0042065484
  -0.0042564982
  -0.0044771106
  -0.0046736244
  -0.0048575794
  -0.0050549669
  -0.0052585561
  -0.0054305091
  -0.0055207916
  -0.0046694629
  -0.0045925738
  -0.0060621697
  -0.0065442715
  -0.0063925247
  -0.0059814853
  -0.0056138379
  -0.0052309487
  -0.0053092495
  -0.0055226552
  -0.0055681581
  -0.0055739180
  -0.0056533601
  -0.0057092287
  -0.0046421978
  -0.0031874837
  -0.0026692548
  -0.0023415222
  -0.0022586245
  -0.0022623932
  -0.0018408606
  -0.0009814594
  -0.0008791053
  -0.0005199614
  -0.0003372201
  -0.0003122466
  -0.0003168075
  -0.0003033388
  -0.0002967547
  -0.0002994962
  -0.0002994331
   0.0000231203
   0.0003228231
  -0.0002516786
  -0.0003854176
  -0.0002501988
  -0.0002552322
  -0.0003065252
  -0.0005734066
  -0.0008124265
  -0.0003181736
  -0.0002294560
  -0.0012453896
  -0.0020914263
  -0.0019055673
  -0.0017590134
  -0.0019139444
  -0.0019303970
  -0.0019074207
  -0.0018792200
  -0.0018663431
  -0.0019069410
  -0.0019428219
  -0.0019689306
  -0.0019646101
  -0.0019582909
  -0.0020184119
  -0.0020730218
  -0.0012519651
  -0.0004594133
  -0.0006276438
  -0.0005612844
  -0.0003137356
  -0.0009198147
  -0.0003491504
   0.0004650808
   0.0006000036
   0.0014293554
   0.0016775082
   0.0022774178
   0.0029985529
   0.0028478779
   0.0025283963
   0.0027246133
   0.0037713384
   0.0039587983
   0.0045317798
   0.0046992697
   0.0043229838
   0.0048111067
   0.0051162709
   0.0049210980
   0.0047736754
   0.0047965620
   0.0047389244
   0.0046768831
   0.0046164881
   0.0045667252
   0.0045427074
   0.0045583973
   0.0046266227
   0.0046556732
   0.0045874326
   0.0045919804
   0.0046023650
   0.0045758081
   0.0045513774
   0.0045746668
   0.0045277358
   0.0045063075
   0.0045008014
   0.0044081958
   0.0037715834
   0.0031998316
   0.0028522553
   0.0028549912
   0.0028227957
   0.0023632308
   0.0012382656
   0.0010463976
   0.0012167678
   0.0011562097
   0.0006582553
  -0.0004547229
  -0.0002442282
   0.0007128461
  -0.0001987471
  -0.0006707906
  -0.0004622817
  -0.0004243196
  -0.0014682589
  -0.0021940352
  -0.0021164504
  -0.0020610299
  -0.0022140684
  -0.0023064038
  -0.0023375173
  -0.0023648961
  -0.0024692045
  -0.0026250661
  -0.0027375484
  -0.0028292146
  -0.0029353588
  -0.0031052134
  -0.0032768837
  -0.0034002606
  -0.0034940707
  -0.0036555950
  -0.0038053167
  -0.0035978413
  -0.0032545463
  -0.0028351841
  -0.0027978979
  -0.0029696704
  -0.0030497084
  -0.0031429441
  -0.0032253456
  -0.0032843518
  -0.0033388063
  -0.0031467759
  -0.0022049703
  -0.0027402932
  -0.0036501520
  -0.0035814935
  -0.0034564765
  -0.0040474420
  -0.0037934182
  -0.0033512969
  -0.0036158228
  -0.0039267771
  -0.0038823864
  -0.0043228739
  -0.0047975998
  -0.0046813576
  -0.0045680256
  -0.0045643503
  -0.0045362683
  -0.0044824058
  -0.0044210020
  -0.0043573181
  -0.0039368397
  -0.0028609316
  -0.0025948415
  -0.0027227889
  -0.0026550218
  -0.0020791200
  -0.0020290629
  -0.0013860367
  -0.0010953428
  -0.0012449475
  -0.0009932167
  -0.0000258715
   0.0001821441
   0.0002840111
   0.0011689292
   0.0013622246
   0.0011389349
   0.0010206023
   0.0013001782
   0.0020980863
   0.0021248414
   0.0021480487
   0.0029768266
   0.0031182028
   0.0027928236
   0.0026162458
   0.0025278811
   0.0023995423
   0.0022452677
   0.0024546231
   0.0039831318
   0.0045911572
   0.0037757347
   0.0034382639
   0.0040166139
   0.0041150362
   0.0038619593
   0.0037914625
   0.0037932768
   0.0037425544
   0.0036657927
   0.0036278715
   0.0035697769
   0.0035274354
   0.0035282636
   0.0034991930
   0.0034243290
   0.0033847361
   0.0033905843
   0.0033638342
   0.0033194095
   0.0032845184
   0.0032519643
   0.0032208837
   0.0031033751
   0.0026359545
   0.0025271665
   0.0021149858
   0.0009975216
   0.0006074628
   0.0007441314
   0.0007241800
   0.0006331568
   0.0006295426
   0.0005363553
   0.0000614730
  -0.0003668538
  -0.0005598669
  -0.0005719924
  -0.0006815180
  -0.0011355196
  -0.0015479523
  -0.0017633452
  -0.0017471339
  -0.0017287963
  -0.0017469167
  -0.0017878706
  -0.0017840122
  -0.0017694838
  -0.0018095136
  -0.0018520091
  -0.0018687836
  -0.0020008988
  -0.0028143327
  -0.0031694504
  -0.0031025494
  -0.0036278828
  -0.0043295112
  -0.0043549823
  -0.0042788431
  -0.0043660311
  -0.0044485993
  -0.0044734466
  -0.0044925076
  -0.0044994290
  -0.0045509658
  -0.0045844757
  -0.0045886282
  -0.0045960067
  -0.0046075188
  -0.0046142660
  -0.0046175966
  -0.0045900196
  -0.0045622961
  -0.0046011668
  -0.0045613807
  -0.0041477215
  -0.0037819680
  -0.0034645090
  -0.0033617068
  -0.0028240621
  -0.0023100451
  -0.0022972831
  -0.0023075263
  -0.0020576690
  -0.0013247730
  -0.0006732909
  -0.0002318194
  -0.0001818652
   0.0003389289
   0.0010609874
   0.0016805700
   0.0017938577
   0.0017332595
   0.0019650709
   0.0025868002
   0.0027144951
   0.0030609478
   0.0035199092
   0.0034993647
   0.0039741423
   0.0045436518
   0.0042532483
   0.0040913239
   0.0045650763
   0.0049589094
   0.0048286110
   0.0047053767
   0.0046780434
   0.0046441510
   0.0045769356
   0.0044890343
   0.0043972051
   0.0043591109
   0.0043207856
   0.0042453573
   0.0041695413
   0.0041019155
   0.0040314693
   0.0039580004
   0.0038855655
   0.0038138049
   0.0037414408
   0.0036687560
   0.0035961785
   0.0035104665
   0.0031785535
   0.0028330440
   0.0025712845
   0.0027468472
   0.0025340362
   0.0022811588
   0.0018021452
   0.0014390936
   0.0014140619
   0.0013680703
   0.0012490824
   0.0011445580
   0.0010848115
   0.0010123294
   0.0009138311
   0.0008331642
   0.0007464015
   0.0006665763
   0.0005866167
   0.0005032872
   0.0004194549
   0.0003500862
   0.0002881854
   0.0002133590
   0.0001258921
   0.0000637482
   0.0000141373
  -0.0000281273
  -0.0000782197
  -0.0001205431
  -0.0001567646
  -0.0001910898
  -0.0002239223
  -0.0002378331
  -0.0002667805
  -0.0003007864
  -0.0003552694
  -0.0006392285
  -0.0005211673
  -0.0003054079
  -0.0003345311
  -0.0003822090
  -0.0003750048
  -0.0003598966
  -0.0003692502
  -0.0004019573
  -0.0006722045
  -0.0008137864
  -0.0007735438
  -0.0008771214
  -0.0010046581
  -0.0011174637
  -0.0011123828
  -0.0010823867
  -0.0010701551
  -0.0010389418
  -0.0010468891
  -0.0011559297
  -0.0012481231
  -0.0013070718
  -0.0014063274
  -0.0014980013
  -0.0015248877
  -0.0014784946
  -0.0014374156
  -0.0014082048
  -0.0013844079
  -0.0013528311
  -0.0013267742
  -0.0012968892
  -0.0012713929
  -0.0012470333
  -0.0012271982
  -0.0012053335
  -0.0009898095
  -0.0009037109
  -0.0011279761
  -0.0011783923
  -0.0011108924
  -0.0010751521
  -0.0010280142
  -0.0010459614
  -0.0008950908
  -0.0008170305
  -0.0007380511
  -0.0006135501
  -0.0006188184
  -0.0007565374
  -0.0006946939
  -0.0005541508
  -0.0005498416
  -0.0005579390
  -0.0005264802
  -0.0004997977
  -0.0004856071
  -0.0004687096
  -0.0004429130
  -0.0004180538
  -0.0003970283
  -0.0003767835
  -0.0003541105
  -0.0003311088
  -0.0003101913
  -0.0002867393
  -0.0002655889
  -0.0002461680
  -0.0002268009
  -0.0002077311
  -0.0001748775
  -0.0001141589
  -0.0000564924
  -0.0000309825
  -0.0000234028
   0.0000059444
   0.0000647929
   0.0000753736
   0.0001006797
   0.0001140750
   0.0001152454
   0.0001174846
   0.0001236294
   0.0001433233
   0.0001943697
   0.0002197992
   0.0002585635
   0.0002687022
   0.0002592315
   0.0002539759
   0.0002506111
   0.0002418969
   0.0002433465
   0.0002550058
   0.0002775617
   0.0003096561
   0.0003052086
   0.0002882341
   0.0002788521
   0.0002777682
   0.0003152591
   0.0003276728
   0.0003064579
   0.0002896104
   0.0002784236
   0.0002658738
   0.0002688104
   0.0002759980
   0.0002806862
   0.0002634908
   0.0002431822
   0.0002388494
   0.0002274244
   0.0002116882
   0.0001995772
   0.0001885170
   0.0001773112
   0.0001657476
   0.0001549802
   0.0001448264
   0.0001299822
   0.0001222729
   0.0001073247
   0.0000883689
   0.0000764203
   0.0000728496
   0.0000688429
   0.0000638500
   0.0000596064
   0.0000559722
   0.0000525090
   0.0000462111
   0.0000361237
   0.0000322780
   0.0000307134
   0.0000281725
   0.0000303886
   0.0000254102
   0.0000146656
   0.0000122193
   0.0000126229
   0.0000108454
   0.0000089617
   0.0000079641
   0.0000058696
   0.0000013279
  -0.0000016256
  -0.0000015238
  -0.0000026161
  -0.0000048258
  -0.0000054406
  -0.0000053773
  -0.0000057590
  -0.0000060910
  -0.0000063294
  -0.0000066485
  -0.0000069361
  -0.0000072997
  -0.0000077090
  -0.0000080674
  -0.0000083691
  -0.0000087634
  -0.0000091568
  -0.0000095196
  -0.0000099107
  -0.0000103718
  -0.0000113818
  -0.0000123478
  -0.0000131493
  -0.0000133968
  -0.0000135200
  -0.0000137260
  -0.0000139379
  -0.0000144691
  -0.0000147056
  -0.0000144886
  -0.0000147356
  -0.0000152838
  -0.0000155602
  -0.0000157530
  -0.0000159477
  -0.0000161384
  -0.0000163595
  -0.0000165061
  -0.0000166514
  -0.0000168128
  -0.0000168400
  -0.0000168882
  -0.0000171127
  -0.0000173537
  -0.0000175653
  -0.0000177823
  -0.0000180002
  -0.0000182106
  -0.0000183843
  -0.0000185206
  -0.0000187231
  -0.0000189394
  -0.0000191352
  -0.0000193191
  -0.0000194921
  -0.0000196379
  -0.0000197945
  -0.0000199558
  -0.0000200978
  -0.0000202278
  -0.0000203602
  -0.0000204774
  -0.0000205730
  -0.0000206638
  -0.0000207486
  -0.0000208213
  -0.0000208824
  -0.0000209304
  -0.0000209686
  -0.0000209966
  -0.0000210136
  -0.0000210201
  -0.0000210161
  -0.0000210020
  -0.0000209780
  -0.0000209440
  -0.0000209003
  -0.0000208469
  -0.0000207841
  -0.0000207119
  -0.0000206305
  -0.0000205400
  -0.0000204407
  -0.0000203327
  -0.0000202161
  -0.0000200911
  -0.0000199578
  -0.0000198164
  -0.0000196670
  -0.0000195098
  -0.0000193449
  -0.0000191724
