     0.000   -0.0005516028
     0.010   -0.0005458912
     0.020   -0.0004997573
     0.030   -0.0003690080
     0.040   -0.0003215463
     0.050   -0.0004735402
     0.060   -0.0006730691
     0.070   -0.0005853392
     0.080   -0.0002545357
     0.090   -0.0003494125
     0.100   -0.0009259965
     0.110   -0.0011444664
     0.120   -0.0005635863
     0.130    0.0002039014
     0.140   -0.0001617822
     0.150   -0.0018595511
     0.160   -0.0031235746
     0.170   -0.0032714221
     0.180   -0.0027627788
     0.190   -0.0009905954
     0.200    0.0004223973
     0.210   -0.0015908911
     0.220   -0.0041361146
     0.230   -0.0012575753
     0.240    0.0014972034
     0.250    0.0001297057
     0.260   -0.0013170749
     0.270   -0.0003526975
     0.280    0.0002254695
     0.290    0.0012403092
     0.300    0.0033922823
     0.310    0.0007331786
     0.320   -0.0037390363
     0.330   -0.0036847371
     0.340   -0.0035348706
     0.350   -0.0070036949
     0.360   -0.0068161252
     0.370    0.0018901781
     0.380    0.0094168960
     0.390   -0.0027523553
     0.400   -0.0188931331
     0.410   -0.0186014835
     0.420   -0.0145783003
     0.430   -0.0166995451
     0.440   -0.0138325746
     0.450   -0.0093854995
     0.460   -0.0088949005
     0.470   -0.0076806107
     0.480   -0.0012251088
     0.490    0.0100849010
     0.500    0.0190149087
     0.510    0.0212405991
     0.520    0.0154192986
     0.530   -0.0012885161
     0.540   -0.0116962395
     0.550    0.0057477193
     0.560    0.0284617968
     0.570    0.0256507635
     0.580    0.0133912196
     0.590    0.0122211326
     0.600    0.0153786919
     0.610    0.0195884248
     0.620    0.0307714392
     0.630    0.0325714267
     0.640    0.0012108789
     0.650   -0.0361439894
     0.660   -0.0391119425
     0.670   -0.0207990668
     0.680   -0.0177350983
     0.690   -0.0312215978
     0.700   -0.0351604298
     0.710   -0.0199825501
     0.720    0.0017046234
     0.730    0.0165136459
     0.740    0.0261903181
     0.750    0.0343329105
     0.760    0.0379550941
     0.770    0.0348084191
     0.780    0.0241223717
     0.790    0.0107224926
     0.800   -0.0090196883
     0.810   -0.0321736314
     0.820   -0.0399296197
     0.830   -0.0314920366
     0.840   -0.0292933151
     0.850   -0.0389620744
     0.860   -0.0432189188
     0.870   -0.0308402566
     0.880   -0.0279481097
     0.890   -0.0380427974
     0.900   -0.0239402238
     0.910   -0.0041976769
     0.920   -0.0023602797
     0.930    0.0110545196
     0.940    0.0357362558
     0.950    0.0349803627
     0.960    0.0148987371
     0.970    0.0078630617
     0.980    0.0207321935
     0.990    0.0372382775
     1.000    0.0456401657
     1.010    0.0272854268
     1.020   -0.0210131064
     1.030   -0.0554265687
     1.040   -0.0221746227
     1.050    0.0206988122
     1.060    0.0095005930
     1.070   -0.0082485534
     1.080   -0.0182022690
     1.090   -0.0456967497
     1.100   -0.0626952252
     1.110   -0.0345858457
     1.120    0.0051077179
     1.130    0.0190523665
     1.140    0.0203290243
     1.150    0.0284840719
     1.160    0.0618921837
     1.170    0.0976946107
     1.180    0.0101810198
     1.190   -0.1142805887
     1.200   -0.0645836737
     1.210    0.0402234424
     1.220    0.0672287803
     1.230    0.0281636093
     1.240   -0.0087825235
     1.250   -0.0054061642
     1.260    0.0057267414
     1.270    0.0020043473
     1.280    0.0192458608
     1.290    0.0526811928
     1.300    0.0424514317
     1.310    0.0046192959
     1.320    0.0002533155
     1.330    0.0071548603
     1.340   -0.0216036975
     1.350   -0.0574984439
     1.360   -0.0602729804
     1.370   -0.0529843661
     1.380   -0.0635226965
     1.390   -0.0748593747
     1.400   -0.0663914780
     1.410   -0.0450928424
     1.420   -0.0204103966
     1.430    0.0094254483
     1.440    0.0199116963
     1.450   -0.0065002861
     1.460   -0.0226419967
     1.470    0.0083845249
     1.480    0.0401232100
     1.490    0.0437872717
     1.500    0.0326457251
     1.510    0.0230105169
     1.520    0.0212151419
     1.530    0.0261232009
     1.540    0.0250957010
     1.550    0.0124346992
     1.560   -0.0023597575
     1.570   -0.0092934609
     1.580   -0.0091782787
     1.590   -0.0047965578
     1.600   -0.0013254712
     1.610   -0.0185486768
     1.620   -0.0495909540
     1.630   -0.0498955317
     1.640   -0.0217798876
     1.650   -0.0020706226
     1.660    0.0025460119
     1.670    0.0119323289
     1.680    0.0266671240
     1.690    0.0372821477
     1.700    0.0435421607
     1.710    0.0434584489
     1.720    0.0274048629
     1.730   -0.0066614635
     1.740   -0.0362987619
     1.750   -0.0450207357
     1.760   -0.0378009388
     1.770   -0.0172458225
     1.780    0.0137525365
     1.790    0.0378963295
     1.800    0.0461574416
     1.810    0.0523595401
     1.820    0.0631197713
     1.830    0.0644360232
     1.840    0.0502290482
     1.850    0.0263997047
     1.860   -0.0070725677
     1.870   -0.0378893443
     1.880   -0.0420792193
     1.890   -0.0209510563
     1.900    0.0050561382
     1.910    0.0273240672
     1.920    0.0414749054
     1.930    0.0327339014
     1.940    0.0053178622
     1.950   -0.0052122893
     1.960    0.0110469800
     1.970    0.0313440239
     1.980    0.0476697969
     1.990    0.0663840862
     2.000    0.0865614648
     2.010    0.0995676103
     2.020    0.1024898343
     2.030    0.0978612580
     2.040    0.0864974891
     2.050    0.0709485389
     2.060    0.0476736037
     2.070    0.0100678704
     2.080   -0.0309464430
     2.090   -0.0573383752
     2.100   -0.0607002244
     2.110   -0.0500996553
     2.120   -0.0466909792
     2.130   -0.0659913247
     2.140   -0.0980913637
     2.150   -0.1171594599
     2.160   -0.1195369846
     2.170   -0.1213051690
     2.180   -0.1225406289
     2.190   -0.1179488636
     2.200   -0.1118563850
     2.210   -0.1107814743
     2.220   -0.1128126947
     2.230   -0.1112623087
     2.240   -0.1051700149
     2.250   -0.0978014217
     2.260   -0.0881542796
     2.270   -0.0764338948
     2.280   -0.0695325352
     2.290   -0.0681562992
     2.300   -0.0683517005
     2.310   -0.0678102536
     2.320   -0.0665972278
     2.330   -0.0642859703
     2.340   -0.0604673838
     2.350   -0.0539237118
     2.360   -0.0433990931
     2.370   -0.0321018537
     2.380   -0.0137598729
     2.390    0.0156351455
     2.400    0.0466010584
     2.410    0.0751855364
     2.420    0.1032589845
     2.430    0.1305482402
     2.440    0.1449156904
     2.450    0.1435907533
     2.460    0.1401135185
     2.470    0.1379525356
     2.480    0.1360878147
     2.490    0.1345838490
     2.500    0.1343567370
     2.510    0.1355312517
     2.520    0.1310291486
     2.530    0.1127915912
     2.540    0.0864140360
     2.550    0.0643194920
     2.560    0.0444115803
     2.570    0.0239337855
     2.580    0.0096518137
     2.590    0.0040917344
     2.600    0.0033612335
     2.610    0.0083105925
     2.620    0.0227689392
     2.630    0.0455606303
     2.640    0.0669189175
     2.650    0.0848198538
     2.660    0.1053462346
     2.670    0.1229401538
     2.680    0.1285227484
     2.690    0.1275680648
     2.700    0.1252566225
     2.710    0.1206532522
     2.720    0.1106550751
     2.730    0.0953876034
     2.740    0.0773747558
     2.750    0.0688435487
     2.760    0.0841147162
     2.770    0.1078603591
     2.780    0.1280358528
     2.790    0.1458796137
     2.800    0.1520723247
     2.810    0.1454314140
     2.820    0.1284488308
     2.830    0.1047249566
     2.840    0.0788023646
     2.850    0.0540885851
     2.860    0.0360700274
     2.870    0.0140756565
     2.880   -0.0246903846
     2.890   -0.0681507554
     2.900   -0.1074037697
     2.910   -0.1326486846
     2.920   -0.1299567511
     2.930   -0.1075278035
     2.940   -0.0907038476
     2.950   -0.1074952428
     2.960   -0.1469642815
     2.970   -0.1577970630
     2.980   -0.1401789357
     2.990   -0.1196983099
     3.000   -0.0988360842
     3.010   -0.0720039353
     3.020   -0.0440457987
     3.030   -0.0177461527
     3.040    0.0080076927
     3.050    0.0336480671
     3.060    0.0585053873
     3.070    0.0740734821
     3.080    0.0694335225
     3.090    0.0546478831
     3.100    0.0502854844
     3.110    0.0623243803
     3.120    0.0793064831
     3.130    0.0824686438
     3.140    0.0699292143
     3.150    0.0504879818
     3.160    0.0270997752
     3.170   -0.0162932197
     3.180   -0.0708507459
     3.190   -0.1169556319
     3.200   -0.1334901263
     3.210   -0.1151764707
     3.220   -0.0863133232
     3.230   -0.0651991122
     3.240   -0.0556525720
     3.250   -0.0529221644
     3.260   -0.0542786274
     3.270   -0.0722190357
     3.280   -0.1221246202
     3.290   -0.1561347656
     3.300   -0.1577775487
     3.310   -0.1539755937
     3.320   -0.1490775506
     3.330   -0.1335410556
     3.340   -0.1130517075
     3.350   -0.0977836075
     3.360   -0.0844282010
     3.370   -0.0685869435
     3.380   -0.0596100867
     3.390   -0.0592134446
     3.400   -0.0599977479
     3.410   -0.0533137802
     3.420   -0.0202580597
     3.430    0.0183832195
     3.440    0.0283888881
     3.450    0.0283790127
     3.460    0.0355492035
     3.470    0.0400408658
     3.480    0.0232299637
     3.490   -0.0210200695
     3.500   -0.0606036880
     3.510   -0.0693171022
     3.520   -0.0528328349
     3.530   -0.0335206737
     3.540   -0.0277044771
     3.550   -0.0271501242
     3.560   -0.0207868999
     3.570    0.0013873100
     3.580    0.0285130033
     3.590    0.0382450731
     3.600    0.0351577208
     3.610    0.0202290248
     3.620   -0.0109815186
     3.630   -0.0280183167
     3.640   -0.0188803342
     3.650   -0.0048670827
     3.660   -0.0042356632
     3.670   -0.0094616383
     3.680   -0.0079283421
     3.690   -0.0035760985
     3.700   -0.0111326839
     3.710   -0.0448079637
     3.720   -0.0688651696
     3.730   -0.0645689271
     3.740   -0.0555306078
     3.750   -0.0588644054
     3.760   -0.0697169598
     3.770   -0.0746759849
     3.780   -0.0713474726
     3.790   -0.0688233322
     3.800   -0.0753901035
     3.810   -0.0927486320
     3.820   -0.1041132879
     3.830   -0.1080376506
     3.840   -0.1176380029
     3.850   -0.1284174157
     3.860   -0.1286883609
     3.870   -0.1150778646
     3.880   -0.0936710505
     3.890   -0.0711985285
     3.900   -0.0410646993
     3.910   -0.0032994476
     3.920    0.0354946596
     3.930    0.0898238948
     3.940    0.1342752797
     3.950    0.1260590357
     3.960    0.0797401580
     3.970    0.0493407427
     3.980    0.0501885044
     3.990    0.0709451018
     4.000    0.0942474974
     4.010    0.0998954352
     4.020    0.0883229966
     4.030    0.0636223745
     4.040    0.0412336012
     4.050    0.0292362913
     4.060    0.0197594703
     4.070    0.0096327540
     4.080    0.0007745854
     4.090   -0.0238940917
     4.100   -0.0712996478
     4.110   -0.1034828442
     4.120   -0.1082931470
     4.130   -0.1112404660
     4.140   -0.1261398277
     4.150   -0.1371175617
     4.160   -0.1276991948
     4.170   -0.0971574140
     4.180   -0.0479186038
     4.190    0.0184713367
     4.200    0.0886340052
     4.210    0.1465250997
     4.220    0.1745743399
     4.230    0.1727021163
     4.240    0.1432247130
     4.250    0.1171384303
     4.260    0.1158644224
     4.270    0.1342225764
     4.280    0.1427913707
     4.290    0.1327911609
     4.300    0.1181385363
     4.310    0.1099175616
     4.320    0.1030428493
     4.330    0.0920798989
     4.340    0.0762524270
     4.350    0.0683926509
     4.360    0.0871266023
     4.370    0.1186098353
     4.380    0.1017104465
     4.390    0.0432672979
     4.400   -0.0128082827
     4.410   -0.0582013270
     4.420   -0.0813888545
     4.430   -0.0820983532
     4.440   -0.0774984201
     4.450   -0.0681367480
     4.460   -0.0543525081
     4.470   -0.0504196819
     4.480   -0.0621409167
     4.490   -0.0744112119
     4.500   -0.0647454055
     4.510   -0.0453294159
     4.520   -0.0362735781
     4.530   -0.0247223539
     4.540    0.0097291316
     4.550    0.0598624786
     4.560    0.1032062813
     4.570    0.1281311696
     4.580    0.1311818255
     4.590    0.1112419444
     4.600    0.0798878085
     4.610    0.0444754082
     4.620   -0.0051662090
     4.630   -0.0598049707
     4.640   -0.0785560340
     4.650   -0.0585414591
     4.660   -0.0145773875
     4.670    0.0276112115
     4.680    0.0567056400
     4.690    0.0680605019
     4.700    0.0455352027
     4.710    0.0078544651
     4.720   -0.0082396537
     4.730   -0.0056677662
     4.740   -0.0136064826
     4.750   -0.0258281068
     4.760   -0.0166817457
     4.770    0.0039478389
     4.780    0.0182686286
     4.790    0.0219982959
     4.800    0.0175256859
     4.810    0.0049276471
     4.820   -0.0098304838
     4.830   -0.0061920162
     4.840    0.0217285149
     4.850    0.0521142443
     4.860    0.0584474728
     4.870    0.0436410995
     4.880    0.0206204373
     4.890   -0.0012604691
     4.900   -0.0206446195
     4.910   -0.0374238848
     4.920   -0.0467796435
     4.930   -0.0481366979
     4.940   -0.0354964928
     4.950   -0.0068113390
     4.960    0.0170689967
     4.970    0.0253181118
     4.980    0.0258567979
     4.990    0.0263398313
     5.000    0.0191207145
     5.010   -0.0204456997
     5.020   -0.0678118798
     5.030   -0.0949587701
     5.040   -0.1036041431
     5.050   -0.0837751015
     5.060   -0.0506963926
     5.070   -0.0205223449
     5.080   -0.0048881455
     5.090    0.0009956672
     5.100    0.0227017074
     5.110    0.0557376143
     5.120    0.0888732767
     5.130    0.1197901156
     5.140    0.1239958089
     5.150    0.0993813748
     5.160    0.0740320143
     5.170    0.0648562451
     5.180    0.0669086429
     5.190    0.0701658617
     5.200    0.0724097433
     5.210    0.0724536134
     5.220    0.0710002443
     5.230    0.0705629105
     5.240    0.0700848849
     5.250    0.0670982417
     5.260    0.0617759852
     5.270    0.0580131695
     5.280    0.0576548906
     5.290    0.0558432796
     5.300    0.0485993855
     5.310    0.0418052804
     5.320    0.0434013106
     5.330    0.0488543645
     5.340    0.0453197327
     5.350    0.0287777837
     5.360    0.0022534443
     5.370   -0.0207417510
     5.380   -0.0344344660
     5.390   -0.0364815455
     5.400   -0.0226806298
     5.410    0.0017054712
     5.420    0.0229861648
     5.430    0.0379491807
     5.440    0.0474682235
     5.450    0.0514760392
     5.460    0.0416557080
     5.470    0.0019989432
     5.480   -0.0475537832
     5.490   -0.0575968283
     5.500   -0.0188029203
     5.510    0.0136124811
     5.520    0.0173400860
     5.530    0.0138290118
     5.540    0.0138178354
     5.550    0.0145003357
     5.560    0.0152402182
     5.570    0.0174916690
     5.580    0.0167910256
     5.590    0.0061802374
     5.600   -0.0053798458
     5.610   -0.0105411504
     5.620   -0.0116139877
     5.630   -0.0129870674
     5.640   -0.0161710892
     5.650   -0.0211987617
     5.660   -0.0242285655
     5.670   -0.0209493377
     5.680   -0.0003301055
     5.690    0.0451778108
     5.700    0.0741922308
     5.710    0.0500653576
     5.720   -0.0024438617
     5.730   -0.0282805396
     5.740   -0.0203645566
     5.750    0.0030200780
     5.760    0.0214061932
     5.770    0.0261316053
     5.780    0.0188881880
     5.790    0.0016802679
     5.800   -0.0210336371
     5.810   -0.0435495894
     5.820   -0.0625076222
     5.830   -0.0746554728
     5.840   -0.0839397531
     5.850   -0.0981230005
     5.860   -0.1151903673
     5.870   -0.1302630659
     5.880   -0.1446991486
     5.890   -0.1571124376
     5.900   -0.1639603917
     5.910   -0.1646388819
     5.920   -0.1556077326
     5.930   -0.1388113850
     5.940   -0.1200280566
     5.950   -0.1081449421
     5.960   -0.1052342493
     5.970   -0.1039418359
     5.980   -0.1007509213
     5.990   -0.0980120131
     6.000   -0.0975126254
     6.010   -0.0977051809
     6.020   -0.0968475142
     6.030   -0.0944340286
     6.040   -0.0893792431
     6.050   -0.0817364893
     6.060   -0.0721340304
     6.070   -0.0617144857
     6.080   -0.0557940134
     6.090   -0.0531727083
     6.100   -0.0498155158
     6.110   -0.0456441203
     6.120   -0.0412181893
     6.130   -0.0319782005
     6.140   -0.0184468884
     6.150   -0.0101804100
     6.160   -0.0097665081
     6.170   -0.0148744773
     6.180   -0.0225980638
     6.190   -0.0322067354
     6.200   -0.0403076716
     6.210   -0.0475464653
     6.220   -0.0604424366
     6.230   -0.0718867758
     6.240   -0.0522518051
     6.250   -0.0008059989
     6.260    0.0437369707
     6.270    0.0543801533
     6.280    0.0485493802
     6.290    0.0421232003
     6.300    0.0254495079
     6.310   -0.0042970814
     6.320   -0.0261276913
     6.330   -0.0300184030
     6.340   -0.0280926335
     6.350   -0.0274387653
     6.360   -0.0269372672
     6.370   -0.0263709396
     6.380   -0.0270527118
     6.390   -0.0283751875
     6.400   -0.0245052910
     6.410   -0.0083124293
     6.420    0.0077249059
     6.430    0.0100985979
     6.440    0.0058588729
     6.450    0.0052952212
     6.460    0.0150610603
     6.470    0.0309498025
     6.480    0.0462654722
     6.490    0.0538548205
     6.500    0.0542160561
     6.510    0.0517094342
     6.520    0.0478699290
     6.530    0.0452102237
     6.540    0.0501098560
     6.550    0.0585243102
     6.560    0.0618645385
     6.570    0.0597620245
     6.580    0.0429419123
     6.590    0.0064555437
     6.600   -0.0210458520
     6.610   -0.0230440127
     6.620   -0.0144561884
     6.630   -0.0100147716
     6.640   -0.0120013864
     6.650   -0.0117273737
     6.660    0.0036332576
     6.670    0.0210196482
     6.680    0.0259295070
     6.690    0.0241035485
     6.700    0.0206051216
     6.710    0.0159092470
     6.720    0.0101591956
     6.730    0.0067288025
     6.740    0.0113569316
     6.750    0.0265915727
     6.760    0.0390765359
     6.770    0.0421854020
     6.780    0.0445372403
     6.790    0.0531585531
     6.800    0.0741887197
     6.810    0.0965361361
     6.820    0.0975756032
     6.830    0.0776922691
     6.840    0.0468056255
     6.850    0.0283367133
     6.860    0.0269880449
     6.870    0.0332538826
     6.880    0.0196609085
     6.890   -0.0245315762
     6.900   -0.0663790229
     6.910   -0.0703119970
     6.920   -0.0362590644
     6.930    0.0078249313
     6.940    0.0359475199
     6.950    0.0395740388
     6.960    0.0345443594
     6.970    0.0296819557
     6.980    0.0291135510
     6.990    0.0387888484
     7.000    0.0608022678
     7.010    0.0899726171
     7.020    0.1096264738
     7.030    0.1064664937
     7.040    0.0759562758
     7.050    0.0406217847
     7.060    0.0162148152
     7.070   -0.0044236543
     7.080   -0.0299756786
     7.090   -0.0678760034
     7.100   -0.0982628527
     7.110   -0.0974558197
     7.120   -0.0734191260
     7.130   -0.0507292490
     7.140   -0.0438182062
     7.150   -0.0427214529
     7.160   -0.0373759492
     7.170   -0.0257020734
     7.180   -0.0055650835
     7.190    0.0336972667
     7.200    0.0849007197
     7.210    0.1197768105
     7.220    0.1225476141
     7.230    0.1136852558
     7.240    0.1081020329
     7.250    0.1047058119
     7.260    0.0945824553
     7.270    0.0775133884
     7.280    0.0583589564
     7.290    0.0291008631
     7.300   -0.0074865140
     7.310   -0.0470566869
     7.320   -0.0671812882
     7.330   -0.0642418045
     7.340   -0.0565851542
     7.350   -0.0503579237
     7.360   -0.0468533764
     7.370   -0.0425189924
     7.380   -0.0241769525
     7.390    0.0081051790
     7.400    0.0411946835
     7.410    0.0602372781
     7.420    0.0618127592
     7.430    0.0520667892
     7.440    0.0237418731
     7.450   -0.0245360001
     7.460   -0.0438556455
     7.470   -0.0299105350
     7.480   -0.0149203063
     7.490   -0.0096690735
     7.500   -0.0075055885
     7.510   -0.0039355612
     7.520    0.0003131932
     7.530    0.0030361403
     7.540    0.0043456305
     7.550    0.0040025897
     7.560    0.0014570753
     7.570   -0.0021772910
     7.580   -0.0040781373
     7.590   -0.0012218782
     7.600    0.0061276597
     7.610    0.0183870004
     7.620    0.0304608076
     7.630    0.0412989074
     7.640    0.0513974278
     7.650    0.0561422396
     7.660    0.0459815545
     7.670    0.0008014707
     7.680   -0.0621071363
     7.690   -0.0899550987
     7.700   -0.0722897749
     7.710   -0.0220298328
     7.720    0.0348496393
     7.730    0.0743855255
     7.740    0.0814573392
     7.750    0.0621605788
     7.760    0.0407842557
     7.770    0.0318060647
     7.780    0.0293461810
     7.790    0.0224720859
     7.800   -0.0001676983
     7.810   -0.0207582679
     7.820   -0.0254136098
     7.830   -0.0224624655
     7.840   -0.0164825561
     7.850   -0.0100855108
     7.860   -0.0053430348
     7.870   -0.0035562974
     7.880   -0.0034465729
     7.890    0.0023064026
     7.900    0.0249850758
     7.910    0.0410172442
     7.920    0.0400276345
     7.930    0.0351901152
     7.940    0.0326901607
     7.950    0.0303799084
     7.960    0.0259494537
     7.970    0.0193486174
     7.980    0.0092440432
     7.990   -0.0098986876
     8.000   -0.0267951309
     8.010   -0.0320052248
     8.020   -0.0321873986
     8.030   -0.0329081808
     8.040   -0.0360541351
     8.050   -0.0454458362
     8.060   -0.0617083135
     8.070   -0.0714855877
     8.080   -0.0716885287
     8.090   -0.0668035690
     8.100   -0.0561880315
     8.110   -0.0284522466
     8.120    0.0147863786
     8.130    0.0344871619
     8.140    0.0280448457
     8.150    0.0101465077
     8.160   -0.0114873667
     8.170   -0.0261206544
     8.180   -0.0322375480
     8.190   -0.0330524607
     8.200   -0.0333453668
     8.210   -0.0374326071
     8.220   -0.0427111414
     8.230   -0.0428997053
     8.240   -0.0300108228
     8.250    0.0020591451
     8.260    0.0303835008
     8.270    0.0340918059
     8.280    0.0284059077
     8.290    0.0246557689
     8.300    0.0199624593
     8.310    0.0116647543
     8.320   -0.0019589648
     8.330   -0.0196691872
     8.340   -0.0357506365
     8.350   -0.0520496403
     8.360   -0.0651164353
     8.370   -0.0681621387
     8.380   -0.0648301522
     8.390   -0.0572370710
     8.400   -0.0462783339
     8.410   -0.0335050696
     8.420   -0.0089839381
     8.430    0.0292387491
     8.440    0.0621283876
     8.450    0.0744657262
     8.460    0.0707331429
     8.470    0.0631253152
     8.480    0.0560630368
     8.490    0.0509381773
     8.500    0.0482102829
     8.510    0.0456273410
     8.520    0.0410653646
     8.530    0.0323153538
     8.540    0.0137554600
     8.550   -0.0097097947
     8.560   -0.0197273789
     8.570   -0.0138659632
     8.580   -0.0006377091
     8.590    0.0069675344
     8.600    0.0062574702
     8.610    0.0022987155
     8.620   -0.0020675927
     8.630   -0.0058791707
     8.640   -0.0090314228
     8.650   -0.0121966178
     8.660   -0.0142692358
     8.670   -0.0155007447
     8.680   -0.0183140991
     8.690   -0.0239559793
     8.700   -0.0365296696
     8.710   -0.0616880601
     8.720   -0.0828902332
     8.730   -0.0865661586
     8.740   -0.0795028823
     8.750   -0.0682794460
     8.760   -0.0589914698
     8.770   -0.0522726499
     8.780   -0.0450893683
     8.790   -0.0345181851
     8.800   -0.0131483557
     8.810    0.0177203406
     8.820    0.0451052236
     8.830    0.0659528136
     8.840    0.0744311327
     8.850    0.0730999864
     8.860    0.0710328420
     8.870    0.0712529688
     8.880    0.0721506249
     8.890    0.0727670243
     8.900    0.0739038410
     8.910    0.0746985668
     8.920    0.0737581863
     8.930    0.0703017594
     8.940    0.0642453526
     8.950    0.0566218913
     8.960    0.0480098552
     8.970    0.0384989063
     8.980    0.0240501578
     8.990   -0.0019942915
     9.000   -0.0190084964
     9.010   -0.0167257489
     9.020   -0.0085546243
     9.030   -0.0026103997
     9.040    0.0014447692
     9.050    0.0094538770
     9.060    0.0202474673
     9.070    0.0252838214
     9.080    0.0250455294
     9.090    0.0228171299
     9.100    0.0151890118
     9.110    0.0003153346
     9.120   -0.0188421114
     9.130   -0.0362101124
     9.140   -0.0434006453
     9.150   -0.0409109136
     9.160   -0.0373008858
     9.170   -0.0357946508
     9.180   -0.0350744821
     9.190   -0.0323184546
     9.200   -0.0240869023
     9.210   -0.0028486951
     9.220    0.0349021837
     9.230    0.0657095876
     9.240    0.0699815111
     9.250    0.0531878984
     9.260    0.0241276346
     9.270    0.0067063242
     9.280    0.0057388233
     9.290    0.0095747139
     9.300    0.0113859184
     9.310    0.0105515950
     9.320    0.0059921724
     9.330   -0.0032118315
     9.340   -0.0180485055
     9.350   -0.0352268227
     9.360   -0.0546884269
     9.370   -0.0790734576
     9.380   -0.0911074011
     9.390   -0.0867217922
     9.400   -0.0797176870
     9.410   -0.0743044378
     9.420   -0.0661497303
     9.430   -0.0455721245
     9.440   -0.0131539143
     9.450    0.0081364018
     9.460    0.0115420695
     9.470    0.0055971416
     9.480   -0.0067101975
     9.490   -0.0172684376
     9.500   -0.0206057943
     9.510   -0.0186223209
     9.520   -0.0140444263
     9.530   -0.0059804047
     9.540    0.0043738893
     9.550    0.0129462353
     9.560    0.0208785320
     9.570    0.0282904113
     9.580    0.0329647315
     9.590    0.0345557907
     9.600    0.0312372462
     9.610    0.0202552693
     9.620    0.0047614322
     9.630   -0.0100769438
     9.640   -0.0193636670
     9.650   -0.0229602973
     9.660   -0.0238001904
     9.670   -0.0208894311
     9.680   -0.0131803732
     9.690   -0.0025677684
     9.700    0.0044212040
     9.710    0.0065014096
     9.720    0.0072885145
     9.730    0.0072837357
     9.740    0.0066333231
     9.750    0.0073627056
     9.760    0.0127049126
     9.770    0.0230304230
     9.780    0.0348008278
     9.790    0.0423093619
     9.800    0.0441198642
     9.810    0.0437450647
     9.820    0.0436273878
     9.830    0.0437734491
     9.840    0.0437417753
     9.850    0.0431124034
     9.860    0.0397866999
     9.870    0.0320295363
     9.880    0.0197223895
     9.890    0.0076349481
     9.900    0.0003816107
     9.910   -0.0062265874
     9.920   -0.0199385617
     9.930   -0.0344062701
     9.940   -0.0392423702
     9.950   -0.0382174648
     9.960   -0.0351469842
     9.970   -0.0273608782
     9.980   -0.0103796292
     9.990    0.0074809924
    10.000    0.0140032320
    10.010    0.0133597011
    10.020    0.0123126426
    10.030    0.0120750787
    10.040    0.0118966599
    10.050    0.0103699090
    10.060    0.0050568996
    10.070   -0.0025453326
    10.080   -0.0087688377
    10.090   -0.0109164525
    10.100   -0.0114286724
    10.110   -0.0141885879
    10.120   -0.0215545496
    10.130   -0.0304895653
    10.140   -0.0358822247
    10.150   -0.0368317082
    10.160   -0.0355135456
    10.170   -0.0334634762
    10.180   -0.0291513858
    10.190   -0.0202991838
    10.200   -0.0035654311
    10.210    0.0186986224
    10.220    0.0326124954
    10.230    0.0339302514
    10.240    0.0290493905
    10.250    0.0210261825
    10.260    0.0114374242
    10.270    0.0015881605
    10.280   -0.0067287951
    10.290   -0.0124211464
    10.300   -0.0166186681
    10.310   -0.0192965868
    10.320   -0.0188828068
    10.330   -0.0121144916
    10.340    0.0027644777
    10.350    0.0168924998
    10.360    0.0248945747
    10.370    0.0284373448
    10.380    0.0295826066
    10.390    0.0293663051
    10.400    0.0266888262
    10.410    0.0211148504
    10.420    0.0136667773
    10.430    0.0070552340
    10.440    0.0034848228
    10.450    0.0008705361
    10.460   -0.0025284221
    10.470   -0.0058920731
    10.480   -0.0085458983
    10.490   -0.0110984046
    10.500   -0.0143634586
    10.510   -0.0179095588
    10.520   -0.0219426285
    10.530   -0.0266354133
    10.540   -0.0294319181
    10.550   -0.0289742310
    10.560   -0.0246526200
    10.570   -0.0169977622
    10.580   -0.0062408646
    10.590    0.0002768004
    10.600   -0.0018819626
    10.610   -0.0081244530
    10.620   -0.0133286631
    10.630   -0.0143131651
    10.640   -0.0129425764
    10.650   -0.0082189198
    10.660   -0.0000809235
    10.670    0.0053393722
    10.680    0.0046679042
    10.690    0.0013656695
    10.700   -0.0000530560
    10.710    0.0003280456
    10.720   -0.0004790947
    10.730   -0.0025369976
    10.740   -0.0032460868
    10.750   -0.0022006722
    10.760   -0.0015680424
    10.770   -0.0027339704
    10.780   -0.0058475968
    10.790   -0.0120090295
    10.800   -0.0204315666
    10.810   -0.0261116697
    10.820   -0.0233668297
    10.830   -0.0111415503
    10.840    0.0018004964
    10.850    0.0071033581
    10.860    0.0057652045
    10.870    0.0024946169
    10.880   -0.0007545238
    10.890   -0.0027046828
    10.900   -0.0006688207
    10.910    0.0065044292
    10.920    0.0144517829
    10.930    0.0182774987
    10.940    0.0195380462
    10.950    0.0197610373
    10.960    0.0189068374
    10.970    0.0189105850
    10.980    0.0224344285
    10.990    0.0295252835
    11.000    0.0383223170
    11.010    0.0450977210
    11.020    0.0479975109
    11.030    0.0491106740
    11.040    0.0505215774
    11.050    0.0511439641
    11.060    0.0506373694
    11.070    0.0497620734
    11.080    0.0484711753
    11.090    0.0463467447
    11.100    0.0432998956
    11.110    0.0373069101
    11.120    0.0260667684
    11.130    0.0129559037
    11.140    0.0028901995
    11.150   -0.0029990506
    11.160   -0.0063640300
    11.170   -0.0100767220
    11.180   -0.0154636898
    11.190   -0.0216556727
    11.200   -0.0272965994
    11.210   -0.0312325635
    11.220   -0.0325956163
    11.230   -0.0309472228
    11.240   -0.0258155777
    11.250   -0.0194918957
    11.260   -0.0145393753
    11.270   -0.0114757284
    11.280   -0.0097136791
    11.290   -0.0085418735
    11.300   -0.0073313461
    11.310   -0.0064851662
    11.320   -0.0064315279
    11.330   -0.0068829393
    11.340   -0.0075216582
    11.350   -0.0072928497
    11.360   -0.0034760047
    11.370    0.0069781453
    11.380    0.0180952325
    11.390    0.0231080070
    11.400    0.0241223310
    11.410    0.0230009779
    11.420    0.0180311903
    11.430    0.0073885620
    11.440   -0.0053363896
    11.450   -0.0158005511
    11.460   -0.0255593421
    11.470   -0.0343492463
    11.480   -0.0428590876
    11.490   -0.0529391654
    11.500   -0.0594489462
    11.510   -0.0602325104
    11.520   -0.0576652021
    11.530   -0.0528714569
    11.540   -0.0450266491
    11.550   -0.0301755150
    11.560   -0.0139899231
    11.570   -0.0071217377
    11.580   -0.0063743636
    11.590   -0.0056713069
    11.600   -0.0034633057
    11.610    0.0027469153
    11.620    0.0173917618
    11.630    0.0311205856
    11.640    0.0348940158
    11.650    0.0328863455
    11.660    0.0291332870
    11.670    0.0240377359
    11.680    0.0158674207
    11.690    0.0047992337
    11.700   -0.0079518368
    11.710   -0.0212732375
    11.720   -0.0304968499
    11.730   -0.0344105869
    11.740   -0.0365616759
    11.750   -0.0370412131
    11.760   -0.0321395554
    11.770   -0.0161965945
    11.780    0.0035711553
    11.790    0.0104658911
    11.800    0.0080409963
    11.810    0.0039148680
    11.820   -0.0002264409
    11.830   -0.0039301837
    11.840   -0.0060211961
    11.850   -0.0051094439
    11.860   -0.0025625310
    11.870   -0.0002597496
    11.880    0.0006167727
    11.890    0.0000314064
    11.900    0.0005822313
    11.910    0.0051199181
    11.920    0.0113356950
    11.930    0.0144679671
    11.940    0.0106828210
    11.950   -0.0017374661
    11.960   -0.0191298433
    11.970   -0.0343272521
    11.980   -0.0411627511
    11.990   -0.0419085434
    12.000   -0.0418399108
    12.010   -0.0424012046
    12.020   -0.0431877994
    12.030   -0.0439143361
    12.040   -0.0432563211
    12.050   -0.0391913301
    12.060   -0.0269765211
    12.070   -0.0031679156
    12.080    0.0210231703
    12.090    0.0326574964
    12.100    0.0344168625
    12.110    0.0330067204
    12.120    0.0309208120
    12.130    0.0295745533
    12.140    0.0302827067
    12.150    0.0317524190
    12.160    0.0319656345
    12.170    0.0300137684
    12.180    0.0258361009
    12.190    0.0162953818
    12.200    0.0034380188
    12.210   -0.0035861350
    12.220   -0.0049273034
    12.230   -0.0045866058
    12.240   -0.0048418509
    12.250   -0.0054718068
    12.260   -0.0044964300
    12.270   -0.0015876479
    12.280    0.0012958232
    12.290    0.0026420350
    12.300    0.0013761691
    12.310   -0.0022211086
    12.320   -0.0060540119
    12.330   -0.0091851235
    12.340   -0.0093446599
    12.350   -0.0063271155
    12.360   -0.0022456245
    12.370    0.0012846764
    12.380    0.0038690797
    12.390    0.0059603656
    12.400    0.0071780741
    12.410    0.0072018164
    12.420    0.0061381597
    12.430    0.0045569131
    12.440    0.0031868640
    12.450    0.0023342418
    12.460    0.0020552474
    12.470    0.0013695424
    12.480   -0.0018411763
    12.490   -0.0075274977
    12.500   -0.0129994708
    12.510   -0.0157730020
    12.520   -0.0150822266
    12.530   -0.0117299312
    12.540   -0.0079371789
    12.550   -0.0043661944
    12.560   -0.0016100749
    12.570   -0.0006819182
    12.580   -0.0018563379
    12.590   -0.0042961168
    12.600   -0.0056029552
    12.610   -0.0048980394
    12.620   -0.0038873891
    12.630   -0.0041195903
    12.640   -0.0045976085
    12.650   -0.0039773986
    12.660   -0.0031702817
    12.670   -0.0039081156
    12.680   -0.0069841363
    12.690   -0.0113175704
    12.700   -0.0147983532
    12.710   -0.0164768607
    12.720   -0.0156158013
    12.730   -0.0134233405
    12.740   -0.0109690524
    12.750   -0.0071875577
    12.760   -0.0028894644
    12.770    0.0005889327
    12.780    0.0039673865
    12.790    0.0059315968
    12.800    0.0056698618
    12.810    0.0063227100
    12.820    0.0099935277
    12.830    0.0137465788
    12.840    0.0157290727
    12.850    0.0154347621
    12.860    0.0129887084
    12.870    0.0096264784
    12.880    0.0070309742
    12.890    0.0061679449
    12.900    0.0060517352
    12.910    0.0055223406
    12.920    0.0050839608
    12.930    0.0057490646
    12.940    0.0076737992
    12.950    0.0097681712
    12.960    0.0109339932
    12.970    0.0099098566
    12.980    0.0069608042
    12.990    0.0048347770
    13.000    0.0065450617
    13.010    0.0120806225
    13.020    0.0183697628
    13.030    0.0237549861
    13.040    0.0279513843
    13.050    0.0315802352
    13.060    0.0351377149
    13.070    0.0377439113
    13.080    0.0385877923
    13.090    0.0380468998
    13.100    0.0364629995
    13.110    0.0344966344
    13.120    0.0324781944
    13.130    0.0306744518
    13.140    0.0289180942
    13.150    0.0269243020
    13.160    0.0237822543
    13.170    0.0171717163
    13.180    0.0055136294
    13.190   -0.0043630271
    13.200   -0.0083137525
    13.210   -0.0090341651
    13.220   -0.0094421241
    13.230   -0.0104882771
    13.240   -0.0128197585
    13.250   -0.0176784108
    13.260   -0.0251162353
    13.270   -0.0316037004
    13.280   -0.0343154918
    13.290   -0.0350925623
    13.300   -0.0359772607
    13.310   -0.0364995814
    13.320   -0.0361092111
    13.330   -0.0346573204
    13.340   -0.0319499233
    13.350   -0.0250036439
    13.360   -0.0097525413
    13.370    0.0061665663
    13.380    0.0137419035
    13.390    0.0165072261
    13.400    0.0184767955
    13.410    0.0189541595
    13.420    0.0174018036
    13.430    0.0140026776
    13.440    0.0086604115
    13.450   -0.0017233415
    13.460   -0.0185282903
    13.470   -0.0328179643
    13.480   -0.0372386102
    13.490   -0.0314239067
    13.500   -0.0172854608
    13.510   -0.0030363399
    13.520    0.0056581237
    13.530    0.0097777435
    13.540    0.0108204926
    13.550    0.0094797001
    13.560    0.0070784700
    13.570    0.0048198197
    13.580    0.0032992772
    13.590    0.0024937340
    13.600    0.0019490299
    13.610    0.0011725160
    13.620   -0.0003247571
    13.630   -0.0022906755
    13.640   -0.0036744293
    13.650   -0.0041302825
    13.660   -0.0040671346
    13.670   -0.0043313459
    13.680   -0.0055855993
    13.690   -0.0077267945
    13.700   -0.0097719040
    13.710   -0.0124222625
    13.720   -0.0157571503
    13.730   -0.0190078237
    13.740   -0.0219523080
    13.750   -0.0253560427
    13.760   -0.0285241648
    13.770   -0.0311180946
    13.780   -0.0335764704
    13.790   -0.0344623773
    13.800   -0.0329582711
    13.810   -0.0288271422
    13.820   -0.0223184037
    13.830   -0.0154750916
    13.840   -0.0097544447
    13.850   -0.0065616008
    13.860   -0.0065309508
    13.870   -0.0085523772
    13.880   -0.0113887568
    13.890   -0.0140974992
    13.900   -0.0158610046
    13.910   -0.0163663797
    13.920   -0.0158266773
    13.930   -0.0145404730
    13.940   -0.0132168663
    13.950   -0.0116715954
    13.960   -0.0094114039
    13.970   -0.0044825297
    13.980    0.0046441655
    13.990    0.0130682623
    14.000    0.0189160993
    14.010    0.0262662057
    14.020    0.0341005097
    14.030    0.0384371481
    14.040    0.0387368103
    14.050    0.0355619432
    14.060    0.0278279787
    14.070    0.0128104042
    14.080   -0.0047506993
    14.090   -0.0139387943
    14.100   -0.0143612596
    14.110   -0.0106863838
    14.120   -0.0071612615
    14.130   -0.0049517073
    14.140   -0.0048775975
    14.150   -0.0063539217
    14.160   -0.0074290726
    14.170   -0.0058785905
    14.180   -0.0007231557
    14.190    0.0059265335
    14.200    0.0110499996
    14.210    0.0118357554
    14.220    0.0093567196
    14.230    0.0043225165
    14.240   -0.0044186205
    14.250   -0.0153566977
    14.260   -0.0231748729
    14.270   -0.0259935197
    14.280   -0.0270186209
    14.290   -0.0277213081
    14.300   -0.0263563630
    14.310   -0.0211287765
    14.320   -0.0122282398
    14.330   -0.0001859072
    14.340    0.0135028907
    14.350    0.0221784849
    14.360    0.0247163740
    14.370    0.0240759292
    14.380    0.0212646261
    14.390    0.0175885824
    14.400    0.0137977483
    14.410    0.0106289350
    14.420    0.0083045017
    14.430    0.0053625713
    14.440    0.0007854750
    14.450   -0.0060583398
    14.460   -0.0144463240
    14.470   -0.0200907397
    14.480   -0.0222497859
    14.490   -0.0224503467
    14.500   -0.0206891992
    14.510   -0.0170357596
    14.520   -0.0111220360
    14.530   -0.0042880376
    14.540   -0.0000434711
    14.550    0.0012321088
    14.560    0.0004073407
    14.570   -0.0015328406
    14.580   -0.0033199110
    14.590   -0.0034021303
    14.600   -0.0010694360
    14.610    0.0039030005
    14.620    0.0140945203
    14.630    0.0235910367
    14.640    0.0267446599
    14.650    0.0269630940
    14.660    0.0268269746
    14.670    0.0260316686
    14.680    0.0238921181
    14.690    0.0207063592
    14.700    0.0179485282
    14.710    0.0162312213
    14.720    0.0124152847
    14.730    0.0017734655
    14.740   -0.0106936573
    14.750   -0.0159106921
    14.760   -0.0147158574
    14.770   -0.0114378123
    14.780   -0.0045043613
    14.790    0.0074141708
    14.800    0.0168185562
    14.810    0.0198472512
    14.820    0.0187937545
    14.830    0.0158484165
    14.840    0.0122033554
    14.850    0.0091501382
    14.860    0.0087388197
    14.870    0.0107662925
    14.880    0.0133661763
    14.890    0.0153826982
    14.900    0.0173775031
    14.910    0.0199420432
    14.920    0.0209083725
    14.930    0.0160582244
    14.940    0.0040067291
    14.950   -0.0055085550
    14.960   -0.0073538429
    14.970   -0.0066303479
    14.980   -0.0068660787
    14.990   -0.0077062010
    15.000   -0.0080236256
    15.010   -0.0076688098
    15.020   -0.0079335348
    15.030   -0.0103227126
    15.040   -0.0138208069
    15.050   -0.0161494277
    15.060   -0.0153513719
    15.070   -0.0089405853
    15.080    0.0009564735
    15.090    0.0083139779
    15.100    0.0125883555
    15.110    0.0157442665
    15.120    0.0174753775
    15.130    0.0167160287
    15.140    0.0133336341
    15.150    0.0088895785
    15.160    0.0064775416
    15.170    0.0077408832
    15.180    0.0108490544
    15.190    0.0132984825
    15.200    0.0127326428
    15.210    0.0085797858
    15.220    0.0011499607
    15.230   -0.0080158458
    15.240   -0.0153570784
    15.250   -0.0181672542
    15.260   -0.0158091034
    15.270   -0.0103948415
    15.280   -0.0048700468
    15.290   -0.0002970579
    15.300    0.0031513269
    15.310    0.0047893952
    15.320    0.0051888389
    15.330    0.0048980505
    15.340    0.0037464540
    15.350    0.0028312916
    15.360    0.0040574477
    15.370    0.0067972725
    15.380    0.0079462449
    15.390    0.0053393648
    15.400   -0.0007629205
    15.410   -0.0052874303
    15.420   -0.0122365555
    15.430   -0.0181784601
    15.440   -0.0179915926
    15.450   -0.0163958507
    15.460   -0.0166443766
    15.470   -0.0160724276
    15.480   -0.0131575067
    15.490   -0.0100324047
    15.500   -0.0084219347
    15.510   -0.0072559353
    15.520   -0.0045204384
    15.530   -0.0001308982
    15.540    0.0042076780
    15.550    0.0086652531
    15.560    0.0114899316
    15.570    0.0121030417
    15.580    0.0124603116
    15.590    0.0133810042
    15.600    0.0138847124
    15.610    0.0139786100
    15.620    0.0151576929
    15.630    0.0171360215
    15.640    0.0164523644
    15.650    0.0117114740
    15.660    0.0006227515
    15.670   -0.0116019723
    15.680   -0.0167700108
    15.690   -0.0164378544
    15.700   -0.0141080214
    15.710   -0.0103934112
    15.720   -0.0041470840
    15.730    0.0023851685
    15.740    0.0060469675
    15.750    0.0072589363
    15.760    0.0074426217
    15.770    0.0072946644
    15.780    0.0069006204
    15.790    0.0063111049
    15.800    0.0056743449
    15.810    0.0046633915
    15.820    0.0030528535
    15.830    0.0012216805
    15.840   -0.0004177560
    15.850   -0.0018461779
    15.860   -0.0028211404
    15.870   -0.0032445135
    15.880   -0.0027135936
    15.890   -0.0012632891
    15.900   -0.0003047385
    15.910   -0.0006803925
    15.920   -0.0014826900
    15.930   -0.0016385110
    15.940    0.0002499243
    15.950    0.0035224897
    15.960    0.0059105968
    15.970    0.0070974336
    15.980    0.0065001013
    15.990    0.0047700066
    16.000    0.0045312156
    16.010    0.0059607943
    16.020    0.0076559185
    16.030    0.0087167405
    16.040    0.0089974539
    16.050    0.0077048409
    16.060    0.0052189419
    16.070    0.0024505195
    16.080   -0.0006635337
    16.090   -0.0035566474
    16.100   -0.0050738637
    16.110   -0.0042832182
    16.120   -0.0019807835
    16.130    0.0016240147
    16.140    0.0055282134
    16.150    0.0100717806
    16.160    0.0125692700
    16.170    0.0115042125
    16.180    0.0089960975
    16.190    0.0048085399
    16.200   -0.0012320275
    16.210   -0.0059018745
    16.220   -0.0111260609
    16.230   -0.0170982681
    16.240   -0.0187881959
    16.250   -0.0172973246
    16.260   -0.0151125846
    16.270   -0.0113596555
    16.280   -0.0048519517
    16.290    0.0013005410
    16.300    0.0086649390
    16.310    0.0169819660
    16.320    0.0192473133
    16.330    0.0174692497
    16.340    0.0140910610
    16.350    0.0104866065
    16.360    0.0084286686
    16.370    0.0080036309
    16.380    0.0076031081
    16.390    0.0077597913
    16.400    0.0094495602
    16.410    0.0113130356
    16.420    0.0125325366
    16.430    0.0124876168
    16.440    0.0109817329
    16.450    0.0088128963
    16.460    0.0077024016
    16.470    0.0087390045
    16.480    0.0092262623
    16.490    0.0062532606
    16.500    0.0013865065
    16.510   -0.0030986333
    16.520   -0.0055651981
    16.530   -0.0038459508
    16.540   -0.0000310389
    16.550    0.0029076396
    16.560    0.0059184654
    16.570    0.0082773998
    16.580    0.0093673933
    16.590    0.0116867966
    16.600    0.0148242429
    16.610    0.0188952693
    16.620    0.0236815858
    16.630    0.0292745215
    16.640    0.0296756098
    16.650    0.0242643194
    16.660    0.0164047541
    16.670    0.0094892355
    16.680    0.0054233131
    16.690    0.0021617686
    16.700   -0.0013365493
    16.710   -0.0048437395
    16.720   -0.0082959568
    16.730   -0.0117004898
    16.740   -0.0140621813
    16.750   -0.0154246206
    16.760   -0.0162059673
    16.770   -0.0166839448
    16.780   -0.0168910732
    16.790   -0.0164256025
    16.800   -0.0139910873
    16.810   -0.0086032030
    16.820   -0.0016427299
    16.830    0.0032852772
    16.840    0.0049034021
    16.850    0.0047480346
    16.860    0.0045230773
    16.870    0.0050392443
    16.880    0.0055654272
    16.890    0.0048580869
    16.900    0.0023592966
    16.910   -0.0007111131
    16.920   -0.0037562296
    16.930   -0.0057288037
    16.940   -0.0062821514
    16.950   -0.0067040956
    16.960   -0.0082569061
    16.970   -0.0105756441
    16.980   -0.0122080565
    16.990   -0.0124175946
    17.000   -0.0106530654
    17.010   -0.0077028452
    17.020   -0.0046123809
    17.030   -0.0022059581
    17.040   -0.0015327408
    17.050   -0.0028185777
    17.060   -0.0047227289
    17.070   -0.0055046743
    17.080   -0.0044444363
    17.090   -0.0023283983
    17.100   -0.0004925256
    17.110    0.0011873779
    17.120    0.0028473757
    17.130    0.0037165173
    17.140    0.0036770231
    17.150    0.0039530169
    17.160    0.0048824760
    17.170    0.0060839153
    17.180    0.0079144677
    17.190    0.0098774843
    17.200    0.0109847081
    17.210    0.0107704097
    17.220    0.0084812055
    17.230    0.0047948614
    17.240   -0.0010174375
    17.250   -0.0089506271
    17.260   -0.0149826965
    17.270   -0.0177954077
    17.280   -0.0183227326
    17.290   -0.0174627080
    17.300   -0.0159197951
    17.310   -0.0133013320
    17.320   -0.0104756667
    17.330   -0.0081246378
    17.340   -0.0053768226
    17.350   -0.0026829857
    17.360   -0.0012870119
    17.370   -0.0013921154
    17.380   -0.0021956163
    17.390   -0.0027412887
    17.400   -0.0028803696
    17.410   -0.0027555858
    17.420   -0.0026151774
    17.430   -0.0028330977
    17.440   -0.0035593646
    17.450   -0.0041921886
    17.460   -0.0036313180
    17.470   -0.0017624410
    17.480    0.0000280166
    17.490    0.0008457363
    17.500    0.0006565762
    17.510    0.0001010825
    17.520    0.0004952694
    17.530    0.0019173303
    17.540    0.0031466177
    17.550    0.0029827503
    17.560    0.0017321559
    17.570    0.0001012707
    17.580   -0.0013556459
    17.590   -0.0023958193
    17.600   -0.0029955998
    17.610   -0.0034747444
    17.620   -0.0041376558
    17.630   -0.0053335142
    17.640   -0.0065894012
    17.650   -0.0078442570
    17.660   -0.0083140223
    17.670   -0.0073974174
    17.680   -0.0055570154
    17.690   -0.0042142086
    17.700   -0.0034685483
    17.710   -0.0028826181
    17.720   -0.0025435112
    17.730   -0.0025737454
    17.740   -0.0016219956
    17.750    0.0004128727
    17.760    0.0021525312
    17.770    0.0032524744
    17.780    0.0036589905
    17.790    0.0032254885
    17.800    0.0024509101
    17.810    0.0018551164
    17.820    0.0015401714
    17.830    0.0014273604
    17.840    0.0016274781
    17.850    0.0020840597
    17.860    0.0033955077
    17.870    0.0055908179
    17.880    0.0075839116
    17.890    0.0091307829
    17.900    0.0108148010
    17.910    0.0120708986
    17.920    0.0124348840
    17.930    0.0114699665
    17.940    0.0098472188
    17.950    0.0068358649
    17.960    0.0004405899
    17.970   -0.0090105410
    17.980   -0.0163314093
    17.990   -0.0194856312
    18.000   -0.0190016959
    18.010   -0.0164740962
    18.020   -0.0127528815
    18.030   -0.0076789069
    18.040   -0.0018726848
    18.050    0.0046550166
    18.060    0.0106019107
    18.070    0.0141032611
    18.080    0.0159405400
    18.090    0.0167807769
    18.100    0.0159862544
    18.110    0.0137978074
    18.120    0.0114637204
    18.130    0.0091240305
    18.140    0.0064374450
    18.150    0.0034210651
    18.160    0.0000032441
    18.170   -0.0040194208
    18.180   -0.0098373027
    18.190   -0.0163350830
    18.200   -0.0202421452
    18.210   -0.0212745828
    18.220   -0.0210107263
    18.230   -0.0207660625
    18.240   -0.0203921500
    18.250   -0.0192641406
    18.260   -0.0176638417
    18.270   -0.0162161125
    18.280   -0.0145631287
    18.290   -0.0119931409
    18.300   -0.0088048910
    18.310   -0.0052242344
    18.320   -0.0004281204
    18.330    0.0044757219
    18.340    0.0080353490
    18.350    0.0108621231
    18.360    0.0124324780
    18.370    0.0126066280
    18.380    0.0116891619
    18.390    0.0098339099
    18.400    0.0073268482
    18.410    0.0045247515
    18.420    0.0021912507
    18.430    0.0004984911
    18.440   -0.0010654828
    18.450   -0.0028447276
    18.460   -0.0042651822
    18.470   -0.0052629635
    18.480   -0.0059021961
    18.490   -0.0062114158
    18.500   -0.0061723208
    18.510   -0.0058289622
    18.520   -0.0051199033
    18.530   -0.0039142803
    18.540   -0.0023745543
    18.550   -0.0005545314
    18.560    0.0008984167
    18.570    0.0012204701
    18.580    0.0006681030
    18.590   -0.0001141109
    18.600   -0.0005019057
    18.610   -0.0007444758
    18.620   -0.0008772434
    18.630   -0.0002454165
    18.640    0.0015471473
    18.650    0.0037616329
    18.660    0.0055021315
    18.670    0.0066667487
    18.680    0.0075992237
    18.690    0.0079712032
    18.700    0.0074149026
    18.710    0.0062314143
    18.720    0.0050553990
    18.730    0.0039457434
    18.740    0.0027811159
    18.750    0.0017425065
    18.760    0.0008648455
    18.770   -0.0002249596
    18.780   -0.0010265741
    18.790   -0.0009478732
    18.800   -0.0005709408
    18.810   -0.0003432716
    18.820    0.0002079126
    18.830    0.0020351854
    18.840    0.0048456503
    18.850    0.0078612433
    18.860    0.0107429345
    18.870    0.0129108287
    18.880    0.0138663882
    18.890    0.0140009775
    18.900    0.0130584423
    18.910    0.0107306938
    18.920    0.0079493088
    18.930    0.0054314256
    18.940    0.0032350539
    18.950    0.0014376841
    18.960   -0.0006008926
    18.970   -0.0028487080
    18.980   -0.0047504776
    18.990   -0.0060757178
    19.000   -0.0066892085
    19.010   -0.0065576610
    19.020   -0.0059175007
    19.030   -0.0054075502
    19.040   -0.0054561732
    19.050   -0.0060484865
    19.060   -0.0065567703
    19.070   -0.0065225833
    19.080   -0.0061512136
    19.090   -0.0055099446
    19.100   -0.0039779530
    19.110   -0.0010523011
    19.120    0.0019170956
    19.130    0.0030723297
    19.140    0.0025355255
    19.150    0.0014963463
    19.160    0.0005110545
    19.170   -0.0004416824
    19.180   -0.0016952562
    19.190   -0.0039707608
    19.200   -0.0063210505
    19.210   -0.0070486775
    19.220   -0.0066590760
    19.230   -0.0059999374
    19.240   -0.0052185353
    19.250   -0.0043259869
    19.260   -0.0033607630
    19.270   -0.0025052836
    19.280   -0.0017822462
    19.290   -0.0011296216
    19.300   -0.0004524899
    19.310    0.0001001116
    19.320    0.0003965986
    19.330    0.0002872765
    19.340   -0.0001211578
    19.350   -0.0004682677
    19.360   -0.0007434110
    19.370   -0.0011353679
    19.380   -0.0016305893
    19.390   -0.0020648437
    19.400   -0.0022680234
    19.410   -0.0022539898
    19.420   -0.0021109462
    19.430   -0.0019052570
    19.440   -0.0017053759
    19.450   -0.0015312609
    19.460   -0.0013581558
    19.470   -0.0012046084
    19.480   -0.0010688601
    19.490   -0.0009487569
    19.500   -0.0008578418
    19.510   -0.0008025788
    19.520   -0.0007801097
    19.530   -0.0007575252
    19.540   -0.0007084298
    19.550   -0.0006173914
    19.560   -0.0004702446
    19.570   -0.0003017114
    19.580   -0.0001355343
    19.590    0.0000186058
    19.600    0.0001624104
    19.610    0.0003001886
    19.620    0.0004260921
    19.630    0.0005324467
    19.640    0.0006250563
    19.650    0.0007171935
    19.660    0.0008123536
    19.670    0.0009042333
    19.680    0.0009882710
    19.690    0.0010654658
    19.700    0.0011361474
    19.710    0.0012026337
    19.720    0.0012675471
    19.730    0.0013313325
    19.740    0.0013935852
    19.750    0.0014545873
    19.760    0.0015141257
    19.770    0.0015716263
    19.780    0.0016261298
    19.790    0.0016771108
    19.800    0.0017248657
    19.810    0.0017698964
    19.820    0.0018126389
    19.830    0.0018532744
    19.840    0.0018917127
    19.850    0.0019278640
    19.860    0.0019616746
    19.870    0.0019930944
    19.880    0.0020220875
    19.890    0.0020486365
    19.900    0.0020727300
