  -0.0000346346
  -0.0000341916
  -0.0000337416
  -0.0000332890
  -0.0000328285
  -0.0000323764
  -0.0000319209
  -0.0000314612
  -0.0000309930
  -0.0000305221
  -0.0000300414
  -0.0000295544
  -0.0000290444
  -0.0000285258
  -0.0000280408
  -0.0000276025
  -0.0000271846
  -0.0000267872
  -0.0000264262
  -0.0000261161
  -0.0000257274
  -0.0000251818
  -0.0000246299
  -0.0000240960
  -0.0000231448
  -0.0000215474
  -0.0000197589
  -0.0000185610
  -0.0000188709
  -0.0000202810
  -0.0000221845
  -0.0000236533
  -0.0000235245
  -0.0000218549
  -0.0000194590
  -0.0000170042
  -0.0000143503
  -0.0000120262
  -0.0000109004
  -0.0000117967
  -0.0000135228
  -0.0000144236
  -0.0000130114
  -0.0000091336
  -0.0000035160
   0.0000031483
   0.0000083161
   0.0000077211
   0.0000002768
  -0.0000068370
  -0.0000115709
  -0.0000138838
  -0.0000128775
  -0.0000066114
  -0.0000008115
   0.0000030450
  -0.0000049588
  -0.0000238931
  -0.0000364265
  -0.0000376175
  -0.0000416186
  -0.0000616752
  -0.0000885038
  -0.0001058184
  -0.0001119243
  -0.0001027603
  -0.0000585503
   0.0000068142
   0.0000485543
   0.0000492010
   0.0000136813
  -0.0000267896
  -0.0000245939
   0.0000186950
   0.0000579738
   0.0000606430
   0.0000482381
   0.0000636821
   0.0000964209
   0.0001006754
   0.0000631451
   0.0000049809
  -0.0000316913
  -0.0000236924
  -0.0000095386
  -0.0000382461
  -0.0001004566
  -0.0001437981
  -0.0001523680
  -0.0001502326
  -0.0001577276
  -0.0001718455
  -0.0001831045
  -0.0001816431
  -0.0001376167
  -0.0000755091
   0.0000123636
   0.0001299292
   0.0002218346
   0.0002428791
   0.0001967831
   0.0001247119
   0.0000303930
  -0.0000747433
  -0.0001797367
  -0.0002392897
  -0.0001584252
   0.0000634318
   0.0003521027
   0.0005260185
   0.0004809465
   0.0003555405
   0.0002848414
   0.0002135084
   0.0001333556
   0.0001474864
   0.0002775253
   0.0003396451
   0.0002352542
   0.0000458933
  -0.0001446270
  -0.0002866130
  -0.0003309978
  -0.0002867887
  -0.0001528537
   0.0002255545
   0.0007637219
   0.0011768451
   0.0011780528
   0.0007284512
   0.0000609673
  -0.0004602194
  -0.0007476512
  -0.0007734501
  -0.0005656410
  -0.0002346565
   0.0000271821
   0.0001244833
   0.0002611882
   0.0004734967
   0.0005976089
   0.0004222364
  -0.0000528424
  -0.0004947726
  -0.0006423934
  -0.0004151607
  -0.0001808037
  -0.0004118823
  -0.0009822928
  -0.0014686596
  -0.0017489758
  -0.0016573338
  -0.0012446910
  -0.0005357584
   0.0005014124
   0.0015321224
   0.0018619629
   0.0014332312
   0.0011691776
   0.0014298199
   0.0020473382
   0.0024860163
   0.0024679054
   0.0020401982
   0.0015978585
   0.0011608725
   0.0008625140
   0.0006988893
   0.0004451484
   0.0001097610
  -0.0008817763
  -0.0026744587
  -0.0047907614
  -0.0065085853
  -0.0073412955
  -0.0070731249
  -0.0058675523
  -0.0042122448
  -0.0026011258
  -0.0014926859
  -0.0013841463
  -0.0020018518
  -0.0019983063
  -0.0006194561
   0.0017283175
   0.0040843857
   0.0057141062
   0.0063996424
   0.0064143778
   0.0058217689
   0.0045264549
   0.0027395336
   0.0008683505
  -0.0003729922
  -0.0014289403
  -0.0026769742
  -0.0039714203
  -0.0048461710
  -0.0050890947
  -0.0046439529
  -0.0044671655
  -0.0049723961
  -0.0062432136
  -0.0078817140
  -0.0086763670
  -0.0082137027
  -0.0072277985
  -0.0052929292
  -0.0023764675
   0.0001459065
   0.0018334647
   0.0034131881
   0.0052350588
   0.0067811029
   0.0072028955
   0.0061405136
   0.0044677558
   0.0032872152
   0.0026644846
   0.0018523901
   0.0001019670
  -0.0022069862
  -0.0036299051
  -0.0038352876
  -0.0037751343
  -0.0046837984
  -0.0064425546
  -0.0072351750
  -0.0063540622
  -0.0039565012
  -0.0005927921
   0.0027624879
   0.0060216239
   0.0085805666
   0.0102893741
   0.0105775985
   0.0097723165
   0.0088760677
   0.0076830531
   0.0054967442
   0.0030674432
   0.0015176917
   0.0008148479
   0.0004844273
   0.0003153487
   0.0004146261
   0.0013119558
   0.0023484763
   0.0022439956
   0.0006479130
  -0.0005500591
  -0.0004776802
   0.0000862365
   0.0003163736
  -0.0002158414
  -0.0006382349
  -0.0004471243
  -0.0000721661
  -0.0000521282
  -0.0006687276
  -0.0016301522
  -0.0024173352
  -0.0025699272
  -0.0016738134
  -0.0000482939
   0.0016803849
   0.0030301875
   0.0046874241
   0.0070377318
   0.0093113624
   0.0104002423
   0.0104171003
   0.0101687723
   0.0100030399
   0.0090721720
   0.0064506739
   0.0019487566
  -0.0033546004
  -0.0073876439
  -0.0090247174
  -0.0078265623
  -0.0056812267
  -0.0037845416
  -0.0022297352
  -0.0014348458
  -0.0026832601
  -0.0059352190
  -0.0095522905
  -0.0123110413
  -0.0131845723
  -0.0110604436
  -0.0071340620
  -0.0028082283
   0.0004430955
   0.0022563855
   0.0033735595
   0.0045123704
   0.0056823838
   0.0064750843
   0.0062407958
   0.0042689679
   0.0004579249
  -0.0039488648
  -0.0079495116
  -0.0106710535
  -0.0118472706
  -0.0122533839
  -0.0110297512
  -0.0069124880
  -0.0007560589
   0.0042511424
   0.0062202144
   0.0052670744
   0.0022046700
  -0.0015743493
  -0.0048048694
  -0.0062408428
  -0.0062511452
  -0.0056404273
  -0.0040556264
  -0.0028925126
  -0.0027736288
  -0.0024361947
  -0.0009327372
   0.0020144353
   0.0050255189
   0.0068171957
   0.0060971186
   0.0023964195
  -0.0034761912
  -0.0093924608
  -0.0127079290
  -0.0116010223
  -0.0067756673
  -0.0002459806
   0.0062227397
   0.0102918564
   0.0111256768
   0.0087341632
   0.0040212341
  -0.0006353724
  -0.0028491176
  -0.0018938514
   0.0019581343
   0.0080167072
   0.0144277544
   0.0196761198
   0.0236367881
   0.0263663222
   0.0275221671
   0.0267795540
   0.0242159810
   0.0208103277
   0.0172692844
   0.0136847719
   0.0112133249
   0.0104204035
   0.0106067858
   0.0105173513
   0.0086782063
   0.0060984301
   0.0033781000
   0.0008269200
  -0.0005183947
  -0.0010874933
  -0.0028744838
  -0.0061730686
  -0.0098257071
  -0.0121978179
  -0.0117937061
  -0.0087896432
  -0.0037917480
   0.0034660353
   0.0117699759
   0.0200648414
   0.0258115222
   0.0275906155
   0.0252411834
   0.0187376350
   0.0094450949
  -0.0005118780
  -0.0082337154
  -0.0101676406
  -0.0067002879
  -0.0013507558
   0.0033189708
   0.0069683569
   0.0107056823
   0.0144132712
   0.0165296032
   0.0168251160
   0.0163701468
   0.0151870965
   0.0123312181
   0.0076146027
   0.0018565423
  -0.0037293606
  -0.0086063256
  -0.0132037582
  -0.0168094190
  -0.0198080912
  -0.0214371726
  -0.0209670633
  -0.0193765473
  -0.0197174781
  -0.0224437872
  -0.0265927573
  -0.0308614046
  -0.0332612055
  -0.0324116588
  -0.0292649448
  -0.0248531850
  -0.0203733481
  -0.0164341858
  -0.0135206441
  -0.0120677756
  -0.0116933808
  -0.0116683606
  -0.0123197801
  -0.0124315629
  -0.0101043659
  -0.0061197972
  -0.0014815991
   0.0043018611
   0.0104307177
   0.0145310232
   0.0151718745
   0.0130070637
   0.0098519822
   0.0070899223
   0.0045427500
   0.0029458289
   0.0025023935
   0.0026596842
   0.0026207554
   0.0013842411
  -0.0008830028
  -0.0026453847
  -0.0036314785
  -0.0049912947
  -0.0063823016
  -0.0063998594
  -0.0054042137
  -0.0053455106
  -0.0071548917
  -0.0098114447
  -0.0109908400
  -0.0091398836
  -0.0046578967
   0.0022900234
   0.0115367077
   0.0196855603
   0.0232243382
   0.0214092225
   0.0154433248
   0.0085997583
   0.0040983803
   0.0016938947
  -0.0004584435
  -0.0027210162
  -0.0041187350
  -0.0042883571
  -0.0028051089
   0.0000145700
   0.0028418017
   0.0049598010
   0.0061865550
   0.0065420375
   0.0064712025
   0.0063808142
   0.0063603676
   0.0063426887
   0.0062850391
   0.0063080129
   0.0077000910
   0.0102340270
   0.0119116145
   0.0120981220
   0.0104756275
   0.0073605967
   0.0027439568
  -0.0029535025
  -0.0083826191
  -0.0129675660
  -0.0147821931
  -0.0123352269
  -0.0070178306
  -0.0010314922
   0.0038428733
   0.0055065306
   0.0033883633
  -0.0006849233
  -0.0044004976
  -0.0075600746
  -0.0097635386
  -0.0106324882
  -0.0106578251
  -0.0105142827
  -0.0099946216
  -0.0077893965
  -0.0032417405
   0.0031149408
   0.0096591909
   0.0147501834
   0.0169951661
   0.0158769562
   0.0112750223
   0.0051618393
   0.0001700952
  -0.0039122501
  -0.0083658706
  -0.0136558992
  -0.0191141583
  -0.0237719650
  -0.0270958203
  -0.0300566367
  -0.0321175962
  -0.0330678806
  -0.0338121551
  -0.0350236265
  -0.0367299518
  -0.0364184937
  -0.0323249157
  -0.0249850783
  -0.0161757821
  -0.0073935583
  -0.0001575053
   0.0046633890
   0.0079342621
   0.0114324577
   0.0156576455
   0.0200492050
   0.0221487083
   0.0197872557
   0.0127592517
   0.0022111396
  -0.0094898229
  -0.0189188495
  -0.0244741189
  -0.0266291901
  -0.0264989778
  -0.0242657048
  -0.0202601990
  -0.0155734883
  -0.0117043185
  -0.0096221873
  -0.0095447713
  -0.0102589945
  -0.0102907873
  -0.0083318652
  -0.0058571052
  -0.0047094754
  -0.0045165160
  -0.0034190166
  -0.0008248857
   0.0027577579
   0.0054325957
   0.0065050906
   0.0072694852
   0.0076782195
   0.0069987248
   0.0067818749
   0.0087436232
   0.0132113673
   0.0185369141
   0.0225831469
   0.0255835821
   0.0272559764
   0.0277556385
   0.0280962194
   0.0280256992
   0.0261920933
   0.0229857459
   0.0192434950
   0.0150609770
   0.0102528162
   0.0064669494
   0.0050810927
   0.0058481358
   0.0083738178
   0.0106727950
   0.0114622744
   0.0112915871
   0.0122713912
   0.0152156604
   0.0200482277
   0.0265546044
   0.0335210830
   0.0392380545
   0.0419208944
   0.0404785706
   0.0354636747
   0.0266554984
   0.0140033974
   0.0009594585
  -0.0088385813
  -0.0148292862
  -0.0179673102
  -0.0201944088
  -0.0218142060
  -0.0220699007
  -0.0204040737
  -0.0174941754
  -0.0143352825
  -0.0106946508
  -0.0068691066
  -0.0038854200
  -0.0018625977
  -0.0006669402
  -0.0002703486
  -0.0002746115
  -0.0000027465
   0.0000213825
   0.0006135985
   0.0024604038
   0.0050122025
   0.0079658907
   0.0099538594
   0.0114681263
   0.0126470681
   0.0105706852
   0.0036502833
  -0.0050211055
  -0.0112245850
  -0.0139332308
  -0.0144457949
  -0.0134270484
  -0.0108286609
  -0.0077007282
  -0.0053238952
  -0.0050223134
  -0.0060546539
  -0.0075044148
  -0.0097494404
  -0.0117137434
  -0.0126785814
  -0.0130227959
  -0.0126971223
  -0.0110664402
  -0.0075966580
  -0.0033196197
   0.0007325251
   0.0047018253
   0.0081445369
   0.0101643902
   0.0103925746
   0.0092532008
   0.0065387988
   0.0028116860
  -0.0014746382
  -0.0048624818
  -0.0051733340
  -0.0025149261
   0.0012153453
   0.0045874878
   0.0081911980
   0.0124074496
   0.0177957962
   0.0244880744
   0.0317297346
   0.0379918312
   0.0411824640
   0.0415193118
   0.0403488274
   0.0378806952
   0.0356950939
   0.0335702400
   0.0312239352
   0.0290811190
   0.0265370720
   0.0225503886
   0.0174952973
   0.0132661495
   0.0099769133
   0.0081053520
   0.0073131754
   0.0056660769
   0.0033641659
   0.0010576099
  -0.0014592121
  -0.0034238854
  -0.0050186272
  -0.0066562616
  -0.0081834013
  -0.0089440705
  -0.0090219243
  -0.0089252892
  -0.0089299059
  -0.0090213086
  -0.0090995416
  -0.0082003609
  -0.0058296438
  -0.0029504319
   0.0001573023
   0.0031347307
   0.0055904475
   0.0071072045
   0.0080596331
   0.0076789329
   0.0052652449
   0.0007331112
  -0.0045082248
  -0.0091029151
  -0.0113847314
  -0.0129874321
  -0.0152982989
  -0.0192816615
  -0.0254841540
  -0.0329489265
  -0.0409102338
  -0.0475305414
  -0.0521392811
  -0.0535651084
  -0.0516111998
  -0.0471295061
  -0.0417773324
  -0.0364966758
  -0.0308924038
  -0.0250936928
  -0.0196759243
  -0.0153202524
  -0.0114910122
  -0.0075872409
  -0.0049944884
  -0.0043469468
  -0.0047027596
  -0.0057654054
  -0.0079962664
  -0.0099524345
  -0.0106177626
  -0.0102033503
  -0.0090775607
  -0.0089379313
  -0.0097343532
  -0.0103913432
  -0.0104624088
  -0.0100581211
  -0.0083377973
  -0.0059495849
  -0.0045892528
  -0.0045170574
  -0.0049263410
  -0.0051300054
  -0.0056748763
  -0.0077192085
  -0.0099262005
  -0.0103497835
  -0.0083111059
  -0.0042599457
   0.0004946950
   0.0044405249
   0.0066146374
   0.0072742231
   0.0063212394
   0.0035456560
  -0.0003618027
  -0.0054284110
  -0.0099702600
  -0.0136208013
  -0.0169067226
  -0.0203722145
  -0.0244670629
  -0.0301659549
  -0.0369308408
  -0.0437358147
  -0.0494195979
  -0.0533266138
  -0.0545973668
  -0.0520242556
  -0.0467917006
  -0.0411142892
  -0.0347411544
  -0.0259196285
  -0.0157515208
  -0.0073412994
  -0.0019641876
  -0.0000962709
  -0.0021766417
  -0.0069364957
  -0.0141959873
  -0.0248408127
  -0.0382125003
  -0.0506567326
  -0.0601018002
  -0.0667537129
  -0.0716859312
  -0.0742437383
  -0.0727282947
  -0.0662092525
  -0.0550268408
  -0.0402687298
  -0.0238129520
  -0.0074398832
   0.0080429783
   0.0231242064
   0.0376664957
   0.0525461214
   0.0678211728
   0.0821960546
   0.0939363740
   0.1015763527
   0.1041045092
   0.1010993243
   0.0930866123
   0.0819666096
   0.0683085212
   0.0544240370
   0.0438614338
   0.0387626289
   0.0382872619
   0.0411837736
   0.0465079776
   0.0525231163
   0.0579279848
   0.0619976195
   0.0647923575
   0.0659220895
   0.0641277506
   0.0588741646
   0.0482899050
   0.0316322219
   0.0123634956
  -0.0056867170
  -0.0205699176
  -0.0307730588
  -0.0351047209
  -0.0343059340
  -0.0289388080
  -0.0208335282
  -0.0124271320
  -0.0037962572
   0.0061101124
   0.0170490492
   0.0281189704
   0.0379017067
   0.0458351616
   0.0514219013
   0.0534042291
   0.0496539293
   0.0398042692
   0.0245447760
   0.0058607739
  -0.0134219509
  -0.0313383157
  -0.0463059940
  -0.0577683759
  -0.0666377297
  -0.0730124477
  -0.0746802878
  -0.0713036792
  -0.0640019751
  -0.0543031869
  -0.0422021742
  -0.0276917637
  -0.0120050109
   0.0030185755
   0.0158241520
   0.0245010135
   0.0292706325
   0.0317259428
   0.0313529944
   0.0278699994
   0.0221505065
   0.0168448492
   0.0137734324
   0.0126336716
   0.0120193613
   0.0113131107
   0.0108634637
   0.0107775728
   0.0103526430
   0.0082777886
   0.0069763100
   0.0091172342
   0.0137236890
   0.0187471341
   0.0228303784
   0.0258737161
   0.0284613887
   0.0311374853
   0.0328610889
   0.0340895258
   0.0362241720
   0.0381096126
   0.0379294418
   0.0351419161
   0.0312000115
   0.0273957270
   0.0245433687
   0.0235523514
   0.0249786478
   0.0288002301
   0.0343201436
   0.0414482638
   0.0477571914
   0.0519072951
   0.0538688069
   0.0527369054
   0.0482835723
   0.0400678212
   0.0291981772
   0.0163331060
   0.0025609519
  -0.0086686642
  -0.0157977303
  -0.0200995152
  -0.0235791874
  -0.0268272451
  -0.0293881794
  -0.0308944561
  -0.0304375988
  -0.0272544909
  -0.0219943572
  -0.0160916854
  -0.0104491218
  -0.0066448803
  -0.0070016156
  -0.0118474387
  -0.0184532064
  -0.0245307618
  -0.0305242050
  -0.0365898299
  -0.0422213874
  -0.0480560622
  -0.0547757784
  -0.0627430862
  -0.0715360170
  -0.0802109709
  -0.0878068744
  -0.0935304914
  -0.0974964371
  -0.0995444574
  -0.0996068468
  -0.0987163912
  -0.0966778309
  -0.0927173776
  -0.0862358433
  -0.0770116207
  -0.0650663273
  -0.0516733741
  -0.0376865494
  -0.0247801629
  -0.0137949071
  -0.0056023780
  -0.0008608306
   0.0005472181
  -0.0000905870
  -0.0025572519
  -0.0060059445
  -0.0090240352
  -0.0094910035
  -0.0054848801
   0.0047122118
   0.0208925167
   0.0422240065
   0.0671480637
   0.0941252034
   0.1208939878
   0.1456247591
   0.1658838245
   0.1800696032
   0.1884619091
   0.1916768762
   0.1894251913
   0.1820617624
   0.1698370265
   0.1538754185
   0.1352288403
   0.1158464313
   0.0960932239
   0.0752423197
   0.0533249133
   0.0311345535
   0.0105166692
  -0.0068630397
  -0.0197650911
  -0.0272122139
  -0.0291784362
  -0.0263637227
  -0.0203270252
  -0.0133424357
  -0.0076448201
  -0.0049730587
  -0.0049999592
  -0.0077724505
  -0.0135359717
  -0.0210824993
  -0.0287332085
  -0.0349443694
  -0.0379599915
  -0.0377117436
  -0.0340011213
  -0.0285661919
  -0.0235129867
  -0.0196393742
  -0.0175201162
  -0.0173363784
  -0.0192943525
  -0.0234902552
  -0.0294497087
  -0.0351425806
  -0.0380828547
  -0.0383535799
  -0.0371680650
  -0.0333403259
  -0.0267942522
  -0.0180907208
  -0.0079627928
   0.0046703746
   0.0188971911
   0.0311823619
   0.0379985548
   0.0389999313
   0.0346701650
   0.0246858948
   0.0088820056
  -0.0108032146
  -0.0317479119
  -0.0514632792
  -0.0686106366
  -0.0836551289
  -0.0964831183
  -0.1054533466
  -0.1107316772
  -0.1134032198
  -0.1141737634
  -0.1129545324
  -0.1095741124
  -0.1051360639
  -0.1008642502
  -0.0968129297
  -0.0925607787
  -0.0871356611
  -0.0799089337
  -0.0703844722
  -0.0592753758
  -0.0464183809
  -0.0314158724
  -0.0142055177
   0.0044891914
   0.0234376582
   0.0425930263
   0.0611814565
   0.0769301745
   0.0884483980
   0.0965538340
   0.1027165220
   0.1081649379
   0.1124257084
   0.1145827147
   0.1145311731
   0.1112219770
   0.1043975163
   0.0937619106
   0.0777501879
   0.0551606691
   0.0279909863
  -0.0007638888
  -0.0296221394
  -0.0589047143
  -0.0888950721
  -0.1192770638
  -0.1461166812
  -0.1664179258
  -0.1796134691
  -0.1851757573
  -0.1805632453
  -0.1647818863
  -0.1396119072
  -0.1096423263
  -0.0793711774
  -0.0503279376
  -0.0237356690
  -0.0002302681
   0.0195415292
   0.0330745652
   0.0389567356
   0.0366371301
   0.0275817028
   0.0144941682
   0.0005992044
  -0.0105310254
  -0.0164001589
  -0.0166941863
  -0.0118733893
  -0.0025032183
   0.0108819029
   0.0277407839
   0.0471979546
   0.0665028069
   0.0831760287
   0.0956252452
   0.1031354219
   0.1068857412
   0.1065814368
   0.1019608720
   0.0946670253
   0.0863481910
   0.0784631113
   0.0713028387
   0.0633817171
   0.0532437993
   0.0406387463
   0.0260045734
   0.0093265219
  -0.0084339672
  -0.0247777979
  -0.0366523951
  -0.0418627659
  -0.0399960695
  -0.0318744693
  -0.0191240522
  -0.0016956484
   0.0189316303
   0.0381136780
   0.0522586066
   0.0601750960
   0.0626339439
   0.0619547366
   0.0589446458
   0.0531583267
   0.0440468428
   0.0335897464
   0.0229736667
   0.0117857491
  -0.0000127683
  -0.0122366607
  -0.0247814529
  -0.0375417952
  -0.0505200311
  -0.0632620202
  -0.0747073975
  -0.0844693568
  -0.0921079673
  -0.0965434358
  -0.0979544867
  -0.0972423060
  -0.0940934810
  -0.0875523719
  -0.0779125722
  -0.0659891893
  -0.0517204007
  -0.0357505445
  -0.0189423608
  -0.0028150732
   0.0121293381
   0.0262512381
   0.0390283309
   0.0499760202
   0.0576534677
   0.0610774156
   0.0598252504
   0.0555036542
   0.0492847533
   0.0410489289
   0.0315105510
   0.0225845151
   0.0146227407
   0.0093268249
   0.0076034813
   0.0084612039
   0.0109936193
   0.0140097301
   0.0171142062
   0.0189531187
   0.0194436608
   0.0207733671
   0.0248054353
   0.0316474674
   0.0403403251
   0.0495775258
   0.0591048997
   0.0679780062
   0.0748255893
   0.0786058719
   0.0788711635
   0.0752156010
   0.0685095080
   0.0596753166
   0.0493082079
   0.0383179289
   0.0272858029
   0.0163769838
   0.0058874028
  -0.0029456471
  -0.0102915046
  -0.0160379723
  -0.0190835089
  -0.0196203955
  -0.0179635497
  -0.0151854586
  -0.0140048242
  -0.0160298609
  -0.0190275285
  -0.0216716799
  -0.0232943699
  -0.0232465224
  -0.0212105225
  -0.0183122636
  -0.0152731711
  -0.0121349946
  -0.0092521981
  -0.0078212733
  -0.0077591146
  -0.0081998097
  -0.0098704664
  -0.0126112392
  -0.0159074121
  -0.0187344315
  -0.0223163112
  -0.0302989427
  -0.0437632761
  -0.0608342301
  -0.0789157859
  -0.0964602109
  -0.1131241486
  -0.1279150375
  -0.1393796867
  -0.1468393187
  -0.1500958200
  -0.1499675622
  -0.1465195733
  -0.1401623095
  -0.1307504889
  -0.1175820945
  -0.1006675439
  -0.0806437872
  -0.0588977952
  -0.0367856957
  -0.0149368277
   0.0058680937
   0.0245831439
   0.0405478205
   0.0533985022
   0.0643990622
   0.0759219766
   0.0893092029
   0.1033493869
   0.1173691458
   0.1300529869
   0.1411529946
   0.1495024958
   0.1537462616
   0.1536166161
   0.1490952059
   0.1390185243
   0.1231038843
   0.1021468087
   0.0777315805
   0.0521478420
   0.0279189219
   0.0057623035
  -0.0141056127
  -0.0317526029
  -0.0480525049
  -0.0630723503
  -0.0766050345
  -0.0881915305
  -0.0967781581
  -0.1022621469
  -0.1052850009
  -0.1068912140
  -0.1080768071
  -0.1080088668
  -0.1070586997
  -0.1056868180
  -0.1023852447
  -0.0966606895
  -0.0882876164
  -0.0776790421
  -0.0648658487
  -0.0495483053
  -0.0318694656
  -0.0129206587
   0.0058542868
   0.0232711107
   0.0375219369
   0.0489793347
   0.0588256135
   0.0671238663
   0.0738672521
   0.0791710506
   0.0834999764
   0.0877647733
   0.0922017272
   0.0955634031
   0.0958229092
   0.0914977752
   0.0810332516
   0.0647793402
   0.0439482356
   0.0215006369
  -0.0002752029
  -0.0199373654
  -0.0351781144
  -0.0439100240
  -0.0465483391
  -0.0455259317
  -0.0416251313
  -0.0347929501
  -0.0248602800
  -0.0120928974
   0.0023450695
   0.0173097965
   0.0327399456
   0.0480752559
   0.0610663138
   0.0707561892
   0.0773387543
   0.0801937513
   0.0791448596
   0.0752511934
   0.0701002214
   0.0646238163
   0.0598187613
   0.0572319487
   0.0568213361
   0.0572318510
   0.0574259577
   0.0571735662
   0.0556846850
   0.0524096936
   0.0482826536
   0.0445959942
   0.0413358183
   0.0378446142
   0.0334717305
   0.0278322179
   0.0206636384
   0.0120702657
   0.0020498537
  -0.0087057694
  -0.0192807918
  -0.0286319040
  -0.0350842372
  -0.0378597229
  -0.0377037691
  -0.0349422975
  -0.0309463104
  -0.0268906899
  -0.0250171330
  -0.0267621975
  -0.0318479460
  -0.0400721994
  -0.0508490216
  -0.0621455792
  -0.0726015810
  -0.0807247253
  -0.0843496013
  -0.0825584875
  -0.0776331883
  -0.0717371014
  -0.0645568338
  -0.0562039512
  -0.0483526853
  -0.0418136285
  -0.0357225162
  -0.0279159705
  -0.0184849699
  -0.0079869237
   0.0033664078
   0.0131585689
   0.0204170911
   0.0257349232
   0.0289870463
   0.0300543303
   0.0298945065
   0.0294702315
   0.0285120116
   0.0272859397
   0.0262906028
   0.0271236922
   0.0321033866
   0.0412024200
   0.0523327037
   0.0643614761
   0.0758623627
   0.0845238498
   0.0891174417
   0.0895973627
   0.0857642290
   0.0783059652
   0.0674835432
   0.0538727747
   0.0397375407
   0.0260717905
   0.0118949148
  -0.0026671545
  -0.0164491616
  -0.0286330962
  -0.0380888357
  -0.0449072373
  -0.0502560882
  -0.0546085273
  -0.0580414466
  -0.0607283714
  -0.0629721599
  -0.0642552266
  -0.0643657566
  -0.0625837315
  -0.0592301084
  -0.0545100960
  -0.0477963802
  -0.0406837401
  -0.0343128140
  -0.0289792086
  -0.0246503023
  -0.0209993135
  -0.0176828230
  -0.0162378391
  -0.0178889131
  -0.0201824664
  -0.0197408351
  -0.0159783389
  -0.0087781211
   0.0012724795
   0.0133905451
   0.0266685744
   0.0394749074
   0.0499550088
   0.0559905530
   0.0585018222
   0.0577328226
   0.0537322032
   0.0471265156
   0.0384442321
   0.0296763588
   0.0211785656
   0.0133960472
   0.0066514691
   0.0017992098
  -0.0016650361
  -0.0041765586
  -0.0061106812
  -0.0083668009
  -0.0117907743
  -0.0154770409
  -0.0188745749
  -0.0210442682
  -0.0205983759
  -0.0171940830
  -0.0107410285
  -0.0028452495
   0.0052165081
   0.0130632238
   0.0200714087
   0.0255633134
   0.0296100994
   0.0324771364
   0.0337507626
   0.0338329320
   0.0332831943
   0.0313886259
   0.0286888596
   0.0255110878
   0.0213181794
   0.0149877946
   0.0071578568
  -0.0003121901
  -0.0070220485
  -0.0136533681
  -0.0199642796
  -0.0249140303
  -0.0271829543
  -0.0272853533
  -0.0256063136
  -0.0216232656
  -0.0156442314
  -0.0090796950
  -0.0022535964
   0.0034527053
   0.0061788404
   0.0065814511
   0.0077580044
   0.0101725622
   0.0130643438
   0.0158704554
   0.0181627832
   0.0214140698
   0.0258636892
   0.0307132885
   0.0351411929
   0.0382843301
   0.0395054179
   0.0388402638
   0.0357707742
   0.0311039061
   0.0259892302
   0.0197795157
   0.0109701022
  -0.0001190464
  -0.0130906912
  -0.0267967931
  -0.0406765278
  -0.0541956083
  -0.0663854164
  -0.0767467005
  -0.0839375032
  -0.0869101643
  -0.0868380217
  -0.0847763781
  -0.0822072151
  -0.0809039969
  -0.0809254579
  -0.0812991686
  -0.0814003363
  -0.0812377174
  -0.0802529547
  -0.0779968721
  -0.0743381823
  -0.0702078392
  -0.0653049392
  -0.0605050637
  -0.0564991670
  -0.0537581596
  -0.0512018967
  -0.0491944138
  -0.0479926174
  -0.0463366805
  -0.0429600719
  -0.0390830780
  -0.0358621300
  -0.0316997713
  -0.0261073830
  -0.0197065522
  -0.0130084025
  -0.0067949704
  -0.0015173014
   0.0032654493
   0.0079249018
   0.0124694480
   0.0168701880
   0.0213524427
   0.0260756606
   0.0312796400
   0.0365777507
   0.0415922948
   0.0465876452
   0.0503175003
   0.0516863328
   0.0509969422
   0.0479152366
   0.0427999353
   0.0360421639
   0.0286479899
   0.0218073064
   0.0167517284
   0.0128273561
   0.0094071746
   0.0060477700
   0.0031138169
   0.0017338870
   0.0017295280
   0.0029872225
   0.0056711451
   0.0093231093
   0.0129282228
   0.0163856092
   0.0206998172
   0.0253645549
   0.0293587829
   0.0325760954
   0.0343533319
   0.0352866703
   0.0362276120
   0.0363168569
   0.0351962136
   0.0341037159
   0.0339912704
   0.0350721776
   0.0361873482
   0.0377540793
   0.0403374909
   0.0434897364
   0.0458910423
   0.0467179748
   0.0457383721
   0.0429234436
   0.0385041392
   0.0332347800
   0.0272127221
   0.0220166977
   0.0189663217
   0.0179417134
   0.0177337176
   0.0176312072
   0.0175417746
   0.0175064011
   0.0169352962
   0.0158689015
   0.0160014456
   0.0178384934
   0.0212442191
   0.0254847013
   0.0295355918
   0.0331140081
   0.0366200277
   0.0390523720
   0.0398018455
   0.0395094052
   0.0379821952
   0.0339086514
   0.0270337241
   0.0179619724
   0.0062034482
  -0.0066468250
  -0.0186863866
  -0.0292285705
  -0.0369524777
  -0.0427152054
  -0.0477052003
  -0.0522766080
  -0.0565680845
  -0.0592479925
  -0.0596922821
  -0.0576959597
  -0.0547731593
  -0.0517708282
  -0.0492599695
  -0.0474654743
  -0.0473559411
  -0.0482534135
  -0.0486995208
  -0.0474750907
  -0.0448108973
  -0.0412842963
  -0.0371147252
  -0.0321813147
  -0.0267106559
  -0.0209381750
  -0.0146897193
  -0.0081733861
  -0.0019069632
   0.0034123574
   0.0062511589
   0.0067046231
   0.0062615317
   0.0060910340
   0.0071985447
   0.0100137547
   0.0138360465
   0.0177231357
   0.0211081039
   0.0228607717
   0.0229726308
   0.0212191617
   0.0185571926
   0.0169947068
   0.0168802442
   0.0167471508
   0.0146916817
   0.0122031655
   0.0097873431
   0.0075030251
   0.0062469468
   0.0060495682
   0.0062811574
   0.0080207941
   0.0127833181
   0.0195311388
   0.0261652964
   0.0326896745
   0.0388926458
   0.0449403279
   0.0503269212
   0.0543098910
   0.0574972402
   0.0599933420
   0.0611114249
   0.0604424202
   0.0578461085
   0.0555798818
   0.0549304618
   0.0550977325
   0.0535488270
   0.0495066928
   0.0427549610
   0.0332779756
   0.0222072667
   0.0105836674
  -0.0008726275
  -0.0120881909
  -0.0241162401
  -0.0372714023
  -0.0500890325
  -0.0605768154
  -0.0686557281
  -0.0753742521
  -0.0804825170
  -0.0843716096
  -0.0865916502
  -0.0871201811
  -0.0864386673
  -0.0832415453
  -0.0768678828
  -0.0671780856
  -0.0557313792
  -0.0435750917
  -0.0309165621
  -0.0191253324
  -0.0091139642
  -0.0009280232
   0.0047643906
   0.0085200575
   0.0110488355
   0.0121679894
   0.0128769881
   0.0148927486
   0.0176420588
   0.0207767680
   0.0229025991
   0.0250056206
   0.0273220403
   0.0298817628
   0.0324597604
   0.0338882068
   0.0340649766
   0.0336590745
   0.0320452973
   0.0285234067
   0.0231218610
   0.0154954254
   0.0071653662
  -0.0013952778
  -0.0095894094
  -0.0171180078
  -0.0231320051
  -0.0280480397
  -0.0313716799
  -0.0325178497
  -0.0324980110
  -0.0328107982
  -0.0334678996
  -0.0343057776
  -0.0351074182
  -0.0349873500
  -0.0335681682
  -0.0320613637
  -0.0303437020
  -0.0283515037
  -0.0268098691
  -0.0259612019
  -0.0256930176
  -0.0252906727
  -0.0247569623
  -0.0237432527
  -0.0225724750
  -0.0218944013
  -0.0205603207
  -0.0164216747
  -0.0083038780
   0.0031519542
   0.0164114328
   0.0292988954
   0.0397055642
   0.0463704747
   0.0489592419
   0.0490224326
   0.0486080086
   0.0486000145
   0.0475855034
   0.0442784183
   0.0386844272
   0.0316637880
   0.0234331823
   0.0142362766
   0.0057257026
  -0.0005329714
  -0.0043204606
  -0.0058560146
  -0.0069421581
  -0.0090433853
  -0.0109131054
  -0.0115589017
  -0.0122628752
  -0.0143417443
  -0.0167164839
  -0.0193357616
  -0.0214372117
  -0.0222202645
  -0.0210125654
  -0.0183593409
  -0.0164806142
  -0.0166042046
  -0.0190535651
  -0.0222392432
  -0.0258922843
  -0.0300647872
  -0.0331144186
  -0.0349470276
  -0.0367371446
  -0.0383587009
  -0.0390527629
  -0.0385321284
  -0.0373556044
  -0.0361016215
  -0.0358533150
  -0.0363209028
  -0.0368675524
  -0.0378801480
  -0.0390046418
  -0.0395828964
  -0.0399532257
  -0.0400570907
  -0.0397534117
  -0.0388861567
  -0.0368069612
  -0.0324813582
  -0.0242185805
  -0.0123577492
   0.0009169489
   0.0140071931
   0.0266451393
   0.0390357973
   0.0505503854
   0.0600957802
   0.0669659970
   0.0710136625
   0.0736161506
   0.0744739260
   0.0721415572
   0.0669471160
   0.0606493879
   0.0546182610
   0.0482097488
   0.0416690892
   0.0356316100
   0.0302717353
   0.0265819681
   0.0245170018
   0.0238898637
   0.0246687924
   0.0260376640
   0.0275676495
   0.0289233083
   0.0302894631
   0.0313007687
   0.0329750002
   0.0354434255
   0.0380386232
   0.0406061834
   0.0437087441
   0.0465446841
   0.0475983449
   0.0458244897
   0.0415215986
   0.0353383878
   0.0276749741
   0.0194864988
   0.0112880963
   0.0035531048
  -0.0037317979
  -0.0109366422
  -0.0182371168
  -0.0253518894
  -0.0320670124
  -0.0384176307
  -0.0432104111
  -0.0456404881
  -0.0457630581
  -0.0436029832
  -0.0404015221
  -0.0360645827
  -0.0301964655
  -0.0227315171
  -0.0147997783
  -0.0062895698
   0.0029225951
   0.0124042441
   0.0214397526
   0.0281622834
   0.0324554408
   0.0361495862
   0.0398057546
   0.0432934992
   0.0461120632
   0.0484490643
   0.0501182726
   0.0490365250
   0.0453077840
   0.0391430242
   0.0305277037
   0.0211157462
   0.0124463315
   0.0046761190
  -0.0028670252
  -0.0103891834
  -0.0177620391
  -0.0259122794
  -0.0354551529
  -0.0447921923
  -0.0534108746
  -0.0602548222
  -0.0651799846
  -0.0678002396
  -0.0685831947
  -0.0687290630
  -0.0683900066
  -0.0679587539
  -0.0676736431
  -0.0668541574
  -0.0648473977
  -0.0623113253
  -0.0592639808
  -0.0553484626
  -0.0512627224
  -0.0474191905
  -0.0439371923
  -0.0396457549
  -0.0339385756
  -0.0282249854
  -0.0232394274
  -0.0184113809
  -0.0140769101
  -0.0105355795
  -0.0079126389
  -0.0061433125
  -0.0044391704
  -0.0038448102
  -0.0032772372
  -0.0025126862
  -0.0034791934
  -0.0058268644
  -0.0073925185
  -0.0075069948
  -0.0073347282
  -0.0083025176
  -0.0102864306
  -0.0120662647
  -0.0119478090
  -0.0101719485
  -0.0079395629
  -0.0056317491
  -0.0029100215
   0.0005489540
   0.0039212020
   0.0067344027
   0.0088974466
   0.0101135190
   0.0107771721
   0.0107491399
   0.0104331198
   0.0102714040
   0.0102855334
   0.0102101346
   0.0098813591
   0.0099786509
   0.0103724720
   0.0113026870
   0.0132534645
   0.0153788148
   0.0167221716
   0.0185076622
   0.0206234333
   0.0218199524
   0.0216072578
   0.0204850704
   0.0192730674
   0.0193587198
   0.0205011173
   0.0213007838
   0.0214194448
   0.0224546741
   0.0252860795
   0.0291859222
   0.0331160995
   0.0366007949
   0.0395024470
   0.0417465873
   0.0422879009
   0.0399202915
   0.0351353683
   0.0295428823
   0.0246457678
   0.0203182297
   0.0151820792
   0.0091214130
   0.0026187950
  -0.0037966578
  -0.0098810483
  -0.0151049818
  -0.0193793071
  -0.0224234990
  -0.0244799044
  -0.0249247608
  -0.0230878517
  -0.0188947420
  -0.0127433142
  -0.0055666723
   0.0018789573
   0.0086371958
   0.0136432200
   0.0158148933
   0.0158792978
   0.0145150839
   0.0117566380
   0.0078400429
   0.0030935033
  -0.0017817554
  -0.0063535755
  -0.0100604842
  -0.0118862581
  -0.0120834335
  -0.0110790724
  -0.0082693860
  -0.0043114658
  -0.0012536141
   0.0016037255
   0.0058504344
   0.0110032729
   0.0153289033
   0.0186029702
   0.0205146428
   0.0210625042
   0.0209298291
   0.0207021236
   0.0194332763
   0.0160925122
   0.0105791152
   0.0045761201
  -0.0021413503
  -0.0090795465
  -0.0153334300
  -0.0203908609
  -0.0240251188
  -0.0267115550
  -0.0277973877
  -0.0265248756
  -0.0241508553
  -0.0217210129
  -0.0192189614
  -0.0176977343
  -0.0173789935
  -0.0175957555
  -0.0182370836
  -0.0193936008
  -0.0201197839
  -0.0192206756
  -0.0167516053
  -0.0136617648
  -0.0103543318
  -0.0073880387
  -0.0049346674
  -0.0027161630
  -0.0008714489
   0.0003538053
   0.0014091593
   0.0028989411
   0.0043905802
   0.0065568296
   0.0089550375
   0.0107806219
   0.0114688261
   0.0108112536
   0.0099588845
   0.0096456536
   0.0089238761
   0.0073892095
   0.0065941342
   0.0065838884
   0.0059995863
   0.0050426701
   0.0051279981
   0.0066350723
   0.0090612128
   0.0115630336
   0.0136173789
   0.0150573161
   0.0156490240
   0.0156591505
   0.0155385292
   0.0155161808
   0.0156001562
   0.0163674495
   0.0183212389
   0.0204034483
   0.0216590926
   0.0227658781
   0.0236961870
   0.0241830468
   0.0242038237
   0.0243041118
   0.0249238226
   0.0255555148
   0.0260306081
   0.0259492596
   0.0245460855
   0.0222696365
   0.0191176550
   0.0146299588
   0.0094326562
   0.0044808982
   0.0000402328
  -0.0038221393
  -0.0069294887
  -0.0089279689
  -0.0099903704
  -0.0104093544
  -0.0104736495
  -0.0107046699
  -0.0117763887
  -0.0128579156
  -0.0132350721
  -0.0128218013
  -0.0115438203
  -0.0103996422
  -0.0100285898
  -0.0101730254
  -0.0103292021
  -0.0103531786
  -0.0110181685
  -0.0129586533
  -0.0150792521
  -0.0163448236
  -0.0173768357
  -0.0182278737
  -0.0190329759
  -0.0192053108
  -0.0188321044
  -0.0178432547
  -0.0168422907
  -0.0172555029
  -0.0184087696
  -0.0190882389
  -0.0190587095
  -0.0188201582
  -0.0187533946
  -0.0188471350
  -0.0191741787
  -0.0202946187
  -0.0213196648
  -0.0206696976
  -0.0182213983
  -0.0144811372
  -0.0092961931
  -0.0031015228
   0.0027774832
   0.0077565737
   0.0122777415
   0.0159931877
   0.0193916482
   0.0227966037
   0.0257419205
   0.0281733070
   0.0301074160
   0.0316868517
   0.0323202639
   0.0314128624
   0.0295973557
   0.0273073030
   0.0251537758
   0.0236326054
   0.0223282927
   0.0210572660
   0.0194678914
   0.0170874699
   0.0127083414
   0.0069400296
   0.0017440793
  -0.0018031400
  -0.0046637174
  -0.0082259656
  -0.0115490058
  -0.0138760504
  -0.0155033961
  -0.0167710023
  -0.0181483195
  -0.0194282374
  -0.0192553923
  -0.0172712253
  -0.0147816517
  -0.0120372024
  -0.0088391579
  -0.0052521729
  -0.0021575692
   0.0000092313
   0.0013630586
   0.0018853739
   0.0014970030
   0.0010583626
   0.0009787933
   0.0014903084
   0.0019868976
   0.0033145086
   0.0059122237
   0.0086775046
   0.0104135762
   0.0111226082
   0.0113803903
   0.0116969752
   0.0116960996
   0.0114159456
   0.0117761503
   0.0128730516
   0.0144791982
   0.0162458841
   0.0179444615
   0.0188916812
   0.0190361598
   0.0188737736
   0.0185073573
   0.0171142942
   0.0145590984
   0.0110942261
   0.0072350616
   0.0026962109
  -0.0024255131
  -0.0067646006
  -0.0087751326
  -0.0088450040
  -0.0086726514
  -0.0094077376
  -0.0098365256
  -0.0102934044
  -0.0107978767
  -0.0110907157
  -0.0111238513
  -0.0110536339
  -0.0108294134
  -0.0099922507
  -0.0100682692
  -0.0123930055
  -0.0156414071
  -0.0182243399
  -0.0193513179
  -0.0199998330
  -0.0211066771
  -0.0222693238
  -0.0236508609
  -0.0248436663
  -0.0253991505
  -0.0254480143
  -0.0249389313
  -0.0234181908
  -0.0209750379
  -0.0172438459
  -0.0130221978
  -0.0107284490
  -0.0105871387
  -0.0102061453
  -0.0082435800
  -0.0064437528
  -0.0057620299
  -0.0045126655
  -0.0026192387
  -0.0014574938
  -0.0012280517
  -0.0008047732
   0.0009489758
   0.0028361824
   0.0033244846
   0.0026105057
   0.0021850912
   0.0021303892
   0.0025780640
   0.0029917336
   0.0022821094
   0.0000607405
  -0.0016495561
  -0.0023980125
  -0.0037191129
  -0.0062405750
  -0.0086286505
  -0.0102397988
  -0.0105632403
  -0.0094222716
  -0.0080777811
  -0.0069306888
  -0.0051543905
  -0.0031401565
  -0.0020510773
  -0.0019711751
  -0.0014234985
   0.0008540129
   0.0044058609
   0.0092184039
   0.0142619692
   0.0185518957
   0.0221389746
   0.0246230168
   0.0260837915
   0.0282103849
   0.0300380489
   0.0305177550
   0.0304208678
   0.0299557622
   0.0299535340
   0.0303625634
   0.0307330295
   0.0318932916
   0.0342176468
   0.0360277198
   0.0364226960
   0.0358247589
   0.0337576621
   0.0310909865
   0.0278259438
   0.0235087062
   0.0191355469
   0.0153611573
   0.0122535324
   0.0093777801
   0.0060597162
   0.0025690653
  -0.0008094512
  -0.0039095998
  -0.0068568672
  -0.0085423941
  -0.0088214516
  -0.0085596822
  -0.0084788203
  -0.0078870343
  -0.0057534983
  -0.0035727657
  -0.0027447835
  -0.0029979823
  -0.0033808930
  -0.0038098081
  -0.0038253175
  -0.0037722142
  -0.0052310578
  -0.0071355514
  -0.0082769286
  -0.0077602287
  -0.0059386649
  -0.0038381256
  -0.0027106179
  -0.0027472795
  -0.0033451520
  -0.0032779936
  -0.0032209636
  -0.0038369099
  -0.0036659666
  -0.0027124787
  -0.0019487148
  -0.0013914663
  -0.0011405987
  -0.0004428258
   0.0003488333
  -0.0003634555
  -0.0028134939
  -0.0047960485
  -0.0057558906
  -0.0074970500
  -0.0096935969
  -0.0117128091
  -0.0129856808
  -0.0134132883
  -0.0133219989
  -0.0122015022
  -0.0100593388
  -0.0084629220
  -0.0081349459
  -0.0085213944
  -0.0088164909
  -0.0093438784
  -0.0115592476
  -0.0143308300
  -0.0162054287
  -0.0160242201
  -0.0145623371
  -0.0124043634
  -0.0102808288
  -0.0087565409
  -0.0073078746
  -0.0055243835
  -0.0040775350
  -0.0036981092
  -0.0044094905
  -0.0050427151
  -0.0053186746
  -0.0067784369
  -0.0097805452
  -0.0131843983
  -0.0157590693
  -0.0181384861
  -0.0197612992
  -0.0202748973
  -0.0201276803
  -0.0199436982
  -0.0196487169
  -0.0179264093
  -0.0153382812
  -0.0136911809
  -0.0138408313
  -0.0146467309
  -0.0150071290
  -0.0152620791
  -0.0170252916
  -0.0190962917
  -0.0198928211
  -0.0192625069
  -0.0177461251
  -0.0159779539
  -0.0149283488
  -0.0145660391
  -0.0129750363
  -0.0100451546
  -0.0060278922
  -0.0014593373
   0.0031054749
   0.0072563760
   0.0106904564
   0.0123797731
   0.0125379962
   0.0122107961
   0.0120970333
   0.0122068127
   0.0123002287
   0.0119076527
   0.0097720136
   0.0073979600
   0.0064217523
   0.0066885274
   0.0075273534
   0.0079953967
   0.0091580316
   0.0107390876
   0.0119061437
   0.0121674754
   0.0104569830
   0.0079628260
   0.0066598385
   0.0067214186
   0.0071132148
   0.0071752386
   0.0070063730
   0.0069031765
   0.0069338825
   0.0069922494
   0.0070031226
   0.0069822988
   0.0069693889
   0.0069736655
   0.0070187649
   0.0077628732
   0.0097558807
   0.0118625396
   0.0133140869
   0.0154784227
   0.0188734999
   0.0227857950
   0.0265538812
   0.0293609329
   0.0320434405
   0.0339684998
   0.0356602637
   0.0378819657
   0.0388507011
   0.0369803106
   0.0338631689
   0.0304637311
   0.0269941444
   0.0234596665
   0.0194423004
   0.0151316028
   0.0107179432
   0.0073551650
   0.0050161703
   0.0027761874
   0.0008699339
  -0.0015047233
  -0.0036915634
  -0.0047288861
  -0.0054301741
  -0.0064687965
  -0.0080068386
  -0.0093975211
  -0.0099030312
  -0.0104368472
  -0.0126612718
  -0.0160178111
  -0.0192374515
  -0.0214721786
  -0.0238433063
  -0.0256864308
  -0.0263462099
  -0.0268136218
  -0.0285221558
  -0.0302896977
  -0.0312981105
  -0.0314559016
  -0.0312978564
  -0.0312359166
  -0.0312964687
  -0.0313497303
  -0.0313403484
  -0.0307958489
  -0.0286996683
  -0.0264180593
  -0.0246586287
  -0.0224980456
  -0.0199400432
  -0.0166942938
  -0.0129391488
  -0.0091943648
  -0.0055733881
  -0.0019322007
   0.0010022617
   0.0037228089
   0.0060009760
   0.0074617625
   0.0091172205
   0.0111805763
   0.0120810333
   0.0109487623
   0.0085882538
   0.0055530881
   0.0026582515
   0.0011852890
   0.0006482631
  -0.0006640737
  -0.0028082342
  -0.0047736141
  -0.0070863181
  -0.0095803227
  -0.0124963447
  -0.0148735158
  -0.0169946227
  -0.0189446711
  -0.0206216546
  -0.0222762038
  -0.0237890283
  -0.0245492910
  -0.0234394173
  -0.0214117243
  -0.0202454031
  -0.0201967347
  -0.0195316138
  -0.0171853051
  -0.0149903883
  -0.0135897083
  -0.0119674894
  -0.0102016049
  -0.0092095458
  -0.0083425371
  -0.0062847166
  -0.0042453921
  -0.0022635763
   0.0000663160
   0.0025871234
   0.0059801913
   0.0104640135
   0.0151500089
   0.0185377213
   0.0213552768
   0.0245753843
   0.0276084801
   0.0299007806
   0.0322503104
   0.0343778616
   0.0369236481
   0.0390182845
   0.0398128106
   0.0396695809
   0.0389859367
   0.0374260270
   0.0353157932
   0.0342519883
   0.0339849963
   0.0335371885
   0.0321654828
   0.0301613031
   0.0281190486
   0.0255482047
   0.0225632496
   0.0195427704
   0.0165492816
   0.0139591717
   0.0123329772
   0.0116876852
   0.0114393318
   0.0108510073
   0.0092539904
   0.0077041994
   0.0071376447
   0.0067014235
   0.0056132786
   0.0031676883
   0.0006674245
  -0.0020265515
  -0.0043132894
  -0.0065144255
  -0.0088964947
  -0.0107936509
  -0.0126884636
  -0.0146618904
  -0.0158214410
  -0.0159382197
  -0.0156375488
  -0.0154889187
  -0.0155548438
  -0.0156415595
  -0.0156453436
  -0.0156074780
  -0.0155894531
  -0.0155978909
  -0.0153440491
  -0.0140511530
  -0.0118535663
  -0.0102053244
  -0.0098236627
  -0.0113042839
  -0.0140357804
  -0.0164618427
  -0.0191747885
  -0.0230874217
  -0.0271694483
  -0.0293739111
  -0.0288072470
  -0.0272259154
  -0.0259276618
  -0.0240367484
  -0.0215973873
  -0.0184612944
  -0.0153119299
  -0.0130222154
  -0.0114994813
  -0.0104286517
  -0.0088088526
  -0.0067058682
  -0.0053541517
  -0.0047245802
  -0.0029863918
  -0.0006442117
   0.0020348877
   0.0051305703
   0.0089084664
   0.0132405273
   0.0181223103
   0.0223489132
   0.0254595657
   0.0279489829
   0.0306065699
   0.0328039182
   0.0333677092
   0.0327483111
   0.0321633523
   0.0320492259
   0.0319436019
   0.0302514080
   0.0268502502
   0.0229361197
   0.0198753474
   0.0176373562
   0.0161180719
   0.0152749615
   0.0150411422
   0.0151037934
   0.0151620724
   0.0150747585
   0.0145817126
   0.0141208875
   0.0132759946
   0.0114739587
   0.0091317487
   0.0060181917
   0.0017497828
  -0.0014249370
  -0.0031309936
  -0.0050910570
  -0.0072064587
  -0.0091743189
  -0.0106330648
  -0.0115749095
  -0.0119255661
  -0.0111531051
  -0.0094481362
  -0.0076485142
  -0.0058046568
  -0.0036960961
  -0.0023659637
  -0.0016863582
  -0.0013880208
  -0.0012795634
  -0.0009301277
  -0.0005213277
   0.0001466154
   0.0005931181
  -0.0000618023
  -0.0009639006
  -0.0018305880
  -0.0037835467
  -0.0059940745
  -0.0078552767
  -0.0089893419
  -0.0092079509
  -0.0082331212
  -0.0068956026
  -0.0062532718
  -0.0060140031
  -0.0055462257
  -0.0046874007
  -0.0044741530
  -0.0056583916
  -0.0069799416
  -0.0074709743
  -0.0073612378
  -0.0075685945
  -0.0080115237
  -0.0084831555
  -0.0095316641
  -0.0103143787
  -0.0109176322
  -0.0111956987
  -0.0108530459
  -0.0103982525
  -0.0097544285
  -0.0085755746
  -0.0068902354
  -0.0049924342
  -0.0035900244
  -0.0032510755
  -0.0042851086
  -0.0057022381
  -0.0067933951
  -0.0079497657
  -0.0088480394
  -0.0091805735
  -0.0090607515
  -0.0088627455
  -0.0092267518
  -0.0103793110
  -0.0105712911
  -0.0094645740
  -0.0071162854
  -0.0045040772
  -0.0031454260
  -0.0025774718
  -0.0016671758
  -0.0002711949
   0.0013108341
   0.0023275000
   0.0028703089
   0.0030288271
   0.0027830752
   0.0020320732
   0.0000074496
  -0.0025279962
  -0.0047459317
  -0.0071432250
  -0.0089045827
  -0.0094816040
  -0.0087095026
  -0.0066343589
  -0.0044366119
  -0.0033785886
  -0.0022181564
   0.0000478976
   0.0018600095
   0.0023187964
   0.0024802543
   0.0034185553
   0.0055817536
   0.0073977782
   0.0079444825
   0.0076955877
   0.0074585023
   0.0074947612
   0.0076168719
   0.0076135903
   0.0069081664
   0.0060163994
   0.0056494066
   0.0063699723
   0.0069185451
   0.0072152874
   0.0074290960
   0.0079742210
   0.0099867662
   0.0123365775
   0.0131102895
   0.0120761645
   0.0104533475
   0.0092943949
   0.0093786733
   0.0096015941
   0.0087695934
   0.0076715506
   0.0072228652
   0.0074941788
   0.0090575597
   0.0115020789
   0.0138992060
   0.0165236730
   0.0191332562
   0.0220158964
   0.0240768950
   0.0260203272
   0.0282008858
   0.0295732170
   0.0298114575
   0.0295150690
   0.0293613434
   0.0294868257
   0.0293922253
   0.0274734009
   0.0243518811
   0.0212288954
   0.0191157414
   0.0182639763
   0.0179423916
   0.0181967592
   0.0186264248
   0.0188488687
   0.0188221264
   0.0179525182
   0.0156307176
   0.0135513677
   0.0125769016
   0.0110476725
   0.0088301494
   0.0060583539
   0.0033486585
   0.0017042795
  -0.0001949237
  -0.0023887342
  -0.0039753275
  -0.0058774893
  -0.0075420262
  -0.0086174021
  -0.0100661837
  -0.0125440670
  -0.0145308278
  -0.0144320173
  -0.0118546276
  -0.0094491721
  -0.0087457127
  -0.0091081084
  -0.0093994209
  -0.0093044316
  -0.0090646704
  -0.0083218130
  -0.0079282323
  -0.0084492186
  -0.0091178753
  -0.0093083700
  -0.0091193119
  -0.0089245973
  -0.0089971112
  -0.0103628321
  -0.0128430883
  -0.0145495387
  -0.0149307138
  -0.0158666596
  -0.0181143161
  -0.0199313258
  -0.0208846007
  -0.0226755387
  -0.0248231826
  -0.0265200479
  -0.0286575281
  -0.0306375691
  -0.0321716005
  -0.0343056408
  -0.0362469621
  -0.0371022747
  -0.0370643564
  -0.0368290672
  -0.0358337108
  -0.0335499126
  -0.0316942985
  -0.0312023179
  -0.0314814672
  -0.0316538393
  -0.0316089627
  -0.0315974113
  -0.0316197910
  -0.0309804174
  -0.0287714200
  -0.0265406293
  -0.0248993516
  -0.0227923428
  -0.0198352204
  -0.0164847970
  -0.0132172622
  -0.0107134888
  -0.0096803782
  -0.0089242240
  -0.0068645076
  -0.0048026177
  -0.0040979816
  -0.0044860074
  -0.0049402886
  -0.0049715166
  -0.0040420403
  -0.0017156466
   0.0002801659
   0.0008809005
   0.0005742412
   0.0004646781
   0.0017215608
   0.0040253914
   0.0062094839
   0.0087894360
   0.0111142974
   0.0136219760
   0.0157928713
   0.0170492173
   0.0188123283
   0.0209584047
   0.0221935653
   0.0222844716
   0.0219326324
   0.0217420243
   0.0217674921
   0.0217994686
   0.0217766199
   0.0231685553
   0.0255982218
   0.0271334259
   0.0272505036
   0.0267650707
   0.0265104510
   0.0265415284
   0.0265795054
   0.0264792759
   0.0263911255
   0.0274609700
   0.0298985720
   0.0316894903
   0.0312311084
   0.0291949327
   0.0269901180
   0.0250838223
   0.0226671732
   0.0203201647
   0.0176769007
   0.0156143287
   0.0143530044
   0.0124108212
   0.0103630745
   0.0092894441
   0.0083688493
   0.0065468223
   0.0046874535
   0.0039206449
   0.0040776366
   0.0042509274
   0.0027982894
   0.0001689409
  -0.0022060011
  -0.0046623238
  -0.0065018851
  -0.0071690368
  -0.0070536009
  -0.0068430876
  -0.0068515352
  -0.0073640680
  -0.0082531534
  -0.0090980600
  -0.0092625689
  -0.0096504912
  -0.0110564993
  -0.0125135252
  -0.0130786844
  -0.0129677283
  -0.0128276865
  -0.0129252011
  -0.0131245714
  -0.0132185092
  -0.0131953341
  -0.0131535672
  -0.0131495350
  -0.0132089651
  -0.0133070876
  -0.0133675205
  -0.0133728838
  -0.0128782996
  -0.0107150466
  -0.0083730770
  -0.0065127016
  -0.0043574564
  -0.0023686297
   0.0000860923
   0.0024181972
   0.0034826764
   0.0027672570
   0.0009444401
  -0.0010597928
  -0.0021770874
  -0.0028303168
  -0.0043774280
  -0.0063911968
  -0.0076230171
  -0.0077626777
  -0.0074739999
  -0.0073457812
  -0.0074109460
  -0.0074705580
  -0.0074401627
  -0.0069516689
  -0.0058242218
  -0.0037811621
  -0.0021451558
  -0.0016711899
  -0.0018853837
  -0.0023345872
  -0.0036779265
  -0.0058468204
  -0.0074295123
  -0.0078385457
  -0.0083167038
  -0.0093863586
  -0.0095415991
  -0.0086902757
  -0.0083940279
  -0.0089586144
  -0.0088881077
  -0.0075838283
  -0.0047523818
  -0.0023095572
  -0.0004711029
   0.0015964164
   0.0031206364
   0.0035868209
   0.0034013376
   0.0025857141
   0.0010070042
  -0.0006712099
  -0.0018303677
  -0.0024869877
  -0.0028330238
  -0.0031435359
  -0.0033004338
  -0.0028117172
  -0.0024269614
  -0.0040482753
  -0.0065453192
  -0.0078719705
  -0.0078300062
  -0.0074036282
  -0.0072744283
  -0.0071982124
  -0.0058369929
  -0.0043880139
  -0.0037192634
  -0.0037388480
  -0.0035947212
  -0.0028707115
  -0.0020967747
  -0.0017965276
  -0.0017692600
  -0.0010044363
   0.0006506908
   0.0026295665
   0.0037884917
   0.0039376652
   0.0037071627
   0.0040333738
   0.0057321037
   0.0080500577
   0.0095189438
   0.0111254364
   0.0133486180
   0.0148386817
   0.0157279450
   0.0177231455
   0.0207267705
   0.0231132023
   0.0247090367
   0.0255810021
   0.0258503201
   0.0252319384
   0.0236559427
   0.0216433780
   0.0200927524
   0.0188609224
   0.0187700845
   0.0186882806
   0.0171769455
   0.0155103386
   0.0148829602
   0.0151367629
   0.0155124808
   0.0155905946
   0.0154983045
   0.0155089235
   0.0154900465
   0.0152562623
   0.0146971662
   0.0137531598
   0.0130995609
   0.0129238192
   0.0123082599
   0.0107375611
   0.0087432831
   0.0073875794
   0.0060775398
   0.0040892995
   0.0023184055
   0.0010432553
  -0.0001682666
  -0.0016192378
  -0.0030773489
  -0.0038642658
  -0.0039817306
  -0.0036113740
  -0.0029798499
  -0.0025344188
  -0.0022928614
  -0.0022586724
  -0.0029709430
  -0.0043357960
  -0.0054709285
  -0.0064266504
  -0.0069737437
  -0.0079889017
  -0.0102903573
  -0.0122804603
  -0.0128958007
  -0.0130577452
  -0.0147838565
  -0.0171877170
  -0.0184949420
  -0.0193853487
  -0.0208333719
  -0.0224377086
  -0.0235099767
  -0.0236641910
  -0.0230998918
  -0.0230552498
  -0.0234861507
  -0.0236178094
  -0.0224141171
  -0.0200378295
  -0.0182748573
  -0.0178640101
  -0.0173641565
  -0.0152389137
  -0.0130136857
  -0.0121644536
  -0.0123822808
  -0.0120032811
  -0.0102693067
  -0.0087017196
  -0.0087302189
  -0.0096168748
  -0.0101465158
  -0.0100748795
  -0.0101266634
  -0.0106424154
  -0.0107746566
  -0.0102322269
  -0.0097411590
  -0.0096607526
  -0.0097481582
  -0.0096260475
  -0.0086058018
  -0.0073405587
  -0.0067395080
  -0.0067996379
  -0.0070023896
  -0.0068334634
  -0.0051027687
  -0.0025979985
  -0.0011586875
  -0.0002001928
   0.0020599001
   0.0054069950
   0.0084130789
   0.0100616726
   0.0115054094
   0.0135557714
   0.0162347568
   0.0190986235
   0.0208485392
   0.0223794433
   0.0242764940
   0.0262439867
   0.0269259696
   0.0264997010
   0.0260017980
   0.0259360468
   0.0261029266
   0.0261930901
   0.0261517318
   0.0260408304
   0.0258864011
   0.0249986820
   0.0229531635
   0.0209358491
   0.0195798189
   0.0180206911
   0.0160667825
   0.0137276665
   0.0106671483
   0.0070334885
   0.0040332175
   0.0016894540
  -0.0011149591
  -0.0043361537
  -0.0070264423
  -0.0096572246
  -0.0118324883
  -0.0138357885
  -0.0162417502
  -0.0183631758
  -0.0197130608
  -0.0212146857
  -0.0227543267
  -0.0236077044
  -0.0236978093
  -0.0234901380
  -0.0233868789
  -0.0234304654
  -0.0234307586
  -0.0232429847
  -0.0215920123
  -0.0187221139
  -0.0157221321
  -0.0133089151
  -0.0111051657
  -0.0086048753
  -0.0069328290
  -0.0064898157
  -0.0063036172
  -0.0060574333
  -0.0048433877
  -0.0027995364
  -0.0016483536
  -0.0020126605
  -0.0024896361
  -0.0021071730
  -0.0013996295
  -0.0003441459
   0.0011445182
   0.0029240376
   0.0044138277
   0.0061998225
   0.0083526246
   0.0097596412
   0.0103819262
   0.0115862322
   0.0132169260
   0.0146313720
   0.0152946615
   0.0153280374
   0.0151991757
   0.0155140503
   0.0167394909
   0.0183576366
   0.0200065957
   0.0208711925
   0.0209162059
   0.0207022409
   0.0206287106
   0.0206956931
   0.0207545252
   0.0207492088
   0.0207220601
   0.0206194655
   0.0197453696
   0.0184102649
   0.0168139028
   0.0153767918
   0.0135164516
   0.0110712894
   0.0089931846
   0.0070420553
   0.0049913005
   0.0025093556
  -0.0001604166
  -0.0016814311
  -0.0023807948
  -0.0041469021
  -0.0062958458
  -0.0073730727
  -0.0073400446
  -0.0074940634
  -0.0090765072
  -0.0113817311
  -0.0131463471
  -0.0144316987
  -0.0152061964
  -0.0158756388
  -0.0166911275
  -0.0175666756
  -0.0180332706
  -0.0180551987
  -0.0182023922
  -0.0183910086
  -0.0181702750
  -0.0178202145
  -0.0176588309
  -0.0172760687
  -0.0161402131
  -0.0146843462
  -0.0131506080
  -0.0121642601
  -0.0110389200
  -0.0090590256
  -0.0072070763
  -0.0061175221
  -0.0051523108
  -0.0043275693
  -0.0031570712
  -0.0019472512
  -0.0011684333
   0.0005900403
   0.0029217860
   0.0043420467
   0.0052905662
   0.0061756291
   0.0067279527
   0.0067479536
   0.0057673443
   0.0048698934
   0.0050789251
   0.0054151514
   0.0049333656
   0.0041562273
   0.0037971836
   0.0037860055
   0.0030603130
   0.0018343671
   0.0011227435
   0.0011676140
   0.0013936634
   0.0010127660
  -0.0006801895
  -0.0030777398
  -0.0053132976
  -0.0068489474
  -0.0081972981
  -0.0093029676
  -0.0102819312
  -0.0115020222
  -0.0123748262
  -0.0131092555
  -0.0142169636
  -0.0156359539
  -0.0172097937
  -0.0181275797
  -0.0182565666
  -0.0176269228
  -0.0162052176
  -0.0142786962
  -0.0128887858
  -0.0119211078
  -0.0108475751
  -0.0100746899
  -0.0092754143
  -0.0081580957
  -0.0073554719
  -0.0072077037
  -0.0071690935
  -0.0062220888
  -0.0049715928
  -0.0037422841
  -0.0025214132
  -0.0018605744
  -0.0018262516
  -0.0017240513
  -0.0006170782
   0.0006221776
   0.0007167020
   0.0007005513
   0.0019376590
   0.0040605108
   0.0058940659
   0.0072218528
   0.0086264165
   0.0104489400
   0.0124886183
   0.0140671451
   0.0153715497
   0.0165244334
   0.0178825139
   0.0199354695
   0.0217941327
   0.0225420426
   0.0224270563
   0.0221829130
   0.0221640124
   0.0222310732
   0.0220215059
   0.0207693016
   0.0183461790
   0.0155326166
   0.0132333697
   0.0116255949
   0.0109089794
   0.0102652647
   0.0091052450
   0.0075967459
   0.0061104936
   0.0053525646
   0.0047100344
   0.0036221416
   0.0027634456
   0.0024994753
   0.0019022265
   0.0007112904
  -0.0001403190
  -0.0002503001
  -0.0000607068
  -0.0006881917
  -0.0020018518
  -0.0028675549
  -0.0029726200
  -0.0028198658
  -0.0030683247
  -0.0034639498
  -0.0032726225
  -0.0032420845
  -0.0043348500
  -0.0059373749
  -0.0064036727
  -0.0058264481
  -0.0048370003
  -0.0042252308
  -0.0041491831
  -0.0042724900
  -0.0043099353
  -0.0038840342
  -0.0032045727
  -0.0028636224
  -0.0027180863
  -0.0018310755
  -0.0006926836
  -0.0001314984
  -0.0001803008
  -0.0003853445
  -0.0006604067
  -0.0017041792
  -0.0029100743
  -0.0036560707
  -0.0046346512
  -0.0056351852
  -0.0061248869
  -0.0061107203
  -0.0060011128
  -0.0067126661
  -0.0081123435
  -0.0090417376
  -0.0091860775
  -0.0093498691
  -0.0093612368
  -0.0091109151
  -0.0088270084
  -0.0087870710
  -0.0085987478
  -0.0075086581
  -0.0063594900
  -0.0058894414
  -0.0052292655
  -0.0041281404
  -0.0029746820
  -0.0016482754
  -0.0007486103
  -0.0004206281
   0.0003453770
   0.0014975821
   0.0022036634
   0.0021644668
   0.0010897180
  -0.0002456569
  -0.0008962076
  -0.0004587994
   0.0004119609
   0.0006239658
   0.0005251192
   0.0010615142
   0.0028154797
   0.0045445326
   0.0056535776
   0.0066177745
   0.0077853760
   0.0093800415
   0.0111617520
   0.0118068700
   0.0120412073
   0.0125351836
   0.0129749660
   0.0130527416
   0.0129130633
   0.0128152614
   0.0128307356
   0.0130694667
   0.0141288465
   0.0153245153
   0.0159008702
   0.0158306313
   0.0155992513
   0.0155342409
   0.0156016788
   0.0156549248
   0.0156473177
   0.0154318574
   0.0143817305
   0.0131969485
   0.0124708495
   0.0114891827
   0.0104951613
   0.0097554859
   0.0086768205
   0.0074152891
   0.0059176710
   0.0045996451
   0.0031467922
   0.0014031244
  -0.0001998881
  -0.0012023992
  -0.0022894625
  -0.0032756227
  -0.0043467415
  -0.0048625873
  -0.0042652953
  -0.0028121550
  -0.0012881781
  -0.0005837341
  -0.0005923197
  -0.0007040525
  -0.0006554371
  -0.0006322889
  -0.0014745145
  -0.0028408635
  -0.0033089811
  -0.0024944404
  -0.0026573642
  -0.0044802825
  -0.0061862833
  -0.0066494637
  -0.0063211749
  -0.0060498868
  -0.0064324652
  -0.0077277342
  -0.0088591471
  -0.0091842383
  -0.0090045249
  -0.0091822993
  -0.0103645717
  -0.0115412638
  -0.0119345551
  -0.0117623316
  -0.0115741550
  -0.0116420210
  -0.0125237182
  -0.0137546843
  -0.0140280638
  -0.0138917728
  -0.0132288762
  -0.0122191870
  -0.0115841584
  -0.0114401039
  -0.0107850509
  -0.0095897475
  -0.0087892640
  -0.0083511743
  -0.0073933824
  -0.0063927741
  -0.0059647679
  -0.0060413004
  -0.0058634517
  -0.0047830272
  -0.0044165171
  -0.0049292923
  -0.0046845705
  -0.0037642279
  -0.0027226795
  -0.0025984676
  -0.0031301101
  -0.0038661930
  -0.0050304170
  -0.0060084600
  -0.0063859312
  -0.0062786243
  -0.0060402665
  -0.0052590314
  -0.0047958862
  -0.0052891217
  -0.0052827303
  -0.0035882868
  -0.0013971171
  -0.0002838198
   0.0001222326
   0.0006483221
   0.0015354287
   0.0021721990
   0.0028640191
   0.0038975167
   0.0046475434
   0.0048222766
   0.0046880555
   0.0045906933
   0.0046164523
   0.0046574667
   0.0045949718
   0.0043142412
   0.0032558934
   0.0020681249
   0.0016776235
   0.0027111027
   0.0041079791
   0.0046824303
   0.0045432367
   0.0042824778
   0.0042152333
   0.0042803102
   0.0043277706
   0.0046443086
   0.0052651609
   0.0053764864
   0.0052222369
   0.0057897533
   0.0058312289
   0.0050162250
   0.0042578797
   0.0040831446
   0.0042599300
   0.0044122875
   0.0044683656
   0.0044814826
   0.0044956668
   0.0047900187
   0.0051587960
   0.0050431236
   0.0054009887
   0.0067305288
   0.0081446796
   0.0073118580
   0.0059766282
   0.0053948084
   0.0050282162
   0.0047034788
   0.0045012236
   0.0044259830
   0.0043860887
   0.0043529414
   0.0043340584
   0.0043332825
   0.0043301806
   0.0042746537
   0.0047030625
   0.0059006820
   0.0073955598
   0.0088807430
   0.0100072793
   0.0104222681
   0.0100667290
   0.0099476634
   0.0100928418
   0.0099590174
   0.0096978031
   0.0095656733
   0.0095941570
   0.0096611826
   0.0097318338
   0.0098017814
   0.0098433880
   0.0098523555
   0.0098470000
   0.0098442910
   0.0098842343
   0.0103257464
   0.0104865632
   0.0101727205
   0.0097853905
   0.0096105069
   0.0096312232
   0.0096697689
   0.0088454242
   0.0068002184
   0.0047452789
   0.0036985314
   0.0035925927
   0.0037233836
   0.0036771486
   0.0034727043
   0.0022907642
  -0.0002638884
  -0.0024521185
  -0.0039752747
  -0.0050311265
  -0.0063986847
  -0.0077285766
  -0.0087839750
  -0.0101283404
  -0.0120099677
  -0.0136205492
  -0.0142223034
  -0.0141256879
  -0.0140028051
  -0.0140699792
  -0.0142110433
  -0.0143225388
  -0.0143601444
  -0.0143587743
  -0.0144076694
  -0.0144994631
  -0.0145858836
  -0.0147289531
  -0.0149041006
  -0.0150044044
  -0.0142801367
  -0.0123200615
  -0.0103336839
  -0.0087783791
  -0.0070031343
  -0.0051030248
  -0.0033016652
  -0.0016574095
  -0.0003437427
   0.0001880096
   0.0001009732
  -0.0001148126
   0.0002987340
   0.0024693381
   0.0046906843
   0.0054697635
   0.0051408473
   0.0047224673
   0.0046995951
   0.0053151271
   0.0062549292
   0.0066092487
   0.0058154029
   0.0055626224
   0.0070297612
   0.0077404330
   0.0064424256
   0.0048954981
   0.0046697980
   0.0063011720
   0.0088734193
   0.0105648118
   0.0108537065
   0.0105191085
   0.0096681564
   0.0076242563
   0.0056523462
   0.0047450151
   0.0038046070
   0.0018384320
  -0.0005511671
  -0.0030258093
  -0.0050722015
  -0.0060041111
  -0.0061451634
  -0.0070204653
  -0.0091579358
  -0.0110836090
  -0.0116975831
  -0.0113782169
  -0.0110402218
  -0.0110396295
  -0.0111786237
  -0.0112382865
  -0.0116703933
  -0.0127499148
  -0.0128706827
  -0.0119057626
  -0.0110568062
  -0.0109078653
  -0.0111317398
  -0.0112719146
  -0.0111923720
  -0.0102238653
  -0.0081282477
  -0.0062267934
  -0.0055447050
  -0.0056400579
  -0.0051024071
  -0.0038883948
  -0.0019311996
  -0.0004916322
  -0.0000919604
   0.0009029113
   0.0031339743
   0.0049069655
   0.0053821995
   0.0052205189
   0.0058116423
   0.0066671211
   0.0074540244
   0.0074179277
   0.0063371788
   0.0061079409
   0.0071328834
   0.0088946633
   0.0103155261
   0.0107692913
   0.0106250374
   0.0104662006
   0.0104878962
   0.0105691763
   0.0106871883
   0.0115447136
   0.0127168691
   0.0127225960
   0.0122966264
   0.0117996303
   0.0110945486
   0.0105871817
   0.0104548994
   0.0105314554
   0.0105957406
   0.0105887101
   0.0102742713
   0.0088339099
   0.0065590265
   0.0050252375
   0.0047491685
   0.0042918225
   0.0024610449
  -0.0003353066
  -0.0036709839
  -0.0058075593
  -0.0062498259
  -0.0065860716
  -0.0086930843
  -0.0109746680
  -0.0122488161
  -0.0139315558
  -0.0160063907
  -0.0184322790
  -0.0209860225
  -0.0224700173
  -0.0231634343
  -0.0249159066
  -0.0270553610
  -0.0286758032
  -0.0299233166
  -0.0300746968
  -0.0289891768
  -0.0279599871
  -0.0276950278
  -0.0278582525
  -0.0279279715
  -0.0278157996
  -0.0269217673
  -0.0246114654
  -0.0225872124
  -0.0217024446
  -0.0202162020
  -0.0180373341
  -0.0163353987
  -0.0143561552
  -0.0122917361
  -0.0107773089
  -0.0087380156
  -0.0065291746
  -0.0039049675
  -0.0013912194
  -0.0001594243
   0.0006156977
   0.0019230816
   0.0035618143
   0.0048712401
   0.0053025222
   0.0051643274
   0.0049987122
   0.0050066242
   0.0050822029
   0.0051078721
   0.0050928552
   0.0057290155
   0.0079267176
   0.0099279361
   0.0090851072
   0.0063863026
   0.0046373016
   0.0045715934
   0.0051279981
   0.0053703823
   0.0052261538
   0.0050363413
   0.0050028011
   0.0050604546
   0.0050932598
   0.0051090077
   0.0051735431
   0.0052411844
   0.0055357121
   0.0067494411
   0.0089614367
   0.0106325957
   0.0110594937
   0.0107974310
   0.0105936903
   0.0106408400
   0.0107007139
   0.0103672045
   0.0091641806
   0.0083210429
   0.0090515456
   0.0102843177
   0.0108297496
   0.0106244882
   0.0102584453
   0.0100950739
   0.0101164626
   0.0101594256
   0.0101420888
   0.0100463156
   0.0099494812
   0.0099133825
   0.0099225220
   0.0099350488
   0.0099336532
   0.0099632999
   0.0104198543
   0.0113403532
   0.0123393706
   0.0129542184
   0.0136683790
   0.0130600672
   0.0117946404
   0.0126630564
   0.0148386778
   0.0156605519
   0.0142659154
   0.0122370301
   0.0108629516
   0.0103473110
   0.0103009431
   0.0102621179
   0.0101496255
   0.0104147685
   0.0110937863
   0.0108758282
   0.0101392058
   0.0096142713
   0.0094644079
   0.0094153662
   0.0092727932
   0.0090703366
   0.0081942412
   0.0057179449
   0.0033392727
   0.0023698728
   0.0024324713
   0.0025604789
   0.0020185046
   0.0001803575
  -0.0022895309
  -0.0038162972
  -0.0041058995
  -0.0039847563
  -0.0040278385
  -0.0043453049
  -0.0054980420
  -0.0076643226
  -0.0096179439
  -0.0103604358
  -0.0103390706
  -0.0116076619
  -0.0141706133
  -0.0160939898
  -0.0174603557
  -0.0192207909
  -0.0208262573
  -0.0215120515
  -0.0218627571
  -0.0229035178
  -0.0247490659
  -0.0264520490
  -0.0269391628
  -0.0251914401
  -0.0224776792
  -0.0209428269
  -0.0209426314
  -0.0211535082
  -0.0195420159
  -0.0170023706
  -0.0155908174
  -0.0156071105
  -0.0155205551
  -0.0134460486
  -0.0110074380
  -0.0099948757
  -0.0102061062
  -0.0096569764
  -0.0073297246
  -0.0051261667
  -0.0037177994
  -0.0021177041
  -0.0002945074
   0.0014635111
   0.0031002582
   0.0047195668
   0.0057804946
   0.0060600348
   0.0059286341
   0.0058146211
   0.0058352905
   0.0058916696
   0.0059024489
   0.0058793637
   0.0058465624
   0.0058192397
   0.0057959101
   0.0051177680
   0.0038170008
   0.0029235470
   0.0032012109
   0.0038248347
   0.0046404132
   0.0050259098
   0.0043956073
   0.0038425195
   0.0038330712
   0.0038782898
   0.0040645411
   0.0044959756
   0.0040672580
   0.0038193639
   0.0047938769
   0.0067825883
   0.0089748567
   0.0106292202
   0.0112489994
   0.0111885489
   0.0110327163
   0.0107442652
   0.0096309495
   0.0084844182
   0.0087613589
   0.0099014754
   0.0091520311
   0.0068583136
   0.0049664992
   0.0035793584
   0.0020293270
   0.0005064553
  -0.0002523004
  -0.0002592021
  -0.0000525763
  -0.0003337467
  -0.0015658898
  -0.0027205823
  -0.0030875516
  -0.0029189694
  -0.0027486614
  -0.0027670713
  -0.0028527335
  -0.0028818974
  -0.0028857694
  -0.0029467143
  -0.0026054024
  -0.0014404497
  -0.0003950894
  -0.0000814846
  -0.0002411053
  -0.0003437217
  -0.0003033194
  -0.0002674480
   0.0001265263
   0.0012874527
   0.0023220566
   0.0026957008
   0.0026286987
   0.0029454087
   0.0041613775
   0.0052579642
   0.0055746292
   0.0055393906
   0.0067339356
   0.0084147657
   0.0098673196
   0.0107591374
   0.0110282149
   0.0109485004
   0.0108380173
   0.0108663427
   0.0109479453
   0.0109809030
   0.0111385456
   0.0115528191
   0.0112793790
   0.0099560837
   0.0088871148
   0.0089356484
   0.0099951415
   0.0108332365
   0.0109113405
   0.0106508493
   0.0104761239
   0.0097848120
   0.0084948848
   0.0068511365
   0.0054514318
   0.0048805888
   0.0045919129
   0.0035876691
   0.0025013478
   0.0019562599
   0.0012078223
   0.0005105914
  -0.0001626758
  -0.0006037512
  -0.0011479461
  -0.0023080972
  -0.0033194536
  -0.0041588327
  -0.0053194681
  -0.0062395371
  -0.0066746051
  -0.0075273436
  -0.0086419552
  -0.0098651774
  -0.0111454100
  -0.0118385142
  -0.0119143314
  -0.0124088921
  -0.0136587548
  -0.0146008418
  -0.0143715297
  -0.0139702501
  -0.0134448113
  -0.0125683582
  -0.0121534006
  -0.0123741968
  -0.0123508731
  -0.0120523463
  -0.0118237222
  -0.0117503560
  -0.0110297415
  -0.0097772361
  -0.0089976292
  -0.0089483100
  -0.0091717975
  -0.0088448711
  -0.0075731486
  -0.0064020602
  -0.0060180569
  -0.0061634835
  -0.0062622744
  -0.0058458021
  -0.0056019539
  -0.0058890427
  -0.0062553104
  -0.0063168886
  -0.0062390133
  -0.0068850636
  -0.0081591413
  -0.0090610427
  -0.0092302993
  -0.0090503513
  -0.0089488240
  -0.0089985654
  -0.0090677469
  -0.0090175793
  -0.0082616948
  -0.0078436373
  -0.0084428292
  -0.0088891964
  -0.0088351081
  -0.0089067346
  -0.0095659802
  -0.0110897111
  -0.0131140266
  -0.0145936901
  -0.0153893948
  -0.0159971847
  -0.0170026481
  -0.0180815813
  -0.0181982935
  -0.0177177059
  -0.0173381179
  -0.0167360001
  -0.0156342163
  -0.0145316194
  -0.0132327071
  -0.0122079229
  -0.0111752423
  -0.0097402345
  -0.0076219166
  -0.0052278387
  -0.0038069857
  -0.0035972895
  -0.0038755338
  -0.0040118757
  -0.0039370788
  -0.0038451679
  -0.0037882630
  -0.0037494866
  -0.0037752398
  -0.0037923363
  -0.0037549828
  -0.0032922638
  -0.0019542716
   0.0000445648
   0.0016903259
   0.0023125047
   0.0023580204
   0.0027921091
   0.0043295297
   0.0066144928
   0.0080780000
   0.0083034167
   0.0080588082
   0.0080023471
   0.0082161635
   0.0090187071
   0.0105810561
   0.0126386068
   0.0140904649
   0.0144910683
   0.0149979270
   0.0164680465
   0.0185915009
   0.0200021784
   0.0209229686
   0.0219627716
   0.0227745368
   0.0231179323
   0.0237059207
   0.0243470534
   0.0242743049
   0.0234989530
   0.0228757631
   0.0227715072
   0.0229250179
   0.0230091028
   0.0226296848
   0.0214127407
   0.0205731035
   0.0204376334
   0.0195365764
   0.0177656316
   0.0161582243
   0.0151486231
   0.0144026306
   0.0132315011
   0.0122458510
   0.0119221359
   0.0116265527
   0.0105637407
   0.0095420232
   0.0091610494
   0.0084893065
   0.0074288634
   0.0067584574
   0.0067150780
   0.0068723708
   0.0069079866
   0.0068318274
   0.0067842614
   0.0068567500
   0.0069574916
   0.0064884065
   0.0052214199
   0.0036461279
   0.0019763586
   0.0001783242
  -0.0013100777
  -0.0027417364
  -0.0038769274
  -0.0049106772
  -0.0061448605
  -0.0069851192
  -0.0071953803
  -0.0070755095
  -0.0071322795
  -0.0081587094
  -0.0092022143
  -0.0087024955
  -0.0074161295
  -0.0067350907
  -0.0068892815
  -0.0074208478
  -0.0085502143
  -0.0096427003
  -0.0100962017
  -0.0100327452
  -0.0098864058
  -0.0096844535
  -0.0089093049
  -0.0094022492
  -0.0113237415
  -0.0128283373
  -0.0131029501
  -0.0127518713
  -0.0125436468
  -0.0126249484
  -0.0127536011
  -0.0129643195
  -0.0139649806
  -0.0151006212
  -0.0149380375
  -0.0136123498
  -0.0125928547
  -0.0124572125
  -0.0127338425
  -0.0128411963
  -0.0120756407
  -0.0107266351
  -0.0098399050
  -0.0096825302
  -0.0098459797
  -0.0098968920
  -0.0091796802
  -0.0078757878
  -0.0070219117
  -0.0069186389
  -0.0071284427
  -0.0069650811
  -0.0057711049
  -0.0038106603
  -0.0020314340
  -0.0013627517
  -0.0012587310
  -0.0003724943
   0.0011950764
   0.0019402256
   0.0022982521
   0.0040257960
   0.0071795425
   0.0094302384
   0.0101131574
   0.0114021934
   0.0135090692
   0.0149018724
   0.0153313191
   0.0160698609
   0.0170727091
   0.0183112061
   0.0195682480
   0.0202230625
   0.0202385035
   0.0200751614
   0.0200225253
   0.0197722447
   0.0186556610
   0.0172550572
   0.0157101487
   0.0146187768
   0.0142812645
   0.0143778937
   0.0144860861
   0.0144680338
   0.0142320821
   0.0135845522
   0.0126191786
   0.0118184351
   0.0113329631
   0.0102806236
   0.0090927358
   0.0085358816
   0.0086519351
   0.0089205436
   0.0089630473
   0.0088250734
   0.0081591648
   0.0069499196
   0.0059090006
   0.0047043154
   0.0036807176
   0.0032553931
   0.0032832103
   0.0029884011
   0.0019858011
  -0.0000457605
  -0.0018341353
  -0.0030917422
  -0.0044380641
  -0.0043471383
  -0.0041099708
  -0.0053519939
  -0.0071135783
  -0.0079671260
  -0.0078547919
  -0.0075395869
  -0.0074770197
  -0.0075580477
  -0.0075679573
  -0.0073730023
  -0.0060254509
  -0.0046139251
  -0.0051128933
  -0.0063358165
  -0.0061508786
  -0.0046777745
  -0.0029221143
  -0.0024098747
  -0.0024832252
  -0.0024572355
  -0.0022752959
  -0.0021549677
  -0.0021706432
  -0.0022307438
  -0.0022530198
  -0.0022404774
  -0.0022300948
  -0.0022359644
  -0.0022674698
  -0.0023243102
  -0.0023976353
  -0.0024509985
  -0.0024683471
  -0.0024662342
  -0.0024652374
  -0.0024735306
  -0.0025285571
  -0.0028408831
  -0.0039845803
  -0.0057970144
  -0.0074682418
  -0.0081767714
  -0.0081161451
  -0.0079170464
  -0.0078990079
  -0.0079875159
  -0.0080497723
  -0.0086278296
  -0.0092577119
  -0.0089082240
  -0.0081803561
  -0.0078714604
  -0.0080438950
  -0.0082708851
  -0.0082966813
  -0.0076191197
  -0.0064442101
  -0.0056309341
  -0.0050753053
  -0.0042010296
  -0.0032538646
  -0.0028152823
  -0.0028742923
  -0.0030910679
  -0.0026620864
  -0.0012399209
   0.0007234313
   0.0022219268
   0.0026586288
   0.0024181835
   0.0021751172
   0.0021944966
   0.0022393848
   0.0010028574
  -0.0015211671
  -0.0033405334
  -0.0036761518
  -0.0032918416
  -0.0030674432
  -0.0031615139
  -0.0032784646
  -0.0032151625
  -0.0030820672
  -0.0029735230
  -0.0028756585
  -0.0021868679
  -0.0007217754
   0.0011911661
   0.0024973175
   0.0028009691
   0.0026013369
   0.0024590415
   0.0024992427
   0.0025742155
   0.0025815685
   0.0025463924
   0.0025240499
   0.0025248767
   0.0025147580
   0.0030469008
   0.0036219833
   0.0032041525
   0.0023137458
   0.0018881648
   0.0027577129
   0.0040419191
   0.0050916942
   0.0060866226
   0.0066151984
   0.0065626131
   0.0062395117
   0.0059571784
   0.0057710423
   0.0055736989
   0.0054823665
   0.0063140310
   0.0082248867
   0.0098711544
   0.0102700241
   0.0102262381
   0.0113606337
   0.0134440823
   0.0147538248
   0.0147777016
   0.0142736320
   0.0139953700
   0.0140151129
   0.0140640237
   0.0140084147
   0.0139268844
   0.0138989656
   0.0139142169
   0.0138453971
   0.0126865090
   0.0103462477
   0.0085993889
   0.0082215561
   0.0084987431
   0.0076391558
   0.0052332098
   0.0032990363
   0.0028528762
   0.0028313566
   0.0011383836
  -0.0013225575
  -0.0026901772
  -0.0028324199
  -0.0040893151
  -0.0065940951
  -0.0083632378
  -0.0086744926
  -0.0083856858
  -0.0093322605
  -0.0111303423
  -0.0103489646
  -0.0088866379
  -0.0085833420
  -0.0092694587
  -0.0099463637
  -0.0101516094
  -0.0101464220
  -0.0102558770
  -0.0104889477
  -0.0114499724
  -0.0128709466
  -0.0140696196
  -0.0153296988
  -0.0162664675
  -0.0166271725
  -0.0166022871
  -0.0164580020
  -0.0156620550
  -0.0144446691
  -0.0134277149
  -0.0126631521
  -0.0118312101
  -0.0111949110
  -0.0109650145
  -0.0109811806
  -0.0110760605
  -0.0111307626
  -0.0111339289
  -0.0111254247
  -0.0110690964
  -0.0105658594
  -0.0096711449
  -0.0080438500
  -0.0064010575
  -0.0056856674
  -0.0058273393
  -0.0061637024
  -0.0063719601
  -0.0064500484
  -0.0065314653
  -0.0066941448
  -0.0068566796
  -0.0069816811
  -0.0071428556
  -0.0072915248
  -0.0062852483
  -0.0039548985
  -0.0022369788
  -0.0019586679
  -0.0024314393
  -0.0023372102
  -0.0006836817
   0.0016310533
   0.0029045839
   0.0029040640
   0.0033572488
   0.0055616471
   0.0068721049
   0.0063262470
   0.0058407691
   0.0067450492
   0.0079042715
   0.0083378657
   0.0081771408
   0.0079797954
   0.0079847209
   0.0080740459
   0.0081048790
   0.0080736785
   0.0080590369
   0.0080843640
   0.0080868678
   0.0081073945
   0.0081407451
   0.0077935558
   0.0062880882
   0.0040197486
   0.0025576194
   0.0023694213
   0.0026594419
   0.0027347665
   0.0026092001
   0.0025145821
   0.0025066994
   0.0025284731
   0.0025291298
   0.0025223886
   0.0025685141
   0.0025949572
   0.0026089577
   0.0022316135
   0.0013498497
  -0.0002953117
  -0.0018921428
  -0.0012313639
   0.0005536572
   0.0016417230
   0.0021679576
   0.0023669038
   0.0024403442
   0.0024632066
   0.0024577241
   0.0024394588
   0.0023784181
   0.0023464260
   0.0027999645
   0.0036265902
   0.0033666287
   0.0017183538
   0.0000153300
  -0.0006388844
  -0.0004873214
  -0.0002747407
  -0.0002719173
  -0.0005690912
  -0.0016681837
  -0.0028251919
  -0.0033033676
  -0.0032134562
  -0.0029780087
  -0.0021372809
  -0.0009441932
  -0.0002451710
   0.0001181249
   0.0002028361
   0.0004056320
   0.0008302555
   0.0009424781
   0.0010432201
   0.0008792094
   0.0006316889
   0.0003001239
   0.0002845273
   0.0001971365
  -0.0000665657
  -0.0002872404
  -0.0003451142
  -0.0002826087
  -0.0002283614
  -0.0002300674
  -0.0002548883
  -0.0002671730
  -0.0002651536
  -0.0004058349
  -0.0013749000
  -0.0024135395
  -0.0019785164
  -0.0007927153
  -0.0002136839
  -0.0001510880
   0.0005641962
   0.0015510796
   0.0020443497
   0.0019391793
   0.0016391606
   0.0015033467
   0.0024374319
   0.0038647428
   0.0035349509
   0.0017940572
   0.0004796308
   0.0002670761
   0.0004905134
   0.0004705404
   0.0002514770
   0.0008151053
   0.0022588014
   0.0037058336
   0.0047267009
   0.0051385507
   0.0051471586
   0.0053282382
   0.0059407386
   0.0069185764
   0.0079018986
   0.0087555069
   0.0096212999
   0.0102440930
   0.0101060331
   0.0088860164
   0.0076522494
   0.0068193476
   0.0065555787
   0.0059380140
   0.0051455852
   0.0047210913
   0.0047271231
   0.0048281911
   0.0047774919
   0.0046548925
   0.0045910607
   0.0041519019
   0.0027926838
   0.0006675967
  -0.0017950964
  -0.0027557427
  -0.0021193322
  -0.0017873097
  -0.0029381534
  -0.0043552048
  -0.0049182139
  -0.0047542855
  -0.0045769410
  -0.0046937393
  -0.0050033855
  -0.0059259857
  -0.0062414584
  -0.0058190931
  -0.0065471741
  -0.0079139778
  -0.0093245850
  -0.0098942220
  -0.0095607087
  -0.0099489847
  -0.0110146699
  -0.0117958776
  -0.0119240748
  -0.0123230813
  -0.0128770897
  -0.0125792549
  -0.0119138212
  -0.0115918789
  -0.0116483166
  -0.0117837007
  -0.0118675745
  -0.0118715970
  -0.0113884196
  -0.0101835507
  -0.0095743457
  -0.0100658573
  -0.0100598841
  -0.0094329278
  -0.0089214505
  -0.0089172169
  -0.0091472131
  -0.0091710665
  -0.0083787179
  -0.0070854054
  -0.0062190456
  -0.0053990615
  -0.0043157834
  -0.0035400425
  -0.0039304373
  -0.0047549227
  -0.0043836650
  -0.0026152220
  -0.0008466634
   0.0006100776
   0.0015958203
   0.0019228994
   0.0018885687
   0.0018512164
   0.0022819511
   0.0030802318
   0.0030563081
   0.0032084564
   0.0038765463
   0.0037230298
   0.0026738880
   0.0018639520
   0.0017595668
   0.0019581089
   0.0020682910
   0.0020298469
   0.0019131681
   0.0017810614
   0.0020423326
   0.0031659312
   0.0042232489
   0.0047764228
   0.0055813783
   0.0064127457
   0.0070640030
   0.0080784476
   0.0091772292
   0.0098780286
   0.0102765679
   0.0109159845
   0.0119865345
   0.0132847979
   0.0143849673
   0.0151632392
   0.0158494361
   0.0161873061
   0.0161516922
   0.0159938131
   0.0158630613
   0.0157941691
   0.0157148084
   0.0156204953
   0.0150581663
   0.0137769447
   0.0122076434
   0.0106727989
   0.0098537804
   0.0095903261
   0.0087617478
   0.0076113640
   0.0065564133
   0.0053542045
   0.0044997772
   0.0041615671
   0.0039964464
   0.0031169130
   0.0018263765
   0.0010296860
   0.0008206049
   0.0000845471
  -0.0015831298
  -0.0036434267
  -0.0049793230
  -0.0061015925
  -0.0072058254
  -0.0078947782
  -0.0081898005
  -0.0091034683
  -0.0105443359
  -0.0122619565
  -0.0136509425
  -0.0142217581
  -0.0142494659
  -0.0141776712
  -0.0142547432
  -0.0144834650
  -0.0146542266
  -0.0146848603
  -0.0146497311
  -0.0146328027
  -0.0146763717
  -0.0147790150
  -0.0148578090
  -0.0148773662
  -0.0148663347
  -0.0147656752
  -0.0139182590
  -0.0127542910
  -0.0116650320
  -0.0104240976
  -0.0095807644
  -0.0088991881
  -0.0077890427
  -0.0064584764
  -0.0049346771
  -0.0044184346
  -0.0050599249
  -0.0045361358
  -0.0021851225
  -0.0001723345
   0.0010134566
   0.0018562949
   0.0031117881
   0.0045706024
   0.0061433516
   0.0072070959
   0.0083578295
   0.0099716517
   0.0117237331
   0.0127055953
   0.0128116396
   0.0126007608
   0.0125141076
   0.0125761608
   0.0126358842
   0.0126286308
   0.0125954777
   0.0125813560
   0.0123593578
   0.0119454811
   0.0119405146
   0.0115341257
   0.0104397008
   0.0095100878
   0.0092413132
   0.0093360895
   0.0092972310
   0.0091164231
   0.0089692921
   0.0088818864
   0.0087893129
   0.0085800388
   0.0078358367
   0.0067126134
   0.0056732404
   0.0051740826
   0.0050966979
   0.0051193101
   0.0045044857
   0.0035634894
   0.0031586642
   0.0025896193
   0.0019684075
   0.0011292623
  -0.0003590015
  -0.0021823177
  -0.0025974884
  -0.0018517906
  -0.0012076110
  -0.0011810836
  -0.0014838478
  -0.0019006353
  -0.0022820742
  -0.0020962138
  -0.0016989816
  -0.0015315415
  -0.0015986513
  -0.0013059213
  -0.0012528005
  -0.0016155844
  -0.0020944977
  -0.0031085592
  -0.0043226575
  -0.0048110790
  -0.0044635242
  -0.0044741335
  -0.0049057654
  -0.0052526771
  -0.0053370552
  -0.0053005657
  -0.0052552298
  -0.0052942309
  -0.0054193869
  -0.0062191961
  -0.0073757289
  -0.0072627987
  -0.0060880827
  -0.0052132362
  -0.0051323138
  -0.0053949510
  -0.0055175133
  -0.0054533179
  -0.0054217167
  -0.0055103147
  -0.0055639730
  -0.0055528282
  -0.0055629899
  -0.0056036700
  -0.0056887635
  -0.0057839346
  -0.0058396530
  -0.0059135449
  -0.0060590556
  -0.0061969669
  -0.0062876699
  -0.0065564035
  -0.0076558106
  -0.0087044872
  -0.0082700056
  -0.0071449743
  -0.0065996695
  -0.0067842223
  -0.0068194727
  -0.0062354912
  -0.0052292205
  -0.0044890330
  -0.0043152107
  -0.0043591881
  -0.0031605562
  -0.0007875970
   0.0001093592
  -0.0002857135
  -0.0001074779
   0.0006219616
   0.0011472712
   0.0013763126
   0.0022860009
   0.0034940538
   0.0041146168
   0.0040736024
   0.0038936780
   0.0042379667
   0.0051662487
   0.0062788060
   0.0068286024
   0.0067874356
   0.0066534588
   0.0066222074
   0.0067097323
   0.0075675195
   0.0091609634
   0.0110029680
   0.0121140105
   0.0122946640
   0.0120937789
   0.0120137478
   0.0120687900
   0.0121142802
   0.0126516672
   0.0138619268
   0.0148310550
   0.0153490626
   0.0150984262
   0.0153855541
   0.0164316253
   0.0158192109
   0.0141880558
   0.0139734106
   0.0149504489
   0.0147413410
   0.0131839312
   0.0116321818
   0.0102812139
   0.0091697902
   0.0078002501
   0.0066984057
   0.0062942842
   0.0062712087
   0.0059771676
   0.0045122570
   0.0021088167
  -0.0002811297
  -0.0021840065
  -0.0039293857
  -0.0052101226
  -0.0063524380
  -0.0075835644
  -0.0083910843
  -0.0086400006
  -0.0086417734
  -0.0086980978
  -0.0088624601
  -0.0090419663
  -0.0091775283
  -0.0092918208
  -0.0094164861
  -0.0095333548
  -0.0095934416
  -0.0096488826
  -0.0097771208
  -0.0099255379
  -0.0100004618
  -0.0099629695
  -0.0094709615
  -0.0088841596
  -0.0086627106
  -0.0085187128
  -0.0080112579
  -0.0079351045
  -0.0079279646
  -0.0078841005
  -0.0080508122
  -0.0084807436
  -0.0087098290
  -0.0088460907
  -0.0096349955
  -0.0105666882
  -0.0099688684
  -0.0082354667
  -0.0070603089
  -0.0069615004
  -0.0072956860
  -0.0074406748
  -0.0073101497
  -0.0064593560
  -0.0050923216
  -0.0036024847
  -0.0022111122
  -0.0011125642
  -0.0009949741
  -0.0021695877
  -0.0038565532
  -0.0042443698
  -0.0030986164
  -0.0025792622
  -0.0035967871
  -0.0047801697
  -0.0051441623
  -0.0049874266
  -0.0054651821
  -0.0067933188
  -0.0078494814
  -0.0081252122
  -0.0079456122
  -0.0072552287
  -0.0061232197
  -0.0053550664
  -0.0052604543
  -0.0054936697
  -0.0050713864
  -0.0042797590
  -0.0036184631
  -0.0032676266
  -0.0031980152
  -0.0026799099
  -0.0015285710
  -0.0006796182
  -0.0005575833
  -0.0006690922
   0.0001193407
   0.0013558623
   0.0025101179
   0.0035085078
   0.0036603903
   0.0037221112
   0.0034699522
   0.0025957547
   0.0026110158
   0.0035269978
   0.0042589352
   0.0042938142
   0.0040243418
   0.0038872397
   0.0039188272
   0.0039729898
   0.0039706502
   0.0039495372
   0.0044411250
   0.0051270150
   0.0048259434
   0.0039573260
   0.0030719348
   0.0030786487
   0.0034936883
   0.0033676665
   0.0033014521
   0.0033579661
   0.0027184283
   0.0024482465
   0.0030403844
   0.0037162592
   0.0039176564
   0.0037805034
   0.0040463521
   0.0051747764
   0.0061080074
   0.0059435923
   0.0057532735
   0.0060364219
   0.0066939493
   0.0070676619
   0.0071917937
   0.0079657500
   0.0088322603
   0.0092096299
   0.0091645637
   0.0089975530
   0.0089305059
   0.0089646305
   0.0089629046
   0.0081632479
   0.0069125329
   0.0058396824
   0.0054928918
   0.0053852193
   0.0037054545
   0.0015868294
   0.0013788815
   0.0027050963
   0.0036396329
   0.0027634964
   0.0011824946
   0.0010927020
   0.0015153162
   0.0011811989
   0.0004908562
   0.0001187256
   0.0001069869
   0.0000723061
  -0.0008371588
  -0.0023126786
  -0.0032640869
  -0.0034192902
  -0.0032920800
  -0.0032966635
  -0.0034721648
  -0.0036912546
  -0.0038810359
  -0.0039790939
  -0.0040483144
  -0.0041253317
  -0.0041804071
  -0.0042472704
  -0.0040132595
  -0.0030451593
  -0.0028297538
  -0.0037349272
  -0.0046317076
  -0.0049313407
  -0.0051024560
  -0.0056897974
  -0.0064192955
  -0.0061788267
  -0.0057574152
  -0.0053589013
  -0.0050780358
  -0.0049038910
  -0.0041014412
  -0.0028553956
  -0.0020479383
  -0.0015932536
  -0.0006072081
   0.0007103145
   0.0018889074
   0.0027785563
   0.0029317053
   0.0030486189
   0.0036363532
   0.0050098023
   0.0062144739
   0.0065984850
   0.0064383739
   0.0062696001
   0.0062834892
   0.0063632408
   0.0063880597
   0.0063988938
   0.0070787149
   0.0083228352
   0.0090514420
   0.0083784540
   0.0068611262
   0.0058354058
   0.0056310416
   0.0057642796
   0.0057559942
   0.0053273352
   0.0040296250
   0.0026811530
   0.0020655390
   0.0020543844
   0.0020544665
   0.0012089024
  -0.0002900305
  -0.0013387107
  -0.0016037701
  -0.0015214855
  -0.0019659506
  -0.0029637776
  -0.0040518111
  -0.0046002354
  -0.0040001230
  -0.0031118937
  -0.0029408487
  -0.0029011048
  -0.0026012685
  -0.0025469280
  -0.0033179798
  -0.0041254177
  -0.0047515765
  -0.0050210391
  -0.0050380750
  -0.0049967577
  -0.0049758557
  -0.0049880013
  -0.0056803081
  -0.0066892623
  -0.0063825323
  -0.0053106492
  -0.0046663052
  -0.0046761600
  -0.0049050539
  -0.0049631237
  -0.0048631424
  -0.0045194772
  -0.0034226227
  -0.0022737048
  -0.0011333362
   0.0000247251
   0.0006555909
   0.0001200378
  -0.0005573157
  -0.0001992687
   0.0005909014
   0.0009349482
   0.0007970003
   0.0006302796
   0.0006146817
   0.0006903687
   0.0011049400
   0.0022428366
   0.0033072200
   0.0036850939
   0.0035319800
   0.0033387411
   0.0034452056
   0.0043147768
   0.0051198339
   0.0057502596
   0.0060845957
   0.0058593237
   0.0051421432
   0.0041137959
   0.0034165421
   0.0032001203
   0.0024342284
   0.0012425494
   0.0005451240
   0.0004995862
   0.0006690558
   0.0003381931
  -0.0005377917
  -0.0014404151
  -0.0015374112
  -0.0017190111
  -0.0027925997
  -0.0031063427
  -0.0015739119
   0.0003081647
   0.0010705931
   0.0008576933
   0.0003747853
  -0.0001289544
  -0.0005679049
  -0.0013664345
  -0.0020424518
  -0.0021121962
  -0.0010161970
  -0.0003943212
  -0.0011240049
  -0.0020731872
  -0.0023932356
  -0.0022708043
  -0.0021073665
  -0.0020854149
  -0.0021680006
  -0.0021762899
  -0.0020496935
  -0.0015929858
  -0.0014011241
  -0.0011254918
  -0.0004381232
   0.0004035178
   0.0003907929
  -0.0004439321
  -0.0011422476
  -0.0011990385
  -0.0007560557
   0.0001797368
   0.0008100632
   0.0002316160
  -0.0007223172
  -0.0012224435
  -0.0012754033
  -0.0016403562
  -0.0021311886
  -0.0023952077
  -0.0024397324
  -0.0020328218
  -0.0012498790
  -0.0006253997
  -0.0001770360
  -0.0000385602
  -0.0005935063
  -0.0019266844
  -0.0029183244
  -0.0023220351
  -0.0009821526
  -0.0003233375
  -0.0008837944
  -0.0016390269
  -0.0025461501
  -0.0033382818
  -0.0036940008
  -0.0036918723
  -0.0036496930
  -0.0037423310
  -0.0039163234
  -0.0036602261
  -0.0024477715
  -0.0016628459
  -0.0024893605
  -0.0038061550
  -0.0044404331
  -0.0042596525
  -0.0035982785
  -0.0036064133
  -0.0041311289
  -0.0045397537
  -0.0044896878
  -0.0034620128
  -0.0022060147
  -0.0016275867
  -0.0017265823
  -0.0019821578
  -0.0020814608
  -0.0020458274
  -0.0020545916
  -0.0021138185
  -0.0014926246
  -0.0002440331
   0.0006137621
   0.0008206842
   0.0014962712
   0.0027323682
   0.0035714815
   0.0036815796
   0.0034706481
   0.0033649028
   0.0036175680
   0.0042823546
   0.0052455645
   0.0060715725
   0.0063911440
   0.0063713933
   0.0057144932
   0.0044427043
   0.0043531837
   0.0065022115
   0.0087954912
   0.0096491875
   0.0093646690
   0.0090124877
   0.0090396423
   0.0091995150
   0.0094970958
   0.0105451333
   0.0119605370
   0.0135145342
   0.0144245450
   0.0138120778
   0.0120108375
   0.0099494401
   0.0087617869
   0.0085543658
   0.0087157708
   0.0083604760
   0.0066194261
   0.0041461359
   0.0025428254
   0.0021759615
   0.0019793764
   0.0007885191
  -0.0012857751
  -0.0031252257
  -0.0039298548
  -0.0047469774
  -0.0062815385
  -0.0083079571
  -0.0096707345
  -0.0099826148
  -0.0097974619
  -0.0097303855
  -0.0098721903
  -0.0100476916
  -0.0101097331
  -0.0102139596
  -0.0106738114
  -0.0107432625
  -0.0104080253
  -0.0101026752
  -0.0100366523
  -0.0100017987
  -0.0090650242
  -0.0070307482
  -0.0058611707
  -0.0054697909
  -0.0046474574
  -0.0029556115
  -0.0008463348
   0.0006503513
   0.0010913909
   0.0009739054
   0.0008600947
   0.0008839369
   0.0012570227
   0.0019823669
   0.0033261655
   0.0051251523
   0.0058665672
   0.0048686308
   0.0036033290
   0.0031746817
   0.0037038947
   0.0046044768
   0.0050954431
   0.0054345933
   0.0051338188
   0.0049519456
   0.0055101290
   0.0061596271
   0.0063452570
   0.0061323904
   0.0058773798
   0.0054250355
   0.0053292096
   0.0053003780
   0.0052229288
   0.0044439728
   0.0034661800
   0.0023893792
   0.0018505221
   0.0016962171
   0.0011318490
   0.0004600910
   0.0001395059
   0.0001559640
   0.0001932371
   0.0001346350
   0.0000200962
  -0.0001104185
  -0.0007868919
  -0.0020684005
  -0.0030360511
  -0.0038620513
  -0.0049220722
  -0.0057346896
  -0.0060410033
  -0.0060407160
  -0.0060275853
  -0.0061005625
  -0.0062132210
  -0.0063118067
  -0.0063509818
  -0.0063415081
  -0.0063627737
  -0.0062748950
  -0.0052818293
  -0.0032869298
  -0.0020820159
  -0.0031634157
  -0.0054237612
  -0.0067490267
  -0.0063953502
  -0.0057042357
  -0.0057879473
  -0.0061484627
  -0.0059254931
  -0.0053898653
  -0.0044609813
  -0.0037411720
  -0.0034534519
  -0.0027315219
  -0.0017518697
  -0.0015208348
  -0.0014916449
  -0.0013118391
  -0.0014078468
  -0.0022993525
  -0.0029256501
  -0.0025301423
  -0.0024393435
  -0.0028374567
  -0.0025705976
  -0.0015484523
  -0.0007758604
  -0.0006618971
  -0.0008350238
  -0.0009237271
  -0.0009198121
  -0.0009081966
  -0.0006678553
   0.0002653093
   0.0012179259
   0.0013589622
   0.0003605854
   0.0004038241
   0.0021571372
   0.0036998898
   0.0039571560
   0.0035014792
   0.0031938188
   0.0032124887
   0.0033106776
   0.0032770925
   0.0031391304
   0.0030406795
   0.0029897732
   0.0029179902
   0.0023677286
   0.0013314974
   0.0010517883
   0.0013412325
   0.0013253369
   0.0016358167
   0.0021982845
   0.0025183700
   0.0024688201
   0.0023068228
   0.0022420333
   0.0022677708
   0.0022915949
   0.0022617801
   0.0021706745
   0.0020886985
   0.0020569155
   0.0020560379
   0.0020535107
   0.0020249977
   0.0019473853
   0.0018716219
   0.0018373713
   0.0018314136
   0.0017912505
   0.0016972763
   0.0015779508
   0.0014989863
   0.0014774623
   0.0014664822
   0.0014230077
   0.0013929373
   0.0013523762
   0.0013112526
   0.0014771349
   0.0016959230
   0.0015189880
   0.0012147044
   0.0010588431
   0.0010663401
   0.0011083222
   0.0011072529
   0.0010785389
   0.0010414352
   0.0009785013
   0.0006817579
  -0.0002257607
  -0.0012490686
  -0.0009032135
  -0.0000333537
  -0.0007328872
  -0.0023339501
  -0.0032244799
  -0.0031382098
  -0.0027571950
  -0.0026132049
  -0.0027050631
  -0.0027874124
  -0.0027290162
  -0.0026204602
  -0.0025571249
  -0.0025203949
  -0.0024951929
  -0.0024630522
  -0.0023991833
  -0.0023661122
  -0.0023520492
  -0.0023038929
  -0.0022364002
  -0.0021688176
  -0.0021370659
  -0.0021208060
  -0.0016247545
  -0.0005222237
   0.0005260378
   0.0010125538
   0.0011865194
   0.0012202075
   0.0012203820
   0.0012102782
   0.0011600667
   0.0010745526
   0.0009865205
   0.0009164077
   0.0008573513
   0.0008062297
   0.0004727225
   0.0002424673
   0.0003516408
   0.0005094104
   0.0004952786
   0.0003769640
   0.0002728676
   0.0002410291
   0.0002382974
   0.0001717535
   0.0000768563
   0.0000171827
   0.0002098743
   0.0012427613
   0.0016584679
   0.0008180471
  -0.0001460098
  -0.0004298413
   0.0000082959
   0.0008629671
   0.0015923680
   0.0020607171
   0.0024789447
   0.0027659670
   0.0028146901
   0.0027462592
   0.0026918777
   0.0026450309
   0.0025948067
   0.0025726069
   0.0025391293
   0.0024921692
   0.0023650040
   0.0020914544
   0.0018616326
   0.0015793696
   0.0011505038
   0.0006420095
   0.0002782772
   0.0003869154
   0.0009731615
   0.0016326955
   0.0019563147
   0.0019127830
   0.0019399848
   0.0020589170
   0.0021262768
   0.0020938820
   0.0020241494
   0.0019727212
   0.0015357717
   0.0006128966
   0.0006096182
   0.0013936878
   0.0019820209
   0.0020068418
   0.0017848219
   0.0016617847
   0.0016891086
   0.0017436547
   0.0017086016
   0.0016316060
   0.0015923576
   0.0015620560
   0.0015371599
   0.0014503407
   0.0009892017
   0.0005793133
   0.0002152143
  -0.0003890021
  -0.0007320392
  -0.0007236332
  -0.0005958568
  -0.0005050385
  -0.0001858326
   0.0004381775
   0.0009652954
   0.0011096591
   0.0009820881
   0.0008404387
   0.0007921110
   0.0007694053
   0.0007087565
   0.0006172840
   0.0005243028
   0.0004394564
   0.0003770735
   0.0003283212
   0.0002724212
   0.0002041754
   0.0001778368
   0.0002500070
   0.0001772163
   0.0001182247
   0.0000635205
  -0.0000572217
  -0.0001775159
  -0.0002492116
  -0.0002716102
  -0.0002876872
  -0.0003242925
  -0.0003613884
  -0.0003917832
  -0.0004139778
  -0.0004165068
  -0.0004249987
  -0.0004544204
  -0.0004819507
  -0.0004897912
  -0.0004966454
  -0.0005076980
  -0.0005145327
  -0.0005171981
  -0.0005111912
  -0.0005169835
  -0.0005434064
  -0.0006842742
  -0.0011384350
  -0.0016092547
  -0.0017886781
  -0.0017197869
  -0.0016240185
  -0.0015966461
  -0.0015910528
  -0.0015764974
  -0.0015519457
  -0.0015153423
  -0.0014831833
  -0.0014638549
  -0.0014467166
  -0.0014280866
  -0.0014001071
  -0.0013677261
  -0.0013468084
  -0.0013351870
  -0.0013156972
  -0.0012849875
  -0.0012563894
  -0.0012257303
  -0.0011968473
  -0.0011735791
  -0.0011820902
  -0.0012731348
  -0.0013074466
  -0.0013657717
  -0.0013478811
  -0.0012492123
  -0.0010806748
  -0.0009574866
  -0.0009221342
  -0.0009734678
  -0.0011214935
  -0.0011032196
  -0.0009472134
  -0.0008280101
  -0.0008029355
  -0.0008187580
  -0.0007664581
  -0.0006247353
  -0.0004669364
  -0.0003305832
  -0.0002988972
  -0.0003272550
  -0.0003352130
  -0.0003903355
  -0.0004474384
  -0.0004037136
  -0.0003285182
  -0.0002958535
  -0.0003073446
  -0.0003280216
  -0.0003335585
  -0.0003256722
  -0.0003194648
  -0.0003188076
  -0.0003149796
  -0.0002527242
  -0.0001083158
   0.0000070604
   0.0000324872
   0.0000048556
  -0.0000202427
  -0.0000265432
  -0.0000271507
  -0.0000331730
  -0.0000433987
  -0.0000526560
  -0.0000593629
  -0.0000638120
  -0.0000681575
  -0.0000733751
  -0.0000784849
  -0.0000856370
  -0.0000933795
  -0.0000979678
  -0.0001021877
  -0.0001077268
  -0.0001134631
  -0.0001197113
  -0.0001262580
  -0.0001319064
  -0.0001366259
  -0.0001414620
  -0.0001458488
  -0.0001497918
  -0.0001530627
  -0.0001561340
  -0.0001597850
  -0.0001627477
  -0.0001647799
  -0.0001668427
  -0.0001661093
  -0.0001384887
  -0.0001083746
  -0.0001254055
  -0.0001626982
  -0.0001814562
  -0.0001776178
  -0.0001688263
  -0.0001653391
  -0.0001651471
  -0.0001640328
  -0.0001611257
  -0.0001577823
  -0.0001546332
  -0.0001574022
  -0.0001678988
  -0.0001757462
  -0.0001715577
  -0.0001677014
  -0.0001626474
  -0.0001613979
  -0.0001598742
  -0.0001516304
  -0.0001398789
  -0.0001279069
  -0.0001171075
  -0.0001060224
  -0.0000958382
  -0.0000891660
  -0.0000854333
  -0.0000824225
  -0.0000787687
  -0.0000745831
  -0.0000707556
  -0.0000672337
  -0.0000636110
  -0.0000599236
  -0.0000566206
  -0.0000571985
  -0.0000600167
  -0.0000588143
  -0.0000499652
  -0.0000402103
  -0.0000377935
  -0.0000386294
  -0.0000368198
  -0.0000319179
  -0.0000264112
  -0.0000217993
  -0.0000178714
  -0.0000134125
  -0.0000069449
  -0.0000003886
   0.0000042027
   0.0000071336
   0.0000097837
   0.0000127929
   0.0000159326
   0.0000189626
   0.0000218837
   0.0000247554
   0.0000276033
   0.0000304350
   0.0000331991
   0.0000358769
   0.0000385189
   0.0000411417
   0.0000437122
   0.0000462365
   0.0000487088
   0.0000511239
   0.0000534849
   0.0000557962
   0.0000580597
   0.0000602741
   0.0000624339
   0.0000645363
   0.0000665930
   0.0000686042
   0.0000705640
   0.0000724751
   0.0000743370
   0.0000761462
   0.0000779058
   0.0000796136
   0.0000812697
   0.0000828746
   0.0000844282
   0.0000859199
   0.0000873158
   0.0000886830
   0.0000900795
   0.0000914430
   0.0000927171
   0.0000939077
   0.0000950437
   0.0000961377
   0.0000971848
   0.0000981794
   0.0000991215
   0.0001000135
   0.0001008564
   0.0001016498
   0.0001023930
   0.0001030852
   0.0001037303
   0.0001043290
   0.0001048808
   0.0001053856
   0.0001058438
   0.0001062551
   0.0001066197
   0.0001069377
   0.0001072096
   0.0001074362
   0.0001076183
   0.0001077563
   0.0001078506
   0.0001079017
   0.0001079100
   0.0001078758
   0.0001077996
   0.0001076818
   0.0001075229
   0.0001073233
   0.0001070834
   0.0001068038
   0.0001064847
   0.0001061267
   0.0001057303
   0.0001052957
   0.0001048236
