   0.0015153202
   0.0012151346
   0.0005983070
   0.0020130804
   0.0022105736
   0.0003120780
  -0.0011367619
  -0.0016068034
  -0.0003660188
   0.0005060313
  -0.0005945319
   0.0001404760
  -0.0005789532
  -0.0009241235
   0.0009199529
  -0.0006589296
  -0.0016675234
  -0.0017850538
   0.0007376664
   0.0023337218
   0.0018365300
  -0.0006483572
  -0.0027576140
  -0.0016755441
  -0.0010088193
   0.0025874031
   0.0031486129
   0.0006501341
   0.0001188246
  -0.0016325106
  -0.0021582990
  -0.0018615680
  -0.0008218236
   0.0019465639
   0.0019403965
   0.0024565353
  -0.0013139135
  -0.0060206273
  -0.0034522909
   0.0005801154
   0.0028235970
   0.0034933770
   0.0023947966
   0.0021488913
   0.0008392345
  -0.0021565344
  -0.0024106123
  -0.0013719737
   0.0021081412
   0.0076582369
   0.0099375310
   0.0089665889
  -0.0005556145
  -0.0057226544
  -0.0018407864
  -0.0020590719
  -0.0019976934
  -0.0043078448
  -0.0081135616
  -0.0075435529
  -0.0049967843
   0.0021395616
   0.0054869310
  -0.0012879411
  -0.0058955062
  -0.0077600107
  -0.0135793602
  -0.0101304763
   0.0017600387
   0.0060766959
   0.0092857318
   0.0138450606
   0.0146030661
   0.0080778352
  -0.0046394502
  -0.0060898142
   0.0007040461
  -0.0048341252
   0.0088893436
   0.0104233448
  -0.0013205606
   0.0036433035
   0.0017804144
   0.0002712155
   0.0038025961
   0.0061495881
   0.0022921867
  -0.0037667662
  -0.0066110937
  -0.0054854634
  -0.0083092028
  -0.0137484838
  -0.0048446887
  -0.0002836917
  -0.0027879740
   0.0107109033
   0.0174337498
   0.0082261127
  -0.0057588754
  -0.0213381345
  -0.0228882417
  -0.0122255502
  -0.0101456522
  -0.0147005971
   0.0077540691
   0.0239618353
   0.0280500600
   0.0342233272
   0.0143178246
  -0.0201363677
  -0.0333850875
  -0.0180175515
  -0.0116221522
   0.0006322202
   0.0147440876
   0.0192436574
   0.0175306088
   0.0203289971
   0.0047335044
  -0.0050784136
  -0.0090135468
  -0.0283404220
  -0.0215226868
  -0.0107226656
   0.0044462241
   0.0032994265
   0.0113249091
   0.0157875900
   0.0057262751
   0.0101793856
   0.0188231465
   0.0204043797
  -0.0143388172
  -0.0391105212
  -0.0476419233
  -0.0139392183
   0.0008788563
  -0.0171688692
  -0.0025810745
   0.0261016710
   0.0472845784
   0.0160686383
  -0.0292134568
  -0.0248849594
   0.0176295778
   0.0022742489
  -0.0243548353
  -0.0088717969
  -0.0096564759
  -0.0057090160
   0.0184637722
   0.0180560962
   0.0350292851
   0.0170735423
  -0.0059241217
   0.0097097705
   0.0112720338
  -0.0063834555
  -0.0254947532
  -0.0271224202
  -0.0240604280
   0.0174576453
   0.0090484977
  -0.0162822604
  -0.0206145343
  -0.0080292981
   0.0290994086
   0.0157045468
  -0.0122088233
   0.0112814455
   0.0017372963
  -0.0384546431
   0.0024411631
   0.0399537471
  -0.0075598027
  -0.0186515903
   0.0068127330
  -0.0029657769
   0.0135415144
   0.0424466539
   0.0421228273
   0.0015676888
  -0.0095761395
  -0.0005165720
   0.0002014612
  -0.0047749534
   0.0053305817
   0.0522499370
   0.0729547987
   0.0856320409
   0.0914181006
   0.0747018763
   0.0128947308
  -0.0673830599
  -0.0723731205
  -0.0636315235
  -0.1199278746
  -0.1505813013
  -0.0497428111
   0.0154101126
   0.0390664529
   0.0758183959
   0.0977461246
   0.1257521699
   0.0988520538
   0.0297960086
  -0.0216886521
  -0.0885266835
  -0.1445954489
  -0.1097845434
  -0.0581205719
   0.0018602549
   0.0755686483
   0.1309722756
   0.0462297733
  -0.0173689307
   0.0252543864
  -0.0198297707
  -0.0864785729
  -0.1584255781
  -0.1653210210
  -0.0878757108
  -0.0377826643
   0.0454818744
   0.1503973135
   0.1647691920
   0.1563768493
   0.1387396916
   0.0102086046
  -0.0819527825
  -0.1207735599
  -0.1354675582
  -0.1447536327
  -0.1290356732
  -0.0573066578
   0.0052117006
   0.0548976543
   0.0842856508
   0.1048194133
   0.1216930419
   0.0836660326
  -0.0267096236
  -0.0909758041
  -0.1546456976
  -0.1285326030
  -0.0458724822
  -0.0107804088
  -0.0152410831
  -0.0122156129
  -0.0448003670
  -0.0881215072
  -0.0682936852
  -0.0214370632
   0.0583031754
   0.1160058572
   0.1581152583
   0.1580042475
   0.1559905959
   0.1181309094
   0.0096621447
  -0.0506532214
  -0.0646713300
  -0.1012739593
  -0.0857381867
  -0.0025995996
   0.0108936318
  -0.0069723938
  -0.0074370147
  -0.0308782304
  -0.0159675324
   0.0313853593
   0.0161349089
   0.0115139327
   0.0501442109
   0.0878190226
   0.0904826658
   0.0715200165
   0.0690361680
   0.0216697829
  -0.0365988797
  -0.0428264697
  -0.0165885214
  -0.0517133485
  -0.0774739768
  -0.0082575572
  -0.0091347556
  -0.0568342433
  -0.0670290212
  -0.0962167278
  -0.0703475211
   0.0136081478
   0.0409263288
   0.0250521880
  -0.0113365236
  -0.0708183363
  -0.0226647953
   0.0181204852
  -0.0498618857
  -0.1047129987
  -0.1901104519
  -0.2177806557
  -0.1943226835
  -0.1534455435
  -0.0152609736
   0.1353393446
   0.2337668960
   0.3008216405
   0.2868639697
   0.1054091822
  -0.0482655464
  -0.0861018347
  -0.1209866981
  -0.1030984757
   0.0102233021
   0.0983614286
   0.1275755305
   0.2017420010
   0.2183088310
   0.1526323149
   0.0299562621
  -0.0809565605
  -0.2045414645
  -0.2718053289
  -0.2075801525
  -0.1250418884
  -0.0553140795
  -0.0381496185
  -0.0431762884
  -0.0437408581
  -0.0269821916
   0.0311483524
   0.1288001043
   0.1914186601
   0.1020925101
  -0.0801874405
  -0.1213630600
  -0.0415787799
   0.0834239052
   0.2011323819
   0.2692577230
   0.3319859995
   0.3436054530
   0.2952891050
   0.2167910997
   0.1196017768
   0.0311240806
  -0.0132167833
  -0.0859737152
  -0.1517119727
  -0.1368929595
  -0.1220109954
  -0.1112716458
  -0.1209673451
  -0.0447458830
   0.0330520683
   0.0332099295
   0.0862217695
   0.1411184964
   0.1331171646
   0.0730514293
   0.0483848227
   0.0056259083
  -0.0840224770
  -0.1502404737
  -0.2102843294
  -0.2412815001
  -0.2404903123
  -0.1944366511
  -0.0771491423
  -0.0002436099
   0.0574373173
   0.0772433806
  -0.0084487715
  -0.1069705652
  -0.1650691634
  -0.1417825458
  -0.0765140283
  -0.0564872603
  -0.0667902403
  -0.0638043430
  -0.0343078219
  -0.0038517258
   0.0334188074
   0.0563503783
   0.0637873822
   0.0680892962
   0.0686638918
   0.0365111461
  -0.0011482597
   0.0550617515
   0.1185591077
   0.1370409293
   0.1607361099
   0.1999928403
   0.0867305380
  -0.0530945740
  -0.0823411593
  -0.0968896204
  -0.1067813628
  -0.0660974705
   0.0113865511
   0.0743150181
   0.0625658055
  -0.0419273890
  -0.0733152078
  -0.0857608323
  -0.1404282398
  -0.1741383231
  -0.1316228989
  -0.0714977875
  -0.0769247283
  -0.0549129888
   0.0233551325
   0.0852678150
   0.1038538336
   0.1115033307
   0.0549126394
  -0.0256320250
  -0.0520711503
   0.0062252529
   0.0729015780
   0.1103653750
   0.1539403887
   0.1805581394
   0.1361734047
   0.0139031599
  -0.0243813650
  -0.0560145905
  -0.1129932151
  -0.0812266153
   0.0090212383
   0.0600659101
   0.1473555344
   0.1792809765
   0.1474572720
   0.0962924195
   0.0296795547
   0.0361747670
   0.1018256807
   0.1427137740
   0.1452253618
   0.1285644279
   0.1100240635
   0.0781166439
  -0.0579770910
  -0.1284228285
  -0.1303966452
  -0.1460486701
  -0.1600172270
  -0.1628602348
  -0.0408775432
   0.0745909460
   0.0953730181
   0.1156547214
   0.1329041339
   0.0711179582
  -0.0510302687
  -0.1377917983
  -0.1861121782
  -0.2019027383
  -0.1889754797
  -0.0817512292
   0.0339502888
   0.0638538812
   0.0365223144
   0.0069000688
  -0.0597087131
  -0.1697044728
  -0.2348985082
  -0.2369342007
  -0.1692680898
  -0.1456690021
  -0.1313901792
  -0.0708552414
  -0.0261726723
   0.0370449929
   0.1252735598
   0.1170651510
   0.0029061294
  -0.0817497374
  -0.1324486130
  -0.1408873357
  -0.0862168506
  -0.0002487995
   0.0521365070
   0.0742975735
   0.1012387745
   0.1434002675
   0.1370358222
   0.0329468633
  -0.0373234609
  -0.0450315411
  -0.0580886260
  -0.0779875568
  -0.0324742875
  -0.0021238265
  -0.0203421142
  -0.0013284823
   0.0349563217
   0.0559960439
   0.0539481483
   0.0315282355
   0.0228413510
   0.0305195416
   0.0347747261
   0.0092841459
  -0.0626202358
  -0.0926578879
  -0.0587693271
   0.0201800194
   0.0980888875
   0.1611077142
   0.2025455532
   0.1990513981
   0.1014053849
  -0.0683452126
  -0.1777241362
  -0.1783656071
  -0.0653674462
   0.0875796369
   0.2145109414
   0.2641709782
   0.2401842931
   0.2088511331
   0.1479079010
   0.0422932546
  -0.0466026678
  -0.1142547477
  -0.1447338765
  -0.1033934206
  -0.0761561727
  -0.0792706330
  -0.0781204204
  -0.0727274683
  -0.0209769325
   0.0746088475
   0.1417415551
   0.1280209180
   0.0707090591
  -0.0002919851
  -0.0922654523
  -0.1567098820
  -0.1880689804
  -0.2024858815
  -0.1595074639
  -0.0869394159
  -0.0427257401
   0.0061898853
   0.0532439145
   0.0402155500
  -0.0143107822
  -0.0514275022
  -0.0904688634
  -0.1234072866
  -0.1361231407
  -0.0801888113
   0.0187349426
   0.0914167432
   0.1575391038
   0.1887612529
   0.1831643418
   0.1376881792
   0.0740265511
   0.0396432794
   0.0109832375
   0.0270645628
   0.0736812749
   0.0718786650
  -0.0293740328
  -0.1193680626
  -0.1441335307
  -0.0828406680
   0.0364468243
   0.1341272025
   0.2330523138
   0.2859104318
   0.2993281005
   0.2745832891
   0.1890979143
   0.0972710356
   0.0347129444
  -0.0376096432
  -0.0881784103
  -0.1047970499
  -0.0709949458
  -0.0374203871
  -0.0548519328
  -0.0910077366
  -0.1160597767
  -0.1158472702
  -0.1087929447
  -0.1016618389
  -0.0975410904
  -0.0744465916
  -0.0650495062
  -0.0789113932
  -0.0948213236
  -0.1083460116
  -0.1276775503
  -0.1378067163
  -0.0753499595
   0.0119778077
   0.0778218334
   0.1161613934
   0.1086930752
   0.0551851940
   0.0197737142
   0.0238176824
   0.0517141952
   0.0964349865
   0.1131921074
   0.0809362802
   0.0109756240
  -0.0284880423
  -0.0474028601
  -0.0862523848
  -0.1215542111
  -0.1471382165
  -0.1673854741
  -0.1624407856
  -0.1288375604
  -0.0889516966
  -0.0454125800
  -0.0161370323
  -0.0091828008
  -0.0155846389
  -0.0324445860
  -0.0424051122
  -0.0306049904
  -0.0027468839
   0.0145187731
   0.0221419555
   0.0184598479
  -0.0203156785
  -0.0627993047
  -0.0715973747
  -0.0637247001
  -0.0520342452
  -0.0089269677
   0.0307230705
   0.0302295290
   0.0276879440
   0.0311629613
   0.0341458615
   0.0137984791
  -0.0057387349
  -0.0163518102
  -0.0493794184
  -0.0722272070
  -0.0364909196
   0.0281206581
   0.0616128858
   0.0565270280
  -0.0016252935
  -0.0427586805
  -0.0388504789
  -0.0316029326
  -0.0079711384
   0.0258020894
   0.0490678756
   0.0474392545
   0.0382847400
   0.0296689778
   0.0425383118
   0.0739564503
   0.0884516100
   0.0926188863
   0.0868955760
   0.0622780104
   0.0535374886
   0.0670497450
   0.0743068737
   0.0737283135
   0.0713087061
   0.0744780133
   0.0728932320
   0.0458876824
   0.0046761416
  -0.0351124761
  -0.0587594893
  -0.0623963862
  -0.0628091021
  -0.0496765674
  -0.0366701632
  -0.0322246205
  -0.0277968987
  -0.0017140780
   0.0578719935
   0.1117389399
   0.1449049623
   0.1611574406
   0.1289248370
   0.0647791826
   0.0451322708
   0.0521851314
   0.0637219853
   0.0823556875
   0.0859800856
   0.0504040382
   0.0274396748
   0.0346967900
   0.0552619877
   0.0806648680
   0.1090177888
   0.1029023789
   0.0353803403
  -0.0150240474
  -0.0272547462
  -0.0222691208
  -0.0205954233
  -0.0338419255
  -0.0551242724
  -0.0791167499
  -0.1143089898
  -0.1445648066
  -0.1579113800
  -0.1536824833
  -0.1219655427
  -0.1044120732
  -0.0964750364
  -0.0683675088
  -0.0231793698
   0.0181457650
   0.0602605017
   0.0922351595
   0.0995059697
   0.0878509954
   0.0565903284
   0.0416275252
   0.0320562361
   0.0044954492
  -0.0256932289
  -0.0393592206
  -0.0544892659
  -0.0725117497
  -0.0976817893
  -0.1271165421
  -0.1396639312
  -0.1333389983
  -0.1084543211
  -0.0924156396
  -0.0890339065
  -0.0955413757
  -0.1091237464
  -0.1208034092
  -0.1187006802
  -0.0932978133
  -0.0534038455
  -0.0044020388
   0.0446353962
   0.0847308905
   0.1014549635
   0.0984156976
   0.0843192632
   0.0568352378
   0.0290208408
   0.0215304683
   0.0302296634
   0.0406533845
   0.0600355098
   0.0848804192
   0.0923294382
   0.0671113924
   0.0256585548
  -0.0050798543
  -0.0187856098
  -0.0224129645
  -0.0281404411
  -0.0308932155
  -0.0123390702
   0.0065838288
   0.0157299207
   0.0230034457
   0.0210731867
   0.0109672525
   0.0017098607
   0.0166518622
   0.0460918161
   0.0778251798
   0.0993211487
   0.1012634899
   0.0755821013
   0.0294697764
  -0.0156349970
  -0.0520459242
  -0.0628852642
  -0.0656051385
  -0.0561094739
  -0.0286462664
  -0.0152492140
  -0.0168216846
  -0.0213154216
  -0.0174141549
  -0.0034248997
   0.0080570966
   0.0112400490
   0.0032849507
  -0.0105551494
  -0.0043440201
   0.0192479446
   0.0481190148
   0.0776535430
   0.0971892020
   0.0891271906
   0.0533537024
   0.0169030209
  -0.0154790173
  -0.0347297976
  -0.0514555103
  -0.0678467387
  -0.0785339158
  -0.0785559567
  -0.0629422749
  -0.0481784983
  -0.0414437121
  -0.0424774439
  -0.0486408600
  -0.0509193250
  -0.0498008566
  -0.0412209109
  -0.0265846221
  -0.0216634529
  -0.0313992693
  -0.0381315826
  -0.0349952292
  -0.0414012834
  -0.0537677220
  -0.0579982718
  -0.0485478447
  -0.0291876528
  -0.0065977589
   0.0074271393
   0.0115779051
  -0.0066845101
  -0.0262478398
  -0.0220559691
   0.0092030999
   0.0484075221
   0.0853075827
   0.1187805515
   0.1270849323
   0.1156273719
   0.0905231055
   0.0630678543
   0.0445628091
   0.0392972910
   0.0408448581
   0.0514179870
   0.0634538120
   0.0686902737
   0.0522401127
   0.0194920610
  -0.0045909132
  -0.0186969489
  -0.0219007151
  -0.0051834883
   0.0244771892
   0.0359317660
   0.0418413220
   0.0276242539
  -0.0033787092
  -0.0246322819
  -0.0419680034
  -0.0533076853
  -0.0519589030
  -0.0290646807
  -0.0152645889
  -0.0126258492
  -0.0046312494
   0.0107686115
   0.0182258380
   0.0140131494
   0.0098319753
   0.0102047246
   0.0133712403
   0.0137248033
   0.0148240934
   0.0196424633
   0.0258673251
   0.0192529172
  -0.0001363054
  -0.0143259421
  -0.0342936700
  -0.0511029768
  -0.0625728881
  -0.0718343682
  -0.0715232958
  -0.0548691086
  -0.0413198799
  -0.0442741404
  -0.0557330717
  -0.0660350168
  -0.0679200247
  -0.0537594029
  -0.0142999634
   0.0229592564
   0.0471009669
   0.0530283437
   0.0486580089
   0.0389441662
   0.0298019355
   0.0301075380
   0.0359787239
   0.0438636824
   0.0522818829
   0.0616528283
   0.0702286750
   0.0689468352
   0.0617347693
   0.0538454968
   0.0457040037
   0.0324451774
   0.0093711578
  -0.0046498578
  -0.0152410293
  -0.0211192845
  -0.0213332291
  -0.0208919137
  -0.0214636467
  -0.0201710418
  -0.0141819505
  -0.0027095111
   0.0136787459
   0.0270210051
   0.0370239062
   0.0405071216
   0.0420245437
   0.0381395119
   0.0319034818
   0.0243514485
   0.0121934215
  -0.0005321409
  -0.0107463300
  -0.0175046435
  -0.0207042569
  -0.0213362933
  -0.0191183602
  -0.0170512326
  -0.0166235987
  -0.0164728873
  -0.0191666755
  -0.0159096347
  -0.0033405166
   0.0007444988
  -0.0057231853
  -0.0129338642
  -0.0176907413
  -0.0217937361
  -0.0312361263
  -0.0358531714
  -0.0330622286
  -0.0293254085
  -0.0306839614
  -0.0327498929
  -0.0348336318
  -0.0436975423
  -0.0517814200
  -0.0516649660
  -0.0376167125
  -0.0184593372
  -0.0063836947
  -0.0034981481
  -0.0057189680
  -0.0037436555
   0.0097220113
   0.0275880611
   0.0386300968
   0.0464054152
   0.0454745633
   0.0367148498
   0.0236424975
   0.0131637669
   0.0052471287
  -0.0121173145
  -0.0284371735
  -0.0374806502
  -0.0442402996
  -0.0546024943
  -0.0625342090
  -0.0636884938
  -0.0585040433
  -0.0477210958
  -0.0402857315
  -0.0267912556
  -0.0140822826
  -0.0077147906
  -0.0011197396
   0.0062333838
   0.0119744048
   0.0135782313
   0.0130888104
   0.0108255187
   0.0104347899
   0.0109255091
   0.0124196821
   0.0090021500
   0.0012760784
  -0.0128819592
  -0.0266753527
  -0.0318365931
  -0.0315679360
  -0.0108655915
   0.0063589377
   0.0102849830
   0.0085152033
  -0.0010258490
  -0.0143421905
  -0.0275611954
  -0.0319163570
  -0.0290335143
  -0.0109508400
   0.0125973681
   0.0278067768
   0.0324429195
   0.0251898092
   0.0112511191
  -0.0019294943
  -0.0121847449
  -0.0169593731
  -0.0133650675
  -0.0014717061
   0.0091947593
   0.0150578210
   0.0180955816
   0.0172086234
   0.0126176860
   0.0088574690
   0.0081418815
   0.0114880857
   0.0167753853
   0.0178569754
   0.0194361793
   0.0190016106
   0.0147479044
   0.0090890826
  -0.0036240594
  -0.0167525649
  -0.0184469190
  -0.0133035425
  -0.0039105683
   0.0062007230
   0.0102364675
   0.0051945342
  -0.0085138298
  -0.0207170111
  -0.0264443667
  -0.0272065385
  -0.0182138499
   0.0060129587
   0.0294405587
   0.0395025133
   0.0401701242
   0.0336559218
   0.0275611820
   0.0240107419
   0.0241327463
   0.0275900233
   0.0287689563
   0.0244069674
   0.0183917496
   0.0148714679
   0.0140654293
   0.0144136487
   0.0132841008
   0.0105136614
   0.0101942793
   0.0125055341
   0.0140998481
   0.0130141629
   0.0105014462
   0.0047933105
  -0.0052548954
  -0.0144367245
  -0.0177883933
  -0.0188315731
  -0.0167972112
  -0.0059716898
   0.0107758554
   0.0316660717
   0.0427547965
   0.0439981856
   0.0431770814
   0.0381118936
   0.0321432976
   0.0292015224
   0.0313990140
   0.0316718642
   0.0290892348
   0.0293524758
   0.0286204893
   0.0278679537
   0.0287645212
   0.0292553345
   0.0259269834
   0.0139705997
  -0.0059914822
  -0.0306294773
  -0.0506765525
  -0.0619310678
  -0.0640420891
  -0.0574647610
  -0.0369528915
  -0.0160256451
  -0.0041226166
   0.0070127435
   0.0116544529
   0.0086290741
   0.0046770098
   0.0086182244
   0.0122222118
   0.0178920527
   0.0246763772
   0.0277539727
   0.0296855487
   0.0302517581
   0.0284601417
   0.0209014155
   0.0137895821
   0.0102323281
   0.0094414225
   0.0057566821
  -0.0029850748
  -0.0107782114
  -0.0202053799
  -0.0266427617
  -0.0324344795
  -0.0320245187
  -0.0253909728
  -0.0191220561
  -0.0117564821
  -0.0079468504
  -0.0059330161
  -0.0082606188
  -0.0117548035
  -0.0132119263
  -0.0117861755
  -0.0121205804
  -0.0156366904
  -0.0212186701
  -0.0273421035
  -0.0297560662
  -0.0312748726
  -0.0301630300
  -0.0299737873
  -0.0338188901
  -0.0371088175
  -0.0394816417
  -0.0437873590
  -0.0470649354
  -0.0487893673
  -0.0478475085
  -0.0447945611
  -0.0379114961
  -0.0243606950
  -0.0071963496
   0.0031234016
   0.0035621634
  -0.0018840766
  -0.0094976080
  -0.0157923879
  -0.0182570581
  -0.0173576952
  -0.0162156942
  -0.0150051513
  -0.0154930751
  -0.0110308956
  -0.0071924521
  -0.0028426879
   0.0039663600
   0.0109193457
   0.0134979970
   0.0140217507
   0.0159794130
   0.0203483636
   0.0284980951
   0.0365477555
   0.0417858300
   0.0394719652
   0.0324999974
   0.0071067237
  -0.0162659313
  -0.0248733073
  -0.0282468288
  -0.0237174769
  -0.0171003408
  -0.0078964264
  -0.0045432497
  -0.0034300188
  -0.0011364982
   0.0018191379
   0.0077138485
   0.0110204208
   0.0106668578
   0.0079006236
   0.0069767953
   0.0074416245
   0.0094801742
   0.0129142370
   0.0148609312
   0.0153120575
   0.0152011406
   0.0152684326
   0.0152383952
   0.0155263784
   0.0153016821
   0.0133634467
   0.0117418679
   0.0075376328
   0.0014389014
  -0.0070642775
  -0.0120992397
  -0.0111422720
  -0.0066416929
   0.0013435538
   0.0069613667
   0.0071863075
   0.0012095837
  -0.0087809494
  -0.0160023947
  -0.0110864480
   0.0011141253
   0.0133270362
   0.0202759377
   0.0258210930
   0.0293045099
   0.0313704952
   0.0332925291
   0.0323413029
   0.0345772585
   0.0335355570
   0.0298303064
   0.0248035827
   0.0202868103
   0.0188077985
   0.0180663237
   0.0187203337
   0.0187848840
   0.0196596122
   0.0214103050
   0.0202836117
   0.0172432169
   0.0117504101
   0.0053624429
  -0.0009857696
  -0.0049638063
  -0.0030609520
  -0.0006495181
  -0.0012182827
  -0.0050756840
  -0.0105205143
  -0.0156856911
  -0.0187342975
  -0.0193346030
  -0.0150327831
  -0.0145898684
  -0.0179510256
  -0.0213752412
  -0.0252024828
  -0.0186579741
  -0.0096637763
  -0.0044037416
  -0.0014631639
  -0.0039757717
  -0.0052642238
  -0.0029679380
  -0.0000465506
  -0.0008798846
  -0.0049100090
  -0.0076282438
  -0.0048740985
  -0.0007874996
   0.0026027149
   0.0043849383
   0.0052925652
   0.0030225954
   0.0017848643
   0.0000865328
  -0.0040176172
  -0.0058406956
  -0.0080147055
  -0.0086204822
  -0.0113702448
  -0.0133180694
  -0.0115975349
  -0.0116398965
  -0.0139907456
  -0.0167747805
  -0.0211777735
  -0.0196752021
  -0.0116447105
  -0.0044764698
  -0.0017483718
  -0.0048874534
  -0.0117277940
  -0.0164145461
  -0.0147008793
  -0.0085635051
  -0.0027455399
   0.0023842626
   0.0088136197
   0.0124505824
   0.0164028403
   0.0189732800
   0.0236054849
   0.0273507317
   0.0244145339
   0.0181403489
   0.0070997580
   0.0004472181
  -0.0069483155
  -0.0135652218
  -0.0137364285
  -0.0118239931
  -0.0070766540
   0.0001752009
   0.0076258260
   0.0130133445
   0.0133109437
   0.0058071128
  -0.0009811437
  -0.0048714509
  -0.0052496741
  -0.0013193592
   0.0025670892
   0.0058010193
   0.0074187315
   0.0093613321
   0.0094752365
   0.0109448971
   0.0098990737
   0.0030422723
  -0.0026534304
  -0.0095294235
  -0.0137364017
  -0.0122475494
  -0.0074522404
  -0.0012038461
   0.0015036775
   0.0020548734
   0.0012037037
  -0.0006276147
  -0.0015678904
  -0.0013265044
  -0.0022654084
  -0.0012111190
   0.0007945320
   0.0053979180
   0.0126058928
   0.0217563338
   0.0295003111
   0.0336869538
   0.0334718534
   0.0240447306
   0.0169301958
   0.0118362782
   0.0101296968
   0.0101037611
   0.0101079838
   0.0107016663
   0.0054226831
  -0.0014382455
  -0.0083773133
  -0.0111572639
  -0.0095203787
  -0.0063440440
  -0.0024521338
  -0.0003615037
  -0.0020859121
  -0.0076226193
  -0.0163410317
  -0.0216090629
  -0.0230483473
  -0.0279407559
  -0.0324575552
  -0.0357145691
  -0.0354389368
  -0.0319898177
  -0.0293878622
  -0.0231943280
  -0.0169870855
  -0.0122356769
  -0.0093787592
  -0.0086397855
  -0.0028191216
   0.0006354782
   0.0013004242
   0.0024629836
   0.0022396246
  -0.0014067136
  -0.0060140070
  -0.0096891354
  -0.0120098759
  -0.0122853307
  -0.0126869012
  -0.0133736084
  -0.0100944851
  -0.0047042747
   0.0010930730
   0.0070137958
   0.0110304265
   0.0130360358
   0.0071936065
  -0.0022061452
  -0.0087339942
  -0.0104282758
  -0.0090820416
  -0.0035862861
   0.0016092561
   0.0036546129
   0.0030665925
  -0.0010252875
  -0.0074475903
  -0.0167088997
  -0.0203662248
  -0.0177547137
  -0.0102356154
  -0.0054074682
  -0.0041503518
  -0.0028548520
  -0.0013112307
   0.0017348247
   0.0068851159
   0.0149758396
   0.0213914090
   0.0242085455
   0.0241071439
   0.0223840560
   0.0155875016
   0.0103742554
   0.0065167694
   0.0057491465
   0.0057245172
   0.0044332334
   0.0093559495
   0.0144979955
   0.0137358506
   0.0053943525
  -0.0003699773
  -0.0054255861
  -0.0097902938
  -0.0084249068
  -0.0048168311
  -0.0019544919
  -0.0007673171
  -0.0012032135
  -0.0002956912
   0.0014261069
   0.0040156416
   0.0077320053
   0.0117609172
   0.0136636667
   0.0149742000
   0.0151798524
   0.0134704325
   0.0136047879
   0.0134704594
   0.0133553279
   0.0125794478
   0.0107439096
   0.0093648586
   0.0082709404
   0.0035717203
  -0.0063640971
  -0.0089865037
  -0.0040802752
  -0.0003022476
   0.0036868881
   0.0057280639
   0.0076883576
   0.0070125325
   0.0058582826
   0.0037444484
   0.0018403482
   0.0021885327
   0.0003488587
  -0.0008287014
   0.0029054440
   0.0039212205
   0.0025531094
   0.0017100287
  -0.0007287096
  -0.0039666463
  -0.0061517814
  -0.0084013473
  -0.0126879777
  -0.0135804220
  -0.0085796340
  -0.0058407305
  -0.0025123713
  -0.0010195614
  -0.0072651266
  -0.0161577696
  -0.0210119426
  -0.0219235893
  -0.0201730712
  -0.0181799150
  -0.0159030090
  -0.0134451392
  -0.0096328841
  -0.0061811644
  -0.0054354776
  -0.0028898836
  -0.0030791115
  -0.0057564079
  -0.0038797890
  -0.0007077290
   0.0022559617
   0.0089921926
   0.0161437790
   0.0206208778
   0.0194679370
   0.0147453375
   0.0127986862
   0.0134785500
   0.0152331537
   0.0181077176
   0.0207314318
   0.0207450595
   0.0176660797
   0.0132409490
   0.0064607089
   0.0019272700
  -0.0022538665
  -0.0034109387
  -0.0029750999
  -0.0027078742
   0.0015580795
   0.0026409464
   0.0020870357
  -0.0013483765
  -0.0074788548
  -0.0115640475
  -0.0131008536
  -0.0092009267
  -0.0029925109
   0.0003069872
   0.0001670547
  -0.0021429134
  -0.0035124908
  -0.0024323830
   0.0023311615
   0.0072893608
   0.0096128107
   0.0091411260
   0.0113631326
   0.0133945876
   0.0162046737
   0.0204089088
   0.0214300612
   0.0176642385
   0.0111032838
   0.0067699347
   0.0041377939
   0.0036222236
   0.0063144084
   0.0090463461
   0.0091517594
   0.0047101074
   0.0001395920
  -0.0048065337
  -0.0087656565
  -0.0072496617
  -0.0046068404
  -0.0000859752
  -0.0002602266
  -0.0018464417
  -0.0069104710
  -0.0133796092
  -0.0156704372
  -0.0172689940
  -0.0141135027
  -0.0127346036
  -0.0138177245
  -0.0164965275
  -0.0162211641
  -0.0134536061
  -0.0106188973
  -0.0076224258
  -0.0053854004
  -0.0027480921
  -0.0043740872
  -0.0073668091
  -0.0105747537
  -0.0099772571
  -0.0113441721
  -0.0118995518
  -0.0107016354
  -0.0092117294
  -0.0059274037
  -0.0065156929
  -0.0065433099
  -0.0063639332
  -0.0079145524
  -0.0123124034
  -0.0141618717
  -0.0155945977
  -0.0162733768
  -0.0136539230
  -0.0097911203
  -0.0054457844
  -0.0013924394
  -0.0000711727
  -0.0032311736
  -0.0063884335
  -0.0082571097
  -0.0078515692
  -0.0065714362
  -0.0093051143
  -0.0105761124
  -0.0100910688
  -0.0081063338
  -0.0044971587
  -0.0012800441
   0.0001399018
  -0.0021797956
  -0.0052753894
  -0.0075512242
  -0.0056981017
  -0.0025892928
   0.0021096840
   0.0069676765
   0.0097707835
   0.0090001166
   0.0059415220
   0.0024401457
   0.0013528115
   0.0009741970
   0.0018485262
   0.0046735545
   0.0060592016
   0.0065236464
   0.0049428002
   0.0057417252
   0.0113851843
   0.0169011528
   0.0201826670
   0.0236985674
   0.0252075764
   0.0251209449
   0.0246545782
   0.0217316722
   0.0147154210
   0.0099076199
   0.0046967781
   0.0003029549
  -0.0037783188
  -0.0072331229
  -0.0098503485
  -0.0108595826
  -0.0075781007
  -0.0025460603
   0.0032605001
   0.0063404650
   0.0090023234
   0.0092953720
   0.0105411548
   0.0121913317
   0.0126721822
   0.0172340108
   0.0202042913
   0.0206659542
   0.0184846305
   0.0133272271
   0.0070512142
   0.0032317394
   0.0002923415
  -0.0024894125
  -0.0030682322
  -0.0019033516
   0.0011861848
   0.0051557960
   0.0117012078
   0.0162355982
   0.0162270372
   0.0160841342
   0.0146622406
   0.0137201263
   0.0099760367
   0.0078152541
   0.0079958605
   0.0052881127
   0.0051972907
   0.0048775377
   0.0058326601
   0.0082161956
   0.0092535668
   0.0116124220
   0.0126264863
   0.0126384677
   0.0092439186
   0.0026210491
  -0.0022073978
  -0.0078802815
  -0.0112912846
  -0.0140813015
  -0.0146601574
  -0.0176503151
  -0.0179289712
  -0.0156633411
  -0.0132880494
  -0.0122506969
  -0.0154492218
  -0.0179239583
  -0.0190662550
  -0.0190446844
  -0.0177701826
  -0.0150096939
  -0.0113622779
  -0.0070171033
  -0.0066391327
  -0.0047011500
  -0.0022079811
  -0.0031103746
  -0.0062239291
  -0.0096692260
  -0.0133599054
  -0.0140361176
  -0.0148178708
  -0.0135996002
  -0.0109611227
  -0.0105009113
  -0.0102312476
  -0.0104084766
  -0.0098084439
  -0.0099239880
  -0.0102383033
  -0.0129008660
  -0.0141089601
  -0.0156337337
  -0.0173915361
  -0.0159594149
  -0.0145519688
  -0.0148320227
  -0.0147707383
  -0.0123954734
  -0.0097241133
  -0.0070239669
  -0.0070504159
  -0.0089110458
  -0.0131062092
  -0.0142704501
  -0.0121721090
  -0.0082313595
  -0.0031624113
   0.0013636855
   0.0049466440
   0.0065501157
   0.0081179442
   0.0091484049
   0.0080705187
   0.0079755210
   0.0073787972
   0.0057128207
   0.0090435439
   0.0133009514
   0.0181779797
   0.0199843258
   0.0199373141
   0.0206867452
   0.0196869886
   0.0157701051
   0.0116599214
   0.0072796870
   0.0058248154
   0.0068059218
   0.0058363277
   0.0043540407
   0.0020931184
  -0.0008422555
  -0.0027919978
  -0.0032941366
  -0.0035426707
  -0.0019762183
  -0.0015544119
  -0.0004951678
   0.0011768407
   0.0024005863
   0.0065140546
   0.0096158467
   0.0112535853
   0.0112257573
   0.0092527107
   0.0088616124
   0.0100291540
   0.0110555007
   0.0075347836
   0.0026363743
  -0.0031201761
  -0.0068451493
  -0.0058983097
  -0.0029884293
   0.0025219255
   0.0050712759
   0.0047309025
   0.0051952116
   0.0040433043
   0.0010462510
   0.0011966400
   0.0029111544
   0.0058635348
   0.0093124268
   0.0078249239
   0.0056482436
   0.0031820412
  -0.0008329951
  -0.0013488522
   0.0011509500
   0.0022764544
   0.0060861923
   0.0059326801
   0.0052925598
   0.0054933041
   0.0058385506
   0.0067942899
   0.0069318117
   0.0080864674
   0.0082309899
   0.0071071350
   0.0063311930
   0.0052271749
   0.0032529726
   0.0062950728
   0.0080651818
   0.0112492873
   0.0125320585
   0.0106777492
   0.0075327784
   0.0065777205
   0.0083679862
   0.0097457483
   0.0093138837
   0.0074555412
   0.0072155211
   0.0073345944
   0.0088992741
   0.0090010896
   0.0080699488
   0.0048413570
  -0.0004229713
  -0.0058605028
  -0.0094157852
  -0.0110856820
  -0.0134577724
  -0.0164032300
  -0.0174964588
  -0.0164748629
  -0.0138632175
  -0.0106823644
  -0.0081502234
  -0.0078146184
  -0.0093567613
  -0.0118581068
  -0.0130038978
  -0.0118219046
  -0.0095758546
  -0.0093337151
  -0.0088116857
  -0.0100566124
  -0.0110683167
  -0.0103712355
  -0.0102820559
  -0.0095204755
  -0.0103831484
  -0.0126720774
  -0.0142277122
  -0.0153818626
  -0.0155817225
  -0.0135835399
  -0.0106344953
  -0.0083065808
  -0.0064794168
  -0.0047043634
  -0.0027896311
  -0.0021170946
  -0.0018326205
  -0.0022040245
  -0.0030324291
  -0.0029981717
  -0.0035388485
  -0.0043138228
  -0.0048811301
  -0.0043322659
  -0.0043437554
  -0.0035822301
  -0.0025380060
  -0.0014333979
  -0.0004829075
  -0.0000116863
   0.0007932473
   0.0007817271
   0.0017582620
   0.0019537446
   0.0023434251
   0.0032470323
   0.0037606888
   0.0046158329
   0.0045663228
   0.0045330357
   0.0044716302
   0.0042762632
   0.0040610768
   0.0039681864
   0.0034818808
   0.0037769158
   0.0042903949
   0.0042228207
   0.0041827049
   0.0036046338
   0.0033366931
   0.0032929607
   0.0035022041
   0.0040173578
   0.0042140971
   0.0041444572
   0.0042513475
   0.0043247343
   0.0045159889
   0.0048288461
   0.0048449978
   0.0047316350
   0.0044085892
   0.0039341225
   0.0035697165
   0.0032781718
   0.0030095093
   0.0027523739
   0.0024136550
   0.0020224209
   0.0014192541
   0.0009550438
   0.0007590919
   0.0006346546
   0.0005316439
   0.0005902936
   0.0006121276
   0.0004255859
   0.0002439748
   0.0000103754
  -0.0002174753
  -0.0004460178
  -0.0006370872
  -0.0007133365
  -0.0007910174
  -0.0008781558
  -0.0008338701
  -0.0007522716
  -0.0006762532
  -0.0005825494
  -0.0005079412
  -0.0004289144
  -0.0004065852
  -0.0004166608
  -0.0004617470
  -0.0004868639
  -0.0004836512
  -0.0004648859
  -0.0004426594
  -0.0004364549
  -0.0004095133
  -0.0004013958
  -0.0003893187
  -0.0003696570
  -0.0003521966
  -0.0003306501
  -0.0002993157
  -0.0002579842
  -0.0002260551
  -0.0002030741
  -0.0001842876
  -0.0001704623
  -0.0001615468
  -0.0001505263
  -0.0001355776
  -0.0001179195
  -0.0001031334
  -0.0000881272
  -0.0000735017
  -0.0000612379
  -0.0000504311
  -0.0000405417
  -0.0000318254
  -0.0000258729
  -0.0000205430
  -0.0000164452
  -0.0000136272
  -0.0000114607
  -0.0000097429
  -0.0000087215
  -0.0000083928
  -0.0000087152
  -0.0000095749
  -0.0000109210
  -0.0000126225
  -0.0000146517
  -0.0000169269
  -0.0000193621
  -0.0000218891
  -0.0000244561
  -0.0000270133
  -0.0000295043
