  -0.0037612682
  -0.0025887921
   0.0039714869
  -0.0016892196
  -0.0011387739
   0.0034202223
   0.0026184479
   0.0050003768
  -0.0000368296
   0.0034764407
   0.0012984019
  -0.0002170577
   0.0026756871
  -0.0019168109
   0.0001480720
   0.0016976083
  -0.0011670752
  -0.0042646443
  -0.0032635160
   0.0012518572
   0.0030763261
   0.0004625330
  -0.0000448188
   0.0030642387
   0.0027071253
   0.0006477258
  -0.0029291590
  -0.0026883048
   0.0005454390
  -0.0006680922
  -0.0097214468
  -0.0070000496
   0.0052063518
   0.0045652432
  -0.0006583622
   0.0013613732
   0.0042420131
  -0.0008584013
  -0.0086632414
  -0.0046212126
   0.0007985658
   0.0042546293
   0.0031041584
  -0.0007522416
   0.0064479350
   0.0070943921
   0.0017415360
   0.0051179499
  -0.0004392469
  -0.0051295306
   0.0010519626
   0.0002410171
  -0.0077546792
  -0.0097014891
  -0.0048962594
   0.0015196011
   0.0038502770
   0.0026246345
   0.0088331457
   0.0076014890
  -0.0008855358
  -0.0070392490
  -0.0184365450
  -0.0159481229
  -0.0020740946
   0.0039826464
   0.0034135525
   0.0053265145
   0.0125221118
   0.0087903345
  -0.0061152145
  -0.0162669826
  -0.0043221412
   0.0021312262
  -0.0083345730
  -0.0213560544
  -0.0093646383
   0.0090062051
   0.0056154620
   0.0066088879
   0.0176657699
   0.0165121776
   0.0056992829
  -0.0038951179
  -0.0126601640
  -0.0128146328
  -0.0023752812
  -0.0007538514
  -0.0024408354
   0.0199790968
   0.0185715746
   0.0028426189
   0.0024837954
  -0.0000671112
   0.0042872695
  -0.0002859499
  -0.0209760359
  -0.0177169418
  -0.0006292515
   0.0013887970
  -0.0075595896
  -0.0073865611
   0.0172028954
   0.0114111554
  -0.0061282888
   0.0046265316
   0.0090725342
  -0.0035869375
  -0.0143983888
  -0.0139399155
  -0.0004491315
   0.0023877280
  -0.0098510661
  -0.0162573344
   0.0014057698
   0.0094185839
   0.0027944608
   0.0063524863
   0.0022690133
   0.0083361388
   0.0189737323
   0.0124292305
  -0.0091473565
  -0.0086768931
  -0.0044878504
   0.0016078071
   0.0095229369
  -0.0030359129
  -0.0218164395
  -0.0143730871
   0.0037993098
   0.0091181838
   0.0121968932
   0.0187823310
   0.0127922138
   0.0013722087
   0.0050774351
   0.0023281055
  -0.0079800875
  -0.0122198602
  -0.0022493944
  -0.0112414397
  -0.0247859424
  -0.0191350401
  -0.0057014187
   0.0012040246
   0.0016218565
  -0.0067061146
  -0.0041367690
   0.0097220374
   0.0037919816
  -0.0026128520
   0.0057755031
   0.0043648316
  -0.0010498880
  -0.0032989327
   0.0025517654
  -0.0000548684
  -0.0061892709
   0.0002849404
   0.0210024320
   0.0243290040
   0.0022385016
   0.0015249539
  -0.0080816374
  -0.0109001301
   0.0136531348
   0.0258952564
   0.0186685567
   0.0289695041
   0.0202643722
  -0.0314335333
  -0.0522289356
  -0.0283067144
  -0.0024057722
  -0.0047675342
  -0.0156422257
   0.0034901646
   0.0207114267
   0.0077077495
   0.0089819257
  -0.0022638725
  -0.0093493692
  -0.0060769298
  -0.0239095093
  -0.0208383991
   0.0005461543
   0.0104293971
   0.0007927201
  -0.0155764711
  -0.0187270347
   0.0204105229
   0.0455211728
   0.0199779774
   0.0080921104
   0.0079689811
  -0.0117702264
  -0.0100603627
   0.0055547377
   0.0099104264
  -0.0016854708
  -0.0038068766
   0.0066007039
   0.0057699057
   0.0129532123
   0.0008389604
  -0.0135770575
  -0.0056440278
  -0.0031288620
  -0.0093474764
  -0.0114208139
  -0.0073791548
   0.0134073844
   0.0393819131
   0.0498540669
   0.0543449693
   0.0517247288
   0.0324392367
   0.0129449017
   0.0051276599
   0.0109917888
   0.0178475377
  -0.0236562863
  -0.0481928651
   0.0057919373
   0.0157006742
  -0.0460051996
  -0.0757012152
  -0.0517430086
  -0.0218005164
  -0.0001666139
   0.0111814710
   0.0247096117
   0.0494130368
   0.0315067855
  -0.0013008363
  -0.0425988500
  -0.0815575269
  -0.0277875714
   0.0671031112
   0.0675268188
   0.0233861682
   0.0111126055
   0.0119269548
   0.0336164411
   0.0454287569
   0.0150175424
  -0.0063638991
  -0.0049485715
  -0.0323593855
  -0.0485663729
  -0.0282907029
  -0.0100779179
  -0.0022936830
   0.0566537152
   0.0675044734
  -0.0024078521
  -0.0388724771
  -0.0580332947
  -0.0487421162
  -0.0131549142
   0.0169798689
  -0.0228758042
  -0.0925898024
  -0.0812492581
  -0.0542891869
  -0.0130602668
   0.0574364953
   0.0700751624
   0.0160618383
  -0.0074756538
   0.0261012403
   0.0667306639
   0.0908210572
   0.0985707297
   0.0971028146
   0.0817071392
   0.0711298134
   0.0179728898
  -0.0419195627
  -0.0610233164
  -0.0686347776
  -0.0953274261
  -0.1183285677
  -0.1379371616
  -0.1413612755
  -0.1016318088
  -0.0838111974
  -0.0529958220
  -0.0109540904
   0.0049253570
   0.0080850046
  -0.0007164091
  -0.0163720367
   0.0042807191
   0.0760876265
   0.0768763868
   0.0176885719
  -0.0348208223
  -0.0211169280
   0.0203283149
   0.0233572385
   0.0044518003
  -0.0079735444
   0.0113089589
  -0.0164098927
  -0.0880696021
  -0.0890402187
  -0.0391782123
  -0.0255810072
  -0.0522811975
  -0.0630553451
   0.0265331083
   0.1140346638
   0.1132728887
   0.0980905327
   0.0834099825
   0.0184827824
  -0.0408627905
  -0.0129516907
   0.0288135579
   0.0597085488
   0.0687878662
   0.0504533409
   0.0066341542
  -0.0686479756
  -0.0924439316
  -0.0523764562
   0.0090529566
   0.0343437775
   0.0172938529
   0.0038272923
   0.0433478836
   0.0323603725
  -0.0363395116
  -0.0393519818
  -0.0527434092
  -0.0838683644
  -0.0768969941
  -0.0374815850
   0.0216790973
   0.0283544689
   0.0081343677
   0.0428395671
   0.0559154050
   0.0026051924
  -0.0202337044
   0.0446768951
   0.0728734441
   0.0315964173
   0.0295710613
   0.0863037734
   0.1033085359
   0.0523316329
  -0.0075338077
   0.0111657203
   0.0879622501
   0.1022550632
   0.0386199612
  -0.0304254732
  -0.0361994738
  -0.0311692924
  -0.0547999928
  -0.0760688163
  -0.0300786708
   0.0284765362
   0.0356912751
   0.0127562226
  -0.0687205649
  -0.0995915902
  -0.0835769615
  -0.0999748051
  -0.1033869583
  -0.0385259399
   0.0303646384
  -0.0032032940
  -0.0451594636
  -0.0265981558
   0.0166755477
   0.0582289529
   0.0386293295
   0.0500569722
   0.1726153536
   0.2451763603
   0.1563406525
  -0.0092587372
  -0.0514913471
  -0.0275091897
  -0.0385117254
  -0.0434068035
  -0.0141420004
   0.0188774424
  -0.0271909487
  -0.0186330133
   0.0752915305
   0.1036443203
   0.0367563992
  -0.0294809728
  -0.0332942672
  -0.0410815600
  -0.0521006376
  -0.0705854085
  -0.0313758655
   0.0209110914
  -0.0027181094
   0.0301991619
   0.0706662613
   0.0822621791
   0.0444272516
  -0.0094343803
  -0.0206953416
  -0.0578571832
  -0.1161029724
  -0.0874586913
   0.0275452928
   0.0881858952
   0.0939582902
   0.0707001844
   0.0281235178
  -0.0446224973
  -0.1043557189
  -0.1379988065
  -0.1409782374
  -0.1252400754
  -0.0732265656
   0.0102423633
   0.0968964919
   0.1693584101
   0.1167889176
  -0.0124014012
  -0.0732659830
  -0.0187388776
   0.0404037752
   0.0153201991
  -0.0304251638
  -0.0427258370
  -0.0303261195
   0.0049409885
   0.0331300281
   0.0138384231
   0.0409141392
   0.0417028701
  -0.0553348674
  -0.1030334243
  -0.0613117587
  -0.0208867134
  -0.0491840447
  -0.0689819777
  -0.0468823987
  -0.0209019736
  -0.0372968418
  -0.0667195133
  -0.0790427234
  -0.0748088589
  -0.0230027029
   0.0193154381
   0.0798854250
   0.1347385782
   0.1293612115
   0.0928889976
   0.0384834881
  -0.0102818087
  -0.0226410821
  -0.0063875569
  -0.0131456667
   0.0132419256
   0.0689154130
   0.0299927067
  -0.0416144461
  -0.0688946142
  -0.0749991554
   0.0026732979
   0.1472591846
   0.2254408530
   0.1927579973
   0.1124936439
   0.0599346391
   0.0415294984
   0.0159185599
   0.0417547491
   0.0756275801
   0.0755614130
   0.1157220260
   0.1845165795
   0.1723630292
  -0.0124452184
  -0.1702768237
  -0.2290635416
  -0.2355361846
  -0.2054240032
  -0.2164219874
  -0.1699496711
  -0.0597429580
  -0.0105059944
  -0.1244974640
  -0.2060780138
  -0.1947870505
  -0.0951110576
   0.0892733793
   0.1515276351
   0.0610150676
  -0.1064413057
  -0.1664614671
  -0.1307977517
  -0.0622256649
   0.0254651708
   0.0881310850
   0.1143909817
   0.1221391076
   0.0961360131
   0.0599673249
   0.0594969970
   0.0575482515
   0.0368082929
  -0.0225192653
  -0.0932219391
  -0.0330696205
   0.0756390694
  -0.0324477212
  -0.1572178222
  -0.1674389478
   0.0255229270
   0.1928379810
   0.1749406265
   0.1380973500
   0.0451312852
  -0.1170304302
  -0.2424555877
  -0.2470981794
  -0.1152111022
   0.1149577173
   0.1394957838
  -0.0109347484
  -0.1347162181
  -0.1508210385
  -0.0858639217
   0.0406083303
   0.1554409460
   0.1851956311
   0.2107178068
   0.2431739683
   0.2452863932
   0.1385892573
  -0.0094208066
  -0.0660619675
  -0.0906722698
  -0.0618596988
   0.0275755040
   0.0439432248
  -0.0250451457
  -0.1123919924
  -0.1370398855
  -0.0391187917
   0.0321291709
  -0.0220224234
  -0.0716411054
  -0.0351359553
   0.0274848852
   0.0619271621
   0.0595472262
   0.0507517996
   0.0585825605
  -0.0015653362
  -0.0945253793
  -0.1609626223
  -0.1083330462
  -0.0116590151
   0.0172467023
   0.0605835385
   0.0242315358
  -0.0735408737
  -0.1544331215
  -0.1872978923
  -0.1858240116
  -0.1311858128
  -0.0780559628
  -0.0617168034
  -0.0072377501
   0.0493913101
   0.0712369887
   0.0898043211
   0.1523155411
   0.2068997988
   0.1495329027
   0.0065770565
  -0.0166870224
   0.0200284717
   0.0046342619
  -0.0076678932
   0.0089642645
   0.0098446644
  -0.0120446649
   0.0241765194
   0.0939400693
   0.1271007504
   0.0765956189
   0.0127652152
  -0.0071318578
   0.0165272906
   0.0395944813
   0.0178088126
  -0.0224149918
  -0.0756681169
  -0.0753811771
  -0.0201283703
   0.0497358441
   0.0893555873
   0.0983898309
   0.1140919781
   0.1563770356
   0.1676229251
   0.0717105572
   0.0111269687
   0.0639713430
   0.0881758935
   0.0386954523
  -0.0068590735
  -0.0345704128
  -0.0716540972
  -0.0859154472
  -0.0017793980
   0.0799512237
   0.0967546570
   0.0826240356
   0.0592472651
   0.0424798171
   0.0264711098
   0.0287533123
  -0.0007519658
  -0.0708220749
  -0.1256693067
  -0.1260118963
  -0.0752378840
   0.0079711493
   0.0709796414
   0.1036866100
   0.1056382720
   0.0822509991
   0.0554516466
   0.0169391405
  -0.0394721194
  -0.0777066858
  -0.1072375048
  -0.1494925425
  -0.1696421093
  -0.1844832898
  -0.1826938931
  -0.1644901553
  -0.1448666841
  -0.1169585627
  -0.1015313798
  -0.1127592547
  -0.0764313797
   0.0026714464
   0.0624992446
   0.0770670516
   0.0782314262
   0.0697154712
   0.0264462014
   0.0024729777
  -0.0030365537
   0.0092850700
   0.0137022710
  -0.0167029602
  -0.0541547318
  -0.0418436297
   0.0378692042
   0.0804923733
   0.0628925642
   0.0375295900
   0.0285749177
   0.0288873992
   0.0011370084
  -0.0165694625
   0.0130108831
   0.0487588200
   0.0406770751
  -0.0180810077
  -0.0536952746
  -0.0167513923
   0.0325817786
   0.0388815508
   0.0318695551
   0.0570507321
   0.0913367682
   0.0678789092
   0.0196995957
   0.0385253507
   0.0585500957
   0.0095279112
  -0.0408720115
  -0.0218659617
   0.0100747554
  -0.0162813590
  -0.0676744131
  -0.1023766739
  -0.1129013989
  -0.0961520245
  -0.0716680023
  -0.0668436281
  -0.0605333240
  -0.0583307370
  -0.0512466676
  -0.0113113805
   0.0399749711
   0.0655783237
   0.0440496047
   0.0185664339
   0.0421910361
   0.0751008364
   0.0750091865
   0.0433794352
   0.0336585394
   0.0531799466
   0.0559880237
   0.0293404342
  -0.0138371784
  -0.0470940683
  -0.0331888448
   0.0105491665
   0.0161533114
  -0.0052972652
  -0.0311320256
  -0.0434461620
  -0.0689563917
  -0.1071803967
  -0.1065508967
  -0.0893071993
  -0.1042987433
  -0.1045015603
  -0.0534556032
   0.0033552896
   0.0325435102
   0.0354838035
   0.0361223477
   0.0207476919
  -0.0105575007
  -0.0302321718
  -0.0283045344
  -0.0405255184
  -0.0837286801
  -0.0959827183
  -0.0701630119
  -0.0250111784
   0.0332165225
   0.0780077516
   0.1026149900
   0.1152190859
   0.1108799905
   0.1000457741
   0.0916064739
   0.0769124458
   0.0681771469
   0.0573384231
   0.0352703368
   0.0102243736
  -0.0037034044
   0.0032529679
   0.0125095987
   0.0220907558
   0.0225189560
   0.0117192990
   0.0051791014
   0.0204590876
   0.0576193384
   0.0446351209
  -0.0092820547
  -0.0312930536
  -0.0318129037
  -0.0350266589
  -0.0358530102
   0.0013147645
   0.0514832898
   0.0730645949
   0.0798707097
   0.0901955933
   0.0964398187
   0.0846184734
   0.0672215254
   0.0437937304
   0.0158344959
  -0.0204843937
  -0.0693773301
  -0.0915791351
  -0.0633765174
  -0.0469216099
  -0.0625065949
  -0.0740965471
  -0.0782463329
  -0.0690557896
  -0.0341657511
   0.0037592708
   0.0266296779
   0.0314886087
   0.0067671968
  -0.0146518282
  -0.0021874417
   0.0206393824
   0.0142239020
  -0.0017111540
  -0.0144069100
  -0.0358049021
  -0.0631420899
  -0.0800327099
  -0.0705311580
  -0.0505244572
  -0.0396797089
  -0.0332161395
  -0.0398194226
  -0.0423255354
  -0.0336127734
  -0.0290753536
  -0.0179947196
  -0.0183177478
  -0.0333017501
  -0.0511509228
  -0.0579194910
  -0.0526834141
  -0.0491856945
  -0.0457525806
  -0.0216411382
   0.0091817657
   0.0175339367
   0.0216416537
   0.0355063256
   0.0444519685
   0.0389139125
   0.0318719119
   0.0301576087
   0.0302402585
   0.0487475221
   0.0764663487
   0.0778095599
   0.0565783567
   0.0414396014
   0.0349835590
   0.0171869723
   0.0058689647
   0.0164192315
   0.0270130696
   0.0368721915
   0.0440929991
   0.0440344181
   0.0285245559
   0.0015900309
  -0.0199356582
  -0.0324571336
  -0.0260716772
   0.0035222288
   0.0364981534
   0.0382815844
   0.0209011782
   0.0302855237
   0.0477531019
   0.0587706328
   0.0630842011
   0.0546268715
   0.0442569290
   0.0352001338
   0.0284225509
   0.0309346735
   0.0406495742
   0.0416667523
   0.0375830745
   0.0433510211
   0.0496403203
   0.0289349623
  -0.0111415484
  -0.0361153657
  -0.0367028116
  -0.0222777233
  -0.0121556596
  -0.0022379286
   0.0215039138
   0.0434082323
   0.0411335274
   0.0249926481
   0.0173481476
   0.0133245946
   0.0090651397
   0.0085588250
   0.0067303483
  -0.0127339671
  -0.0365268621
  -0.0479274900
  -0.0580750689
  -0.0794009268
  -0.1043537156
  -0.1151743804
  -0.1240944815
  -0.1314099292
  -0.1205531465
  -0.0974693846
  -0.0770750352
  -0.0639675868
  -0.0501074076
  -0.0372027909
  -0.0348409140
  -0.0399252133
  -0.0307076257
  -0.0186458873
  -0.0182176724
  -0.0170457413
  -0.0105160491
  -0.0024553548
   0.0055061789
   0.0072144885
  -0.0007184699
  -0.0047540548
   0.0006833523
  -0.0000032555
  -0.0112491302
  -0.0273629653
  -0.0405379947
  -0.0358938711
  -0.0177982807
  -0.0011059670
  -0.0020389783
  -0.0112895890
  -0.0121910469
  -0.0003336421
   0.0218366343
   0.0432000684
   0.0529194766
   0.0595889120
   0.0654154544
   0.0708919244
   0.0692572661
   0.0553565500
   0.0426983657
   0.0351725740
   0.0309071284
   0.0393268967
   0.0629891045
   0.0730465801
   0.0516681215
   0.0136469762
  -0.0077840508
  -0.0079763490
  -0.0102044763
  -0.0136330652
  -0.0193664332
  -0.0311441631
  -0.0385557680
  -0.0384851378
  -0.0334068189
  -0.0218604085
  -0.0064527061
   0.0061243765
   0.0182807756
   0.0244588929
   0.0218927113
   0.0062611678
  -0.0129702623
  -0.0009776345
   0.0217365147
   0.0200793343
  -0.0020878995
  -0.0240087303
  -0.0334486373
  -0.0370410117
  -0.0393472535
  -0.0463276533
  -0.0559628944
  -0.0559643674
  -0.0466912037
  -0.0369838005
  -0.0207437295
  -0.0116688739
  -0.0096285198
  -0.0101333276
  -0.0036802578
   0.0144814569
   0.0278007547
   0.0356901704
   0.0433572224
   0.0493114737
   0.0363137489
   0.0209466349
   0.0289607545
   0.0453180318
   0.0399197190
   0.0233942107
   0.0141195622
   0.0079865495
   0.0024830677
   0.0081503542
   0.0128590716
   0.0092306545
   0.0052747048
   0.0010332861
   0.0029910057
   0.0086462710
   0.0229526799
   0.0368714550
   0.0404788834
   0.0413668501
   0.0447458903
   0.0413007714
   0.0424681952
   0.0557589580
   0.0515520935
   0.0349469550
   0.0183312994
   0.0027613625
  -0.0095497513
  -0.0169688656
  -0.0170544762
  -0.0223806710
  -0.0330646417
  -0.0430394234
  -0.0483010126
  -0.0446184761
  -0.0297230893
  -0.0211635779
  -0.0233902042
  -0.0258016180
  -0.0208239784
  -0.0106102531
  -0.0062080368
  -0.0100122399
  -0.0069967913
   0.0080037556
   0.0133044411
   0.0115856452
   0.0089022778
   0.0069160475
   0.0094371878
   0.0112671980
   0.0129289329
   0.0082788466
   0.0059365341
   0.0021924307
  -0.0090910026
  -0.0105618902
  -0.0090579132
  -0.0161389644
  -0.0239442131
  -0.0215432723
  -0.0170749508
  -0.0166016622
  -0.0173002752
  -0.0164183183
  -0.0112829134
  -0.0097188381
  -0.0099336718
  -0.0100283089
  -0.0066372475
   0.0056062911
   0.0173780641
   0.0159492424
   0.0076797331
  -0.0013379962
  -0.0194035233
  -0.0377409798
  -0.0489087269
  -0.0523899047
  -0.0423189217
  -0.0286600716
  -0.0243164541
  -0.0288944254
  -0.0338254741
  -0.0364352122
  -0.0328638575
  -0.0225614961
  -0.0113771925
  -0.0013242370
   0.0043806089
   0.0035197158
   0.0022621771
   0.0063819300
   0.0071962793
   0.0067665929
   0.0107255814
   0.0197974321
   0.0275080702
   0.0282172298
   0.0370411737
   0.0447382749
   0.0409971721
   0.0296446375
   0.0181628769
   0.0113011697
   0.0052703241
   0.0029851034
   0.0020460826
   0.0053680309
   0.0147208425
   0.0153624152
   0.0002311791
  -0.0118155034
  -0.0140977206
  -0.0158330377
  -0.0187733310
  -0.0179980633
  -0.0140781268
  -0.0087639207
  -0.0057710119
  -0.0048184381
   0.0057994378
   0.0170979296
   0.0206106885
   0.0245336180
   0.0339149734
   0.0446635792
   0.0447807709
   0.0362528405
   0.0338203923
   0.0341764745
   0.0407512405
   0.0521999765
   0.0612943626
   0.0670457822
   0.0656860734
   0.0601375150
   0.0540150180
   0.0515690330
   0.0498231928
   0.0403412023
   0.0232748096
   0.0025153764
  -0.0147643637
  -0.0238932768
  -0.0321342380
  -0.0346673802
  -0.0361698076
  -0.0407853551
  -0.0443010747
  -0.0456998620
  -0.0389297620
  -0.0327576692
  -0.0338003595
  -0.0343397268
  -0.0307909090
  -0.0280789596
  -0.0344989430
  -0.0356618299
  -0.0215267158
  -0.0056367099
  -0.0021690263
  -0.0045699391
  -0.0036444124
  -0.0060408178
  -0.0121843536
  -0.0147580445
  -0.0073584357
   0.0052622152
   0.0144752939
   0.0184748429
   0.0290641736
   0.0441743970
   0.0518474441
   0.0536308899
   0.0516671788
   0.0444448834
   0.0351807344
   0.0223287479
   0.0098884110
  -0.0071178849
  -0.0275482830
  -0.0343994715
  -0.0291588873
  -0.0271636246
  -0.0321697961
  -0.0361467847
  -0.0374494001
  -0.0436304928
  -0.0517046960
  -0.0583079792
  -0.0667292351
  -0.0687470347
  -0.0638610303
  -0.0553480950
  -0.0486110637
  -0.0418394759
  -0.0332679595
  -0.0337712678
  -0.0392912943
  -0.0375844886
  -0.0284540435
  -0.0212813145
  -0.0192604953
  -0.0212722850
  -0.0231879028
  -0.0133167450
   0.0030976065
   0.0182994679
   0.0306421657
   0.0365948998
   0.0381980360
   0.0374813788
   0.0341639541
   0.0219805461
   0.0046647441
   0.0015636820
   0.0102599111
   0.0115640525
   0.0057345287
   0.0051500818
   0.0120719109
   0.0164080073
   0.0159001916
   0.0123318610
   0.0043883775
   0.0034538581
   0.0146306435
   0.0300368376
   0.0290797874
   0.0156373206
   0.0139560728
   0.0094622303
  -0.0020285524
  -0.0085627300
  -0.0057786700
  -0.0066786328
  -0.0108900121
  -0.0100546387
  -0.0029945865
   0.0027057407
   0.0027718561
   0.0021393277
  -0.0011029665
  -0.0003457217
  -0.0034197421
  -0.0052422149
  -0.0042836415
  -0.0061271502
  -0.0095797887
  -0.0106164780
  -0.0021366056
   0.0003965424
  -0.0010413028
  -0.0010608288
   0.0020402480
   0.0117581434
   0.0191787734
   0.0217014132
   0.0187250609
   0.0172601655
   0.0181631420
   0.0256363625
   0.0276812210
   0.0207008211
   0.0120271303
   0.0113540355
   0.0194793237
   0.0271508832
   0.0317558987
   0.0362722988
   0.0424759431
   0.0431866199
   0.0434134762
   0.0398947370
   0.0323434035
   0.0276437185
   0.0242015898
   0.0199240951
   0.0118964770
   0.0004086954
  -0.0082514621
  -0.0113705596
  -0.0081688196
  -0.0051413676
  -0.0073214281
  -0.0070299485
  -0.0016661760
   0.0064861578
   0.0077497270
   0.0028562294
  -0.0027614553
  -0.0062892225
  -0.0071260881
  -0.0139848022
  -0.0218351319
  -0.0191111776
  -0.0139171842
  -0.0144580687
  -0.0119805129
  -0.0081312170
  -0.0099311573
  -0.0189684295
  -0.0229664672
  -0.0181751322
  -0.0167297687
  -0.0186829627
  -0.0194251763
  -0.0170047183
  -0.0184485794
  -0.0221235889
  -0.0227065421
  -0.0187806076
  -0.0192103103
  -0.0250338478
  -0.0280582935
  -0.0272559668
  -0.0214955472
  -0.0149628795
  -0.0101444944
  -0.0099702080
  -0.0092745704
  -0.0114245877
  -0.0131689416
  -0.0073439149
  -0.0018644562
   0.0034016551
   0.0057770365
   0.0080938250
   0.0092131553
   0.0094355160
   0.0071217324
   0.0006190981
  -0.0021153753
  -0.0039453678
  -0.0075963394
  -0.0095104724
  -0.0095855952
  -0.0055064278
   0.0041543669
   0.0124208830
   0.0116471148
   0.0027375442
  -0.0031941585
  -0.0028591121
  -0.0030784737
  -0.0021078881
  -0.0006910749
  -0.0010261256
   0.0001097289
   0.0040581831
   0.0107290871
   0.0144536762
   0.0176959811
   0.0195109342
   0.0208045496
   0.0230071513
   0.0200232720
   0.0116846261
   0.0042174111
  -0.0015685546
  -0.0048799740
  -0.0022852339
  -0.0002629316
  -0.0004943143
  -0.0023152963
  -0.0041753438
  -0.0044277610
  -0.0025977729
   0.0072388077
   0.0156435514
   0.0217525262
   0.0212927744
   0.0192569454
   0.0209336725
   0.0170948952
   0.0147931313
   0.0113074181
   0.0126476023
   0.0184185303
   0.0200366616
   0.0159364568
   0.0071561004
  -0.0017579835
  -0.0076416105
  -0.0072494766
  -0.0047133353
  -0.0039020160
  -0.0078174259
  -0.0159682588
  -0.0199092031
  -0.0171762488
  -0.0112325383
  -0.0041830181
   0.0017381570
   0.0040729676
   0.0070913960
   0.0110097962
   0.0091227015
   0.0052794095
  -0.0001084093
   0.0008095836
   0.0021362447
  -0.0056179440
  -0.0111019189
  -0.0145560760
  -0.0160134651
  -0.0184985434
  -0.0191205753
  -0.0182761946
  -0.0208724547
  -0.0279805781
  -0.0299773433
  -0.0259552958
  -0.0226679201
  -0.0203571562
  -0.0137974399
  -0.0108165729
  -0.0138139861
  -0.0151001039
  -0.0168730030
  -0.0195609130
  -0.0224200884
  -0.0216478403
  -0.0168685398
  -0.0108962870
  -0.0055144983
  -0.0012715709
   0.0002263674
   0.0041612914
   0.0051859552
   0.0069107639
   0.0133367601
   0.0197417087
   0.0241934883
   0.0256313248
   0.0278985322
   0.0313827149
   0.0302768772
   0.0241979368
   0.0151125654
   0.0058363850
  -0.0000171992
   0.0003959635
   0.0034459378
   0.0011351461
  -0.0005956975
  -0.0003643325
  -0.0005671776
  -0.0004304677
  -0.0004905797
  -0.0011411574
  -0.0039222196
  -0.0064673948
  -0.0101754730
  -0.0142125893
  -0.0180077998
  -0.0186854226
  -0.0137649014
  -0.0073103600
  -0.0004787041
   0.0061486176
   0.0122590949
   0.0198930591
   0.0301262780
   0.0376640894
   0.0332874178
   0.0191703184
   0.0080911853
   0.0034996610
   0.0035236841
   0.0076358923
   0.0119043560
   0.0089580219
   0.0010550815
  -0.0036791766
  -0.0005135172
   0.0067222984
   0.0088332326
   0.0085582653
   0.0091051419
   0.0086558896
   0.0098368031
   0.0126508871
   0.0126839249
   0.0091050535
   0.0075710259
   0.0094205312
   0.0067912140
   0.0007017374
  -0.0021860040
  -0.0012740314
   0.0044683391
   0.0112038341
   0.0163001397
   0.0148457468
   0.0090011734
   0.0050782394
   0.0031746074
   0.0030784295
   0.0003334201
  -0.0038539462
  -0.0077032613
  -0.0088331309
  -0.0105639819
  -0.0127696092
  -0.0124526114
  -0.0130896767
  -0.0170411603
  -0.0216071414
  -0.0243296227
  -0.0253017270
  -0.0239856043
  -0.0178916540
  -0.0117766811
  -0.0090272071
  -0.0085013693
  -0.0082850406
  -0.0061801206
  -0.0080852595
  -0.0118684694
  -0.0114493075
  -0.0083377429
  -0.0087794888
  -0.0087975419
  -0.0114433920
  -0.0131396893
  -0.0153919046
  -0.0153243087
  -0.0100341846
  -0.0052999681
  -0.0016279886
  -0.0054502639
  -0.0085198098
  -0.0083650818
  -0.0088038242
  -0.0128785152
  -0.0137995463
  -0.0105076883
  -0.0078663957
  -0.0040396646
   0.0028520785
   0.0101825375
   0.0105866719
   0.0049569395
  -0.0009282125
  -0.0004083902
   0.0016965227
   0.0010880010
   0.0004614484
   0.0013148158
   0.0023469746
   0.0077062088
   0.0157713633
   0.0207594906
   0.0233061403
   0.0259233906
   0.0299078620
   0.0338262401
   0.0327699982
   0.0220709587
   0.0116243511
   0.0035726539
   0.0046904508
   0.0109211085
   0.0127600862
   0.0120238500
   0.0151399042
   0.0182604924
   0.0180741583
   0.0191679027
   0.0217716310
   0.0238074306
   0.0193375772
   0.0152508651
   0.0107569857
   0.0069121662
   0.0047756387
   0.0019780301
   0.0025339053
   0.0002636595
  -0.0039447565
  -0.0079323108
  -0.0092244591
  -0.0119634748
  -0.0174970528
  -0.0240357893
  -0.0267732951
  -0.0233582402
  -0.0159256303
  -0.0093028358
  -0.0082691838
  -0.0063971593
  -0.0046543462
  -0.0015262693
  -0.0024367950
   0.0003562344
   0.0049341817
   0.0086211726
   0.0135717296
   0.0144611473
   0.0167358228
   0.0180023497
   0.0154256067
   0.0113749403
   0.0045221963
  -0.0026535774
  -0.0102455317
  -0.0112792618
  -0.0088152753
  -0.0082879542
  -0.0099452053
  -0.0144225695
  -0.0161354145
  -0.0163307633
  -0.0137435857
  -0.0101797992
  -0.0085331507
  -0.0087089809
  -0.0099635751
  -0.0135139233
  -0.0141119483
  -0.0143298473
  -0.0130873596
  -0.0091344413
  -0.0059177254
  -0.0040667456
  -0.0028633234
  -0.0044604792
  -0.0092969350
  -0.0135098697
  -0.0151746375
  -0.0150710122
  -0.0120060532
  -0.0079134079
  -0.0043631509
  -0.0050092545
  -0.0057154593
  -0.0066785813
  -0.0100561544
  -0.0122167374
  -0.0132039002
  -0.0108991829
  -0.0087807688
  -0.0061289826
  -0.0064535648
  -0.0050398045
  -0.0040587517
  -0.0058797810
  -0.0065544356
  -0.0088171887
  -0.0110423803
  -0.0133111447
  -0.0106353221
  -0.0014989364
   0.0044372162
   0.0030218473
  -0.0024711895
  -0.0091571770
  -0.0129975142
  -0.0161091509
  -0.0199419773
  -0.0197767660
  -0.0184937267
  -0.0184907807
  -0.0164204541
  -0.0093349221
  -0.0041635230
  -0.0018963760
  -0.0021533536
  -0.0037385060
  -0.0006615343
   0.0054624191
   0.0128243988
   0.0186974422
   0.0171934093
   0.0122773174
   0.0113081723
   0.0128000501
   0.0154848654
   0.0131364738
   0.0107204598
   0.0126089862
   0.0176211086
   0.0220758343
   0.0257177161
   0.0294813116
   0.0347398369
   0.0396212604
   0.0422429739
   0.0452057599
   0.0431578376
   0.0377849782
   0.0339596641
   0.0301478574
   0.0275260113
   0.0256628911
   0.0237456973
   0.0226037564
   0.0203559926
   0.0196903453
   0.0170729918
   0.0153150583
   0.0133227136
   0.0106197215
   0.0105069622
   0.0116833122
   0.0126928881
   0.0137009630
   0.0148127074
   0.0158628364
   0.0156073598
   0.0133460783
   0.0109240398
   0.0076380885
   0.0053362466
   0.0043310234
   0.0045007229
   0.0042572439
   0.0046613253
   0.0023880270
  -0.0018715192
  -0.0055120546
  -0.0081279130
  -0.0099459698
  -0.0130801788
  -0.0159725010
  -0.0190270695
  -0.0200443064
  -0.0212358431
  -0.0232852826
  -0.0265051360
  -0.0316601539
  -0.0362848045
  -0.0387789713
  -0.0387850695
  -0.0362956016
  -0.0351853743
  -0.0332968597
  -0.0298803612
  -0.0242822953
  -0.0223081701
  -0.0252155125
  -0.0282580760
  -0.0317814405
  -0.0333455864
  -0.0336161171
  -0.0324052547
  -0.0288655547
  -0.0221601928
  -0.0158559722
  -0.0097320553
  -0.0069886663
  -0.0069016225
  -0.0065200986
  -0.0091990794
  -0.0095823060
  -0.0064212384
  -0.0016931083
   0.0007978619
   0.0008383251
  -0.0003021435
  -0.0033913000
  -0.0062085112
  -0.0076059021
  -0.0082685916
  -0.0089057394
  -0.0071990559
  -0.0025761052
   0.0026598465
   0.0047150985
   0.0077634730
   0.0122076284
   0.0147797270
   0.0171985795
   0.0200876714
   0.0233554120
   0.0230442856
   0.0197177430
   0.0176757716
   0.0182495922
   0.0178648454
   0.0188894032
   0.0189704327
   0.0164086112
   0.0158676089
   0.0177245278
   0.0223023960
   0.0238828480
   0.0244115950
   0.0225529380
   0.0184480933
   0.0148315471
   0.0116086593
   0.0082640622
   0.0053221249
   0.0044460630
   0.0049177063
   0.0038703627
   0.0018704616
   0.0025148845
   0.0045941522
   0.0041703268
   0.0030914287
   0.0044555240
   0.0070170775
   0.0086320816
   0.0077079336
   0.0089954007
   0.0120572678
   0.0124612918
   0.0126324304
   0.0122025849
   0.0097218857
   0.0079924150
   0.0053269137
   0.0048459816
   0.0048788899
   0.0031208680
   0.0034993399
   0.0048423875
   0.0079598367
   0.0096475495
   0.0084879842
   0.0085984251
   0.0078308346
   0.0060933095
   0.0017328984
  -0.0025985050
  -0.0059222313
  -0.0103157907
  -0.0123584692
  -0.0135885527
  -0.0154054414
  -0.0153836116
  -0.0172205860
  -0.0231486032
  -0.0273451273
  -0.0289740851
  -0.0294142902
  -0.0290409592
  -0.0262763207
  -0.0192030631
  -0.0108792931
  -0.0039527077
  -0.0036538027
  -0.0044286713
  -0.0037008635
  -0.0051408064
  -0.0055540233
  -0.0037137655
  -0.0015853291
  -0.0015606933
   0.0001264010
   0.0037649242
   0.0040210356
   0.0015230994
  -0.0013548153
  -0.0057072577
  -0.0115589103
  -0.0144521576
  -0.0146117244
  -0.0129666137
  -0.0121497691
  -0.0119774388
  -0.0113074668
  -0.0104532272
  -0.0090652753
  -0.0095799713
  -0.0077366512
  -0.0084374192
  -0.0077131495
  -0.0050572389
  -0.0017186059
   0.0025635140
   0.0055465905
   0.0084898475
   0.0089393782
   0.0088719282
   0.0085645830
   0.0077646720
   0.0057892005
   0.0068961812
   0.0078633157
   0.0089991480
   0.0097546260
   0.0076417946
   0.0072106838
   0.0059659631
   0.0062542124
   0.0064542159
   0.0062527703
   0.0062904437
   0.0064311988
   0.0074921366
   0.0083862561
   0.0085831678
   0.0079096959
   0.0063568714
   0.0045720175
   0.0031927606
   0.0026001297
   0.0021073077
   0.0019599093
   0.0019075855
   0.0012020405
   0.0016880029
   0.0023278801
   0.0027240176
   0.0027169561
   0.0019158579
   0.0014595563
   0.0011468837
   0.0011251947
   0.0004268175
  -0.0004009367
  -0.0011778549
  -0.0015490080
  -0.0014640949
  -0.0014331669
  -0.0016946417
  -0.0024256194
  -0.0018591490
  -0.0012717686
  -0.0010757114
  -0.0011700430
  -0.0008275802
  -0.0002856246
  -0.0008660462
  -0.0011540474
  -0.0015935190
  -0.0018083792
  -0.0015169968
  -0.0013951621
  -0.0012521643
  -0.0013194069
  -0.0012815284
  -0.0010826648
  -0.0006761714
  -0.0001308042
   0.0002404852
   0.0004360831
   0.0004062151
   0.0006735021
   0.0004174121
  -0.0000806580
  -0.0004697396
  -0.0006694129
  -0.0005992269
  -0.0003583779
  -0.0003026265
  -0.0003208480
  -0.0003473772
  -0.0005773020
  -0.0005139360
  -0.0004841110
  -0.0004519508
  -0.0004895240
  -0.0004644074
  -0.0003641262
  -0.0003562361
  -0.0003884448
  -0.0003616723
  -0.0003372485
  -0.0003816045
  -0.0004138086
  -0.0003553143
  -0.0002926135
  -0.0003059403
  -0.0003065302
  -0.0002308432
  -0.0000314583
   0.0000914177
   0.0001216670
   0.0001261769
   0.0001338984
   0.0002018193
   0.0002228849
   0.0002392076
   0.0002917808
   0.0003181962
   0.0003229970
   0.0003214362
   0.0003149203
   0.0002888165
   0.0002532076
   0.0002244572
   0.0002026097
   0.0001759074
   0.0001587617
   0.0001370197
   0.0001126576
   0.0000913372
   0.0000769762
   0.0000661885
   0.0000556066
   0.0000470373
   0.0000409648
   0.0000350370
   0.0000269630
   0.0000181114
   0.0000104728
   0.0000032438
  -0.0000017585
  -0.0000053300
  -0.0000087548
  -0.0000116272
  -0.0000137573
  -0.0000151111
  -0.0000166669
  -0.0000182211
  -0.0000196599
  -0.0000210804
  -0.0000224994
  -0.0000237847
  -0.0000249201
  -0.0000260174
  -0.0000271514
  -0.0000283511
  -0.0000296298
  -0.0000309970
  -0.0000324542
