     0.000    0.0001127974
     0.020    0.0001109117
     0.040    0.0001122447
     0.060    0.0001169521
     0.080    0.0001174228
     0.100    0.0001047149
     0.120    0.0000884547
     0.140    0.0000960437
     0.160    0.0000940900
     0.180    0.0000923548
     0.200    0.0001059244
     0.220    0.0001811662
     0.240    0.0001199212
     0.260    0.0000517471
     0.280    0.0001539669
     0.300    0.0002457871
     0.320    0.0001645132
     0.340    0.0000887736
     0.360    0.0000556377
     0.380    0.0001127919
     0.400    0.0002516535
     0.420    0.0003250372
     0.440    0.0002275129
     0.460   -0.0000794228
     0.480    0.0000179817
     0.500    0.0000162650
     0.520   -0.0000984277
     0.540    0.0000486708
     0.560    0.0002712108
     0.580    0.0003057967
     0.600   -0.0000469707
     0.620   -0.0001473661
     0.640   -0.0001215196
     0.660    0.0001533972
     0.680    0.0004152269
     0.700    0.0000854772
     0.720    0.0000358331
     0.740    0.0002224846
     0.760    0.0006765095
     0.780   -0.0003499537
     0.800   -0.0012624686
     0.820   -0.0009391715
     0.840   -0.0005331654
     0.860    0.0000705675
     0.880    0.0011579539
     0.900    0.0015945872
     0.920    0.0011817046
     0.940    0.0006689730
     0.960   -0.0008037309
     0.980   -0.0006532596
     1.000   -0.0004686765
     1.020    0.0013820735
     1.040    0.0032778033
     1.060    0.0035784472
     1.080   -0.0002888543
     1.100   -0.0061621265
     1.120   -0.0049812217
     1.140    0.0011546948
     1.160    0.0033630047
     1.180   -0.0006009238
     1.200   -0.0033712849
     1.220   -0.0042863388
     1.240   -0.0017467792
     1.260    0.0014216800
     1.280    0.0007851395
     1.300    0.0021319324
     1.320   -0.0001197878
     1.340   -0.0005520449
     1.360    0.0035720083
     1.380    0.0066850262
     1.400    0.0073807180
     1.420   -0.0008946989
     1.440   -0.0079451914
     1.460   -0.0056790309
     1.480    0.0011186301
     1.500    0.0003250781
     1.520   -0.0018783679
     1.540   -0.0031649942
     1.560   -0.0025479907
     1.580    0.0006132485
     1.600    0.0000611988
     1.620   -0.0027066258
     1.640   -0.0054208397
     1.660   -0.0022080531
     1.680    0.0032017060
     1.700    0.0106168183
     1.720    0.0095372375
     1.740    0.0011523381
     1.760   -0.0088061615
     1.780   -0.0117964722
     1.800   -0.0070682971
     1.820   -0.0008998202
     1.840    0.0070091631
     1.860    0.0044454134
     1.880   -0.0011640692
     1.900   -0.0017162986
     1.920   -0.0007149432
     1.940    0.0052066231
     1.960    0.0078335164
     1.980    0.0072931265
     2.000    0.0114769053
     2.020    0.0025798064
     2.040   -0.0090912282
     2.060   -0.0093767286
     2.080   -0.0065795332
     2.100   -0.0041854959
     2.120    0.0006149310
     2.140    0.0053142517
     2.160   -0.0067300949
     2.180   -0.0133442285
     2.200   -0.0092141597
     2.220    0.0018809356
     2.240    0.0095217262
     2.260    0.0015671521
     2.280    0.0021740224
     2.300    0.0104825285
     2.320    0.0053376822
     2.340   -0.0067713726
     2.360   -0.0081201001
     2.380   -0.0027752243
     2.400   -0.0026582046
     2.420   -0.0016871707
     2.440   -0.0013965908
     2.460   -0.0047909818
     2.480   -0.0045260139
     2.500   -0.0040015790
     2.520   -0.0018626598
     2.540    0.0036482232
     2.560    0.0058714548
     2.580   -0.0003826996
     2.600   -0.0029400147
     2.620    0.0016793383
     2.640    0.0088974032
     2.660    0.0078346664
     2.680   -0.0043448182
     2.700   -0.0091503965
     2.720   -0.0016108290
     2.740   -0.0008846933
     2.760   -0.0005983622
     2.780    0.0057486726
     2.800    0.0075636517
     2.820    0.0004326155
     2.840   -0.0113343344
     2.860   -0.0091137614
     2.880   -0.0013716951
     2.900   -0.0007892892
     2.920    0.0001171813
     2.940    0.0010806574
     2.960    0.0030351167
     2.980    0.0033512611
     3.000    0.0078184613
     3.020    0.0117217843
     3.040    0.0045882811
     3.060   -0.0048454132
     3.080   -0.0084633693
     3.100   -0.0053155502
     3.120    0.0004573787
     3.140   -0.0042893084
     3.160   -0.0134226691
     3.180   -0.0146122052
     3.200   -0.0060373853
     3.220    0.0065091151
     3.240    0.0137221964
     3.260    0.0099112859
     3.280    0.0006971524
     3.300   -0.0007559534
     3.320   -0.0023374526
     3.340   -0.0027953206
     3.360    0.0029844264
     3.380    0.0059044598
     3.400   -0.0078289331
     3.420   -0.0230349699
     3.440   -0.0178338266
     3.460    0.0080265650
     3.480    0.0193271181
     3.500   -0.0017904778
     3.520   -0.0092116496
     3.540    0.0049492783
     3.560    0.0132800816
     3.580    0.0164842986
     3.600    0.0158334729
     3.620    0.0096221496
     3.640   -0.0101940426
     3.660   -0.0201662231
     3.680   -0.0205288881
     3.700   -0.0022535038
     3.720    0.0101961441
     3.740    0.0033663997
     3.760    0.0018180405
     3.780    0.0040498851
     3.800    0.0126171971
     3.820    0.0156778008
     3.840    0.0205526221
     3.860    0.0206860447
     3.880   -0.0063560907
     3.900   -0.0265272057
     3.920   -0.0175934676
     3.940    0.0152734719
     3.960    0.0541324243
     3.980    0.0461139469
     4.000    0.0162410124
     4.020   -0.0178758990
     4.040   -0.0482875940
     4.060   -0.0387134961
     4.080   -0.0013000519
     4.100    0.0290758185
     4.120    0.0024787084
     4.140   -0.0025437017
     4.160    0.0363025173
     4.180    0.0061838140
     4.200   -0.0138009373
     4.220    0.0092150020
     4.240    0.0193255836
     4.260   -0.0088479254
     4.280   -0.0061289822
     4.300    0.0508474233
     4.320    0.0632178567
     4.340   -0.0259560299
     4.360   -0.1011074840
     4.380   -0.0310377358
     4.400    0.0646822186
     4.420    0.0489356093
     4.440   -0.0667205251
     4.460   -0.1075893049
     4.480   -0.0425752521
     4.500    0.0128662124
     4.520    0.0046212502
     4.540   -0.0023360166
     4.560    0.0162338322
     4.580    0.0284855704
     4.600   -0.0158255754
     4.620   -0.0567971971
     4.640   -0.0214407963
     4.660    0.0149991964
     4.680    0.0127212731
     4.700    0.0177714143
     4.720    0.0259135989
     4.740    0.0426318601
     4.760    0.0084247411
     4.780   -0.0557067667
     4.800   -0.0332596015
     4.820    0.0253424564
     4.840    0.0230002528
     4.860   -0.0205891071
     4.880   -0.0008695339
     4.900    0.0209175889
     4.920    0.0238270488
     4.940   -0.0285745104
     4.960   -0.0648627506
     4.980   -0.0331817446
     5.000    0.0266403718
     5.020    0.0779182347
     5.040    0.0708434303
     5.060    0.0176551877
     5.080   -0.0154311621
     5.100    0.0198644442
     5.120    0.0620504284
     5.140    0.0687540448
     5.160    0.0222644734
     5.180   -0.0224010899
     5.200    0.0057323282
     5.220    0.0202218887
     5.240   -0.0174143784
     5.260   -0.0813253666
     5.280   -0.0982880065
     5.300   -0.0235652658
     5.320    0.0415821262
     5.340    0.0594243256
     5.360    0.0424819922
     5.380   -0.0109599774
     5.400   -0.0472587169
     5.420   -0.0379651408
     5.440   -0.0383377882
     5.460   -0.0348910523
     5.480   -0.0124392170
     5.500    0.0636634240
     5.520    0.1163386166
     5.540    0.0807821946
     5.560    0.0281034828
     5.580   -0.0073183057
     5.600   -0.0083042005
     5.620   -0.0194022313
     5.640   -0.0472839354
     5.660   -0.0423464682
     5.680    0.0135350346
     5.700    0.0270553000
     5.720   -0.0225594390
     5.740   -0.0460242897
     5.760   -0.0308909702
     5.780   -0.0232955186
     5.800   -0.0417886855
     5.820   -0.0987234915
     5.840   -0.1151265640
     5.860   -0.0535162406
     5.880    0.0364273252
     5.900    0.1046267229
     5.920    0.1073452099
     5.940    0.0291342946
     5.960   -0.0642775145
     5.980   -0.0829951788
     6.000   -0.0754741149
     6.020   -0.0879824741
     6.040   -0.0899268953
     6.060   -0.0064955527
     6.080    0.0534583984
     6.100    0.0479007946
     6.120    0.0206309461
     6.140    0.0111124055
     6.160    0.0337229318
     6.180    0.0062991716
     6.200   -0.0331417487
     6.220   -0.0273953819
     6.240    0.0174550081
     6.260    0.0841813625
     6.280    0.1488094332
     6.300    0.1624266362
     6.320    0.0489431648
     6.340   -0.1039518129
     6.360   -0.1147915691
     6.380   -0.0528643975
     6.400   -0.0350872123
     6.420    0.0318781001
     6.440    0.1110721005
     6.460    0.1082912346
     6.480    0.0314570090
     6.500   -0.0777537228
     6.520   -0.1080269581
     6.540   -0.0573543376
     6.560   -0.0052051495
     6.580   -0.0224768953
     6.600    0.0212276238
     6.620    0.0972575033
     6.640    0.1040987536
     6.660    0.1026308474
     6.680    0.0565757852
     6.700   -0.0449631558
     6.720   -0.1080730752
     6.740   -0.0752369332
     6.760    0.0154740268
     6.780    0.0476656560
     6.800   -0.0058363492
     6.820   -0.0474983921
     6.840   -0.0397785162
     6.860   -0.0102111218
     6.880    0.0479424584
     6.900    0.0750462438
     6.920    0.0683052751
     6.940    0.0989814300
     6.960    0.1108117436
     6.980    0.1016807363
     7.000    0.0243520659
     7.020   -0.1012737722
     7.040   -0.1367037517
     7.060   -0.1255596897
     7.080   -0.1030441495
     7.100   -0.0559417551
     7.120   -0.0467173713
     7.140   -0.0734428386
     7.160   -0.1017669660
     7.180   -0.1089246143
     7.200   -0.0994015704
     7.220   -0.0557205101
     7.240    0.0218686007
     7.260    0.0794640479
     7.280    0.1145483080
     7.300    0.0975998368
     7.320    0.0187297731
     7.340   -0.0274825123
     7.360    0.0099765586
     7.380    0.0657163912
     7.400    0.0708178449
     7.420    0.0655186967
     7.440    0.0933136207
     7.460    0.1264934555
     7.480    0.1167779377
     7.500    0.0316654947
     7.520   -0.1018209221
     7.540   -0.1551425622
     7.560   -0.0932345629
     7.580   -0.0014981392
     7.600   -0.0128761196
     7.620   -0.0631371227
     7.640   -0.0211842838
     7.660    0.0249353172
     7.680    0.0374824630
     7.700   -0.0039257394
     7.720   -0.0301768233
     7.740    0.0079419707
     7.760    0.0552555786
     7.780    0.0231833283
     7.800   -0.0463641464
     7.820   -0.0720346927
     7.840   -0.0465034983
     7.860   -0.0111019979
     7.880   -0.0341306215
     7.900   -0.0605764927
     7.920   -0.0799342749
     7.940   -0.0805562628
     7.960   -0.0474658517
     7.980    0.0109839867
     8.000    0.0388778913
     8.020    0.0343817300
     8.040    0.0254562313
     8.060    0.0395111208
     8.080    0.0700470399
     8.100    0.0507085802
     8.120    0.0029498836
     8.140   -0.0323707518
     8.160   -0.0351609912
     8.180   -0.0393266026
     8.200    0.0095412155
     8.220    0.0552202528
     8.240    0.0216610406
     8.260    0.0022931769
     8.280   -0.0069293931
     8.300    0.0109097991
     8.320    0.0438052094
     8.340    0.0525055436
     8.360    0.0463218905
     8.380    0.0044102952
     8.400   -0.0554633638
     8.420   -0.0648395336
     8.440    0.0153887311
     8.460    0.1057458742
     8.480    0.1377147406
     8.500    0.1134247368
     8.520    0.0683391415
     8.540    0.0150887285
     8.560   -0.0689294980
     8.580   -0.1130816527
     8.600   -0.1280575154
     8.620   -0.0859067069
     8.640    0.0042243351
     8.660    0.0419042366
     8.680    0.0160222025
     8.700   -0.0486198285
     8.720   -0.0943044282
     8.740   -0.1007765754
     8.760   -0.0665336552
     8.780   -0.0256987502
     8.800    0.0079592625
     8.820    0.0665400682
     8.840    0.1142560110
     8.860    0.1380777560
     8.880    0.1198388416
     8.900    0.0657241052
     8.920    0.0270907092
     8.940    0.0068448271
     8.960    0.0159225880
     8.980    0.0239805026
     9.000    0.0143898510
     9.020    0.0114916327
     9.040    0.0430089190
     9.060    0.0581621864
     9.080    0.0349500037
     9.100    0.0176756193
     9.120   -0.0058684076
     9.140   -0.0349129766
     9.160   -0.0606134948
     9.180   -0.0737423158
     9.200   -0.0769167193
     9.220   -0.0938611042
     9.240   -0.1186626486
     9.260   -0.1507938837
     9.280   -0.1769790227
     9.300   -0.1886825769
     9.320   -0.1677752956
     9.340   -0.0708847105
     9.360    0.0117439588
     9.380    0.0214494777
     9.400    0.0078114895
     9.420    0.0001797612
     9.440    0.0224647614
     9.460    0.0657827647
     9.480    0.1096994306
     9.500    0.1622244050
     9.520    0.1929532818
     9.540    0.1549781920
     9.560    0.0670579885
     9.580   -0.0196863223
     9.600   -0.0639404431
     9.620   -0.0717639448
     9.640   -0.0730385347
     9.660   -0.0708248584
     9.680   -0.0017797492
     9.700    0.0786266608
     9.720    0.0918237817
     9.740    0.0741613137
     9.760    0.0346118482
     9.780    0.0179207485
     9.800   -0.0014240792
     9.820   -0.0111538858
     9.840    0.0251392746
     9.860    0.0430477224
     9.880    0.0448620569
     9.900    0.0645083416
     9.920    0.0950741575
     9.940    0.0836343793
     9.960    0.0247190174
     9.980    0.0051577073
    10.000    0.0073973093
    10.020    0.0199301338
    10.040    0.0459661972
    10.060    0.0416311203
    10.080   -0.0054698847
    10.100   -0.0580676840
    10.120   -0.0620272364
    10.140   -0.0057354313
    10.160    0.0637234345
    10.180    0.0519288637
    10.200   -0.0183124931
    10.220   -0.0438755024
    10.240   -0.0213801353
    10.260   -0.0205104580
    10.280   -0.0588233196
    10.300   -0.0639986774
    10.320   -0.0200498046
    10.340    0.0223810753
    10.360    0.0406023350
    10.380    0.0353143033
    10.400   -0.0034525860
    10.420   -0.0467391372
    10.440   -0.0615188148
    10.460   -0.0571596703
    10.480    0.0013142623
    10.500    0.0637102165
    10.520    0.0669871533
    10.540    0.0456717320
    10.560    0.0302449564
    10.580    0.0178138704
    10.600   -0.0040001804
    10.620   -0.0292289388
    10.640   -0.0190472302
    10.660    0.0343343704
    10.680    0.0531726061
    10.700    0.0380207648
    10.720    0.0039580380
    10.740   -0.0670306935
    10.760   -0.1174854548
    10.780   -0.1163863181
    10.800   -0.0760339408
    10.820   -0.0360027315
    10.840   -0.0291711715
    10.860   -0.0418046638
    10.880   -0.0776838300
    10.900   -0.1173652002
    10.920   -0.1370224846
    10.940   -0.1217959387
    10.960   -0.0671710127
    10.980   -0.0180056605
    11.000    0.0042882076
    11.020    0.0166803168
    11.040    0.0337930998
    11.060    0.0356332031
    11.080    0.0233170427
    11.100    0.0147376886
    11.120    0.0276201379
    11.140    0.0525408444
    11.160    0.0811370957
    11.180    0.0965527382
    11.200    0.0919801460
    11.220    0.0488637484
    11.240    0.0033283536
    11.260   -0.0040230080
    11.280   -0.0065875816
    11.300   -0.0084182697
    11.320   -0.0054002705
    11.340    0.0044754053
    11.360    0.0137345971
    11.380    0.0117111265
    11.400   -0.0227250517
    11.420   -0.0622435445
    11.440   -0.0823574460
    11.460   -0.0941380566
    11.480   -0.1053638450
    11.500   -0.1108988072
    11.520   -0.1051778757
    11.540   -0.0770226467
    11.560   -0.0430193517
    11.580   -0.0179717357
    11.600    0.0112945637
    11.620    0.0245033181
    11.640    0.0134001276
    11.660   -0.0013598006
    11.680    0.0062111915
    11.700    0.0406579924
    11.720    0.0812511541
    11.740    0.1158004732
    11.760    0.1345279113
    11.780    0.1277002543
    11.800    0.0990107848
    11.820    0.0687306110
    11.840    0.0505527663
    11.860    0.0447137818
    11.880    0.0518580870
    11.900    0.0690381274
    11.920    0.0751228582
    11.940    0.0586582657
    11.960    0.0307350646
    11.980    0.0158456151
    12.000    0.0104926525
    12.020    0.0077772537
    12.040    0.0115752938
    12.060    0.0177498819
    12.080    0.0278161978
    12.100    0.0367809086
    12.120    0.0306152020
    12.140   -0.0046872610
    12.160   -0.0579972909
    12.180   -0.1115245979
    12.200   -0.1322868567
    12.220   -0.1192908577
    12.240   -0.0754110188
    12.260   -0.0406646473
    12.280   -0.0390492999
    12.300   -0.0411198216
    12.320   -0.0342895209
    12.340   -0.0090489306
    12.360    0.0012079896
    12.380   -0.0190102615
    12.400   -0.0452411506
    12.420   -0.0297951026
    12.440    0.0236713600
    12.460    0.0503041846
    12.480    0.0203134223
    12.500   -0.0266402050
    12.520   -0.0530343051
    12.540   -0.0570028140
    12.560   -0.0489774065
    12.580   -0.0421061509
    12.600   -0.0373037991
    12.620   -0.0208741822
    12.640   -0.0015642733
    12.660    0.0073070300
    12.680    0.0097517360
    12.700    0.0106177523
    12.720    0.0094361970
    12.740    0.0105080638
    12.760   -0.0096123841
    12.780   -0.0338614414
    12.800   -0.0312529765
    12.820   -0.0048061837
    12.840    0.0301243849
    12.860    0.0400003951
    12.880    0.0348310834
    12.900    0.0268726582
    12.920    0.0388185563
    12.940    0.0607435815
    12.960    0.0525862526
    12.980    0.0283944372
    13.000    0.0233347390
    13.020    0.0430886773
    13.040    0.0634585409
    13.060    0.0656166683
    13.080    0.0500682872
    13.100    0.0339039475
    13.120    0.0452085434
    13.140    0.0617087787
    13.160    0.0647252334
    13.180    0.0463425390
    13.200    0.0228925991
    13.220    0.0132233401
    13.240    0.0200162635
    13.260    0.0304491473
    13.280    0.0331329089
    13.300    0.0307374163
    13.320    0.0370974566
    13.340    0.0538887462
    13.360    0.0651180622
    13.380    0.0487931468
    13.400    0.0017258531
    13.420   -0.0075897891
    13.440    0.0023999542
    13.460    0.0031237549
    13.480   -0.0081944136
    13.500   -0.0290050251
    13.520   -0.0496103524
    13.540   -0.0789127532
    13.560   -0.1034277632
    13.580   -0.1113910837
    13.600   -0.1100507707
    13.620   -0.1016110187
    13.640   -0.0770862182
    13.660   -0.0600423356
    13.680   -0.0536279890
    13.700   -0.0454671325
    13.720   -0.0315648795
    13.740   -0.0114765717
    13.760    0.0029192229
    13.780    0.0243430343
    13.800    0.0439039149
    13.820    0.0497087994
    13.840    0.0487681285
    13.860    0.0422132959
    13.880    0.0335370626
    13.900    0.0230344862
    13.920    0.0082379420
    13.940   -0.0040477602
    13.960   -0.0058792606
    13.980   -0.0029524121
    14.000   -0.0054855495
    14.020   -0.0127448820
    14.040   -0.0185061680
    14.060   -0.0245934757
    14.080   -0.0279119095
    14.100   -0.0216198605
    14.120   -0.0119892548
    14.140   -0.0062280096
    14.160    0.0004254505
    14.180    0.0097159265
    14.200    0.0141230227
    14.220    0.0086025377
    14.240    0.0008287156
    14.260   -0.0071110434
    14.280   -0.0157218496
    14.300   -0.0316260242
    14.320   -0.0460578392
    14.340   -0.0527788517
    14.360   -0.0437889725
    14.380   -0.0251843075
    14.400   -0.0184916574
    14.420   -0.0149113656
    14.440   -0.0073486062
    14.460    0.0019512654
    14.480    0.0065173594
    14.500    0.0060750445
    14.520    0.0037715400
    14.540   -0.0017260549
    14.560   -0.0061672686
    14.580   -0.0062056524
    14.600   -0.0017578298
    14.620   -0.0028125883
    14.640   -0.0071883566
    14.660   -0.0039774146
    14.680    0.0015523855
    14.700    0.0003275479
    14.720   -0.0074369774
    14.740   -0.0159509587
    14.760   -0.0093835836
    14.780    0.0100259030
    14.800    0.0182318175
    14.820    0.0241019581
    14.840    0.0254705917
    14.860    0.0255191773
    14.880    0.0207931563
    14.900    0.0126866562
    14.920    0.0068709262
    14.940    0.0036733816
    14.960   -0.0054775353
    14.980   -0.0315492681
    15.000   -0.0366891415
    15.020   -0.0267209640
    15.040   -0.0193590164
    15.060   -0.0189482078
    15.080   -0.0117523566
    15.100    0.0174162631
    15.120    0.0371115586
    15.140    0.0445120844
    15.160    0.0465697300
    15.180    0.0457013870
    15.200    0.0475072236
    15.220    0.0503797315
    15.240    0.0509250384
    15.260    0.0499299110
    15.280    0.0464670633
    15.300    0.0384524720
    15.320    0.0301053460
    15.340    0.0235530986
    15.360    0.0200527401
    15.380    0.0153748293
    15.400    0.0077243316
    15.420    0.0011190571
    15.440    0.0020334246
    15.460    0.0051644131
    15.480    0.0040050031
    15.500    0.0042609319
    15.520    0.0067388338
    15.540    0.0021292430
    15.560   -0.0138768344
    15.580   -0.0277005383
    15.600   -0.0322778339
    15.620   -0.0326275979
    15.640   -0.0335990496
    15.660   -0.0360899119
    15.680   -0.0406756553
    15.700   -0.0477911311
    15.720   -0.0519720703
    15.740   -0.0505985080
    15.760   -0.0420465406
    15.780   -0.0361602883
    15.800   -0.0337106395
    15.820   -0.0282965323
    15.840   -0.0256460950
    15.860   -0.0285245573
    15.880   -0.0306061787
    15.900   -0.0303817063
    15.920   -0.0318551500
    15.940   -0.0310029521
    15.960   -0.0253397878
    15.980   -0.0145735436
    16.000   -0.0046707489
    16.020    0.0019020561
    16.040    0.0122726119
    16.060    0.0285493254
    16.080    0.0404665024
    16.100    0.0455975194
    16.120    0.0431188077
    16.140    0.0360281084
    16.160    0.0300370794
    16.180    0.0271397034
    16.200    0.0277792792
    16.220    0.0299696218
    16.240    0.0324533872
    16.260    0.0330649342
    16.280    0.0326821378
    16.300    0.0309520732
    16.320    0.0256994674
    16.340    0.0164105113
    16.360    0.0058337840
    16.380    0.0035334910
    16.400    0.0124308358
    16.420    0.0244117512
    16.440    0.0283348770
    16.460    0.0212084098
    16.480    0.0159149157
    16.500    0.0198412188
    16.520    0.0249993890
    16.540    0.0235022697
    16.560    0.0161741469
    16.580    0.0107674617
    16.600    0.0090560442
    16.620    0.0027775602
    16.640   -0.0099409660
    16.660   -0.0215197957
    16.680   -0.0240565499
    16.700   -0.0080991222
    16.720    0.0069211454
    16.740    0.0044271158
    16.760   -0.0021838862
    16.780   -0.0110993793
    16.800   -0.0148540904
    16.820   -0.0210662893
    16.840   -0.0237024744
    16.860   -0.0275424061
    16.880   -0.0107200187
    16.900    0.0233499501
    16.920    0.0295580043
    16.940    0.0148016020
    16.960   -0.0130800353
    16.980   -0.0296911766
    17.000   -0.0371938020
    17.020   -0.0384598191
    17.040   -0.0303103042
    17.060   -0.0025614605
    17.080    0.0166916751
    17.100    0.0075400453
    17.120   -0.0170649813
    17.140   -0.0369238214
    17.160   -0.0443975674
    17.180   -0.0473631516
    17.200   -0.0408638846
    17.220   -0.0226692526
    17.240   -0.0110957767
    17.260   -0.0103123624
    17.280   -0.0133866011
    17.300   -0.0048821734
    17.320    0.0181602152
    17.340    0.0261587864
    17.360    0.0261068985
    17.380    0.0234036226
    17.400    0.0234342033
    17.420    0.0213681432
    17.440    0.0122103830
    17.460    0.0001025259
    17.480   -0.0044884273
    17.500   -0.0017486865
    17.520   -0.0035920230
    17.540   -0.0094937307
    17.560   -0.0170592605
    17.580   -0.0197474336
    17.600   -0.0170817519
    17.620   -0.0122647394
    17.640   -0.0088241330
    17.660   -0.0043924839
    17.680    0.0060121727
    17.700    0.0174539073
    17.720    0.0207032989
    17.740    0.0149455072
    17.760    0.0077228305
    17.780    0.0044529697
    17.800    0.0040676156
    17.820    0.0000960319
    17.840   -0.0076303404
    17.860   -0.0090536341
    17.880   -0.0002099210
    17.900    0.0087991064
    17.920    0.0120765102
    17.940    0.0154414447
    17.960    0.0218346592
    17.980    0.0267299956
    18.000    0.0243048564
    18.020    0.0186727648
    18.040    0.0203049995
    18.060    0.0285560636
    18.080    0.0336019934
    18.100    0.0277164833
    18.120    0.0198133235
    18.140    0.0172885948
    18.160    0.0195699456
    18.180    0.0187430995
    18.200    0.0118752214
    18.220    0.0058306192
    18.240    0.0055098789
    18.260    0.0029017668
    18.280   -0.0036301625
    18.300   -0.0092503362
    18.320   -0.0167605421
    18.340   -0.0229362477
    18.360   -0.0248792345
    18.380   -0.0187226513
    18.400   -0.0080602213
    18.420    0.0011034707
    18.440    0.0142310516
    18.460    0.0271784150
    18.480    0.0336109333
    18.500    0.0267414540
    18.520    0.0031359821
    18.540   -0.0112584956
    18.560   -0.0182303081
    18.580   -0.0202047345
    18.600   -0.0156872076
    18.620   -0.0089512509
    18.640   -0.0038398416
    18.660   -0.0048299536
    18.680   -0.0079644455
    18.700   -0.0140532634
    18.720   -0.0236321480
    18.740   -0.0351471311
    18.760   -0.0428003416
    18.780   -0.0449645901
    18.800   -0.0384584097
    18.820   -0.0265089507
    18.840   -0.0153131342
    18.860   -0.0101311049
    18.880   -0.0099014621
    18.900   -0.0093936743
    18.920   -0.0102639187
    18.940   -0.0139335675
    18.960   -0.0148736213
    18.980   -0.0099868829
    19.000   -0.0029812482
    19.020    0.0024457501
    19.040    0.0031781504
    19.060    0.0041963280
    19.080    0.0054510417
    19.100   -0.0019408544
    19.120   -0.0138963904
    19.140   -0.0258120914
    19.160   -0.0293321726
    19.180   -0.0287293986
    19.200   -0.0104931779
    19.220    0.0161629303
    19.240    0.0239435923
    19.260    0.0251176254
    19.280    0.0169279061
    19.300    0.0046032262
    19.320   -0.0065697811
    19.340   -0.0087688176
    19.360   -0.0044885783
    19.380   -0.0036532769
    19.400   -0.0057577584
    19.420   -0.0044886942
    19.440   -0.0013992611
    19.460   -0.0048442924
    19.480   -0.0107536600
    19.500   -0.0104594699
    19.520   -0.0032964803
    19.540    0.0031742426
    19.560    0.0038615716
    19.580    0.0017639701
    19.600   -0.0001772334
    19.620   -0.0031340632
    19.640   -0.0031197211
    19.660   -0.0008137401
    19.680    0.0035413542
    19.700    0.0091945788
    19.720    0.0117345769
    19.740    0.0091904090
    19.760    0.0056509078
    19.780    0.0018153610
    19.800   -0.0047642431
    19.820   -0.0105936680
    19.840   -0.0114962611
    19.860   -0.0091927858
    19.880   -0.0078573505
    19.900   -0.0106133574
    19.920   -0.0135123847
    19.940   -0.0141785299
    19.960   -0.0114746203
    19.980   -0.0026146402
    20.000    0.0085258483
    20.020    0.0172405180
    20.040    0.0211499504
    20.060    0.0232468247
    20.080    0.0251096363
    20.100    0.0283726295
    20.120    0.0302133666
    20.140    0.0321674199
    20.160    0.0339418418
    20.180    0.0344172560
    20.200    0.0338661115
    20.220    0.0268758355
    20.240    0.0137805640
    20.260    0.0033534844
    20.280    0.0010294333
    20.300    0.0044760316
    20.320    0.0065881545
    20.340    0.0012581780
    20.360   -0.0052704039
    20.380   -0.0039410406
    20.400    0.0041065474
    20.420    0.0080066547
    20.440    0.0050023213
    20.460    0.0009423154
    20.480   -0.0018954179
    20.500   -0.0027078200
    20.520   -0.0023140505
    20.540    0.0001680246
    20.560    0.0033042034
    20.580    0.0075598264
    20.600    0.0143842886
    20.620    0.0213475365
    20.640    0.0275536476
    20.660    0.0296257204
    20.680    0.0278862240
    20.700    0.0232282278
    20.720    0.0165176646
    20.740    0.0138279237
    20.760    0.0147329685
    20.780    0.0177186758
    20.800    0.0177501821
    20.820    0.0132826001
    20.840    0.0124243311
    20.860    0.0158820500
    20.880    0.0205350009
    20.900    0.0186763424
    20.920    0.0131014593
    20.940    0.0074218122
    20.960    0.0007096283
    20.980   -0.0084686648
    21.000   -0.0176059767
    21.020   -0.0254582244
    21.040   -0.0289934166
    21.060   -0.0306743536
    21.080   -0.0329276589
    21.100   -0.0359867281
    21.120   -0.0396555013
    21.140   -0.0412086365
    21.160   -0.0413465123
    21.180   -0.0372916569
    21.200   -0.0305743722
    21.220   -0.0224968682
    21.240   -0.0146550365
    21.260   -0.0093105635
    21.280   -0.0095614969
    21.300   -0.0140459330
    21.320   -0.0177036565
    21.340   -0.0171422962
    21.360   -0.0152650407
    21.380   -0.0118540559
    21.400   -0.0076860712
    21.420   -0.0031684000
    21.440    0.0001898424
    21.460    0.0011076855
    21.480    0.0017209620
    21.500   -0.0000814767
    21.520   -0.0029379057
    21.540   -0.0026478745
    21.560    0.0008974543
    21.580    0.0065081752
    21.600    0.0119487501
    21.620    0.0155928553
    21.640    0.0130598122
    21.660    0.0044711097
    21.680   -0.0043864278
    21.700   -0.0113811686
    21.720   -0.0151766928
    21.740   -0.0153724526
    21.760   -0.0120805965
    21.780   -0.0098935813
    21.800   -0.0074208932
    21.820   -0.0012504748
    21.840    0.0068941940
    21.860    0.0116560195
    21.880    0.0097863863
    21.900    0.0049872085
    21.920    0.0015175150
    21.940   -0.0011772630
    21.960   -0.0031005229
    21.980   -0.0047975332
    22.000   -0.0052041721
    22.020   -0.0042089564
    22.040   -0.0030657475
    22.060   -0.0024277695
    22.080   -0.0034238550
    22.100   -0.0054959529
    22.120   -0.0054330461
    22.140   -0.0007435746
    22.160    0.0036804784
    22.180    0.0063386905
    22.200    0.0076699277
    22.220    0.0078333021
    22.240    0.0044393489
    22.260    0.0017488074
    22.280   -0.0000655540
    22.300   -0.0011467115
    22.320   -0.0009017683
    22.340   -0.0012667225
    22.360    0.0011319899
    22.380    0.0043210316
    22.400    0.0049318281
    22.420    0.0029464878
    22.440    0.0006421931
    22.460   -0.0031396481
    22.480   -0.0098442286
    22.500   -0.0144980301
    22.520   -0.0154303532
    22.540   -0.0156201086
    22.560   -0.0109570586
    22.580   -0.0067949390
    22.600   -0.0017890835
    22.620    0.0043618056
    22.640    0.0079242269
    22.660    0.0076912166
    22.680    0.0032280344
    22.700   -0.0019028825
    22.720   -0.0038372722
    22.740   -0.0006738314
    22.760    0.0043532935
    22.780    0.0081913638
    22.800    0.0103230202
    22.820    0.0118320649
    22.840    0.0104072651
    22.860    0.0107526342
    22.880    0.0141100382
    22.900    0.0177311849
    22.920    0.0177644342
    22.940    0.0162206058
    22.960    0.0132698241
    22.980    0.0081439875
    23.000    0.0049643377
    23.020    0.0069897347
    23.040    0.0098716653
    23.060    0.0084332056
    23.080    0.0079722011
    23.100    0.0071428458
    23.120    0.0068051506
    23.140    0.0065601474
    23.160    0.0077263498
    23.180    0.0095790431
    23.200    0.0135327412
    23.220    0.0169828630
    23.240    0.0187343515
    23.260    0.0179322819
    23.280    0.0136112069
    23.300    0.0064812923
    23.320   -0.0026024522
    23.340   -0.0062066098
    23.360   -0.0029853170
    23.380    0.0006953314
    23.400    0.0005983931
    23.420   -0.0014184209
    23.440   -0.0033459214
    23.460   -0.0019432745
    23.480    0.0022860242
    23.500    0.0073676893
    23.520    0.0075974597
    23.540    0.0022198508
    23.560   -0.0040619156
    23.580   -0.0089862098
    23.600   -0.0105760385
    23.620   -0.0114113824
    23.640   -0.0120076515
    23.660   -0.0119107140
    23.680   -0.0131168706
    23.700   -0.0144531390
    23.720   -0.0155751174
    23.740   -0.0163143160
    23.760   -0.0144174462
    23.780   -0.0110157766
    23.800   -0.0052536700
    23.820   -0.0020042207
    23.840   -0.0052331425
    23.860   -0.0090268812
    23.880   -0.0132442637
    23.900   -0.0137895539
    23.920   -0.0111620335
    23.940   -0.0064368122
    23.960   -0.0008372011
    23.980    0.0050347508
    24.000    0.0096672743
    24.020    0.0102984773
    24.040    0.0098527765
    24.060    0.0081532927
    24.080    0.0068629095
    24.100    0.0074371059
    24.120    0.0071878904
    24.140    0.0090354708
    24.160    0.0126787170
    24.180    0.0154084038
    24.200    0.0169855316
    24.220    0.0156892591
    24.240    0.0116233540
    24.260    0.0065485506
    24.280    0.0019390956
    24.300   -0.0015671763
    24.320   -0.0020196712
    24.340   -0.0056773330
    24.360   -0.0083253176
    24.380   -0.0088875877
    24.400   -0.0066368643
    24.420   -0.0024449812
    24.440    0.0007593181
    24.460    0.0034515811
    24.480    0.0043796420
    24.500    0.0064985732
    24.520    0.0054192343
    24.540    0.0020703749
    24.560   -0.0010445652
    24.580   -0.0031286034
    24.600   -0.0038737364
    24.620   -0.0040285328
    24.640   -0.0016246692
    24.660    0.0026361510
    24.680    0.0050545436
    24.700    0.0068664571
    24.720    0.0036248453
    24.740   -0.0058978583
    24.760   -0.0121346027
    24.780   -0.0152802518
    24.800   -0.0164830476
    24.820   -0.0169194083
    24.840   -0.0160696538
    24.860   -0.0118199643
    24.880   -0.0070880140
    24.900   -0.0017996946
    24.920    0.0027945125
    24.940    0.0075470896
    24.960    0.0102870689
    24.980    0.0085016806
    25.000    0.0052226523
    25.020   -0.0005121714
    25.040   -0.0079984170
    25.060   -0.0134271140
    25.080   -0.0180349236
    25.100   -0.0194972257
    25.120   -0.0172337213
    25.140   -0.0143483791
    25.160   -0.0123791397
    25.180   -0.0148995069
    25.200   -0.0165556924
    25.220   -0.0145567313
    25.240   -0.0115591487
    25.260   -0.0107909956
    25.280   -0.0124028988
    25.300   -0.0120898449
    25.320   -0.0100007597
    25.340   -0.0073859001
    25.360   -0.0044427598
    25.380   -0.0007807773
    25.400    0.0016766705
    25.420    0.0019157686
    25.440    0.0017184452
    25.460    0.0019082047
    25.480    0.0038408090
    25.500    0.0075444752
    25.520    0.0126975058
    25.540    0.0165976981
    25.560    0.0171005240
    25.580    0.0154624767
    25.600    0.0120464382
    25.620    0.0079395273
    25.640    0.0049190079
    25.660    0.0040097016
    25.680    0.0040335657
    25.700    0.0040071989
    25.720    0.0035164135
    25.740    0.0045746295
    25.760    0.0070831663
    25.780    0.0093696734
    25.800    0.0080776424
    25.820    0.0046198901
    25.840    0.0016776212
    25.860    0.0002655870
    25.880    0.0007555678
    25.900    0.0022722758
    25.920    0.0039021129
    25.940    0.0045605208
    25.960    0.0051245431
    25.980    0.0045087472
    26.000    0.0030601650
    26.020    0.0004700276
    26.040   -0.0023948321
    26.060   -0.0022476662
    26.080   -0.0021931922
    26.100   -0.0013748716
    26.120   -0.0014615841
    26.140   -0.0010311470
    26.160    0.0008512997
    26.180    0.0028587770
    26.200    0.0037392556
    26.220   -0.0011100680
    26.240   -0.0073952795
    26.260   -0.0124955832
    26.280   -0.0149045606
    26.300   -0.0132628690
    26.320   -0.0078588800
    26.340   -0.0008786222
    26.360    0.0040099342
    26.380    0.0044029874
    26.400    0.0049227097
    26.420    0.0059341265
    26.440    0.0054943909
    26.460    0.0054850841
    26.480    0.0092950188
    26.500    0.0138969658
    26.520    0.0137703316
    26.540    0.0089627426
    26.560    0.0037901403
    26.580    0.0004998983
    26.600    0.0008997084
    26.620    0.0003221901
    26.640   -0.0044531624
    26.660   -0.0086926953
    26.680   -0.0080939059
    26.700   -0.0021582692
    26.720    0.0041253136
    26.740    0.0069341357
    26.760    0.0084133995
    26.780    0.0096239009
    26.800    0.0082033951
    26.820    0.0031073804
    26.840   -0.0050551457
    26.860   -0.0041552404
    26.880    0.0041400377
    26.900    0.0124778869
    26.920    0.0163482741
    26.940    0.0141137659
    26.960    0.0103787276
    26.980    0.0048616209
    27.000    0.0002190025
    27.020   -0.0033051182
    27.040   -0.0050761110
    27.060   -0.0033884833
    27.080    0.0001424841
    27.100    0.0035203364
    27.120    0.0046823365
    27.140    0.0022997551
    27.160   -0.0006620725
    27.180   -0.0042083142
    27.200   -0.0064683945
    27.220   -0.0052102841
    27.240   -0.0027332444
    27.260    0.0002813747
    27.280    0.0026716594
    27.300    0.0023901445
    27.320    0.0011789275
    27.340   -0.0018330915
    27.360   -0.0049846250
    27.380   -0.0046971115
    27.400   -0.0062715514
    27.420   -0.0087562250
    27.440   -0.0106471905
    27.460   -0.0102976350
    27.480   -0.0088992295
    27.500   -0.0089068851
    27.520   -0.0092828183
    27.540   -0.0080331674
    27.560   -0.0058989516
    27.580   -0.0046433947
    27.600   -0.0033223909
    27.620   -0.0012579094
    27.640    0.0020918314
    27.660    0.0062905787
    27.680    0.0095059897
    27.700    0.0096013344
    27.720    0.0064251929
    27.740    0.0022367482
    27.760    0.0006801096
    27.780   -0.0015008945
    27.800   -0.0034888008
    27.820   -0.0047289973
    27.840   -0.0040953025
    27.860   -0.0004486878
    27.880    0.0023285686
    27.900    0.0073898155
    27.920    0.0114779477
    27.940    0.0137185354
    27.960    0.0128458559
    27.980    0.0092571245
    28.000    0.0059295623
    28.020    0.0015148797
    28.040   -0.0015889897
    28.060   -0.0018203905
    28.080   -0.0023614177
    28.100   -0.0046742581
    28.120   -0.0057128698
    28.140   -0.0040584197
    28.160    0.0005289698
    28.180    0.0039782828
    28.200    0.0032221293
    28.220    0.0024480935
    28.240    0.0037716643
    28.260    0.0029372027
    28.280   -0.0005868707
    28.300   -0.0046324292
    28.320   -0.0037852217
    28.340   -0.0008318725
    28.360    0.0023954000
    28.380    0.0038942405
    28.400    0.0033966652
    28.420    0.0024125167
    28.440   -0.0002762446
    28.460   -0.0023364411
    28.480   -0.0043711199
    28.500   -0.0063794445
    28.520   -0.0101102730
    28.540   -0.0114908655
    28.560   -0.0100712195
    28.580   -0.0069196935
    28.600   -0.0030272568
    28.620   -0.0003009744
    28.640    0.0028599712
    28.660    0.0040364386
    28.680    0.0020026696
    28.700   -0.0002361853
    28.720   -0.0019672087
    28.740   -0.0044944259
    28.760   -0.0070998710
    28.780   -0.0091107758
    28.800   -0.0092145684
    28.820   -0.0081087276
    28.840   -0.0080313394
    28.860   -0.0083724445
    28.880   -0.0098372235
    28.900   -0.0101357667
    28.920   -0.0073355683
    28.940   -0.0022718238
    28.960    0.0027493695
    28.980    0.0050877529
    29.000    0.0043145519
    29.020    0.0022526607
    29.040    0.0022339353
    29.060    0.0039181905
    29.080    0.0057683095
    29.100    0.0057326776
    29.120    0.0055906104
    29.140    0.0076107878
    29.160    0.0095714542
    29.180    0.0091189652
    29.200    0.0086698702
    29.220    0.0079596153
    29.240    0.0063792051
    29.260    0.0030609406
    29.280    0.0002606833
    29.300   -0.0005414927
    29.320    0.0016938931
    29.340    0.0050138305
    29.360    0.0078863551
    29.380    0.0087055380
    29.400    0.0041063272
    29.420   -0.0014329182
    29.440   -0.0074689325
    29.460   -0.0092510367
    29.480   -0.0079266620
    29.500   -0.0075872840
    29.520   -0.0094859167
    29.540   -0.0079531547
    29.560   -0.0034083212
    29.580   -0.0014399708
    29.600   -0.0018244552
    29.620   -0.0032849794
    29.640   -0.0021715214
    29.660   -0.0014518712
    29.680   -0.0038268004
    29.700   -0.0068984430
    29.720   -0.0078647993
    29.740   -0.0067437015
    29.760   -0.0058403546
    29.780   -0.0055961970
    29.800   -0.0052891301
    29.820   -0.0031532222
    29.840   -0.0011364607
    29.860    0.0005409218
    29.880    0.0025117901
    29.900    0.0040123051
    29.920    0.0056582490
    29.940    0.0060180562
    29.960    0.0057169386
    29.980    0.0043916716
    30.000    0.0053493766
    30.020    0.0059574861
    30.040    0.0067212910
    30.060    0.0080381352
    30.080    0.0075312263
    30.100    0.0072130805
    30.120    0.0044894272
    30.140    0.0016117739
    30.160   -0.0005198596
    30.180   -0.0029884443
    30.200   -0.0046506117
    30.220   -0.0074211542
    30.240   -0.0085304433
    30.260   -0.0074731772
    30.280   -0.0038598304
    30.300    0.0015399122
    30.320    0.0039922371
    30.340    0.0060668869
    30.360    0.0078855119
    30.380    0.0076167789
    30.400    0.0042185409
    30.420    0.0024891168
    30.440    0.0047423496
    30.460    0.0059306873
    30.480    0.0050690183
    30.500    0.0040788554
    30.520    0.0023239953
    30.540    0.0009748250
    30.560    0.0010632663
    30.580    0.0009849841
    30.600    0.0017412260
    30.620    0.0008556996
    30.640   -0.0002493141
    30.660   -0.0019183455
    30.680   -0.0043902414
    30.700   -0.0080369668
    30.720   -0.0107198853
    30.740   -0.0121931538
    30.760   -0.0128260747
    30.780   -0.0130957468
    30.800   -0.0117900842
    30.820   -0.0089609497
    30.840   -0.0082635049
    30.860   -0.0079063080
    30.880   -0.0098491906
    30.900   -0.0107381153
    30.920   -0.0098280001
    30.940   -0.0075934443
    30.960   -0.0043075484
    30.980   -0.0016783117
    31.000    0.0004422012
    31.020    0.0002422920
    31.040   -0.0012582697
    31.060   -0.0014446025
    31.080   -0.0012915540
    31.100   -0.0010304432
    31.120    0.0007022141
    31.140    0.0022060816
    31.160    0.0042636355
    31.180    0.0053762229
    31.200    0.0059936984
    31.220    0.0064470330
    31.240    0.0065099474
    31.260    0.0082367170
    31.280    0.0099277063
    31.300    0.0108080497
    31.320    0.0103061496
    31.340    0.0079235631
    31.360    0.0060104523
    31.380    0.0035520963
    31.400    0.0010291239
    31.420   -0.0004254752
    31.440   -0.0017729058
    31.460   -0.0024432817
    31.480   -0.0019950899
    31.500    0.0008918519
    31.520    0.0032343807
    31.540    0.0057513037
    31.560    0.0076532405
    31.580    0.0083600938
    31.600    0.0078981579
    31.620    0.0060692619
    31.640    0.0058863115
    31.660    0.0057918567
    31.680    0.0054243047
    31.700    0.0041295608
    31.720    0.0029496901
    31.740    0.0023899260
    31.760    0.0011785781
    31.780    0.0017985938
    31.800    0.0028975445
    31.820    0.0020077400
    31.840    0.0009418334
    31.860    0.0008158549
    31.880    0.0024982960
    31.900    0.0040863601
    31.920    0.0038923508
    31.940    0.0032100871
    31.960    0.0027209221
    31.980    0.0033818377
    32.000    0.0043761878
    32.020    0.0048507646
    32.040    0.0049970257
    32.060    0.0034471287
    32.080   -0.0000566370
    32.100   -0.0037084672
    32.120   -0.0058691465
    32.140   -0.0056412866
    32.160   -0.0043084399
    32.180   -0.0023741920
    32.200   -0.0001847829
    32.220    0.0020003871
    32.240    0.0036555911
    32.260    0.0058781639
    32.280    0.0083091524
    32.300    0.0082861798
    32.320    0.0067890422
    32.340    0.0050553809
    32.360    0.0050042819
    32.380    0.0061168142
    32.400    0.0066339196
    32.420    0.0066695448
    32.440    0.0039526257
    32.460    0.0008885995
    32.480   -0.0013137327
    32.500   -0.0019951816
    32.520   -0.0025345292
    32.540   -0.0043226220
    32.560   -0.0067163891
    32.580   -0.0079133781
    32.600   -0.0060064202
    32.620   -0.0039318538
    32.640   -0.0025658196
    32.660   -0.0014600555
    32.680   -0.0010951713
    32.700   -0.0016863784
    32.720   -0.0034659325
    32.740   -0.0056887129
    32.760   -0.0065028772
    32.780   -0.0048995628
    32.800   -0.0037053608
    32.820   -0.0032801325
    32.840   -0.0040798103
    32.860   -0.0050479371
    32.880   -0.0035152193
    32.900   -0.0020097014
    32.920    0.0005386640
    32.940    0.0029586292
    32.960    0.0036696897
    32.980    0.0011696341
    33.000   -0.0042948066
    33.020   -0.0096368187
    33.040   -0.0115304277
    33.060   -0.0109291633
    33.080   -0.0092195470
    33.100   -0.0075320319
    33.120   -0.0080356859
    33.140   -0.0079226424
    33.160   -0.0063014700
    33.180   -0.0048044750
    33.200   -0.0036605447
    33.220   -0.0025225137
    33.240   -0.0009157969
    33.260    0.0012566668
    33.280    0.0032411098
    33.300    0.0029696756
    33.320    0.0015039726
    33.340    0.0006923771
    33.360    0.0004676985
    33.380    0.0008095390
    33.400    0.0019314209
    33.420    0.0033808061
    33.440    0.0011606058
    33.460   -0.0019187616
    33.480   -0.0033963850
    33.500   -0.0020184920
    33.520   -0.0007179827
    33.540   -0.0025265133
    33.560   -0.0049857617
    33.580   -0.0057471773
    33.600   -0.0058144824
    33.620   -0.0071815316
    33.640   -0.0063829487
    33.660   -0.0045133914
    33.680   -0.0036705370
    33.700   -0.0037718544
    33.720   -0.0041972770
    33.740   -0.0038009965
    33.760   -0.0016388504
    33.780    0.0007343146
    33.800    0.0018774581
    33.820    0.0006516261
    33.840   -0.0007631234
    33.860    0.0010604626
    33.880    0.0029036381
    33.900    0.0055396890
    33.920    0.0079834510
    33.940    0.0082649059
    33.960    0.0069369995
    33.980    0.0046768058
    34.000    0.0021112431
    34.020    0.0000909166
    34.040   -0.0015551167
    34.060   -0.0029902181
    34.080   -0.0034420150
    34.100   -0.0032813617
    34.120   -0.0023849323
    34.140    0.0007205733
    34.160    0.0020993444
    34.180    0.0021290395
    34.200    0.0016007100
    34.220    0.0019596031
    34.240    0.0015478213
    34.260   -0.0000616856
    34.280   -0.0006121754
    34.300   -0.0015156712
    34.320    0.0004542290
    34.340    0.0022582864
    34.360    0.0028748913
    34.380    0.0020658641
    34.400    0.0017016938
    34.420    0.0016769349
    34.440    0.0012847023
    34.460   -0.0002703477
    34.480   -0.0007485679
    34.500   -0.0002008983
    34.520   -0.0002486428
    34.540    0.0011343966
    34.560    0.0020546951
    34.580    0.0015118984
    34.600    0.0010617919
    34.620    0.0028250173
    34.640    0.0052330182
    34.660    0.0072540004
    34.680    0.0069715014
    34.700    0.0067085634
    34.720    0.0052385973
    34.740    0.0039846533
    34.760    0.0029808387
    34.780    0.0022160289
    34.800    0.0020602600
    34.820    0.0004660823
    34.840   -0.0008074115
    34.860   -0.0002911867
    34.880    0.0013980452
    34.900    0.0021005537
    34.920    0.0036273371
    34.940    0.0060013473
    34.960    0.0068816365
    34.980    0.0072115660
    35.000    0.0064127713
    35.020    0.0033147286
    35.040    0.0012425140
    35.060    0.0001357265
    35.080   -0.0006792451
    35.100   -0.0019110576
    35.120   -0.0037298320
    35.140   -0.0031890309
    35.160   -0.0019514964
    35.180   -0.0020808751
    35.200   -0.0014625465
    35.220    0.0000106506
    35.240    0.0015757392
    35.260    0.0000590244
    35.280   -0.0012850393
    35.300   -0.0031267537
    35.320   -0.0055911283
    35.340   -0.0060659161
    35.360   -0.0051209972
    35.380   -0.0031714656
    35.400   -0.0026041926
    35.420   -0.0040333247
    35.440   -0.0047598891
    35.460   -0.0040863101
    35.480   -0.0026837466
    35.500   -0.0018212729
    35.520   -0.0012352754
    35.540   -0.0006118781
    35.560   -0.0003202118
    35.580    0.0000778120
    35.600   -0.0002004402
    35.620   -0.0009448381
    35.640   -0.0009492171
    35.660   -0.0007434790
    35.680    0.0003384168
    35.700    0.0014407722
    35.720    0.0008435908
    35.740   -0.0010848638
    35.760   -0.0024417872
    35.780   -0.0006190554
    35.800    0.0023418517
    35.820    0.0050817443
    35.840    0.0070015467
    35.860    0.0071545160
    35.880    0.0058096230
    35.900    0.0038352574
    35.920    0.0021254468
    35.940    0.0011964620
    35.960   -0.0000063961
    35.980   -0.0013785318
    36.000   -0.0028352582
    36.020   -0.0033850450
    36.040   -0.0021859027
    36.060   -0.0004987382
    36.080   -0.0000397395
    36.100    0.0002359179
    36.120    0.0002275107
    36.140    0.0006278963
    36.160    0.0008726812
    36.180    0.0008932687
    36.200   -0.0001509506
    36.220   -0.0027577273
    36.240   -0.0053140758
    36.260   -0.0069297192
    36.280   -0.0066655920
    36.300   -0.0077723768
    36.320   -0.0075435562
    36.340   -0.0083224872
    36.360   -0.0099993503
    36.380   -0.0096210321
    36.400   -0.0084150256
    36.420   -0.0064456387
    36.440   -0.0060371977
    36.460   -0.0056706105
    36.480   -0.0056886754
    36.500   -0.0043396394
    36.520   -0.0020550546
    36.540   -0.0002386308
    36.560    0.0016274362
    36.580    0.0017201006
    36.600    0.0013284618
    36.620    0.0004081821
    36.640    0.0011196642
    36.660    0.0016630872
    36.680    0.0015705338
    36.700    0.0016858731
    36.720    0.0018831139
    36.740    0.0017888241
    36.760    0.0017252001
    36.780    0.0018542828
    36.800    0.0036538306
    36.820    0.0050772327
    36.840    0.0047889403
    36.860    0.0049703379
    36.880    0.0054299280
    36.900    0.0065946851
    36.920    0.0072181800
    36.940    0.0071302774
    36.960    0.0059991515
    36.980    0.0047395967
    37.000    0.0042123864
    37.020    0.0040726259
    37.040    0.0039248362
    37.060    0.0026373535
    37.080    0.0019916632
    37.100    0.0011057607
    37.120    0.0003553469
    37.140    0.0003123170
    37.160    0.0001443232
    37.180    0.0002271730
    37.200    0.0000565984
    37.220    0.0004523480
    37.240    0.0013357647
    37.260    0.0019864653
    37.280    0.0019466595
    37.300    0.0012067195
    37.320    0.0012077136
    37.340    0.0004724409
    37.360   -0.0001691859
    37.380    0.0006596453
    37.400    0.0011883060
    37.420    0.0024283749
    37.440    0.0030162913
    37.460    0.0028844866
    37.480    0.0027131030
    37.500    0.0031689270
    37.520    0.0033495999
    37.540    0.0031220169
    37.560    0.0029078687
    37.580    0.0025062827
    37.600    0.0017211547
    37.620    0.0011207433
    37.640    0.0000635632
    37.660   -0.0012513396
    37.680   -0.0021648940
    37.700   -0.0027094162
    37.720   -0.0024914727
    37.740   -0.0020738375
    37.760   -0.0016281559
    37.780   -0.0013378170
    37.800   -0.0014749464
    37.820   -0.0011736745
    37.840   -0.0007487324
    37.860   -0.0002482468
    37.880    0.0003667235
    37.900    0.0006696782
    37.920    0.0005638169
    37.940   -0.0005080377
    37.960   -0.0012469097
    37.980   -0.0017035385
    38.000   -0.0020864208
    38.020   -0.0024851398
    38.040   -0.0029366831
    38.060   -0.0029132043
    38.080   -0.0024515177
    38.100   -0.0020334521
    38.120   -0.0018984993
    38.140   -0.0018654627
    38.160   -0.0017833718
    38.180   -0.0016070513
    38.200   -0.0015296347
    38.220   -0.0013319444
    38.240   -0.0014135715
    38.260   -0.0014707883
    38.280   -0.0014658923
    38.300   -0.0013804448
    38.320   -0.0012395277
    38.340   -0.0011007087
    38.360   -0.0009351677
    38.380   -0.0007756713
    38.400   -0.0003932933
    38.420   -0.0002078603
    38.440   -0.0000036574
    38.460    0.0000108360
    38.480    0.0001179882
    38.500    0.0002147857
    38.520    0.0001208932
    38.540    0.0001233910
    38.560    0.0001828941
    38.580    0.0002271056
    38.600    0.0002023708
    38.620    0.0001264519
    38.640    0.0000978088
    38.660    0.0001422447
    38.680    0.0001982075
    38.700    0.0002181195
    38.720    0.0002058780
    38.740    0.0002109105
    38.760    0.0002321418
    38.780    0.0002070863
    38.800    0.0001703099
    38.820    0.0001664999
    38.840    0.0001533090
    38.860    0.0001419594
    38.880    0.0001229231
    38.900    0.0000903228
    38.920    0.0000955172
    38.940    0.0001768064
    38.960    0.0001289122
    38.980    0.0000662885
    39.000    0.0000720274
    39.020    0.0000581154
    39.040    0.0000478451
    39.060    0.0000403322
    39.080    0.0000348022
    39.100    0.0000279241
    39.120    0.0000276714
    39.140    0.0000362076
    39.160    0.0000473889
    39.180    0.0000537887
    39.200    0.0000595080
    39.220    0.0000627472
    39.240    0.0000674454
    39.260    0.0000699160
    39.280    0.0000704808
    39.300    0.0000693523
    39.320    0.0000688859
    39.340    0.0000688180
    39.360    0.0000688049
    39.380    0.0000690617
    39.400    0.0000684227
    39.420    0.0000679437
    39.440    0.0000664174
    39.460    0.0000635381
    39.480    0.0000606057
    39.500    0.0000576678
    39.520    0.0000545591
    39.540    0.0000516160
    39.560    0.0000488952
    39.580    0.0000463360
    39.600    0.0000439134
    39.620    0.0000415654
    39.640    0.0000393735
    39.660    0.0000373372
    39.680    0.0000354283
    39.700    0.0000336356
    39.720    0.0000319344
    39.740    0.0000303192
    39.760    0.0000287810
    39.780    0.0000273168
    39.800    0.0000259214
    39.820    0.0000245930
    39.840    0.0000233283
    39.860    0.0000221238
    39.880    0.0000209752
    39.900    0.0000198782
    39.920    0.0000188283
    39.940    0.0000178213
    39.960    0.0000168528
    39.980    0.0000159185
