  -0.0002012341
  -0.0001647924
  -0.0002176670
  -0.0001216838
  -0.0003149131
   0.0002786816
   0.0005851904
  -0.0003438296
  -0.0001287649
   0.0006881140
   0.0000100239
  -0.0002108579
  -0.0002807554
   0.0011443135
   0.0008192275
  -0.0004585558
  -0.0000308438
   0.0006010164
   0.0001100550
  -0.0003341234
  -0.0000744131
  -0.0002527741
  -0.0001334185
  -0.0001990741
  -0.0001860483
  -0.0001432517
  -0.0002493149
  -0.0000597880
  -0.0003827618
   0.0003766795
   0.0004811413
  -0.0002012231
  -0.0003030390
   0.0003224255
   0.0005268313
  -0.0002427260
  -0.0002573571
   0.0002702821
   0.0005937711
  -0.0003395346
  -0.0000947302
  -0.0002178205
  -0.0001559017
  -0.0001790459
  -0.0001809256
  -0.0001657938
  -0.0001868143
  -0.0001674313
  -0.0001756945
  -0.0001860851
  -0.0001454394
  -0.0002323878
  -0.0000684039
  -0.0003828957
   0.0012569152
   0.0007170070
  -0.0003268958
  -0.0001926882
   0.0002243502
   0.0006265017
  -0.0003451018
  -0.0001258357
   0.0007186365
  -0.0000147957
  -0.0001634263
  -0.0003078048
   0.0003282614
   0.0005198767
  -0.0002241928
  -0.0002877657
   0.0003227780
   0.0005186430
  -0.0002169238
  -0.0002953861
   0.0003300400
   0.0005110152
  -0.0002160487
  -0.0002945148
   0.0003245282
   0.0005225125
  -0.0002343269
  -0.0002681387
   0.0002849775
   0.0005786532
  -0.0003206690
  -0.0001141835
  -0.0001990370
  -0.0001796902
  -0.0001560911
  -0.0002069223
  -0.0001365408
  -0.0002192719
  -0.0001340063
  -0.0002124861
  -0.0001633735
   0.0006895759
   0.0000624424
  -0.0003052521
  -0.0000732592
  -0.0002665780
  -0.0001005099
  -0.0002406665
  -0.0001405233
   0.0006677616
   0.0000810262
  -0.0003206998
  -0.0000759543
   0.0006026075
   0.0001498418
  -0.0004071261
   0.0000417656
  -0.0004110027
   0.0000867980
  -0.0005190838
   0.0005103539
   0.0003148956
   0.0002363967
   0.0005938407
  -0.0003607998
   0.0008047332
  -0.0000244422
  -0.0002326648
  -0.0001623093
   0.0006906171
   0.0000507018
  -0.0002851171
  -0.0001233230
   0.0006594241
   0.0000769226
  -0.0003184428
  -0.0000673367
  -0.0002861996
   0.0007857549
  -0.0000157855
  -0.0002580430
  -0.0000962558
  -0.0002874774
  -0.0000299969
  -0.0004104834
   0.0003956467
   0.0004596086
  -0.0001909525
  -0.0003162555
   0.0003261269
   0.0005176790
  -0.0002455924
  -0.0002624441
   0.0002672280
   0.0005884970
  -0.0003406488
  -0.0001065698
  -0.0002127405
  -0.0001785591
  -0.0001592644
  -0.0002229060
  -0.0001185507
  -0.0002651294
  -0.0000714602
  -0.0003286212
   0.0000224117
  -0.0005175825
   0.0008010311
   0.0013264391
  -0.0005235143
   0.0000444235
  -0.0004126385
   0.0003360552
   0.0005679954
  -0.0003611640
  -0.0000675551
   0.0005769346
   0.0001942978
  -0.0005243353
   0.0004752868
   0.0003882392
  -0.0001326265
  -0.0003749140
   0.0003758985
   0.0004653518
  -0.0001958689
  -0.0003169454
   0.0003211568
   0.0005211887
  -0.0002548690
  -0.0002504816
   0.0002451392
   0.0006152924
  -0.0003798026
  -0.0000585615
  -0.0002774655
  -0.0000987048
  -0.0002708261
  -0.0000729276
  -0.0003535044
   0.0003122349
   0.0005632953
  -0.0003382376
  -0.0000978111
  -0.0002507979
   0.0007317947
   0.0000407884
  -0.0003376149
   0.0000027562
  -0.0004649638
   0.0013172098
   0.0006410865
  -0.0002732118
  -0.0002603330
   0.0002692977
   0.0005692602
  -0.0003046360
  -0.0002024445
   0.0001910844
   0.0006718014
  -0.0004487776
   0.0000191789
   0.0004467303
   0.0006276008
   0.0003002240
   0.0002216537
   0.0005917857
  -0.0003331545
  -0.0001459074
   0.0007069507
  -0.0000117156
  -0.0001944908
  -0.0002964573
   0.0011433273
   0.0008520961
  -0.0007554728
  -0.0021397536
  -0.0019971695
  -0.0001363303
  -0.0002553133
  -0.0001276168
  -0.0002274623
  -0.0001529305
  -0.0002166256
   0.0006936407
   0.0001110653
  -0.0015135223
  -0.0023874367
  -0.0019322554
  -0.0000820549
  -0.0014918627
  -0.0023508933
  -0.0022210776
  -0.0022231061
  -0.0023208338
  -0.0019188202
   0.0000355777
   0.0020006077
   0.0014158984
  -0.0000045471
  -0.0004042469
   0.0003847963
   0.0004550637
  -0.0009781435
  -0.0028600529
  -0.0043868293
  -0.0005887155
   0.0020312878
   0.0014486999
  -0.0002418232
  -0.0030445357
  -0.0050561706
  -0.0038482002
  -0.0023127425
  -0.0012515077
   0.0025657420
   0.0040629196
   0.0040077126
   0.0024830566
  -0.0017678442
  -0.0057167722
  -0.0060271699
  -0.0055698794
  -0.0052763357
  -0.0000428051
   0.0049695615
   0.0064029383
   0.0052972093
   0.0046869633
   0.0031537968
  -0.0018988193
  -0.0056074527
  -0.0054117347
  -0.0023621807
   0.0035603460
   0.0048703807
   0.0036136579
   0.0043984315
   0.0061125073
   0.0083178171
   0.0051620814
  -0.0036141354
  -0.0083860545
  -0.0045177813
   0.0014111220
   0.0040863972
   0.0027212181
   0.0003182803
  -0.0038284316
  -0.0078666915
  -0.0119177087
  -0.0121515630
  -0.0058016071
   0.0006419181
   0.0067537009
   0.0118638756
   0.0153876408
   0.0166678890
   0.0134015683
   0.0034408483
  -0.0088548242
  -0.0158681378
  -0.0089695351
   0.0030072793
   0.0084832171
   0.0050722845
   0.0016103145
   0.0031436185
   0.0042431076
   0.0021081054
  -0.0049605028
  -0.0098026086
  -0.0014898508
   0.0099021564
   0.0072418953
   0.0024316857
   0.0021127567
   0.0038821062
  -0.0011535202
  -0.0080520082
  -0.0066930858
  -0.0003006101
   0.0041120430
   0.0021918187
  -0.0051553765
  -0.0083706724
  -0.0001727552
   0.0053414520
   0.0011798351
  -0.0087149720
  -0.0126277798
  -0.0086914798
  -0.0015632211
   0.0035426831
   0.0076576158
   0.0150282989
   0.0186115909
   0.0118896007
   0.0042468103
   0.0053016271
   0.0048232003
  -0.0015755568
  -0.0115852011
  -0.0180562621
  -0.0135691887
  -0.0028810829
   0.0004193726
  -0.0077571844
  -0.0125270040
  -0.0065343323
   0.0036795498
   0.0061293821
   0.0005706114
  -0.0004628529
   0.0022868215
   0.0043070877
   0.0035777212
   0.0055150518
   0.0103891519
   0.0139086389
   0.0122924972
   0.0016916606
  -0.0061744255
  -0.0047921297
  -0.0060807841
  -0.0122945383
  -0.0184593859
  -0.0200967931
  -0.0114416837
   0.0048924155
   0.0176836731
   0.0188363010
   0.0096432421
  -0.0025503870
  -0.0126770054
  -0.0180784221
  -0.0150522998
  -0.0072733328
   0.0042632556
   0.0175457473
   0.0191747192
   0.0120933225
   0.0104920583
   0.0080189069
  -0.0028498809
  -0.0211764990
  -0.0284641798
  -0.0138015460
   0.0041402178
   0.0097500952
   0.0030259596
  -0.0039725035
   0.0023518961
   0.0119320504
   0.0078916243
  -0.0063413767
  -0.0126019255
  -0.0039532040
   0.0085871118
   0.0203172126
   0.0213273384
   0.0163235894
   0.0072581134
  -0.0081551273
  -0.0234046275
  -0.0291675689
  -0.0202275054
  -0.0094309682
  -0.0024367081
   0.0043427700
   0.0110712067
   0.0155306119
   0.0149373262
   0.0052764108
  -0.0063409347
  -0.0124738986
  -0.0094052598
   0.0033115559
   0.0181910773
   0.0258020465
   0.0217722261
   0.0114201826
   0.0006406968
  -0.0060005129
  -0.0108150152
  -0.0145088234
  -0.0188278386
  -0.0242058799
  -0.0256242707
  -0.0159888385
  -0.0038036656
   0.0014702042
   0.0022655518
   0.0037711647
   0.0091237186
   0.0196437954
   0.0303956749
   0.0379343308
   0.0407243701
   0.0322543251
   0.0149229157
  -0.0009645592
  -0.0019406349
   0.0059765392
   0.0116395637
   0.0057235021
  -0.0032547977
  -0.0093473633
  -0.0138024842
  -0.0139534571
  -0.0199460788
  -0.0277696513
  -0.0266064261
  -0.0109826211
   0.0080543016
   0.0216876434
   0.0211092415
   0.0058809902
  -0.0090559170
  -0.0109740607
  -0.0009048193
   0.0084286356
   0.0098194105
   0.0032930215
   0.0066785022
   0.0185999762
   0.0209115553
   0.0065083987
  -0.0125880528
  -0.0153398079
  -0.0075013245
   0.0002988830
   0.0016024661
  -0.0002986687
   0.0034313122
   0.0043308509
  -0.0102083969
  -0.0315058405
  -0.0346850392
  -0.0200032977
  -0.0109058942
  -0.0173131982
  -0.0269698793
  -0.0186210249
   0.0030443147
   0.0124755852
   0.0000097253
  -0.0161116783
  -0.0124603845
  -0.0001391288
   0.0003691190
   0.0022319814
   0.0115037582
   0.0219706628
   0.0280674940
   0.0170838389
   0.0009815687
   0.0043266374
   0.0223661810
   0.0256028176
   0.0080459809
  -0.0088005845
  -0.0090557711
  -0.0001263728
  -0.0056362759
  -0.0332304552
  -0.0556613293
  -0.0503853689
  -0.0282798367
  -0.0137150683
  -0.0093790261
  -0.0036671053
   0.0063489614
   0.0208903315
   0.0250987825
   0.0194549073
   0.0178918836
   0.0182236219
   0.0168923948
   0.0145425481
   0.0162437853
   0.0237994369
   0.0280950558
   0.0238334410
   0.0104978146
  -0.0049686212
  -0.0112015582
  -0.0133685254
  -0.0110973695
  -0.0073822854
  -0.0038373277
  -0.0044157567
  -0.0076077210
  -0.0117991679
  -0.0160735483
  -0.0200310743
  -0.0280035306
  -0.0283586652
  -0.0193569795
  -0.0009176359
   0.0179874222
   0.0292921808
   0.0336792415
   0.0358057959
   0.0366712826
   0.0364373825
   0.0364373617
   0.0326988583
   0.0262639049
   0.0168049767
   0.0066081362
   0.0058404397
   0.0140489310
   0.0154290523
   0.0042348599
  -0.0157356222
  -0.0271360841
  -0.0257921226
  -0.0229021353
  -0.0248692189
  -0.0236804750
  -0.0213859437
  -0.0235933071
  -0.0243610141
  -0.0208458448
  -0.0137793069
  -0.0079568157
  -0.0036973399
  -0.0033592324
   0.0026099952
   0.0143060294
   0.0251642053
   0.0280584249
   0.0247197138
   0.0190481892
   0.0105398329
   0.0027523763
  -0.0022407857
  -0.0023875326
  -0.0006544054
  -0.0018559230
  -0.0028447855
   0.0012913476
   0.0067459432
   0.0063695306
  -0.0056731632
  -0.0211396179
  -0.0292418107
  -0.0269408789
  -0.0257627887
  -0.0348984660
  -0.0397002465
  -0.0309324839
  -0.0116446550
   0.0024671428
   0.0013655725
  -0.0075298203
  -0.0076148992
   0.0012251694
   0.0036387930
   0.0034558905
   0.0058099695
   0.0021012421
  -0.0078808227
  -0.0123636159
  -0.0133439741
  -0.0125422819
  -0.0067006538
  -0.0043465790
  -0.0065837330
  -0.0042062619
   0.0066582854
   0.0145180114
   0.0167848974
   0.0193410011
   0.0174887536
   0.0128783629
   0.0114769449
   0.0153259894
   0.0176864460
   0.0178352839
   0.0160723516
   0.0074108771
  -0.0036621142
  -0.0132018556
  -0.0186394738
  -0.0232775138
  -0.0242408638
  -0.0194455004
  -0.0137250860
  -0.0056909867
   0.0028556164
   0.0001697566
  -0.0115518309
  -0.0138208852
  -0.0007936351
   0.0190088167
   0.0347219203
   0.0426432935
   0.0422562397
   0.0414098711
   0.0477682268
   0.0538033672
   0.0498543349
   0.0349620542
   0.0164333655
   0.0034677429
  -0.0045919188
  -0.0124070289
  -0.0239584907
  -0.0301637971
  -0.0236735741
  -0.0214960033
  -0.0252047558
  -0.0280224403
  -0.0259469441
  -0.0188251491
  -0.0138213897
  -0.0136534149
  -0.0163095021
  -0.0143573502
  -0.0078224717
   0.0019830465
   0.0040606659
  -0.0010218212
  -0.0013323217
   0.0064487176
   0.0217683899
   0.0401545578
   0.0512530031
   0.0502088649
   0.0362565211
   0.0148229447
  -0.0009305935
  -0.0031422342
   0.0001645335
  -0.0041077378
  -0.0200718040
  -0.0364654447
  -0.0435872960
  -0.0352873753
  -0.0178432752
  -0.0101239059
  -0.0157933248
  -0.0209226051
  -0.0075487258
   0.0092233831
   0.0256254800
   0.0358116335
   0.0390397221
   0.0415447614
   0.0421104248
   0.0368620471
   0.0267970446
   0.0196220357
   0.0021098338
  -0.0188495127
  -0.0313217684
  -0.0337801069
  -0.0374590668
  -0.0525810363
  -0.0675774973
  -0.0697168527
  -0.0608044844
  -0.0511159237
  -0.0475412067
  -0.0439580044
  -0.0343119749
  -0.0215760619
  -0.0024902660
   0.0230623774
   0.0464927321
   0.0593328254
   0.0590351078
   0.0516601757
   0.0504862968
   0.0575102641
   0.0628606748
   0.0581949729
   0.0500055913
   0.0414802142
   0.0343838607
   0.0323891319
   0.0212629580
  -0.0033242756
  -0.0303762023
  -0.0505976282
  -0.0605137927
  -0.0662618691
  -0.0703895527
  -0.0730541461
  -0.0729308477
  -0.0553570236
  -0.0266953453
  -0.0006110635
   0.0155953801
   0.0205757411
   0.0165054891
   0.0090157376
   0.0075313756
   0.0141130320
   0.0298622850
   0.0426215693
   0.0375794673
   0.0148976180
  -0.0091643671
  -0.0170411535
  -0.0091644234
  -0.0096535580
  -0.0221471042
  -0.0348745319
  -0.0355082867
  -0.0234103401
  -0.0177346041
  -0.0278655548
  -0.0392383673
  -0.0353808394
  -0.0245715847
  -0.0202440800
  -0.0217135373
  -0.0185641563
  -0.0127395532
  -0.0054157272
  -0.0014709979
   0.0002493562
   0.0121580323
   0.0266355933
   0.0318243441
   0.0298976650
   0.0274818576
   0.0323176422
   0.0432884942
   0.0524517751
   0.0445771236
   0.0200728110
   0.0014377886
  -0.0014713661
   0.0068498129
   0.0125127978
   0.0131549901
   0.0166021013
   0.0202767622
   0.0185861223
   0.0099990689
   0.0019670440
  -0.0043424698
  -0.0093696734
  -0.0179609800
  -0.0280089721
  -0.0267968778
  -0.0137504900
   0.0008312638
   0.0062518216
   0.0058137243
   0.0081273841
   0.0177563971
   0.0311749111
   0.0324380635
   0.0214671489
   0.0037678060
  -0.0127300295
  -0.0177785008
  -0.0142909788
  -0.0118369643
  -0.0153458081
  -0.0196031970
  -0.0209387002
  -0.0146483838
  -0.0071863338
  -0.0055808145
  -0.0122156932
  -0.0177745354
  -0.0181105560
  -0.0176555067
  -0.0199054262
  -0.0245030762
  -0.0262064463
  -0.0248518729
  -0.0192590704
  -0.0140043797
  -0.0067124583
   0.0054386439
   0.0145104976
   0.0136577201
   0.0142212278
   0.0240671535
   0.0369263858
   0.0417174918
   0.0366307322
   0.0236608565
   0.0153779024
   0.0206921325
   0.0197946973
   0.0079306216
   0.0003451740
   0.0069034375
   0.0161432868
   0.0177466838
   0.0079581229
  -0.0057709389
  -0.0100070643
  -0.0045652410
  -0.0030936946
  -0.0147259717
  -0.0286698301
  -0.0421458257
  -0.0521831830
  -0.0550306600
  -0.0551646747
  -0.0536612216
  -0.0480025022
  -0.0392751442
  -0.0345882601
  -0.0369423766
  -0.0385585996
  -0.0360790373
  -0.0236727610
  -0.0009207834
   0.0195047437
   0.0294782543
   0.0309583153
   0.0312538646
   0.0281214293
   0.0285892295
   0.0383883710
   0.0473028450
   0.0426924753
   0.0324190496
   0.0294418527
   0.0280085134
   0.0232747826
   0.0114128334
  -0.0063141484
  -0.0158857986
  -0.0057634292
   0.0156551967
   0.0321699926
   0.0390727671
   0.0386091365
   0.0362699059
   0.0343432269
   0.0322676681
   0.0290246520
   0.0267789689
   0.0291372968
   0.0260920293
   0.0109339397
  -0.0040221440
  -0.0063954057
  -0.0008366227
  -0.0004985283
  -0.0118458499
  -0.0279906670
  -0.0460919391
  -0.0567778955
  -0.0551341107
  -0.0391084181
  -0.0149869375
   0.0102041979
   0.0304319514
   0.0443119298
   0.0561802294
   0.0636593001
   0.0701558819
   0.0743940838
   0.0818412354
   0.0835786094
   0.0652859683
   0.0337151011
   0.0019507389
  -0.0198719892
  -0.0321018386
  -0.0497203620
  -0.0737504676
  -0.1003940667
  -0.1213980646
  -0.1341893305
  -0.1362287170
  -0.1298745935
  -0.1169940957
  -0.0949353685
  -0.0666500903
  -0.0369825727
  -0.0155873325
   0.0091104402
   0.0393181131
   0.0658064529
   0.0833717707
   0.0875397755
   0.0851899121
   0.0746102835
   0.0617934989
   0.0573128281
   0.0653681950
   0.0859510726
   0.1085733367
   0.1200482029
   0.1171794395
   0.1089751720
   0.0840880860
   0.0365893686
  -0.0208722975
  -0.0668739414
  -0.0934729038
  -0.1092392192
  -0.1248162505
  -0.1461477377
  -0.1677663098
  -0.1813614342
  -0.1748775700
  -0.1494950385
  -0.1067598445
  -0.0567709529
  -0.0204175276
  -0.0093063063
  -0.0146290988
  -0.0164047946
  -0.0004620438
   0.0297605231
   0.0665307322
   0.1089703560
   0.1493769939
   0.1805373944
   0.1951446543
   0.1926501644
   0.1806904229
   0.1641606744
   0.1406090645
   0.0973400219
   0.0257601826
  -0.0498941349
  -0.1014184196
  -0.1304352741
  -0.1472202091
  -0.1577976903
  -0.1516860149
  -0.1301227749
  -0.1153304839
  -0.1165192694
  -0.1317475458
  -0.1490215674
  -0.1574236044
  -0.1472055317
  -0.1132466274
  -0.0600530184
  -0.0036929784
   0.0398077835
   0.0749235542
   0.1029345069
   0.1150154203
   0.1042933125
   0.0741111062
   0.0349782327
   0.0043345703
  -0.0085247267
  -0.0165014549
  -0.0285569142
  -0.0375947910
  -0.0315575241
  -0.0151107842
   0.0031031306
   0.0179294444
   0.0276371378
   0.0351034492
   0.0394607173
   0.0376020880
   0.0155284458
  -0.0206825442
  -0.0443745172
  -0.0455420164
  -0.0307539784
  -0.0117511099
   0.0087403447
   0.0232115281
   0.0278665138
   0.0213443508
   0.0050124032
  -0.0104264020
  -0.0172080088
  -0.0170549177
  -0.0188391176
  -0.0125849464
   0.0191963850
   0.0699593424
   0.1188764507
   0.1503706993
   0.1638147549
   0.1714107861
   0.1774884784
   0.1731800376
   0.1563993766
   0.1332964696
   0.1093386877
   0.0924261804
   0.0820315620
   0.0765088796
   0.0723003869
   0.0628414524
   0.0480512462
   0.0200466336
  -0.0209703692
  -0.0616449945
  -0.0956422185
  -0.1229195517
  -0.1406529090
  -0.1500331610
  -0.1585181336
  -0.1646213653
  -0.1617462847
  -0.1492337016
  -0.1261095499
  -0.0965674781
  -0.0663172637
  -0.0424998761
  -0.0288708103
  -0.0251727532
  -0.0209196654
  -0.0194821376
  -0.0173300876
  -0.0124602949
  -0.0061572108
   0.0026105539
   0.0117929946
   0.0262301511
   0.0363376429
   0.0369436901
   0.0280015083
   0.0191465194
   0.0194399631
   0.0336389413
   0.0543770782
   0.0661028779
   0.0612521866
   0.0466469907
   0.0304958106
   0.0137640520
  -0.0023914000
  -0.0213730385
  -0.0424812375
  -0.0601784435
  -0.0729888275
  -0.0807954293
  -0.0863903937
  -0.0902756293
  -0.0860905913
  -0.0674662702
  -0.0387769467
  -0.0093560760
   0.0106717918
   0.0199711951
   0.0281073773
   0.0474356087
   0.0810883100
   0.1148941233
   0.1377248105
   0.1487297083
   0.1482107873
   0.1372654122
   0.1235150703
   0.1099540333
   0.0946704666
   0.0764309893
   0.0555524581
   0.0305824364
  -0.0016944122
  -0.0353705402
  -0.0669583990
  -0.0884132264
  -0.0930576211
  -0.0789692195
  -0.0565362188
  -0.0398959521
  -0.0349963918
  -0.0416099966
  -0.0564916446
  -0.0765599586
  -0.0900848441
  -0.0909354866
  -0.0764111415
  -0.0574571836
  -0.0398620731
  -0.0301905249
  -0.0300991039
  -0.0325382618
  -0.0333315082
  -0.0368126985
  -0.0390668669
  -0.0384437865
  -0.0444024126
  -0.0488065274
  -0.0500271696
  -0.0514328429
  -0.0466183447
  -0.0331466231
  -0.0165318854
  -0.0012781288
   0.0129102258
   0.0276344692
   0.0477452726
   0.0810556195
   0.1237057721
   0.1656116308
   0.1979373830
   0.2185245138
   0.2281961662
   0.2308860489
   0.2277791948
   0.2176907794
   0.2010335419
   0.1710810243
   0.1216194764
   0.0459268810
  -0.0428461501
  -0.1160464030
  -0.1670964869
  -0.2101613177
  -0.2536727040
  -0.2940751513
  -0.3190834301
  -0.3228772447
  -0.3115064336
  -0.2913466987
  -0.2601695359
  -0.2109994303
  -0.1407550045
  -0.0675760171
  -0.0101208016
   0.0337840265
   0.0731337668
   0.1146653936
   0.1586935118
   0.1969842697
   0.2233897365
   0.2397917249
   0.2463990542
   0.2434133303
   0.2284040265
   0.2057902269
   0.1806033175
   0.1507868785
   0.1232586120
   0.1062759492
   0.0974039437
   0.0947095785
   0.0913730148
   0.0809975354
   0.0559658644
   0.0240143649
  -0.0001943374
  -0.0139914327
  -0.0288156450
  -0.0499132113
  -0.0688352917
  -0.0835872407
  -0.0902901399
  -0.0923380326
  -0.0987453408
  -0.1118661809
  -0.1205191513
  -0.1146158365
  -0.0868239189
  -0.0408988726
   0.0064105710
   0.0298388095
   0.0229912838
  -0.0010068839
  -0.0206626380
  -0.0181660757
   0.0016129971
   0.0281800138
   0.0450712348
   0.0471361190
   0.0459154560
   0.0393188845
   0.0289285192
   0.0143977631
  -0.0044243797
  -0.0279930021
  -0.0527375882
  -0.0646526929
  -0.0699882177
  -0.0677595888
  -0.0605229453
  -0.0529566650
  -0.0503027460
  -0.0575883420
  -0.0705900951
  -0.0904840108
  -0.1128000927
  -0.1257635679
  -0.1275711390
  -0.1258380181
  -0.1254679977
  -0.1326174942
  -0.1476947852
  -0.1632122521
  -0.1705935430
  -0.1647157468
  -0.1397946567
  -0.0870965349
  -0.0132923489
   0.0457088883
   0.0765970899
   0.0903899212
   0.1057542345
   0.1236619484
   0.1321766928
   0.1227496358
   0.0982496034
   0.0812222830
   0.0848671971
   0.1104453508
   0.1410294551
   0.1635305263
   0.1729405501
   0.1734041181
   0.1687618291
   0.1593220545
   0.1402128165
   0.1029874622
   0.0583085559
   0.0183973864
  -0.0107279078
  -0.0255734002
  -0.0264601734
  -0.0201549482
  -0.0100835931
   0.0065694454
   0.0283198243
   0.0520670564
   0.0725989384
   0.0845990844
   0.0851923723
   0.0813347819
   0.0765776798
   0.0727647679
   0.0695685568
   0.0618512912
   0.0494066744
   0.0333384091
   0.0137783729
  -0.0096817807
  -0.0382775608
  -0.0668627041
  -0.0877327082
  -0.0995095869
  -0.1020019085
  -0.1005941504
  -0.1035394282
  -0.1046218443
  -0.0966493922
  -0.0717750862
  -0.0434983143
  -0.0305837707
  -0.0383478205
  -0.0587180844
  -0.0715901177
  -0.0702036043
  -0.0533868127
  -0.0243912654
   0.0030391526
   0.0227969542
   0.0374276480
   0.0533512867
   0.0755652523
   0.0929285684
   0.1027043386
   0.1068957772
   0.1133094650
   0.1227960239
   0.1279422645
   0.1199655592
   0.0911571278
   0.0497594948
   0.0055420382
  -0.0284360551
  -0.0503204256
  -0.0722473272
  -0.0986400138
  -0.1279099075
  -0.1581133585
  -0.1787154377
  -0.1897969123
  -0.1931823867
  -0.1927868268
  -0.1931972935
  -0.1914896703
  -0.1860137721
  -0.1760827843
  -0.1685632882
  -0.1648311853
  -0.1601144879
  -0.1468299030
  -0.1181171665
  -0.0817020503
  -0.0454889776
  -0.0115257743
   0.0247787569
   0.0604963633
   0.0919268362
   0.1174561000
   0.1279485190
   0.1266343085
   0.1180919398
   0.1056707360
   0.0891389027
   0.0716883770
   0.0537211196
   0.0450235124
   0.0508715576
   0.0693364288
   0.0890708321
   0.0970369046
   0.0943999772
   0.0809091166
   0.0594160320
   0.0350797444
   0.0207977993
   0.0168934414
   0.0214229916
   0.0278281733
   0.0331743308
   0.0383269720
   0.0434030571
   0.0548035149
   0.0699934924
   0.0738149105
   0.0620359261
   0.0423589190
   0.0166531220
  -0.0122892845
  -0.0359004275
  -0.0539931309
  -0.0677923419
  -0.0679837318
  -0.0587523803
  -0.0422694577
  -0.0249274072
  -0.0185881467
  -0.0272113057
  -0.0495507797
  -0.0687918433
  -0.0754330724
  -0.0718328159
  -0.0618507699
  -0.0535657143
  -0.0496741199
  -0.0488086123
  -0.0490786847
  -0.0476538933
  -0.0469627631
  -0.0495337882
  -0.0555434098
  -0.0614913823
  -0.0653553315
  -0.0591181476
  -0.0459462702
  -0.0307626723
  -0.0137374805
   0.0019054527
   0.0122638992
   0.0236515789
   0.0436114386
   0.0694086691
   0.0925136818
   0.1082565635
   0.1122459585
   0.0975876404
   0.0623570150
   0.0146647832
  -0.0279173426
  -0.0543886700
  -0.0639964424
  -0.0621910186
  -0.0576699641
  -0.0539782450
  -0.0531850402
  -0.0578783456
  -0.0646493154
  -0.0714819136
  -0.0723899523
  -0.0613999196
  -0.0361194418
  -0.0051844581
   0.0220056675
   0.0452744249
   0.0642305302
   0.0794205077
   0.0945466886
   0.1095048717
   0.1268405634
   0.1420007692
   0.1479317083
   0.1443654767
   0.1315487547
   0.1154464853
   0.0965158988
   0.0750759989
   0.0552968963
   0.0389755919
   0.0315135336
   0.0274241696
   0.0186818986
   0.0026327993
  -0.0205508938
  -0.0508904464
  -0.0832225783
  -0.1082840002
  -0.1237972140
  -0.1275952608
  -0.1214175997
  -0.1104573387
  -0.1033206224
  -0.1044370426
  -0.1113972757
  -0.1234824839
  -0.1315250915
  -0.1282884759
  -0.1065550698
  -0.0714456788
  -0.0436835121
  -0.0291846439
  -0.0194577948
  -0.0012629896
   0.0303014602
   0.0674715032
   0.0993464259
   0.1182174899
   0.1246354100
   0.1172775528
   0.1001630437
   0.0815323012
   0.0679563993
   0.0568430055
   0.0416019907
   0.0206979846
  -0.0069472195
  -0.0341011749
  -0.0559876720
  -0.0700059390
  -0.0759581437
  -0.0732595462
  -0.0596559574
  -0.0394069071
  -0.0121933956
   0.0121662904
   0.0284663272
   0.0359326803
   0.0389970242
   0.0445048208
   0.0503464655
   0.0583210650
   0.0653918582
   0.0698554748
   0.0718693426
   0.0718714692
   0.0671739315
   0.0621488837
   0.0607942686
   0.0615194236
   0.0643668798
   0.0638118700
   0.0565985977
   0.0428716896
   0.0233456678
   0.0056548790
  -0.0078848882
  -0.0162847715
  -0.0198680113
  -0.0224581441
  -0.0276299242
  -0.0393259521
  -0.0559534804
  -0.0708521200
  -0.0778867617
  -0.0784800703
  -0.0746905297
  -0.0685745594
  -0.0620247721
  -0.0541522680
  -0.0471005930
  -0.0415035021
  -0.0358723654
  -0.0270408061
  -0.0162974328
  -0.0038655900
   0.0070712852
   0.0196626216
   0.0333746439
   0.0399648358
   0.0419489318
   0.0405496590
   0.0375150660
   0.0313906104
   0.0233139571
   0.0098613807
  -0.0062259944
  -0.0210289328
  -0.0324612888
  -0.0406697677
  -0.0476342331
  -0.0538628898
  -0.0594855203
  -0.0653994470
  -0.0724468481
  -0.0785075070
  -0.0844384670
  -0.0876942217
  -0.0922493011
  -0.0931828376
  -0.0844171598
  -0.0683956995
  -0.0495033909
  -0.0330183418
  -0.0208969613
  -0.0118208254
  -0.0037250268
   0.0044154294
   0.0081496671
   0.0095340602
   0.0097828754
   0.0085516088
   0.0048726761
  -0.0013963981
  -0.0025149570
   0.0058296505
   0.0226953591
   0.0427126150
   0.0610924448
   0.0723312844
   0.0757592900
   0.0687565675
   0.0524990597
   0.0302702082
   0.0099467285
   0.0006303015
   0.0043049945
   0.0161371511
   0.0248007522
   0.0297428644
   0.0336131933
   0.0380215404
   0.0404266942
   0.0412539447
   0.0407945881
   0.0440014528
   0.0508766238
   0.0584386510
   0.0596635671
   0.0487734616
   0.0310358928
   0.0172558354
   0.0123477543
   0.0098426816
   0.0068697691
   0.0004369510
  -0.0082415092
  -0.0160310694
  -0.0211092623
  -0.0250859189
  -0.0272592574
  -0.0294261954
  -0.0298663713
  -0.0299344211
  -0.0321864421
  -0.0340790755
  -0.0362672790
  -0.0381088542
  -0.0363884718
  -0.0285010818
  -0.0121308520
   0.0090581436
   0.0277208031
   0.0393466756
   0.0472893560
   0.0546387486
   0.0599934332
   0.0648823608
   0.0690929592
   0.0684656465
   0.0621412739
   0.0530502751
   0.0423302939
   0.0312658526
   0.0230850189
   0.0163395970
   0.0135346781
   0.0165352566
   0.0188893648
   0.0195188353
   0.0187617882
   0.0176963949
   0.0153146645
   0.0153848450
   0.0162269730
   0.0154082600
   0.0114847777
   0.0042289848
  -0.0044707406
  -0.0117584319
  -0.0152651095
  -0.0138169156
  -0.0063909775
   0.0058920086
   0.0135901457
   0.0175583065
   0.0199230432
   0.0189575959
   0.0211437042
   0.0237763993
   0.0257264704
   0.0237593868
   0.0185833745
   0.0153680348
   0.0164781065
   0.0215499386
   0.0252055063
   0.0232129249
   0.0202506556
   0.0190512894
   0.0208227196
   0.0261880161
   0.0312705018
   0.0310791328
   0.0260391990
   0.0181879709
   0.0105898006
   0.0085674579
   0.0105791887
   0.0094223536
   0.0017050990
  -0.0113412999
  -0.0284111410
  -0.0416616802
  -0.0491109791
  -0.0514225645
  -0.0525453643
  -0.0541317530
  -0.0561094485
  -0.0583678492
  -0.0590993631
  -0.0587931184
  -0.0565857550
  -0.0549057563
  -0.0509567449
  -0.0461656180
  -0.0408619707
  -0.0346970688
  -0.0258888600
  -0.0129381504
  -0.0027753369
  -0.0017290615
  -0.0070539433
  -0.0108583365
  -0.0056950522
   0.0093715956
   0.0221266935
   0.0255568256
   0.0190368163
   0.0096821164
   0.0020116462
  -0.0030410352
  -0.0021032143
   0.0027176947
   0.0120405193
   0.0234898982
   0.0319153273
   0.0379696274
   0.0395177590
   0.0350307502
   0.0235495043
   0.0093249887
  -0.0017479682
  -0.0057777772
  -0.0004507476
   0.0079470252
   0.0196813645
   0.0303864390
   0.0349075143
   0.0345098695
   0.0269350830
   0.0133102640
  -0.0011694323
  -0.0096756387
  -0.0113662348
  -0.0097755617
  -0.0090801680
  -0.0117298443
  -0.0103390674
  -0.0072661839
  -0.0104687622
  -0.0166825435
  -0.0227453332
  -0.0241828839
  -0.0204720278
  -0.0178074427
  -0.0192598689
  -0.0212481972
  -0.0237681432
  -0.0263986701
  -0.0256543552
  -0.0194490760
  -0.0092628683
  -0.0018539415
   0.0017675922
   0.0028074874
   0.0023949484
   0.0032710992
   0.0069691897
   0.0086385473
   0.0038942151
  -0.0050585661
  -0.0140113473
  -0.0203824915
  -0.0168247557
  -0.0043120976
   0.0073329243
   0.0154776378
   0.0172193004
   0.0120347714
   0.0073903892
   0.0067694458
   0.0103633351
   0.0150013626
   0.0153437483
   0.0094191804
  -0.0002778954
  -0.0035761680
   0.0034074468
   0.0160243040
   0.0302722305
   0.0388911760
   0.0397907085
   0.0342574350
   0.0242817687
   0.0156756221
   0.0067100795
   0.0024293381
  -0.0008795681
  -0.0051666889
  -0.0100981579
  -0.0132624583
  -0.0099811724
  -0.0051879065
  -0.0028784560
  -0.0032909992
  -0.0088540507
  -0.0155973419
  -0.0231742300
  -0.0306873464
  -0.0356081931
  -0.0425492456
  -0.0485886390
  -0.0547322336
  -0.0619582860
  -0.0670407300
  -0.0695734354
  -0.0638487303
  -0.0502472680
  -0.0296792554
  -0.0094982299
   0.0013897397
   0.0062829527
   0.0105722232
   0.0176919396
   0.0232550182
   0.0276378675
   0.0304172949
   0.0342620842
   0.0397145904
   0.0452223869
   0.0496222486
   0.0524548190
   0.0538923697
   0.0515000170
   0.0464962555
   0.0383388139
   0.0285651703
   0.0187319935
   0.0062172338
  -0.0070673385
  -0.0223083471
  -0.0369985635
  -0.0480821646
  -0.0531348369
  -0.0512506889
  -0.0434483611
  -0.0322732973
  -0.0213555674
  -0.0109120403
  -0.0102613022
  -0.0199924043
  -0.0345805462
  -0.0491346839
  -0.0578195109
  -0.0576323742
  -0.0495408141
  -0.0381275762
  -0.0265782597
  -0.0162793425
  -0.0070096818
   0.0017857588
   0.0136583226
   0.0243804241
   0.0316022026
   0.0358383196
   0.0382604859
   0.0381924570
   0.0343646383
   0.0273449034
   0.0179795748
   0.0100900729
   0.0026854232
  -0.0013784104
  -0.0001556297
   0.0022069839
   0.0068173662
   0.0111385371
   0.0104920750
   0.0041485760
  -0.0047085103
  -0.0108818870
  -0.0115602453
  -0.0069626224
   0.0000273731
   0.0114044502
   0.0240149278
   0.0352133837
   0.0425414899
   0.0434410432
   0.0421629841
   0.0418291359
   0.0419248517
   0.0393134430
   0.0383713794
   0.0338801175
   0.0253845539
   0.0131675055
  -0.0030708487
  -0.0166084810
  -0.0302694576
  -0.0406002377
  -0.0507481549
  -0.0577062198
  -0.0625101060
  -0.0626419315
  -0.0610831464
  -0.0605982920
  -0.0577571946
  -0.0501760284
  -0.0377633100
  -0.0253102079
  -0.0144690152
  -0.0074598817
  -0.0029090429
  -0.0010100197
   0.0020756223
   0.0042319599
   0.0071538580
   0.0096717087
   0.0132103076
   0.0190221931
   0.0266799382
   0.0335146838
   0.0371255730
   0.0392946793
   0.0414106217
   0.0422399779
   0.0420953930
   0.0419699263
   0.0386163710
   0.0344185528
   0.0294339303
   0.0261569309
   0.0257571387
   0.0253956245
   0.0223653054
   0.0164449928
   0.0081727089
   0.0001875080
  -0.0046121127
  -0.0049502244
  -0.0016221554
   0.0075007741
   0.0151967846
   0.0186885972
   0.0195902708
   0.0159007095
   0.0121537312
   0.0102632369
   0.0114945223
   0.0135998215
   0.0118603105
   0.0078305026
   0.0034732053
   0.0012424602
   0.0047640446
   0.0124962086
   0.0182017664
   0.0180273994
   0.0141464461
   0.0135510254
   0.0183081400
   0.0274246909
   0.0367219864
   0.0421787456
   0.0442542626
   0.0445966587
   0.0428337452
   0.0390187276
   0.0367390822
   0.0326114402
   0.0322967102
   0.0291324182
   0.0204922405
   0.0089408099
  -0.0012219830
  -0.0084692695
  -0.0124267745
  -0.0135729769
  -0.0112316302
  -0.0057302237
  -0.0006349887
   0.0005962971
  -0.0046541539
  -0.0095728636
  -0.0142257540
  -0.0180599210
  -0.0210264518
  -0.0211625513
  -0.0229892406
  -0.0269637706
  -0.0313104268
  -0.0348468658
  -0.0373051418
  -0.0375220711
  -0.0358612114
  -0.0356591679
  -0.0370180361
  -0.0390339887
  -0.0415539556
  -0.0442972107
  -0.0473658077
  -0.0529160936
  -0.0592808707
  -0.0638827134
  -0.0657987389
  -0.0667003979
  -0.0635977343
  -0.0619517604
  -0.0613903501
  -0.0588980076
  -0.0533328149
  -0.0446777388
  -0.0342831204
  -0.0247603893
  -0.0180745004
  -0.0111355453
  -0.0040030717
   0.0047625956
   0.0109785222
   0.0125394256
   0.0081162031
   0.0017195372
  -0.0014766639
  -0.0006834489
   0.0030550434
   0.0080141764
   0.0152997640
   0.0201887187
   0.0235486912
   0.0276189162
   0.0333138495
   0.0417073802
   0.0488206836
   0.0532673295
   0.0551068199
   0.0536458771
   0.0480488069
   0.0378690122
   0.0232935881
   0.0093391594
  -0.0029884656
  -0.0115903674
  -0.0178977171
  -0.0213724964
  -0.0209684511
  -0.0199391800
  -0.0158094032
  -0.0147227256
  -0.0173957919
  -0.0220656906
  -0.0282454574
  -0.0297595641
  -0.0275139019
  -0.0252576069
  -0.0250173063
  -0.0266058215
  -0.0257275754
  -0.0187396908
  -0.0110521865
   0.0000186629
   0.0108619725
   0.0154702240
   0.0186962194
   0.0196404158
   0.0172608099
   0.0130119648
   0.0094223494
   0.0078423300
   0.0089779183
   0.0112278211
   0.0133990435
   0.0180136768
   0.0237341184
   0.0278235032
   0.0271621239
   0.0223306134
   0.0166973835
   0.0126930900
   0.0108323654
   0.0091013565
   0.0057584214
   0.0022985279
  -0.0021587216
  -0.0083576170
  -0.0155049598
  -0.0243939340
  -0.0294849050
  -0.0313371338
  -0.0297188260
  -0.0255677711
  -0.0213954507
  -0.0174230493
  -0.0128084202
  -0.0079237145
  -0.0041809726
  -0.0025796668
  -0.0059119690
  -0.0100757541
  -0.0140949334
  -0.0137334129
  -0.0158386913
  -0.0166148753
  -0.0157599921
  -0.0171528768
  -0.0162256908
  -0.0146243870
  -0.0122128682
  -0.0104882243
  -0.0078257699
  -0.0043892498
  -0.0047486292
  -0.0063499162
  -0.0065476795
  -0.0051675374
  -0.0041956938
  -0.0046528967
  -0.0077959336
  -0.0122234134
  -0.0149857991
  -0.0175886933
  -0.0166912790
  -0.0131548108
  -0.0079171013
  -0.0010355640
   0.0054844587
   0.0095589451
   0.0123872686
   0.0118492587
   0.0125446482
   0.0105116706
   0.0107307120
   0.0092527671
   0.0046509098
   0.0023244677
  -0.0012204919
  -0.0001827259
   0.0037173817
   0.0093442527
   0.0102927022
   0.0078663121
   0.0018290308
  -0.0044081470
  -0.0097309041
  -0.0142689648
  -0.0177437483
  -0.0202509454
  -0.0194130788
  -0.0147495348
  -0.0078488618
  -0.0013139531
   0.0035175856
   0.0075006281
   0.0117686289
   0.0146543694
   0.0160919284
   0.0127362299
   0.0089084404
   0.0066968323
   0.0061481854
   0.0096952864
   0.0182780659
   0.0256635911
   0.0340252236
   0.0402326357
   0.0425101753
   0.0415872508
   0.0336573297
   0.0218911255
   0.0061950364
  -0.0106876722
  -0.0238361513
  -0.0278914695
  -0.0269111280
  -0.0221455406
  -0.0179243073
  -0.0168163642
  -0.0134861739
  -0.0118827457
  -0.0085440491
  -0.0028937880
   0.0017484849
   0.0037006674
   0.0060058585
   0.0101377598
   0.0115391654
   0.0159751618
   0.0198603828
   0.0241751491
   0.0279008931
   0.0291470539
   0.0307611295
   0.0304953102
   0.0285006023
   0.0251406673
   0.0170469994
   0.0072074367
  -0.0021472715
  -0.0080271880
  -0.0068511972
  -0.0026618810
   0.0014232351
   0.0053573678
   0.0070118292
   0.0063313381
   0.0048066049
   0.0027140796
   0.0016954655
   0.0024716628
   0.0027311066
   0.0006449631
  -0.0003821577
   0.0014636967
   0.0054616232
   0.0110587204
   0.0196882800
   0.0259318497
   0.0268484155
   0.0251705433
   0.0219785852
   0.0209493538
   0.0226676097
   0.0250833754
   0.0242965711
   0.0206133770
   0.0182720427
   0.0160816980
   0.0181699806
   0.0192375109
   0.0193693656
   0.0209472689
   0.0187888267
   0.0149355103
   0.0105824578
   0.0067057555
   0.0023080453
  -0.0014368133
  -0.0071572417
  -0.0119781341
  -0.0162206058
  -0.0186661391
  -0.0189425891
  -0.0207118781
  -0.0207714175
  -0.0193530016
  -0.0147362438
  -0.0073422144
   0.0035351151
   0.0117032144
   0.0145102682
   0.0137787377
   0.0124432658
   0.0117819115
   0.0103124667
   0.0098084754
   0.0080817174
   0.0084581217
   0.0090322956
   0.0074905458
   0.0052640455
   0.0008939813
  -0.0034888438
  -0.0053899792
  -0.0038588559
   0.0013745960
   0.0041773971
   0.0033289061
  -0.0015004959
  -0.0067573348
  -0.0101832097
  -0.0127946163
  -0.0148722557
  -0.0167755198
  -0.0202013988
  -0.0234762841
  -0.0280908861
  -0.0300218183
  -0.0284013839
  -0.0271679824
  -0.0248968015
  -0.0238058792
  -0.0213837338
  -0.0196952497
  -0.0169222228
  -0.0144681750
  -0.0098939545
  -0.0043904298
   0.0026654795
   0.0112716490
   0.0182743945
   0.0227018847
   0.0259363739
   0.0291474709
   0.0314079981
   0.0318694604
   0.0307827912
   0.0296153128
   0.0269018504
   0.0241692281
   0.0222489495
   0.0198842190
   0.0138022757
   0.0057213714
  -0.0046710975
  -0.0137280903
  -0.0207691116
  -0.0250371124
  -0.0245522372
  -0.0237590324
  -0.0242906710
  -0.0261514060
  -0.0275974630
  -0.0279568507
  -0.0289180532
  -0.0252752656
  -0.0232933170
  -0.0247032225
  -0.0277037907
  -0.0328670437
  -0.0366331714
  -0.0360568752
  -0.0302875542
  -0.0203140019
  -0.0083606380
   0.0022508702
   0.0105210399
   0.0146635699
   0.0188954130
   0.0255472770
   0.0285818700
   0.0284500236
   0.0248136157
   0.0213834836
   0.0173068831
   0.0128517539
   0.0105061645
   0.0053981810
  -0.0018469887
  -0.0112399779
  -0.0167732744
  -0.0221236704
  -0.0231274249
  -0.0228594791
  -0.0240588557
  -0.0278738942
  -0.0328989212
  -0.0369053495
  -0.0395507831
  -0.0405523902
  -0.0409755745
  -0.0408586140
  -0.0383918319
  -0.0331732676
  -0.0279695891
  -0.0221279236
  -0.0172836391
  -0.0132453103
  -0.0082627935
  -0.0037991560
  -0.0021404457
  -0.0028656008
  -0.0045817301
  -0.0078715096
  -0.0086647144
  -0.0078417379
  -0.0068932946
  -0.0032972934
  -0.0002435607
   0.0011344458
   0.0009302964
   0.0002200269
  -0.0015492668
  -0.0031059035
  -0.0030761338
  -0.0024913314
  -0.0002329317
   0.0039053420
   0.0079947059
   0.0111122325
   0.0120947006
   0.0118948024
   0.0108868156
   0.0091706842
   0.0094620242
   0.0132026312
   0.0160649733
   0.0177704678
   0.0167986325
   0.0159820335
   0.0159352473
   0.0165179252
   0.0166986803
   0.0171133584
   0.0183191105
   0.0188486246
   0.0181723761
   0.0144615368
   0.0092940077
   0.0026889320
  -0.0020617934
  -0.0058747064
  -0.0079055679
  -0.0091878801
  -0.0107168748
  -0.0105339932
  -0.0084754907
  -0.0051580680
   0.0029419753
   0.0134769234
   0.0190102156
   0.0245243626
   0.0241819874
   0.0209836497
   0.0174386878
   0.0116799745
   0.0076161292
   0.0043561173
   0.0036118212
   0.0021615090
  -0.0002138536
  -0.0029103272
  -0.0053941447
  -0.0082373499
  -0.0114739656
  -0.0122395273
  -0.0122586683
  -0.0127860580
  -0.0091581584
  -0.0018704601
   0.0042922915
   0.0087686862
   0.0100509964
   0.0073545213
   0.0043454470
  -0.0003648750
  -0.0022745250
  -0.0004350567
   0.0030673753
   0.0057170599
   0.0062401881
   0.0022869236
  -0.0009773421
   0.0010960457
   0.0049365999
   0.0104273590
   0.0156459212
   0.0189442028
   0.0220787418
   0.0264147860
   0.0296450221
   0.0329135152
   0.0341618026
   0.0348784514
   0.0352548515
   0.0330219695
   0.0311803734
   0.0286540269
   0.0245072460
   0.0166857625
   0.0062698973
  -0.0036441031
  -0.0120503744
  -0.0177070152
  -0.0189000122
  -0.0183577471
  -0.0148978453
  -0.0097048038
  -0.0057536679
  -0.0034038296
  -0.0043799243
  -0.0064830886
  -0.0089286302
  -0.0088371925
  -0.0089903065
  -0.0067957087
  -0.0063597693
  -0.0072125196
  -0.0051582744
  -0.0015303759
   0.0008641201
   0.0051682609
   0.0075499975
   0.0087281066
   0.0109014388
   0.0133405925
   0.0158967066
   0.0158244017
   0.0143825895
   0.0111310858
   0.0095914543
   0.0070714853
   0.0056977249
   0.0053021838
   0.0059720421
   0.0063229173
   0.0041006660
   0.0033244674
   0.0034903365
   0.0033712432
   0.0034754382
   0.0033478407
   0.0037008446
   0.0066120933
   0.0089002595
   0.0104568910
   0.0059081892
  -0.0002800899
  -0.0042205995
  -0.0083248556
  -0.0089436870
  -0.0098878834
  -0.0089415709
  -0.0053540800
  -0.0014454776
  -0.0007841244
  -0.0043290954
  -0.0083929449
  -0.0124653027
  -0.0130097048
  -0.0135051982
  -0.0149491348
  -0.0164951461
  -0.0170012702
  -0.0159954162
  -0.0152341140
  -0.0124781058
  -0.0124844896
  -0.0131118294
  -0.0131883916
  -0.0127056701
  -0.0111532917
  -0.0108832234
  -0.0123696932
  -0.0131480163
  -0.0140773268
  -0.0127567428
  -0.0073467949
   0.0003151749
   0.0070605982
   0.0111010472
   0.0138485491
   0.0133062715
   0.0104715684
   0.0092849448
   0.0107352486
   0.0142993474
   0.0196944115
   0.0228289359
   0.0258465165
   0.0279666912
   0.0282409958
   0.0276009030
   0.0260804166
   0.0209128688
   0.0127171326
   0.0031178622
  -0.0060518463
  -0.0130737370
  -0.0183475980
  -0.0207718741
  -0.0213013819
  -0.0226368789
  -0.0235491707
  -0.0234237040
  -0.0231515259
  -0.0213205626
  -0.0215183322
  -0.0200807981
  -0.0192216785
  -0.0180690923
  -0.0131078473
  -0.0077000280
  -0.0031130566
  -0.0008014998
  -0.0007504694
  -0.0008270324
  -0.0007185852
  -0.0008589449
  -0.0006696886
  -0.0011183987
  -0.0030875963
  -0.0049143128
  -0.0058946606
  -0.0085890132
  -0.0086145360
  -0.0071110705
  -0.0067963488
  -0.0074109313
  -0.0088676294
  -0.0092142640
  -0.0075109002
  -0.0033386090
   0.0007464937
   0.0047188887
   0.0053781143
   0.0066093830
   0.0076194858
   0.0082425600
   0.0077406848
   0.0071069633
   0.0042020839
   0.0033939849
   0.0057948564
   0.0076173072
   0.0096183864
   0.0093227870
   0.0108156219
   0.0117236502
   0.0114450653
   0.0117555339
   0.0100819273
   0.0050058338
   0.0007016806
  -0.0024647682
  -0.0053824070
  -0.0057120312
  -0.0044020821
  -0.0029964380
  -0.0018736253
  -0.0027242558
  -0.0028157059
  -0.0039916988
  -0.0062713713
  -0.0081831541
  -0.0095845617
  -0.0097802110
  -0.0088105126
  -0.0092507177
  -0.0075345946
  -0.0022160927
   0.0033746103
   0.0088079482
   0.0124337129
   0.0154959449
   0.0157745152
   0.0156596708
   0.0146389164
   0.0129610567
   0.0121061735
   0.0136734357
   0.0164570870
   0.0187962884
   0.0196192566
   0.0199403559
   0.0186750477
   0.0150662767
   0.0085738980
   0.0027875333
  -0.0030987774
  -0.0067011688
  -0.0074646101
  -0.0087426776
  -0.0095954363
  -0.0104971037
  -0.0093594055
  -0.0072860254
  -0.0049128012
  -0.0047852163
  -0.0053041039
  -0.0078176995
  -0.0120708164
  -0.0164153753
  -0.0187333320
  -0.0181506644
  -0.0168343357
  -0.0149140675
  -0.0131724279
  -0.0131107682
  -0.0129704240
  -0.0105801853
  -0.0093446676
  -0.0072797938
  -0.0049384658
  -0.0036412760
  -0.0037093383
  -0.0075690427
  -0.0104080011
  -0.0112224797
  -0.0098529892
  -0.0076860407
  -0.0056488121
  -0.0046642258
  -0.0052958229
  -0.0069098859
  -0.0058317333
  -0.0034670153
  -0.0016509473
  -0.0001772548
   0.0010476307
   0.0017749025
   0.0023469342
   0.0031975475
   0.0036568729
   0.0055303589
   0.0049774443
   0.0035547711
   0.0020810577
   0.0011581232
   0.0014090466
   0.0011729892
   0.0025765061
   0.0035015468
   0.0043798012
   0.0061108081
   0.0071634421
   0.0078460556
   0.0057407585
   0.0033866524
   0.0031101899
   0.0012026607
   0.0026380740
   0.0024126488
  -0.0002327939
  -0.0014959772
  -0.0033312036
  -0.0055449570
  -0.0057129653
  -0.0080883348
  -0.0091303568
  -0.0089368529
  -0.0087667390
  -0.0057236501
  -0.0035737142
  -0.0014280304
  -0.0016683415
  -0.0046008691
  -0.0080267585
  -0.0095515084
  -0.0108061859
  -0.0112400155
  -0.0105403895
  -0.0091964176
  -0.0074739190
  -0.0032272005
   0.0005219050
   0.0025910334
   0.0049153469
   0.0091705695
   0.0127857015
   0.0151908240
   0.0144273806
   0.0098807970
   0.0074437553
   0.0078499168
   0.0097744359
   0.0130174208
   0.0174959338
   0.0198989319
   0.0207282735
   0.0201626017
   0.0186421028
   0.0164857663
   0.0154139725
   0.0125984042
   0.0100954393
   0.0058763430
   0.0022548106
   0.0007449474
  -0.0003332265
  -0.0024768041
  -0.0046926841
  -0.0063960666
  -0.0090734089
  -0.0089032950
  -0.0078506611
  -0.0054604244
  -0.0044971078
  -0.0025087900
  -0.0004162711
   0.0013466311
   0.0023375940
   0.0055061495
   0.0107183237
   0.0131213197
   0.0126385794
   0.0111265888
   0.0096975339
   0.0098400005
   0.0117815321
   0.0104332862
   0.0083045949
   0.0062928620
   0.0041280214
   0.0033433124
   0.0024288815
  -0.0003973206
  -0.0038699932
  -0.0062432403
  -0.0069046092
  -0.0068620906
  -0.0068727338
  -0.0057839484
  -0.0041103626
  -0.0041869290
  -0.0048334140
  -0.0048270448
  -0.0047186010
  -0.0049461548
  -0.0042933130
  -0.0042826928
  -0.0071407922
  -0.0073151822
  -0.0097777425
  -0.0109622437
  -0.0112004303
  -0.0092631497
  -0.0068835479
  -0.0064752599
  -0.0049420268
  -0.0035172458
  -0.0015629545
   0.0010909739
   0.0036407006
   0.0062372130
   0.0085742837
   0.0097693968
   0.0118151296
   0.0104690103
   0.0091696731
   0.0076491742
   0.0076321513
   0.0063817249
   0.0052929187
   0.0057075842
   0.0051482900
   0.0032641525
   0.0011035612
  -0.0006678700
  -0.0005402882
  -0.0000426861
   0.0021731717
   0.0035043843
   0.0049270366
   0.0080551855
   0.0098159621
   0.0117808858
   0.0116320166
   0.0116043588
   0.0080870255
   0.0043060015
   0.0021177667
   0.0013011575
   0.0014840297
   0.0013436654
   0.0017306869
   0.0026748655
   0.0030002158
   0.0052926309
   0.0074723366
   0.0089141279
   0.0096754240
   0.0108769146
   0.0118785092
   0.0116892334
   0.0114786962
   0.0085631777
   0.0059219868
   0.0031425678
   0.0011691137
  -0.0006044441
  -0.0016932518
  -0.0042302440
  -0.0044726795
  -0.0016571352
   0.0019771345
   0.0047054935
   0.0032572975
   0.0003609182
  -0.0023313123
  -0.0042303358
  -0.0067524417
  -0.0093425953
  -0.0109205069
  -0.0146249791
  -0.0182528954
  -0.0197755187
  -0.0198839834
  -0.0170811994
  -0.0154139913
  -0.0152141035
  -0.0145399983
  -0.0132513189
  -0.0115777331
  -0.0109695490
  -0.0096553510
  -0.0087388186
  -0.0088898143
  -0.0088940800
  -0.0087409785
  -0.0101508965
  -0.0108356574
  -0.0084262839
  -0.0067739637
  -0.0030780248
  -0.0006218652
   0.0005370951
   0.0016939289
   0.0020830771
   0.0030166236
   0.0034610610
   0.0046008816
   0.0081224451
   0.0103127836
   0.0115185274
   0.0127795616
   0.0108167436
   0.0068549604
   0.0014896515
  -0.0041138318
  -0.0083839634
  -0.0122266554
  -0.0130900510
  -0.0129008002
  -0.0130284039
  -0.0129157090
  -0.0130305554
  -0.0129114767
  -0.0128710847
  -0.0092921063
  -0.0065318513
  -0.0024573836
   0.0012810864
   0.0037287379
   0.0067335466
   0.0081157965
   0.0095831086
   0.0097234486
   0.0105145164
   0.0100232699
   0.0083560388
   0.0064378743
   0.0041326810
   0.0034776898
   0.0034861835
   0.0035606025
   0.0034372498
   0.0036328803
   0.0031203703
   0.0015573418
   0.0003196757
  -0.0020323050
  -0.0029148367
  -0.0061642222
  -0.0104428620
  -0.0134264281
  -0.0148384727
  -0.0152276446
  -0.0144791059
  -0.0143451434
  -0.0150511740
  -0.0161569906
  -0.0184345449
  -0.0195658843
  -0.0211225220
  -0.0212246175
  -0.0212033519
  -0.0201294670
  -0.0176477906
  -0.0168950008
  -0.0143410174
  -0.0107769249
  -0.0082952485
  -0.0032936032
  -0.0001420613
   0.0016080816
   0.0027968151
   0.0019993449
   0.0003767725
  -0.0023579881
  -0.0048184239
  -0.0045313474
  -0.0060816180
  -0.0067621258
  -0.0080465772
  -0.0088823234
  -0.0100817105
  -0.0099307377
  -0.0082507702
  -0.0066920184
  -0.0043677049
  -0.0024219181
  -0.0006207389
  -0.0003442979
   0.0015164259
   0.0013654295
   0.0015802002
   0.0002787379
  -0.0020030659
  -0.0027261050
  -0.0035129427
  -0.0029026320
  -0.0025177361
  -0.0028239703
  -0.0014055707
  -0.0001743069
   0.0016204938
   0.0047358865
   0.0059692755
   0.0079108092
   0.0096333057
   0.0108284188
   0.0123106146
   0.0136630948
   0.0138948768
   0.0137630200
   0.0138310572
   0.0140458288
   0.0161787523
   0.0190410861
   0.0203127531
   0.0195259176
   0.0168145504
   0.0115917225
   0.0065879277
   0.0000253707
  -0.0046466796
  -0.0060246973
  -0.0057269901
  -0.0042596801
  -0.0013441839
   0.0030769115
   0.0073853001
   0.0122444663
   0.0146687278
   0.0177713580
   0.0201254433
   0.0225773562
   0.0225348043
   0.0176501027
   0.0128696003
   0.0081167389
   0.0039890865
   0.0002314546
  -0.0019355149
  -0.0030349537
  -0.0047744856
  -0.0043406789
  -0.0025671430
   0.0009607998
   0.0038869264
   0.0057795493
   0.0087588436
   0.0111150554
   0.0118146813
   0.0117700133
   0.0114850425
   0.0095966539
   0.0109236134
   0.0132139019
   0.0186897710
   0.0237552171
   0.0265984203
   0.0270279634
   0.0246164508
   0.0202059521
   0.0143238903
   0.0094285539
   0.0048245534
   0.0031785899
   0.0000100144
  -0.0031606873
  -0.0044281241
  -0.0019996099
   0.0004374116
   0.0023938309
   0.0041312175
   0.0053901272
   0.0056367971
   0.0064214852
   0.0057792554
   0.0057260811
   0.0078164757
   0.0063151179
   0.0043671837
   0.0021130257
   0.0003245854
  -0.0021486059
  -0.0024888650
  -0.0043134590
  -0.0070120669
  -0.0104251949
  -0.0129749440
  -0.0142189866
  -0.0140084681
  -0.0127027721
  -0.0120329179
  -0.0093789885
  -0.0077564359
  -0.0061742899
  -0.0049621644
  -0.0045560009
  -0.0049430442
  -0.0034098069
  -0.0016936877
  -0.0024486251
  -0.0030780915
  -0.0046517521
  -0.0048176338
  -0.0035332033
  -0.0023997603
  -0.0031695834
  -0.0045220782
  -0.0062020665
  -0.0105126025
  -0.0133409281
  -0.0150166592
  -0.0147933814
  -0.0116141931
  -0.0070931470
  -0.0047603273
  -0.0046433772
  -0.0060001251
  -0.0061170961
  -0.0053621776
  -0.0035057061
  -0.0013770332
  -0.0001457672
   0.0012641294
   0.0026931664
   0.0037032693
   0.0022869757
   0.0000604642
  -0.0017173440
  -0.0055536551
  -0.0103384127
  -0.0110167919
  -0.0095431002
  -0.0050667117
  -0.0015855499
   0.0010194704
   0.0049961184
   0.0089876525
   0.0105931927
   0.0099467097
   0.0084113292
   0.0062783889
   0.0062294699
   0.0061933080
   0.0074054356
   0.0077435494
   0.0074543297
   0.0079944682
   0.0096616785
   0.0085026960
   0.0072884251
   0.0081666837
   0.0083346732
   0.0074032340
   0.0080071692
   0.0096254687
   0.0086132205
   0.0058380588
   0.0032521604
  -0.0000121081
  -0.0040568214
  -0.0059473366
  -0.0071807464
  -0.0061408697
  -0.0063152555
  -0.0055582084
  -0.0047352402
  -0.0035124798
  -0.0026278416
  -0.0015454327
  -0.0002248504
   0.0025779405
   0.0036327031
   0.0034987239
   0.0020760507
  -0.0020920020
  -0.0029128603
  -0.0060559159
  -0.0068661415
  -0.0079379332
  -0.0094392847
  -0.0107768957
  -0.0110597358
  -0.0106195453
  -0.0086376050
  -0.0057667650
  -0.0030256427
  -0.0005843657
  -0.0006736882
  -0.0008650854
  -0.0030533171
  -0.0047162889
  -0.0047524486
  -0.0048183781
  -0.0044887705
  -0.0024111332
  -0.0006631126
  -0.0006822587
  -0.0006248486
  -0.0006418681
  -0.0009247065
  -0.0019284472
  -0.0020985776
  -0.0006333892
   0.0019376079
   0.0031454824
   0.0040960459
   0.0038238407
   0.0013038678
   0.0006786542
  -0.0001060510
  -0.0006462025
  -0.0018073076
  -0.0032342327
  -0.0046675366
  -0.0047866299
  -0.0048227875
  -0.0046271508
  -0.0061455168
  -0.0057414778
  -0.0045336012
  -0.0048866154
  -0.0049546714
  -0.0071662942
  -0.0099712256
  -0.0115129837
  -0.0128654806
  -0.0130930282
  -0.0129824536
  -0.0128399786
  -0.0105326714
  -0.0099287362
  -0.0090292100
  -0.0078957628
  -0.0039021000
   0.0008762605
   0.0062372985
   0.0110858361
   0.0137163775
   0.0154133616
   0.0157621124
   0.0158684338
   0.0157599733
   0.0158599151
   0.0157578363
   0.0159003092
   0.0146371297
   0.0123936086
   0.0104669462
   0.0082893484
   0.0063286590
   0.0050569754
   0.0022945750
  -0.0037150716
  -0.0080489935
  -0.0105902301
  -0.0131314688
  -0.0129294524
  -0.0131144668
  -0.0129294628
  -0.0131718942
  -0.0125934776
  -0.0119831607
  -0.0108773566
  -0.0085487859
  -0.0066923082
  -0.0043956357
  -0.0029134315
  -0.0012483453
   0.0011227579
   0.0017734788
   0.0025326532
   0.0056693146
   0.0069941538
   0.0079106945
   0.0096374525
   0.0095566392
   0.0088952746
   0.0079042961
   0.0050759747
   0.0036150277
   0.0022178773
   0.0009419404
  -0.0006508532
  -0.0005679220
  -0.0010846791
  -0.0026030443
  -0.0028901333
  -0.0024605735
  -0.0042575160
  -0.0043064310
  -0.0044063832
  -0.0068859476
  -0.0071538976
  -0.0088572718
  -0.0098610096
  -0.0090231514
  -0.0089976369
  -0.0085042805
  -0.0070582277
  -0.0053272166
  -0.0022628560
  -0.0008082962
  -0.0006084039
  -0.0007615197
  -0.0005382353
  -0.0019438914
  -0.0031220048
  -0.0048998084
  -0.0034452494
  -0.0027711338
  -0.0014569282
  -0.0006403349
  -0.0003277350
   0.0012246464
   0.0018626093
   0.0012692971
  -0.0001087134
  -0.0008870354
  -0.0001746431
   0.0011012862
   0.0019412722
   0.0030577099
   0.0043931819
   0.0060433859
   0.0057733114
   0.0075128287
   0.0075957602
   0.0074809241
   0.0076446647
   0.0082677430
   0.0090800847
   0.0104729757
   0.0099647250
   0.0082124401
   0.0075064219
   0.0075340651
   0.0075999862
   0.0074596315
   0.0078934465
   0.0096287107
   0.0084676099
   0.0061517902
   0.0043378372
   0.0019454601
   0.0014435910
   0.0001251249
  -0.0010487355
  -0.0039046998
  -0.0052295453
  -0.0069222846
  -0.0055846840
  -0.0046872822
  -0.0048510290
  -0.0039536231
  -0.0044725044
  -0.0053614083
  -0.0063842830
  -0.0041088720
  -0.0033326796
  -0.0016335657
   0.0000081321
  -0.0001343489
  -0.0004384482
   0.0016051689
   0.0037317213
   0.0056711368
   0.0079018902
   0.0103771973
   0.0099646437
   0.0082081098
   0.0075020917
   0.0075084693
   0.0076573260
   0.0063048374
   0.0050884463
   0.0023409360
  -0.0000280457
  -0.0008382642
  -0.0005192825
  -0.0011700093
  -0.0016846369
  -0.0027628006
  -0.0014549716
  -0.0006979195
   0.0007842878
   0.0036721486
   0.0031894187
   0.0037061693
   0.0017965235
  -0.0010551869
  -0.0038324679
  -0.0051977157
  -0.0031370867
  -0.0003661870
   0.0024089670
   0.0051160665
   0.0078975995
   0.0106153360
   0.0133968669
   0.0159040745
   0.0155702034
   0.0163208791
   0.0164463479
   0.0165973291
   0.0159551097
   0.0166568726
   0.0157211845
   0.0125611269
   0.0098029859
   0.0039017977
  -0.0001365295
  -0.0041046793
  -0.0060122006
  -0.0074284837
  -0.0087490761
  -0.0091233496
  -0.0076368881
  -0.0059186322
  -0.0055634977
  -0.0045555109
  -0.0061653125
  -0.0071562869
  -0.0095805588
  -0.0129575271
  -0.0141739161
  -0.0165365159
  -0.0181505727
  -0.0173467373
  -0.0169575757
  -0.0136082527
  -0.0106374542
  -0.0076113695
  -0.0033391198
  -0.0027798360
  -0.0027032800
  -0.0030328959
  -0.0051615747
  -0.0067713784
  -0.0080430558
  -0.0103333549
  -0.0111308127
  -0.0108756262
  -0.0111988604
  -0.0096464757
  -0.0089213186
  -0.0086299828
  -0.0069159779
  -0.0068628140
  -0.0069521272
  -0.0067224594
  -0.0082514498
  -0.0078707966
  -0.0066012437
  -0.0060951217
  -0.0025267635
   0.0002930484
   0.0023451745
   0.0039975093
   0.0052989606
   0.0055711595
   0.0053797717
   0.0055881740
   0.0051288404
   0.0032000556
   0.0010522378
  -0.0009254564
  -0.0028818856
  -0.0023225997
  -0.0009041869
   0.0014328973
   0.0019709170
   0.0035445678
   0.0055818090
   0.0044972684
   0.0042420818
   0.0028236722
   0.0016306767
   0.0000123705
  -0.0010105005
  -0.0031561923
  -0.0044278697
  -0.0028435847
  -0.0016867387
   0.0010054808
   0.0037381051
   0.0065515386
   0.0080911639
   0.0094011256
   0.0097541336
   0.0091608270
   0.0076637348
   0.0063771716
   0.0038572047
   0.0000060183
  -0.0007914376
  -0.0006723487
  -0.0007531559
  -0.0004575628
   0.0016945123
   0.0033170745
   0.0036785908
   0.0057902634
   0.0074574820
   0.0086122031
   0.0111024003
   0.0115553584
   0.0129546354
   0.0135692075
   0.0115149602
   0.0110343610
   0.0089290764
   0.0070173061
   0.0055478592
   0.0054840646
   0.0054160170
   0.0055861455
   0.0050651418
   0.0035446575
   0.0030385397
   0.0014244872
   0.0012820104
   0.0015010480
   0.0000422343
  -0.0008062583
  -0.0007041812
  -0.0006467615
  -0.0008743003
   0.0006653275
   0.0002676646
  -0.0010018856
  -0.0004511053
  -0.0020630308
  -0.0028711194
  -0.0027137523
  -0.0028200758
  -0.0026882274
  -0.0031007768
  -0.0048296613
  -0.0047616074
  -0.0049402359
  -0.0044341139
  -0.0037132078
  -0.0029795445
  -0.0026520530
  -0.0028944760
  -0.0017291222
  -0.0037982574
  -0.0053485114
  -0.0078599699
  -0.0102736049
  -0.0084979300
  -0.0080194532
  -0.0066223028
  -0.0048934121
  -0.0047530553
  -0.0049635821
  -0.0044021676
  -0.0029050713
  -0.0017779937
  -0.0026732706
  -0.0027009116
  -0.0031304714
  -0.0047423975
  -0.0051102873
  -0.0069752733
  -0.0056376665
  -0.0044361591
  -0.0016397385
  -0.0004573712
  -0.0009060708
   0.0003485994
  -0.0006444982
  -0.0006615073
  -0.0007848441
  -0.0005764384
  -0.0011059471
  -0.0026668346
  -0.0028794880
  -0.0015142355
  -0.0005253842
  -0.0008252252
  -0.0005955538
  -0.0008528636
   0.0005549187
   0.0015650356
   0.0011248424
   0.0027537857
   0.0023561242
   0.0007803508
  -0.0005083376
  -0.0010697444
  -0.0027560978
  -0.0026816642
  -0.0031027178
  -0.0048294799
  -0.0038852856
  -0.0046891190
  -0.0037683168
  -0.0012930044
  -0.0004508854
   0.0017288365
   0.0033003623
   0.0036895259
   0.0066496937
   0.0079426429
   0.0107177983
   0.0118937871
   0.0114982521
   0.0117810859
   0.0115492957
   0.0117431269
   0.0113661722
   0.0081433479
   0.0040699018
   0.0019851043
  -0.0025822249
  -0.0055925147
  -0.0066651904
  -0.0090201575
  -0.0089915429
  -0.0077761774
  -0.0074772444
  -0.0075864825
  -0.0085964166
  -0.0093548980
  -0.0107140665
  -0.0118111642
  -0.0109496762
  -0.0096530180
  -0.0069783443
  -0.0034111703
  -0.0009280715
   0.0028769257
   0.0037223478
   0.0024517212
   0.0001838245
  -0.0004836669
  -0.0003901243
  -0.0003962352
   0.0004319639
   0.0002052902
   0.0004348128
  -0.0006404604
   0.0010718832
   0.0016193530
   0.0029015082
   0.0037543295
   0.0036545983
   0.0033014818
   0.0025266342
   0.0018572187
   0.0015634696
   0.0016968430
   0.0016444845
   0.0006421911
  -0.0016953846
  -0.0013385215
  -0.0018200345
   0.0009598760
   0.0017205907
   0.0027763001
   0.0047257437
   0.0059895883
   0.0058656769
   0.0057254807
   0.0048715899
   0.0030890036
   0.0032252866
   0.0013981359
   0.0005594016
  -0.0009951782
  -0.0016686173
  -0.0014641464
  -0.0023954446
  -0.0015803991
  -0.0015079128
  -0.0020487147
  -0.0022878597
  -0.0036912918
  -0.0037131869
  -0.0035409089
  -0.0037008821
  -0.0023919400
  -0.0007666856
   0.0015371139
   0.0033941850
   0.0037326115
   0.0049492675
   0.0060281477
   0.0069248698
   0.0082543645
   0.0069828122
   0.0062806635
   0.0052745406
   0.0034306804
   0.0024172897
   0.0012712540
   0.0001597065
  -0.0015004575
  -0.0024161597
  -0.0041512696
  -0.0046344019
  -0.0057259080
  -0.0057051950
  -0.0049390267
  -0.0038185577
  -0.0021140118
  -0.0005843215
   0.0001313359
  -0.0000899585
   0.0001045284
  -0.0000567220
   0.0001305255
  -0.0000706136
   0.0003678691
   0.0013899849
   0.0023099947
   0.0031987359
   0.0041183539
   0.0041949453
   0.0032528942
   0.0015659934
  -0.0012524444
  -0.0030182290
  -0.0048852999
  -0.0053967091
  -0.0052085424
  -0.0041326352
  -0.0019979063
  -0.0004329817
   0.0014962076
   0.0028373509
   0.0028076000
   0.0027510420
   0.0026687777
   0.0028161500
   0.0039182431
   0.0052684195
   0.0066778497
   0.0067821530
   0.0071611029
   0.0075068660
   0.0065562316
   0.0055456555
   0.0047897154
   0.0028903313
   0.0012631293
   0.0013043008
  -0.0001369904
  -0.0006007864
  -0.0005442983
  -0.0015399652
  -0.0022498361
  -0.0026488611
  -0.0024991975
  -0.0028784185
  -0.0030851300
  -0.0033728819
  -0.0035743208
  -0.0034549294
  -0.0028450441
  -0.0015090340
  -0.0002096797
   0.0006728055
   0.0015120541
   0.0013134994
   0.0020786720
   0.0032139741
   0.0044471275
   0.0060256980
   0.0065737006
   0.0072917963
   0.0072944274
   0.0069731655
   0.0063824567
   0.0058617844
   0.0052553745
   0.0037635216
   0.0023782153
   0.0012871483
   0.0000823363
  -0.0009164711
  -0.0017331889
  -0.0023146314
  -0.0023469779
  -0.0022533720
  -0.0027077896
  -0.0030020588
  -0.0028212558
  -0.0032610565
  -0.0034848784
  -0.0033305698
  -0.0033032435
  -0.0031726418
  -0.0032175643
  -0.0037506205
  -0.0041928584
  -0.0039460113
  -0.0033429663
  -0.0029157916
  -0.0023602981
  -0.0023154466
  -0.0024267884
  -0.0023628270
  -0.0022329196
  -0.0025606675
  -0.0026071368
  -0.0020335399
  -0.0019360236
  -0.0012958945
  -0.0009179082
  -0.0005249522
  -0.0005903890
  -0.0011591431
  -0.0015904460
  -0.0022774188
  -0.0024672450
  -0.0030088596
  -0.0028919950
  -0.0027201861
  -0.0028952724
  -0.0027326432
  -0.0025018787
  -0.0020796705
  -0.0018450861
  -0.0014782098
  -0.0010944247
  -0.0008981792
  -0.0006107028
  -0.0003877772
  -0.0003890723
  -0.0003199401
  -0.0004831646
  -0.0006765610
  -0.0008088147
  -0.0008498589
  -0.0009915927
  -0.0009564318
  -0.0006480003
  -0.0003345914
  -0.0002198186
  -0.0000179571
   0.0002849902
   0.0004315825
   0.0005128157
   0.0007381610
   0.0008337075
   0.0007956976
   0.0008407695
   0.0009186811
   0.0009732660
   0.0009941120
   0.0009305251
   0.0009684456
   0.0010994699
   0.0011009222
   0.0012441573
   0.0011615903
   0.0011882721
   0.0011317528
   0.0011377850
   0.0011613876
   0.0012056773
   0.0011924205
   0.0010427845
   0.0008391277
   0.0005853676
   0.0004141913
   0.0003209043
   0.0003072648
   0.0001509562
   0.0001695519
   0.0001416649
   0.0002364320
   0.0003568610
   0.0004179855
   0.0004765702
   0.0004739058
   0.0005524749
   0.0006271761
   0.0006896386
   0.0007228669
   0.0007179627
   0.0007301216
   0.0006804851
   0.0005628529
   0.0004654206
   0.0003743870
   0.0002800862
   0.0001934163
   0.0001140642
   0.0000583336
  -0.0000283860
  -0.0001912326
  -0.0002374569
  -0.0002923295
  -0.0003170326
  -0.0003009295
  -0.0003268795
  -0.0002938667
  -0.0002700286
  -0.0002174715
  -0.0001931596
  -0.0002012012
  -0.0001647717
  -0.0001658196
  -0.0001662560
  -0.0001974005
  -0.0002226544
  -0.0002756231
  -0.0002860737
  -0.0002712768
  -0.0002971639
  -0.0002516266
  -0.0002247660
  -0.0002151860
  -0.0002019810
  -0.0001927855
  -0.0001783525
  -0.0001765220
  -0.0001717152
  -0.0001882252
  -0.0001861521
  -0.0001811073
  -0.0001814243
  -0.0001776690
  -0.0001598877
  -0.0001421147
  -0.0001202592
  -0.0001008450
  -0.0000955980
  -0.0000752192
  -0.0000506701
  -0.0000399546
  -0.0000280243
  -0.0000079628
  -0.0000021919
   0.0000045132
   0.0000089273
   0.0000195173
   0.0000190658
   0.0000226929
   0.0000296729
   0.0000368182
   0.0000477958
   0.0000482410
   0.0000558354
   0.0000589730
   0.0000579886
   0.0000601182
   0.0000567055
   0.0000539586
   0.0000501469
   0.0000440221
   0.0000427683
   0.0000389604
   0.0000344990
   0.0000313453
   0.0000291917
   0.0000271324
   0.0000254072
   0.0000247580
   0.0000248253
   0.0000283837
   0.0000320636
   0.0000346420
   0.0000367064
   0.0000376286
   0.0000374661
   0.0000368567
   0.0000363155
   0.0000351008
   0.0000344594
   0.0000343888
   0.0000339943
   0.0000334952
   0.0000333432
   0.0000328656
   0.0000316511
   0.0000302263
   0.0000284275
   0.0000264593
   0.0000247805
   0.0000230862
   0.0000215559
   0.0000202762
   0.0000189405
   0.0000178604
   0.0000168939
   0.0000159578
   0.0000151410
   0.0000144030
   0.0000137383
   0.0000131119
   0.0000125574
   0.0000120532
   0.0000115829
   0.0000111625
   0.0000107736
   0.0000104204
   0.0000101083
   0.0000098388
   0.0000096073
   0.0000094146
   0.0000092562
   0.0000091268
   0.0000090214
   0.0000089349
   0.0000088619
   0.0000087968
