   0.0001127974
   0.0001109117
   0.0001122447
   0.0001169521
   0.0001174228
   0.0001047149
   0.0000884547
   0.0000960437
   0.0000940900
   0.0000923548
   0.0001059244
   0.0001811662
   0.0001199212
   0.0000517471
   0.0001539669
   0.0002457871
   0.0001645132
   0.0000887736
   0.0000556377
   0.0001127919
   0.0002516535
   0.0003250372
   0.0002275129
  -0.0000794228
   0.0000179817
   0.0000162650
  -0.0000984277
   0.0000486708
   0.0002712108
   0.0003057967
  -0.0000469707
  -0.0001473661
  -0.0001215196
   0.0001533972
   0.0004152269
   0.0000854772
   0.0000358331
   0.0002224846
   0.0006765095
  -0.0003499537
  -0.0012624686
  -0.0009391715
  -0.0005331654
   0.0000705675
   0.0011579539
   0.0015945872
   0.0011817046
   0.0006689730
  -0.0008037309
  -0.0006532596
  -0.0004686765
   0.0013820735
   0.0032778033
   0.0035784472
  -0.0002888543
  -0.0061621265
  -0.0049812217
   0.0011546948
   0.0033630047
  -0.0006009238
  -0.0033712849
  -0.0042863388
  -0.0017467792
   0.0014216800
   0.0007851395
   0.0021319324
  -0.0001197878
  -0.0005520449
   0.0035720083
   0.0066850262
   0.0073807180
  -0.0008946989
  -0.0079451914
  -0.0056790309
   0.0011186301
   0.0003250781
  -0.0018783679
  -0.0031649942
  -0.0025479907
   0.0006132485
   0.0000611988
  -0.0027066258
  -0.0054208397
  -0.0022080531
   0.0032017060
   0.0106168183
   0.0095372375
   0.0011523381
  -0.0088061615
  -0.0117964722
  -0.0070682971
  -0.0008998202
   0.0070091631
   0.0044454134
  -0.0011640692
  -0.0017162986
  -0.0007149432
   0.0052066231
   0.0078335164
   0.0072931265
   0.0114769053
   0.0025798064
  -0.0090912282
  -0.0093767286
  -0.0065795332
  -0.0041854959
   0.0006149310
   0.0053142517
  -0.0067300949
  -0.0133442285
  -0.0092141597
   0.0018809356
   0.0095217262
   0.0015671521
   0.0021740224
   0.0104825285
   0.0053376822
  -0.0067713726
  -0.0081201001
  -0.0027752243
  -0.0026582046
  -0.0016871707
  -0.0013965908
  -0.0047909818
  -0.0045260139
  -0.0040015790
  -0.0018626598
   0.0036482232
   0.0058714548
  -0.0003826996
  -0.0029400147
   0.0016793383
   0.0088974032
   0.0078346664
  -0.0043448182
  -0.0091503965
  -0.0016108290
  -0.0008846933
  -0.0005983622
   0.0057486726
   0.0075636517
   0.0004326155
  -0.0113343344
  -0.0091137614
  -0.0013716951
  -0.0007892892
   0.0001171813
   0.0010806574
   0.0030351167
   0.0033512611
   0.0078184613
   0.0117217843
   0.0045882811
  -0.0048454132
  -0.0084633693
  -0.0053155502
   0.0004573787
  -0.0042893084
  -0.0134226691
  -0.0146122052
  -0.0060373853
   0.0065091151
   0.0137221964
   0.0099112859
   0.0006971524
  -0.0007559534
  -0.0023374526
  -0.0027953206
   0.0029844264
   0.0059044598
  -0.0078289331
  -0.0230349699
  -0.0178338266
   0.0080265650
   0.0193271181
  -0.0017904778
  -0.0092116496
   0.0049492783
   0.0132800816
   0.0164842986
   0.0158334729
   0.0096221496
  -0.0101940426
  -0.0201662231
  -0.0205288881
  -0.0022535038
   0.0101961441
   0.0033663997
   0.0018180405
   0.0040498851
   0.0126171971
   0.0156778008
   0.0205526221
   0.0206860447
  -0.0063560907
  -0.0265272057
  -0.0175934676
   0.0152734719
   0.0541324243
   0.0461139469
   0.0162410124
  -0.0178758990
  -0.0482875940
  -0.0387134961
  -0.0013000519
   0.0290758185
   0.0024787084
  -0.0025437017
   0.0363025173
   0.0061838140
  -0.0138009373
   0.0092150020
   0.0193255836
  -0.0088479254
  -0.0061289822
   0.0508474233
   0.0632178567
  -0.0259560299
  -0.1011074840
  -0.0310377358
   0.0646822186
   0.0489356093
  -0.0667205251
  -0.1075893049
  -0.0425752521
   0.0128662124
   0.0046212502
  -0.0023360166
   0.0162338322
   0.0284855704
  -0.0158255754
  -0.0567971971
  -0.0214407963
   0.0149991964
   0.0127212731
   0.0177714143
   0.0259135989
   0.0426318601
   0.0084247411
  -0.0557067667
  -0.0332596015
   0.0253424564
   0.0230002528
  -0.0205891071
  -0.0008695339
   0.0209175889
   0.0238270488
  -0.0285745104
  -0.0648627506
  -0.0331817446
   0.0266403718
   0.0779182347
   0.0708434303
   0.0176551877
  -0.0154311621
   0.0198644442
   0.0620504284
   0.0687540448
   0.0222644734
  -0.0224010899
   0.0057323282
   0.0202218887
  -0.0174143784
  -0.0813253666
  -0.0982880065
  -0.0235652658
   0.0415821262
   0.0594243256
   0.0424819922
  -0.0109599774
  -0.0472587169
  -0.0379651408
  -0.0383377882
  -0.0348910523
  -0.0124392170
   0.0636634240
   0.1163386166
   0.0807821946
   0.0281034828
  -0.0073183057
  -0.0083042005
  -0.0194022313
  -0.0472839354
  -0.0423464682
   0.0135350346
   0.0270553000
  -0.0225594390
  -0.0460242897
  -0.0308909702
  -0.0232955186
  -0.0417886855
  -0.0987234915
  -0.1151265640
  -0.0535162406
   0.0364273252
   0.1046267229
   0.1073452099
   0.0291342946
  -0.0642775145
  -0.0829951788
  -0.0754741149
  -0.0879824741
  -0.0899268953
  -0.0064955527
   0.0534583984
   0.0479007946
   0.0206309461
   0.0111124055
   0.0337229318
   0.0062991716
  -0.0331417487
  -0.0273953819
   0.0174550081
   0.0841813625
   0.1488094332
   0.1624266362
   0.0489431648
  -0.1039518129
  -0.1147915691
  -0.0528643975
  -0.0350872123
   0.0318781001
   0.1110721005
   0.1082912346
   0.0314570090
  -0.0777537228
  -0.1080269581
  -0.0573543376
  -0.0052051495
  -0.0224768953
   0.0212276238
   0.0972575033
   0.1040987536
   0.1026308474
   0.0565757852
  -0.0449631558
  -0.1080730752
  -0.0752369332
   0.0154740268
   0.0476656560
  -0.0058363492
  -0.0474983921
  -0.0397785162
  -0.0102111218
   0.0479424584
   0.0750462438
   0.0683052751
   0.0989814300
   0.1108117436
   0.1016807363
   0.0243520659
  -0.1012737722
  -0.1367037517
  -0.1255596897
  -0.1030441495
  -0.0559417551
  -0.0467173713
  -0.0734428386
  -0.1017669660
  -0.1089246143
  -0.0994015704
  -0.0557205101
   0.0218686007
   0.0794640479
   0.1145483080
   0.0975998368
   0.0187297731
  -0.0274825123
   0.0099765586
   0.0657163912
   0.0708178449
   0.0655186967
   0.0933136207
   0.1264934555
   0.1167779377
   0.0316654947
  -0.1018209221
  -0.1551425622
  -0.0932345629
  -0.0014981392
  -0.0128761196
  -0.0631371227
  -0.0211842838
   0.0249353172
   0.0374824630
  -0.0039257394
  -0.0301768233
   0.0079419707
   0.0552555786
   0.0231833283
  -0.0463641464
  -0.0720346927
  -0.0465034983
  -0.0111019979
  -0.0341306215
  -0.0605764927
  -0.0799342749
  -0.0805562628
  -0.0474658517
   0.0109839867
   0.0388778913
   0.0343817300
   0.0254562313
   0.0395111208
   0.0700470399
   0.0507085802
   0.0029498836
  -0.0323707518
  -0.0351609912
  -0.0393266026
   0.0095412155
   0.0552202528
   0.0216610406
   0.0022931769
  -0.0069293931
   0.0109097991
   0.0438052094
   0.0525055436
   0.0463218905
   0.0044102952
  -0.0554633638
  -0.0648395336
   0.0153887311
   0.1057458742
   0.1377147406
   0.1134247368
   0.0683391415
   0.0150887285
  -0.0689294980
  -0.1130816527
  -0.1280575154
  -0.0859067069
   0.0042243351
   0.0419042366
   0.0160222025
  -0.0486198285
  -0.0943044282
  -0.1007765754
  -0.0665336552
  -0.0256987502
   0.0079592625
   0.0665400682
   0.1142560110
   0.1380777560
   0.1198388416
   0.0657241052
   0.0270907092
   0.0068448271
   0.0159225880
   0.0239805026
   0.0143898510
   0.0114916327
   0.0430089190
   0.0581621864
   0.0349500037
   0.0176756193
  -0.0058684076
  -0.0349129766
  -0.0606134948
  -0.0737423158
  -0.0769167193
  -0.0938611042
  -0.1186626486
  -0.1507938837
  -0.1769790227
  -0.1886825769
  -0.1677752956
  -0.0708847105
   0.0117439588
   0.0214494777
   0.0078114895
   0.0001797612
   0.0224647614
   0.0657827647
   0.1096994306
   0.1622244050
   0.1929532818
   0.1549781920
   0.0670579885
  -0.0196863223
  -0.0639404431
  -0.0717639448
  -0.0730385347
  -0.0708248584
  -0.0017797492
   0.0786266608
   0.0918237817
   0.0741613137
   0.0346118482
   0.0179207485
  -0.0014240792
  -0.0111538858
   0.0251392746
   0.0430477224
   0.0448620569
   0.0645083416
   0.0950741575
   0.0836343793
   0.0247190174
   0.0051577073
   0.0073973093
   0.0199301338
   0.0459661972
   0.0416311203
  -0.0054698847
  -0.0580676840
  -0.0620272364
  -0.0057354313
   0.0637234345
   0.0519288637
  -0.0183124931
  -0.0438755024
  -0.0213801353
  -0.0205104580
  -0.0588233196
  -0.0639986774
  -0.0200498046
   0.0223810753
   0.0406023350
   0.0353143033
  -0.0034525860
  -0.0467391372
  -0.0615188148
  -0.0571596703
   0.0013142623
   0.0637102165
   0.0669871533
   0.0456717320
   0.0302449564
   0.0178138704
  -0.0040001804
  -0.0292289388
  -0.0190472302
   0.0343343704
   0.0531726061
   0.0380207648
   0.0039580380
  -0.0670306935
  -0.1174854548
  -0.1163863181
  -0.0760339408
  -0.0360027315
  -0.0291711715
  -0.0418046638
  -0.0776838300
  -0.1173652002
  -0.1370224846
  -0.1217959387
  -0.0671710127
  -0.0180056605
   0.0042882076
   0.0166803168
   0.0337930998
   0.0356332031
   0.0233170427
   0.0147376886
   0.0276201379
   0.0525408444
   0.0811370957
   0.0965527382
   0.0919801460
   0.0488637484
   0.0033283536
  -0.0040230080
  -0.0065875816
  -0.0084182697
  -0.0054002705
   0.0044754053
   0.0137345971
   0.0117111265
  -0.0227250517
  -0.0622435445
  -0.0823574460
  -0.0941380566
  -0.1053638450
  -0.1108988072
  -0.1051778757
  -0.0770226467
  -0.0430193517
  -0.0179717357
   0.0112945637
   0.0245033181
   0.0134001276
  -0.0013598006
   0.0062111915
   0.0406579924
   0.0812511541
   0.1158004732
   0.1345279113
   0.1277002543
   0.0990107848
   0.0687306110
   0.0505527663
   0.0447137818
   0.0518580870
   0.0690381274
   0.0751228582
   0.0586582657
   0.0307350646
   0.0158456151
   0.0104926525
   0.0077772537
   0.0115752938
   0.0177498819
   0.0278161978
   0.0367809086
   0.0306152020
  -0.0046872610
  -0.0579972909
  -0.1115245979
  -0.1322868567
  -0.1192908577
  -0.0754110188
  -0.0406646473
  -0.0390492999
  -0.0411198216
  -0.0342895209
  -0.0090489306
   0.0012079896
  -0.0190102615
  -0.0452411506
  -0.0297951026
   0.0236713600
   0.0503041846
   0.0203134223
  -0.0266402050
  -0.0530343051
  -0.0570028140
  -0.0489774065
  -0.0421061509
  -0.0373037991
  -0.0208741822
  -0.0015642733
   0.0073070300
   0.0097517360
   0.0106177523
   0.0094361970
   0.0105080638
  -0.0096123841
  -0.0338614414
  -0.0312529765
  -0.0048061837
   0.0301243849
   0.0400003951
   0.0348310834
   0.0268726582
   0.0388185563
   0.0607435815
   0.0525862526
   0.0283944372
   0.0233347390
   0.0430886773
   0.0634585409
   0.0656166683
   0.0500682872
   0.0339039475
   0.0452085434
   0.0617087787
   0.0647252334
   0.0463425390
   0.0228925991
   0.0132233401
   0.0200162635
   0.0304491473
   0.0331329089
   0.0307374163
   0.0370974566
   0.0538887462
   0.0651180622
   0.0487931468
   0.0017258531
  -0.0075897891
   0.0023999542
   0.0031237549
  -0.0081944136
  -0.0290050251
  -0.0496103524
  -0.0789127532
  -0.1034277632
  -0.1113910837
  -0.1100507707
  -0.1016110187
  -0.0770862182
  -0.0600423356
  -0.0536279890
  -0.0454671325
  -0.0315648795
  -0.0114765717
   0.0029192229
   0.0243430343
   0.0439039149
   0.0497087994
   0.0487681285
   0.0422132959
   0.0335370626
   0.0230344862
   0.0082379420
  -0.0040477602
  -0.0058792606
  -0.0029524121
  -0.0054855495
  -0.0127448820
  -0.0185061680
  -0.0245934757
  -0.0279119095
  -0.0216198605
  -0.0119892548
  -0.0062280096
   0.0004254505
   0.0097159265
   0.0141230227
   0.0086025377
   0.0008287156
  -0.0071110434
  -0.0157218496
  -0.0316260242
  -0.0460578392
  -0.0527788517
  -0.0437889725
  -0.0251843075
  -0.0184916574
  -0.0149113656
  -0.0073486062
   0.0019512654
   0.0065173594
   0.0060750445
   0.0037715400
  -0.0017260549
  -0.0061672686
  -0.0062056524
  -0.0017578298
  -0.0028125883
  -0.0071883566
  -0.0039774146
   0.0015523855
   0.0003275479
  -0.0074369774
  -0.0159509587
  -0.0093835836
   0.0100259030
   0.0182318175
   0.0241019581
   0.0254705917
   0.0255191773
   0.0207931563
   0.0126866562
   0.0068709262
   0.0036733816
  -0.0054775353
  -0.0315492681
  -0.0366891415
  -0.0267209640
  -0.0193590164
  -0.0189482078
  -0.0117523566
   0.0174162631
   0.0371115586
   0.0445120844
   0.0465697300
   0.0457013870
   0.0475072236
   0.0503797315
   0.0509250384
   0.0499299110
   0.0464670633
   0.0384524720
   0.0301053460
   0.0235530986
   0.0200527401
   0.0153748293
   0.0077243316
   0.0011190571
   0.0020334246
   0.0051644131
   0.0040050031
   0.0042609319
   0.0067388338
   0.0021292430
  -0.0138768344
  -0.0277005383
  -0.0322778339
  -0.0326275979
  -0.0335990496
  -0.0360899119
  -0.0406756553
  -0.0477911311
  -0.0519720703
  -0.0505985080
  -0.0420465406
  -0.0361602883
  -0.0337106395
  -0.0282965323
  -0.0256460950
  -0.0285245573
  -0.0306061787
  -0.0303817063
  -0.0318551500
  -0.0310029521
  -0.0253397878
  -0.0145735436
  -0.0046707489
   0.0019020561
   0.0122726119
   0.0285493254
   0.0404665024
   0.0455975194
   0.0431188077
   0.0360281084
   0.0300370794
   0.0271397034
   0.0277792792
   0.0299696218
   0.0324533872
   0.0330649342
   0.0326821378
   0.0309520732
   0.0256994674
   0.0164105113
   0.0058337840
   0.0035334910
   0.0124308358
   0.0244117512
   0.0283348770
   0.0212084098
   0.0159149157
   0.0198412188
   0.0249993890
   0.0235022697
   0.0161741469
   0.0107674617
   0.0090560442
   0.0027775602
  -0.0099409660
  -0.0215197957
  -0.0240565499
  -0.0080991222
   0.0069211454
   0.0044271158
  -0.0021838862
  -0.0110993793
  -0.0148540904
  -0.0210662893
  -0.0237024744
  -0.0275424061
  -0.0107200187
   0.0233499501
   0.0295580043
   0.0148016020
  -0.0130800353
  -0.0296911766
  -0.0371938020
  -0.0384598191
  -0.0303103042
  -0.0025614605
   0.0166916751
   0.0075400453
  -0.0170649813
  -0.0369238214
  -0.0443975674
  -0.0473631516
  -0.0408638846
  -0.0226692526
  -0.0110957767
  -0.0103123624
  -0.0133866011
  -0.0048821734
   0.0181602152
   0.0261587864
   0.0261068985
   0.0234036226
   0.0234342033
   0.0213681432
   0.0122103830
   0.0001025259
  -0.0044884273
  -0.0017486865
  -0.0035920230
  -0.0094937307
  -0.0170592605
  -0.0197474336
  -0.0170817519
  -0.0122647394
  -0.0088241330
  -0.0043924839
   0.0060121727
   0.0174539073
   0.0207032989
   0.0149455072
   0.0077228305
   0.0044529697
   0.0040676156
   0.0000960319
  -0.0076303404
  -0.0090536341
  -0.0002099210
   0.0087991064
   0.0120765102
   0.0154414447
   0.0218346592
   0.0267299956
   0.0243048564
   0.0186727648
   0.0203049995
   0.0285560636
   0.0336019934
   0.0277164833
   0.0198133235
   0.0172885948
   0.0195699456
   0.0187430995
   0.0118752214
   0.0058306192
   0.0055098789
   0.0029017668
  -0.0036301625
  -0.0092503362
  -0.0167605421
  -0.0229362477
  -0.0248792345
  -0.0187226513
  -0.0080602213
   0.0011034707
   0.0142310516
   0.0271784150
   0.0336109333
   0.0267414540
   0.0031359821
  -0.0112584956
  -0.0182303081
  -0.0202047345
  -0.0156872076
  -0.0089512509
  -0.0038398416
  -0.0048299536
  -0.0079644455
  -0.0140532634
  -0.0236321480
  -0.0351471311
  -0.0428003416
  -0.0449645901
  -0.0384584097
  -0.0265089507
  -0.0153131342
  -0.0101311049
  -0.0099014621
  -0.0093936743
  -0.0102639187
  -0.0139335675
  -0.0148736213
  -0.0099868829
  -0.0029812482
   0.0024457501
   0.0031781504
   0.0041963280
   0.0054510417
  -0.0019408544
  -0.0138963904
  -0.0258120914
  -0.0293321726
  -0.0287293986
  -0.0104931779
   0.0161629303
   0.0239435923
   0.0251176254
   0.0169279061
   0.0046032262
  -0.0065697811
  -0.0087688176
  -0.0044885783
  -0.0036532769
  -0.0057577584
  -0.0044886942
  -0.0013992611
  -0.0048442924
  -0.0107536600
  -0.0104594699
  -0.0032964803
   0.0031742426
   0.0038615716
   0.0017639701
  -0.0001772334
  -0.0031340632
  -0.0031197211
  -0.0008137401
   0.0035413542
   0.0091945788
   0.0117345769
   0.0091904090
   0.0056509078
   0.0018153610
  -0.0047642431
  -0.0105936680
  -0.0114962611
  -0.0091927858
  -0.0078573505
  -0.0106133574
  -0.0135123847
  -0.0141785299
  -0.0114746203
  -0.0026146402
   0.0085258483
   0.0172405180
   0.0211499504
   0.0232468247
   0.0251096363
   0.0283726295
   0.0302133666
   0.0321674199
   0.0339418418
   0.0344172560
   0.0338661115
   0.0268758355
   0.0137805640
   0.0033534844
   0.0010294333
   0.0044760316
   0.0065881545
   0.0012581780
  -0.0052704039
  -0.0039410406
   0.0041065474
   0.0080066547
   0.0050023213
   0.0009423154
  -0.0018954179
  -0.0027078200
  -0.0023140505
   0.0001680246
   0.0033042034
   0.0075598264
   0.0143842886
   0.0213475365
   0.0275536476
   0.0296257204
   0.0278862240
   0.0232282278
   0.0165176646
   0.0138279237
   0.0147329685
   0.0177186758
   0.0177501821
   0.0132826001
   0.0124243311
   0.0158820500
   0.0205350009
   0.0186763424
   0.0131014593
   0.0074218122
   0.0007096283
  -0.0084686648
  -0.0176059767
  -0.0254582244
  -0.0289934166
  -0.0306743536
  -0.0329276589
  -0.0359867281
  -0.0396555013
  -0.0412086365
  -0.0413465123
  -0.0372916569
  -0.0305743722
  -0.0224968682
  -0.0146550365
  -0.0093105635
  -0.0095614969
  -0.0140459330
  -0.0177036565
  -0.0171422962
  -0.0152650407
  -0.0118540559
  -0.0076860712
  -0.0031684000
   0.0001898424
   0.0011076855
   0.0017209620
  -0.0000814767
  -0.0029379057
  -0.0026478745
   0.0008974543
   0.0065081752
   0.0119487501
   0.0155928553
   0.0130598122
   0.0044711097
  -0.0043864278
  -0.0113811686
  -0.0151766928
  -0.0153724526
  -0.0120805965
  -0.0098935813
  -0.0074208932
  -0.0012504748
   0.0068941940
   0.0116560195
   0.0097863863
   0.0049872085
   0.0015175150
  -0.0011772630
  -0.0031005229
  -0.0047975332
  -0.0052041721
  -0.0042089564
  -0.0030657475
  -0.0024277695
  -0.0034238550
  -0.0054959529
  -0.0054330461
  -0.0007435746
   0.0036804784
   0.0063386905
   0.0076699277
   0.0078333021
   0.0044393489
   0.0017488074
  -0.0000655540
  -0.0011467115
  -0.0009017683
  -0.0012667225
   0.0011319899
   0.0043210316
   0.0049318281
   0.0029464878
   0.0006421931
  -0.0031396481
  -0.0098442286
  -0.0144980301
  -0.0154303532
  -0.0156201086
  -0.0109570586
  -0.0067949390
  -0.0017890835
   0.0043618056
   0.0079242269
   0.0076912166
   0.0032280344
  -0.0019028825
  -0.0038372722
  -0.0006738314
   0.0043532935
   0.0081913638
   0.0103230202
   0.0118320649
   0.0104072651
   0.0107526342
   0.0141100382
   0.0177311849
   0.0177644342
   0.0162206058
   0.0132698241
   0.0081439875
   0.0049643377
   0.0069897347
   0.0098716653
   0.0084332056
   0.0079722011
   0.0071428458
   0.0068051506
   0.0065601474
   0.0077263498
   0.0095790431
   0.0135327412
   0.0169828630
   0.0187343515
   0.0179322819
   0.0136112069
   0.0064812923
  -0.0026024522
  -0.0062066098
  -0.0029853170
   0.0006953314
   0.0005983931
  -0.0014184209
  -0.0033459214
  -0.0019432745
   0.0022860242
   0.0073676893
   0.0075974597
   0.0022198508
  -0.0040619156
  -0.0089862098
  -0.0105760385
  -0.0114113824
  -0.0120076515
  -0.0119107140
  -0.0131168706
  -0.0144531390
  -0.0155751174
  -0.0163143160
  -0.0144174462
  -0.0110157766
  -0.0052536700
  -0.0020042207
  -0.0052331425
  -0.0090268812
  -0.0132442637
  -0.0137895539
  -0.0111620335
  -0.0064368122
  -0.0008372011
   0.0050347508
   0.0096672743
   0.0102984773
   0.0098527765
   0.0081532927
   0.0068629095
   0.0074371059
   0.0071878904
   0.0090354708
   0.0126787170
   0.0154084038
   0.0169855316
   0.0156892591
   0.0116233540
   0.0065485506
   0.0019390956
  -0.0015671763
  -0.0020196712
  -0.0056773330
  -0.0083253176
  -0.0088875877
  -0.0066368643
  -0.0024449812
   0.0007593181
   0.0034515811
   0.0043796420
   0.0064985732
   0.0054192343
   0.0020703749
  -0.0010445652
  -0.0031286034
  -0.0038737364
  -0.0040285328
  -0.0016246692
   0.0026361510
   0.0050545436
   0.0068664571
   0.0036248453
  -0.0058978583
  -0.0121346027
  -0.0152802518
  -0.0164830476
  -0.0169194083
  -0.0160696538
  -0.0118199643
  -0.0070880140
  -0.0017996946
   0.0027945125
   0.0075470896
   0.0102870689
   0.0085016806
   0.0052226523
  -0.0005121714
  -0.0079984170
  -0.0134271140
  -0.0180349236
  -0.0194972257
  -0.0172337213
  -0.0143483791
  -0.0123791397
  -0.0148995069
  -0.0165556924
  -0.0145567313
  -0.0115591487
  -0.0107909956
  -0.0124028988
  -0.0120898449
  -0.0100007597
  -0.0073859001
  -0.0044427598
  -0.0007807773
   0.0016766705
   0.0019157686
   0.0017184452
   0.0019082047
   0.0038408090
   0.0075444752
   0.0126975058
   0.0165976981
   0.0171005240
   0.0154624767
   0.0120464382
   0.0079395273
   0.0049190079
   0.0040097016
   0.0040335657
   0.0040071989
   0.0035164135
   0.0045746295
   0.0070831663
   0.0093696734
   0.0080776424
   0.0046198901
   0.0016776212
   0.0002655870
   0.0007555678
   0.0022722758
   0.0039021129
   0.0045605208
   0.0051245431
   0.0045087472
   0.0030601650
   0.0004700276
  -0.0023948321
  -0.0022476662
  -0.0021931922
  -0.0013748716
  -0.0014615841
  -0.0010311470
   0.0008512997
   0.0028587770
   0.0037392556
  -0.0011100680
  -0.0073952795
  -0.0124955832
  -0.0149045606
  -0.0132628690
  -0.0078588800
  -0.0008786222
   0.0040099342
   0.0044029874
   0.0049227097
   0.0059341265
   0.0054943909
   0.0054850841
   0.0092950188
   0.0138969658
   0.0137703316
   0.0089627426
   0.0037901403
   0.0004998983
   0.0008997084
   0.0003221901
  -0.0044531624
  -0.0086926953
  -0.0080939059
  -0.0021582692
   0.0041253136
   0.0069341357
   0.0084133995
   0.0096239009
   0.0082033951
   0.0031073804
  -0.0050551457
  -0.0041552404
   0.0041400377
   0.0124778869
   0.0163482741
   0.0141137659
   0.0103787276
   0.0048616209
   0.0002190025
  -0.0033051182
  -0.0050761110
  -0.0033884833
   0.0001424841
   0.0035203364
   0.0046823365
   0.0022997551
  -0.0006620725
  -0.0042083142
  -0.0064683945
  -0.0052102841
  -0.0027332444
   0.0002813747
   0.0026716594
   0.0023901445
   0.0011789275
  -0.0018330915
  -0.0049846250
  -0.0046971115
  -0.0062715514
  -0.0087562250
  -0.0106471905
  -0.0102976350
  -0.0088992295
  -0.0089068851
  -0.0092828183
  -0.0080331674
  -0.0058989516
  -0.0046433947
  -0.0033223909
  -0.0012579094
   0.0020918314
   0.0062905787
   0.0095059897
   0.0096013344
   0.0064251929
   0.0022367482
   0.0006801096
  -0.0015008945
  -0.0034888008
  -0.0047289973
  -0.0040953025
  -0.0004486878
   0.0023285686
   0.0073898155
   0.0114779477
   0.0137185354
   0.0128458559
   0.0092571245
   0.0059295623
   0.0015148797
  -0.0015889897
  -0.0018203905
  -0.0023614177
  -0.0046742581
  -0.0057128698
  -0.0040584197
   0.0005289698
   0.0039782828
   0.0032221293
   0.0024480935
   0.0037716643
   0.0029372027
  -0.0005868707
  -0.0046324292
  -0.0037852217
  -0.0008318725
   0.0023954000
   0.0038942405
   0.0033966652
   0.0024125167
  -0.0002762446
  -0.0023364411
  -0.0043711199
  -0.0063794445
  -0.0101102730
  -0.0114908655
  -0.0100712195
  -0.0069196935
  -0.0030272568
  -0.0003009744
   0.0028599712
   0.0040364386
   0.0020026696
  -0.0002361853
  -0.0019672087
  -0.0044944259
  -0.0070998710
  -0.0091107758
  -0.0092145684
  -0.0081087276
  -0.0080313394
  -0.0083724445
  -0.0098372235
  -0.0101357667
  -0.0073355683
  -0.0022718238
   0.0027493695
   0.0050877529
   0.0043145519
   0.0022526607
   0.0022339353
   0.0039181905
   0.0057683095
   0.0057326776
   0.0055906104
   0.0076107878
   0.0095714542
   0.0091189652
   0.0086698702
   0.0079596153
   0.0063792051
   0.0030609406
   0.0002606833
  -0.0005414927
   0.0016938931
   0.0050138305
   0.0078863551
   0.0087055380
   0.0041063272
  -0.0014329182
  -0.0074689325
  -0.0092510367
  -0.0079266620
  -0.0075872840
  -0.0094859167
  -0.0079531547
  -0.0034083212
  -0.0014399708
  -0.0018244552
  -0.0032849794
  -0.0021715214
  -0.0014518712
  -0.0038268004
  -0.0068984430
  -0.0078647993
  -0.0067437015
  -0.0058403546
  -0.0055961970
  -0.0052891301
  -0.0031532222
  -0.0011364607
   0.0005409218
   0.0025117901
   0.0040123051
   0.0056582490
   0.0060180562
   0.0057169386
   0.0043916716
   0.0053493766
   0.0059574861
   0.0067212910
   0.0080381352
   0.0075312263
   0.0072130805
   0.0044894272
   0.0016117739
  -0.0005198596
  -0.0029884443
  -0.0046506117
  -0.0074211542
  -0.0085304433
  -0.0074731772
  -0.0038598304
   0.0015399122
   0.0039922371
   0.0060668869
   0.0078855119
   0.0076167789
   0.0042185409
   0.0024891168
   0.0047423496
   0.0059306873
   0.0050690183
   0.0040788554
   0.0023239953
   0.0009748250
   0.0010632663
   0.0009849841
   0.0017412260
   0.0008556996
  -0.0002493141
  -0.0019183455
  -0.0043902414
  -0.0080369668
  -0.0107198853
  -0.0121931538
  -0.0128260747
  -0.0130957468
  -0.0117900842
  -0.0089609497
  -0.0082635049
  -0.0079063080
  -0.0098491906
  -0.0107381153
  -0.0098280001
  -0.0075934443
  -0.0043075484
  -0.0016783117
   0.0004422012
   0.0002422920
  -0.0012582697
  -0.0014446025
  -0.0012915540
  -0.0010304432
   0.0007022141
   0.0022060816
   0.0042636355
   0.0053762229
   0.0059936984
   0.0064470330
   0.0065099474
   0.0082367170
   0.0099277063
   0.0108080497
   0.0103061496
   0.0079235631
   0.0060104523
   0.0035520963
   0.0010291239
  -0.0004254752
  -0.0017729058
  -0.0024432817
  -0.0019950899
   0.0008918519
   0.0032343807
   0.0057513037
   0.0076532405
   0.0083600938
   0.0078981579
   0.0060692619
   0.0058863115
   0.0057918567
   0.0054243047
   0.0041295608
   0.0029496901
   0.0023899260
   0.0011785781
   0.0017985938
   0.0028975445
   0.0020077400
   0.0009418334
   0.0008158549
   0.0024982960
   0.0040863601
   0.0038923508
   0.0032100871
   0.0027209221
   0.0033818377
   0.0043761878
   0.0048507646
   0.0049970257
   0.0034471287
  -0.0000566370
  -0.0037084672
  -0.0058691465
  -0.0056412866
  -0.0043084399
  -0.0023741920
  -0.0001847829
   0.0020003871
   0.0036555911
   0.0058781639
   0.0083091524
   0.0082861798
   0.0067890422
   0.0050553809
   0.0050042819
   0.0061168142
   0.0066339196
   0.0066695448
   0.0039526257
   0.0008885995
  -0.0013137327
  -0.0019951816
  -0.0025345292
  -0.0043226220
  -0.0067163891
  -0.0079133781
  -0.0060064202
  -0.0039318538
  -0.0025658196
  -0.0014600555
  -0.0010951713
  -0.0016863784
  -0.0034659325
  -0.0056887129
  -0.0065028772
  -0.0048995628
  -0.0037053608
  -0.0032801325
  -0.0040798103
  -0.0050479371
  -0.0035152193
  -0.0020097014
   0.0005386640
   0.0029586292
   0.0036696897
   0.0011696341
  -0.0042948066
  -0.0096368187
  -0.0115304277
  -0.0109291633
  -0.0092195470
  -0.0075320319
  -0.0080356859
  -0.0079226424
  -0.0063014700
  -0.0048044750
  -0.0036605447
  -0.0025225137
  -0.0009157969
   0.0012566668
   0.0032411098
   0.0029696756
   0.0015039726
   0.0006923771
   0.0004676985
   0.0008095390
   0.0019314209
   0.0033808061
   0.0011606058
  -0.0019187616
  -0.0033963850
  -0.0020184920
  -0.0007179827
  -0.0025265133
  -0.0049857617
  -0.0057471773
  -0.0058144824
  -0.0071815316
  -0.0063829487
  -0.0045133914
  -0.0036705370
  -0.0037718544
  -0.0041972770
  -0.0038009965
  -0.0016388504
   0.0007343146
   0.0018774581
   0.0006516261
  -0.0007631234
   0.0010604626
   0.0029036381
   0.0055396890
   0.0079834510
   0.0082649059
   0.0069369995
   0.0046768058
   0.0021112431
   0.0000909166
  -0.0015551167
  -0.0029902181
  -0.0034420150
  -0.0032813617
  -0.0023849323
   0.0007205733
   0.0020993444
   0.0021290395
   0.0016007100
   0.0019596031
   0.0015478213
  -0.0000616856
  -0.0006121754
  -0.0015156712
   0.0004542290
   0.0022582864
   0.0028748913
   0.0020658641
   0.0017016938
   0.0016769349
   0.0012847023
  -0.0002703477
  -0.0007485679
  -0.0002008983
  -0.0002486428
   0.0011343966
   0.0020546951
   0.0015118984
   0.0010617919
   0.0028250173
   0.0052330182
   0.0072540004
   0.0069715014
   0.0067085634
   0.0052385973
   0.0039846533
   0.0029808387
   0.0022160289
   0.0020602600
   0.0004660823
  -0.0008074115
  -0.0002911867
   0.0013980452
   0.0021005537
   0.0036273371
   0.0060013473
   0.0068816365
   0.0072115660
   0.0064127713
   0.0033147286
   0.0012425140
   0.0001357265
  -0.0006792451
  -0.0019110576
  -0.0037298320
  -0.0031890309
  -0.0019514964
  -0.0020808751
  -0.0014625465
   0.0000106506
   0.0015757392
   0.0000590244
  -0.0012850393
  -0.0031267537
  -0.0055911283
  -0.0060659161
  -0.0051209972
  -0.0031714656
  -0.0026041926
  -0.0040333247
  -0.0047598891
  -0.0040863101
  -0.0026837466
  -0.0018212729
  -0.0012352754
  -0.0006118781
  -0.0003202118
   0.0000778120
  -0.0002004402
  -0.0009448381
  -0.0009492171
  -0.0007434790
   0.0003384168
   0.0014407722
   0.0008435908
  -0.0010848638
  -0.0024417872
  -0.0006190554
   0.0023418517
   0.0050817443
   0.0070015467
   0.0071545160
   0.0058096230
   0.0038352574
   0.0021254468
   0.0011964620
  -0.0000063961
  -0.0013785318
  -0.0028352582
  -0.0033850450
  -0.0021859027
  -0.0004987382
  -0.0000397395
   0.0002359179
   0.0002275107
   0.0006278963
   0.0008726812
   0.0008932687
  -0.0001509506
  -0.0027577273
  -0.0053140758
  -0.0069297192
  -0.0066655920
  -0.0077723768
  -0.0075435562
  -0.0083224872
  -0.0099993503
  -0.0096210321
  -0.0084150256
  -0.0064456387
  -0.0060371977
  -0.0056706105
  -0.0056886754
  -0.0043396394
  -0.0020550546
  -0.0002386308
   0.0016274362
   0.0017201006
   0.0013284618
   0.0004081821
   0.0011196642
   0.0016630872
   0.0015705338
   0.0016858731
   0.0018831139
   0.0017888241
   0.0017252001
   0.0018542828
   0.0036538306
   0.0050772327
   0.0047889403
   0.0049703379
   0.0054299280
   0.0065946851
   0.0072181800
   0.0071302774
   0.0059991515
   0.0047395967
   0.0042123864
   0.0040726259
   0.0039248362
   0.0026373535
   0.0019916632
   0.0011057607
   0.0003553469
   0.0003123170
   0.0001443232
   0.0002271730
   0.0000565984
   0.0004523480
   0.0013357647
   0.0019864653
   0.0019466595
   0.0012067195
   0.0012077136
   0.0004724409
  -0.0001691859
   0.0006596453
   0.0011883060
   0.0024283749
   0.0030162913
   0.0028844866
   0.0027131030
   0.0031689270
   0.0033495999
   0.0031220169
   0.0029078687
   0.0025062827
   0.0017211547
   0.0011207433
   0.0000635632
  -0.0012513396
  -0.0021648940
  -0.0027094162
  -0.0024914727
  -0.0020738375
  -0.0016281559
  -0.0013378170
  -0.0014749464
  -0.0011736745
  -0.0007487324
  -0.0002482468
   0.0003667235
   0.0006696782
   0.0005638169
  -0.0005080377
  -0.0012469097
  -0.0017035385
  -0.0020864208
  -0.0024851398
  -0.0029366831
  -0.0029132043
  -0.0024515177
  -0.0020334521
  -0.0018984993
  -0.0018654627
  -0.0017833718
  -0.0016070513
  -0.0015296347
  -0.0013319444
  -0.0014135715
  -0.0014707883
  -0.0014658923
  -0.0013804448
  -0.0012395277
  -0.0011007087
  -0.0009351677
  -0.0007756713
  -0.0003932933
  -0.0002078603
  -0.0000036574
   0.0000108360
   0.0001179882
   0.0002147857
   0.0001208932
   0.0001233910
   0.0001828941
   0.0002271056
   0.0002023708
   0.0001264519
   0.0000978088
   0.0001422447
   0.0001982075
   0.0002181195
   0.0002058780
   0.0002109105
   0.0002321418
   0.0002070863
   0.0001703099
   0.0001664999
   0.0001533090
   0.0001419594
   0.0001229231
   0.0000903228
   0.0000955172
   0.0001768064
   0.0001289122
   0.0000662885
   0.0000720274
   0.0000581154
   0.0000478451
   0.0000403322
   0.0000348022
   0.0000279241
   0.0000276714
   0.0000362076
   0.0000473889
   0.0000537887
   0.0000595080
   0.0000627472
   0.0000674454
   0.0000699160
   0.0000704808
   0.0000693523
   0.0000688859
   0.0000688180
   0.0000688049
   0.0000690617
   0.0000684227
   0.0000679437
   0.0000664174
   0.0000635381
   0.0000606057
   0.0000576678
   0.0000545591
   0.0000516160
   0.0000488952
   0.0000463360
   0.0000439134
   0.0000415654
   0.0000393735
   0.0000373372
   0.0000354283
   0.0000336356
   0.0000319344
   0.0000303192
   0.0000287810
   0.0000273168
   0.0000259214
   0.0000245930
   0.0000233283
   0.0000221238
   0.0000209752
   0.0000198782
   0.0000188283
   0.0000178213
   0.0000168528
   0.0000159185
