     0.000    0.0021356823
     0.020   -0.0058697414
     0.040   -0.0049407080
     0.060   -0.0032076393
     0.080    0.0023970428
     0.100    0.0042183196
     0.120    0.0025962645
     0.140   -0.0029515031
     0.160   -0.0016190364
     0.180    0.0061703923
     0.200    0.0018134820
     0.220    0.0009777905
     0.240   -0.0032664778
     0.260    0.0011531722
     0.280   -0.0004625401
     0.300   -0.0038663008
     0.320    0.0001238684
     0.340    0.0028327317
     0.360    0.0001273599
     0.380   -0.0014337424
     0.400   -0.0040332437
     0.420   -0.0001063028
     0.440    0.0017620788
     0.460   -0.0001701134
     0.480   -0.0018810277
     0.500   -0.0013718752
     0.520    0.0028322092
     0.540   -0.0021290282
     0.560   -0.0013931551
     0.580   -0.0033091458
     0.600   -0.0023769482
     0.620   -0.0020596516
     0.640    0.0033302182
     0.660    0.0083897621
     0.680   -0.0023473165
     0.700   -0.0088863212
     0.720   -0.0007682877
     0.740    0.0052636527
     0.760    0.0046496066
     0.780    0.0081435817
     0.800    0.0023266013
     0.820   -0.0000764817
     0.840   -0.0018416698
     0.860   -0.0006023552
     0.880   -0.0003595336
     0.900   -0.0070645307
     0.920   -0.0012985582
     0.940    0.0063546892
     0.960    0.0084343360
     0.980    0.0065921842
     1.000    0.0024869908
     1.020   -0.0036349364
     1.040   -0.0085081779
     1.060   -0.0046130004
     1.080   -0.0020855491
     1.100    0.0044979696
     1.120    0.0045641705
     1.140   -0.0020883201
     1.160   -0.0009787121
     1.180    0.0061927609
     1.200   -0.0012765819
     1.220   -0.0102352345
     1.240   -0.0081940888
     1.260   -0.0028185972
     1.280    0.0044199568
     1.300    0.0057519447
     1.320    0.0017742303
     1.340   -0.0013433869
     1.360    0.0003863426
     1.380    0.0021711751
     1.400   -0.0022072860
     1.420   -0.0049968829
     1.440    0.0011452134
     1.460    0.0008360191
     1.480   -0.0030894715
     1.500    0.0017015546
     1.520    0.0079740158
     1.540    0.0005842964
     1.560   -0.0035890084
     1.580   -0.0090813754
     1.600   -0.0027202121
     1.620   -0.0005927951
     1.640    0.0035780980
     1.660    0.0054203043
     1.680   -0.0002471976
     1.700   -0.0000123420
     1.720    0.0006802180
     1.740    0.0080420980
     1.760    0.0077833809
     1.780   -0.0068350578
     1.800   -0.0118000157
     1.820   -0.0092177473
     1.840   -0.0071215970
     1.860   -0.0001987285
     1.880    0.0051622915
     1.900    0.0121402600
     1.920    0.0109597151
     1.940    0.0076515916
     1.960    0.0082159981
     1.980   -0.0032368917
     2.000   -0.0087388314
     2.020   -0.0025606041
     2.040   -0.0050196734
     2.060   -0.0036271967
     2.080   -0.0016970755
     2.100    0.0096472686
     2.120    0.0121427060
     2.140    0.0040818389
     2.160    0.0023258753
     2.180    0.0036303980
     2.200   -0.0007458252
     2.220   -0.0048204279
     2.240   -0.0004524414
     2.260    0.0076805228
     2.280    0.0056389927
     2.300    0.0000334230
     2.320   -0.0082789806
     2.340   -0.0164945500
     2.360   -0.0038479535
     2.380   -0.0001126197
     2.400    0.0005410523
     2.420   -0.0000442283
     2.440   -0.0006019722
     2.460    0.0056450824
     2.480    0.0051981459
     2.500    0.0131175041
     2.520    0.0113830412
     2.540   -0.0011888646
     2.560   -0.0097737983
     2.580   -0.0049294709
     2.600    0.0068931243
     2.620    0.0057235851
     2.640   -0.0065712818
     2.660   -0.0096531848
     2.680   -0.0036677867
     2.700   -0.0043242294
     2.720   -0.0104323741
     2.740   -0.0031841531
     2.760   -0.0012556901
     2.780    0.0041011524
     2.800    0.0106412747
     2.820    0.0020064704
     2.840    0.0004818400
     2.860   -0.0031214973
     2.880   -0.0023664582
     2.900    0.0004983594
     2.920    0.0077493670
     2.940    0.0003842367
     2.960   -0.0058567387
     2.980   -0.0051506428
     3.000    0.0036858721
     3.020    0.0010502344
     3.040   -0.0118674855
     3.060   -0.0150967491
     3.080   -0.0108723398
     3.100    0.0064865227
     3.120    0.0171133658
     3.140    0.0174131595
     3.160    0.0107935002
     3.180    0.0041563850
     3.200   -0.0050417358
     3.220   -0.0092534044
     3.240   -0.0063999163
     3.260   -0.0025158219
     3.280    0.0045642011
     3.300    0.0063037364
     3.320    0.0069918081
     3.340    0.0017772071
     3.360   -0.0029169561
     3.380   -0.0132674230
     3.400   -0.0156992520
     3.420   -0.0025536805
     3.440    0.0123755368
     3.460    0.0250666869
     3.480    0.0182211643
     3.500    0.0053618092
     3.520   -0.0104854362
     3.540   -0.0130283188
     3.560   -0.0114140273
     3.580   -0.0019954038
     3.600   -0.0036186303
     3.620   -0.0001755706
     3.640    0.0102980094
     3.660    0.0093376634
     3.680    0.0109520842
     3.700    0.0044291424
     3.720   -0.0115568155
     3.740   -0.0221573470
     3.760   -0.0202724345
     3.780   -0.0116519407
     3.800    0.0011986415
     3.820    0.0097014261
     3.840    0.0083906943
     3.860   -0.0042777844
     3.880   -0.0180671595
     3.900   -0.0115807286
     3.920   -0.0015616418
     3.940   -0.0003600946
     3.960    0.0163667377
     3.980    0.0234573793
     4.000    0.0087591519
     4.020   -0.0009561710
     4.040   -0.0052129653
     4.060   -0.0045768942
     4.080   -0.0009148087
     4.100    0.0040624675
     4.120    0.0049729290
     4.140   -0.0033020821
     4.160   -0.0086483159
     4.180   -0.0100108510
     4.200   -0.0034510410
     4.220   -0.0118542923
     4.240   -0.0161802738
     4.260   -0.0057893811
     4.280    0.0045252406
     4.300    0.0077436550
     4.320    0.0090847298
     4.340   -0.0025419111
     4.360   -0.0286113357
     4.380   -0.0289570267
     4.400   -0.0073819301
     4.420    0.0143878976
     4.440    0.0238423063
     4.460    0.0310275492
     4.480    0.0215770188
     4.500   -0.0050785768
     4.520   -0.0178328148
     4.540   -0.0158738597
     4.560   -0.0069016499
     4.580    0.0010990323
     4.600    0.0042416646
     4.620   -0.0036020724
     4.640   -0.0104881136
     4.660   -0.0035769549
     4.680    0.0065684513
     4.700    0.0095343880
     4.720    0.0054872026
     4.740    0.0039871151
     4.760   -0.0055115274
     4.780   -0.0055437960
     4.800    0.0029328410
     4.820    0.0013913455
     4.840   -0.0029018886
     4.860   -0.0126813963
     4.880   -0.0157948977
     4.900   -0.0038618883
     4.920    0.0085466281
     4.940    0.0188247592
     4.960    0.0079942955
     4.980   -0.0134688390
     5.000   -0.0114983645
     5.020   -0.0019870994
     5.040   -0.0083133551
     5.060   -0.0053571585
     5.080    0.0081934458
     5.100    0.0122882874
     5.120    0.0027837202
     5.140   -0.0146120190
     5.160   -0.0173360278
     5.180   -0.0038754252
     5.200    0.0214114333
     5.220    0.0241114950
     5.240    0.0089613844
     5.260   -0.0087463023
     5.280   -0.0086592434
     5.300   -0.0063858725
     5.320    0.0000446337
     5.340    0.0180620598
     5.360    0.0257038908
     5.380    0.0261557535
     5.400    0.0134732889
     5.420    0.0080606631
     5.440    0.0134436161
     5.460    0.0227409174
     5.480    0.0182239098
     5.500   -0.0065169746
     5.520   -0.0155140264
     5.540   -0.0102210750
     5.560   -0.0032901721
     5.580    0.0064100136
     5.600    0.0147603764
     5.620    0.0260014323
     5.640    0.0201246521
     5.660   -0.0009305004
     5.680   -0.0199001496
     5.700   -0.0320996974
     5.720   -0.0192520148
     5.740    0.0009457032
     5.760    0.0181314245
     5.780    0.0227519537
     5.800    0.0207967136
     5.820    0.0089725330
     5.840   -0.0200044638
     5.860   -0.0177818178
     5.880   -0.0068282333
     5.900    0.0032475378
     5.920    0.0122094852
     5.940    0.0121040892
     5.960    0.0124880024
     5.980    0.0184658308
     6.000    0.0196758478
     6.020    0.0110792944
     6.040    0.0059424878
     6.060    0.0110772089
     6.080    0.0268133189
     6.100    0.0132061994
     6.120   -0.0052416311
     6.140   -0.0236410196
     6.160   -0.0502298019
     6.180   -0.0687993448
     6.200   -0.0474523194
     6.220   -0.0121897226
     6.240    0.0101261233
     6.260    0.0042127742
     6.280   -0.0123782789
     6.300   -0.0209256486
     6.320   -0.0284008634
     6.340   -0.0178174783
     6.360   -0.0043747603
     6.380    0.0179587764
     6.400    0.0303712562
     6.420    0.0443347322
     6.440    0.0666961182
     6.460    0.0708326249
     6.480    0.0473436914
     6.500    0.0140375356
     6.520   -0.0127376938
     6.540   -0.0237936193
     6.560   -0.0113740394
     6.580   -0.0037014604
     6.600    0.0122091314
     6.620    0.0343002640
     6.640    0.0151840564
     6.660   -0.0140825687
     6.680   -0.0382619044
     6.700   -0.0430332370
     6.720   -0.0425261587
     6.740   -0.0530643031
     6.760   -0.0688077819
     6.780   -0.0719965064
     6.800   -0.0570816693
     6.820   -0.0297158138
     6.840    0.0077341768
     6.860    0.0272059992
     6.880    0.0433150303
     6.900    0.0628388873
     6.920    0.0473946204
     6.940    0.0214218096
     6.960   -0.0071363007
     6.980   -0.0201381209
     7.000   -0.0170732180
     7.020   -0.0067522413
     7.040    0.0169843628
     7.060    0.0115374611
     7.080    0.0077179795
     7.100    0.0090551591
     7.120   -0.0008646159
     7.140   -0.0091015088
     7.160   -0.0251112846
     7.180   -0.0436060432
     7.200   -0.0320843098
     7.220    0.0051235385
     7.240    0.0209904308
     7.260    0.0018265970
     7.280   -0.0169904627
     7.300   -0.0279304594
     7.320   -0.0207496222
     7.340    0.0021789189
     7.360    0.0061712531
     7.380   -0.0075063097
     7.400   -0.0226030860
     7.420   -0.0509385208
     7.440   -0.0682982542
     7.460   -0.0545378749
     7.480   -0.0348540526
     7.500   -0.0137402084
     7.520   -0.0031235259
     7.540    0.0058831727
     7.560    0.0267539664
     7.580    0.0469242844
     7.600    0.0552162473
     7.620    0.0632793871
     7.640    0.0517016727
     7.660    0.0443818508
     7.680    0.0362082119
     7.700    0.0199523747
     7.720   -0.0073658621
     7.740   -0.0147312615
     7.760    0.0072432618
     7.780    0.0404923683
     7.800    0.0559990292
     7.820    0.0530447752
     7.840    0.0005201374
     7.860   -0.0817996340
     7.880   -0.1169640913
     7.900   -0.1047934985
     7.920    0.0628106842
     7.940    0.1454335506
     7.960    0.1465188444
     7.980    0.1326241175
     8.000    0.0828931948
     8.020   -0.0033233052
     8.040   -0.0740143411
     8.060   -0.0639425863
     8.080   -0.0625524672
     8.100   -0.0378086808
     8.120   -0.0255048086
     8.140   -0.0408233555
     8.160   -0.0323822902
     8.180    0.0205771476
     8.200    0.0673566297
     8.220    0.0874408414
     8.240    0.0814681705
     8.260    0.0469569103
     8.280    0.0069769853
     8.300   -0.0352142296
     8.320   -0.0701283287
     8.340   -0.0926020170
     8.360   -0.1126988844
     8.380   -0.0909082293
     8.400   -0.0525788280
     8.420   -0.0253256217
     8.440   -0.0033436530
     8.460    0.0130031197
     8.480    0.0248770045
     8.500   -0.0163625430
     8.520   -0.0871538770
     8.540   -0.1237167204
     8.560   -0.1281289988
     8.580   -0.1145901622
     8.600   -0.0736380044
     8.620    0.0187942937
     8.640    0.0811097286
     8.660    0.1062845570
     8.680    0.1259003379
     8.700    0.1208195532
     8.720    0.0969029117
     8.740    0.0581267847
     8.760    0.0360418507
     8.780    0.0461733459
     8.800    0.0715878500
     8.820    0.0143823964
     8.840   -0.0645673081
     8.860   -0.0606481255
     8.880   -0.0415705177
     8.900   -0.0515065641
     8.920   -0.0858443529
     8.940   -0.1075868347
     8.960   -0.1137132111
     8.980   -0.0920849367
     9.000   -0.0428425170
     9.020    0.0500581676
     9.040    0.1528243737
     9.060    0.2114758934
     9.080    0.1623984060
     9.100    0.0198800400
     9.120   -0.0285262874
     9.140   -0.0294715759
     9.160   -0.0397654144
     9.180   -0.0288951159
     9.200    0.0009290184
     9.220    0.0341785040
     9.240    0.0628961101
     9.260    0.0652239412
     9.280    0.0470534610
     9.300    0.0342474299
     9.320    0.0156987110
     9.340   -0.0183894374
     9.360   -0.0626067642
     9.380   -0.0967924805
     9.400   -0.1139434630
     9.420   -0.1144557805
     9.440   -0.0422797469
     9.460    0.0495628265
     9.480    0.0814693952
     9.500    0.1179813438
     9.520    0.0953037015
     9.540    0.0399507931
     9.560    0.0002860317
     9.580   -0.0036612446
     9.600   -0.0071603227
     9.620   -0.0391284792
     9.640   -0.0534060068
     9.660   -0.0668473742
     9.680   -0.0815658779
     9.700   -0.0665005333
     9.720   -0.0291119977
     9.740    0.0087038343
     9.760    0.0466028230
     9.780    0.0859872398
     9.800    0.1223460612
     9.820    0.1284805685
     9.840    0.0801520124
     9.860   -0.0222835909
     9.880   -0.1088298143
     9.900   -0.1564359072
     9.920   -0.1591452463
     9.940   -0.1202228644
     9.960   -0.0535054153
     9.980    0.0150834606
    10.000    0.0576082415
    10.020    0.0760023057
    10.040    0.0598200281
    10.060    0.0337477409
    10.080    0.0063566420
    10.100   -0.0326109534
    10.120   -0.0699825161
    10.140   -0.0918256991
    10.160   -0.0946910570
    10.180   -0.0782830862
    10.200   -0.0339377022
    10.220    0.0188205985
    10.240    0.0715194684
    10.260    0.1205884167
    10.280    0.1674990588
    10.300    0.1829638742
    10.320    0.1562286873
    10.340    0.0978283423
    10.360   -0.0213124400
    10.380   -0.0887567274
    10.400   -0.0917086339
    10.420   -0.0793501789
    10.440   -0.0527578448
    10.460    0.0533455521
    10.480    0.1414532669
    10.500    0.1659366590
    10.520    0.1523186222
    10.540    0.0720462787
    10.560    0.0156930330
    10.580   -0.0284735622
    10.600   -0.0569169072
    10.620   -0.0307236561
    10.640    0.0166723421
    10.660    0.0284340267
    10.680   -0.0165024190
    10.700   -0.0537637003
    10.720   -0.0317381460
    10.740    0.0180764335
    10.760    0.0629322060
    10.780    0.0895425371
    10.800    0.0807611867
    10.820    0.0372610839
    10.840    0.0101744123
    10.860    0.0104528852
    10.880    0.0245876927
    10.900    0.0222462907
    10.920    0.0109659749
    10.940    0.0131182559
    10.960    0.0325760516
    10.980    0.0573569307
    11.000    0.0986070076
    11.020    0.1407667976
    11.040    0.1640424554
    11.060    0.1317749953
    11.080   -0.0085127741
    11.100   -0.0968028228
    11.120   -0.1375062895
    11.140   -0.1775997312
    11.160   -0.1924302991
    11.180   -0.2228948673
    11.200   -0.2356750426
    11.220   -0.2335643995
    11.240   -0.1399966374
    11.260   -0.0319711094
    11.280   -0.0016553508
    11.300    0.0075067962
    11.320   -0.0120498840
    11.340   -0.0390120944
    11.360   -0.0617790750
    11.380   -0.0567123068
    11.400   -0.0325115041
    11.420   -0.0106492559
    11.440    0.0029749664
    11.460    0.0004840204
    11.480   -0.0033360970
    11.500   -0.0085720756
    11.520   -0.0052612610
    11.540    0.0090846618
    11.560    0.0101018496
    11.580   -0.0032159557
    11.600   -0.0350224550
    11.620   -0.0912275815
    11.640   -0.1421028918
    11.660   -0.1543563930
    11.680   -0.1116505711
    11.700    0.0465728168
    11.720    0.1694358562
    11.740    0.2023580784
    11.760    0.2087438285
    11.780    0.1783462811
    11.800    0.1164647358
    11.820    0.0294171292
    11.840   -0.0258965704
    11.860   -0.0433030550
    11.880    0.0004999121
    11.900    0.0455214076
    11.920    0.0165433051
    11.940   -0.0665380921
    11.960   -0.1283755126
    11.980   -0.1702016618
    12.000   -0.1923972310
    12.020   -0.1450515324
    12.040   -0.0615473602
    12.060   -0.0254856958
    12.080   -0.0075108412
    12.100    0.0062239273
    12.120    0.0374163883
    12.140    0.0606736750
    12.160    0.0356403727
    12.180   -0.0098253227
    12.200   -0.0411782253
    12.220   -0.0273331141
    12.240    0.0148801666
    12.260    0.0583119253
    12.280    0.0962711816
    12.300    0.1229324076
    12.320    0.1292760401
    12.340    0.0859206273
    12.360   -0.0467693202
    12.380   -0.1098123316
    12.400   -0.0978380041
    12.420   -0.0622562491
    12.440   -0.0300367853
    12.460   -0.0181833367
    12.480   -0.0165042493
    12.500   -0.0160015904
    12.520   -0.0018962574
    12.540    0.0190002073
    12.560    0.0548633168
    12.580    0.0642081177
    12.600    0.0512506265
    12.620    0.0047264934
    12.640   -0.0441578586
    12.660   -0.0490832369
    12.680    0.0239091570
    12.700    0.1075769687
    12.720    0.1126643534
    12.740    0.1049155647
    12.760    0.0006497032
    12.780   -0.0987330542
    12.800   -0.1026731595
    12.820   -0.0867214061
    12.840   -0.0619806135
    12.860   -0.0451130914
    12.880   -0.0219962012
    12.900   -0.0202478171
    12.920   -0.0172264914
    12.940    0.0211035972
    12.960    0.0628899183
    12.980    0.0772764823
    13.000    0.0427381075
    13.020   -0.0287573729
    13.040   -0.0721731078
    13.060   -0.0905104255
    13.080   -0.0647013495
    13.100   -0.0139449993
    13.120    0.0133984468
    13.140    0.0272017738
    13.160    0.0503322722
    13.180    0.0858655478
    13.200    0.1170573420
    13.220    0.1539785934
    13.240    0.1739727183
    13.260    0.1783206975
    13.280    0.1248496772
    13.300    0.0074615725
    13.320   -0.0875618190
    13.340   -0.0953093829
    13.360   -0.0204330938
    13.380    0.0442315815
    13.400    0.0857122506
    13.420    0.1230679800
    13.440    0.0817805144
    13.460   -0.0399491941
    13.480   -0.0663095412
    13.500   -0.0453412681
    13.520   -0.0264962393
    13.540   -0.0153826861
    13.560   -0.0135827879
    13.580   -0.0068380652
    13.600   -0.0264694514
    13.620   -0.0416282849
    13.640   -0.0337697693
    13.660   -0.0190299856
    13.680   -0.0281814368
    13.700   -0.0815044025
    13.720   -0.1196042664
    13.740   -0.1262866087
    13.760   -0.0506088604
    13.780    0.0069423046
    13.800    0.0122017013
    13.820    0.0318935457
    13.840    0.0415913384
    13.860    0.0496791092
    13.880    0.0404823322
    13.900    0.0079766184
    13.920   -0.0054960038
    13.940    0.0297414654
    13.960    0.0583932007
    13.980    0.0341813957
    14.000   -0.0012462453
    14.020   -0.0170368295
    14.040   -0.0164692965
    14.060   -0.0147843031
    14.080   -0.0003468596
    14.100    0.0411092313
    14.120    0.0944328060
    14.140    0.1600829924
    14.160    0.2007832611
    14.180    0.1707801835
    14.200    0.0123588633
    14.220   -0.0790150752
    14.240   -0.0749497738
    14.260   -0.0793304469
    14.280   -0.1050209608
    14.300   -0.1540693605
    14.320   -0.1711721698
    14.340   -0.1651639812
    14.360   -0.0807319289
    14.380    0.0285095935
    14.400    0.1054616307
    14.420    0.1560687560
    14.440    0.1788006953
    14.460    0.1511955995
    14.480    0.0739327255
    14.500    0.0252870014
    14.520   -0.0004626170
    14.540   -0.0063669911
    14.560   -0.0081242783
    14.580    0.0055845664
    14.600    0.0216084029
    14.620    0.0195981650
    14.640   -0.0451479285
    14.660   -0.1107211601
    14.680   -0.1329872882
    14.700   -0.1342079503
    14.720   -0.0983429051
    14.740   -0.0470140990
    14.760    0.0055600069
    14.780    0.0297527432
    14.800    0.0355084745
    14.820    0.0220295177
    14.840   -0.0078875522
    14.860   -0.0314719308
    14.880   -0.0616564645
    14.900   -0.0909945058
    14.920   -0.0802602662
    14.940   -0.0326245242
    14.960    0.0703006095
    14.980    0.1276610783
    15.000    0.1451878192
    15.020    0.1323725685
    15.040    0.1209829205
    15.060    0.0548070466
    15.080   -0.0871910276
    15.100   -0.1304695536
    15.120   -0.1251172498
    15.140   -0.0890751270
    15.160   -0.0575023011
    15.180   -0.0265123549
    15.200    0.0154087357
    15.220    0.0214839382
    15.240    0.0158609897
    15.260    0.0268391338
    15.280    0.0292426950
    15.300    0.0319133219
    15.320    0.0374505791
    15.340    0.0120655948
    15.360   -0.0190593795
    15.380   -0.0131825958
    15.400    0.0329752060
    15.420    0.0762740969
    15.440    0.0986864459
    15.460    0.0876919821
    15.480    0.0580805166
    15.500    0.0296381752
    15.520    0.0063594623
    15.540   -0.0171728068
    15.560   -0.0350278643
    15.580   -0.0415046537
    15.600   -0.0297979601
    15.620   -0.0089335317
    15.640    0.0099044514
    15.660    0.0155665679
    15.680    0.0133583841
    15.700    0.0234204397
    15.720    0.0183148709
    15.740    0.0054499568
    15.760   -0.0111729091
    15.780   -0.0279383114
    15.800   -0.0430274194
    15.820   -0.0670767076
    15.840   -0.0927811359
    15.860   -0.1091960129
    15.880   -0.1079032951
    15.900   -0.0862651547
    15.920   -0.0633464419
    15.940   -0.0519100494
    15.960   -0.0368476986
    15.980   -0.0250920663
    16.000   -0.0176708015
    16.020   -0.0003177758
    16.040    0.0297632250
    16.060    0.0653448507
    16.080    0.0876045490
    16.100    0.1079558570
    16.120    0.1296778584
    16.140    0.1301841201
    16.160    0.0975506314
    16.180    0.0544158767
    16.200    0.0290589050
    16.220    0.0082613681
    16.240   -0.0210932685
    16.260   -0.0352769978
    16.280   -0.0239274839
    16.300   -0.0088370559
    16.320   -0.0110171590
    16.340   -0.0104977108
    16.360   -0.0047971645
    16.380   -0.0185883155
    16.400   -0.0312898827
    16.420   -0.0372143735
    16.440   -0.0442631867
    16.460   -0.0472174747
    16.480   -0.0441336359
    16.500   -0.0339185961
    16.520   -0.0126860844
    16.540    0.0119093004
    16.560    0.0221767082
    16.580    0.0160582348
    16.600    0.0058831013
    16.620    0.0066214147
    16.640   -0.0024917312
    16.660   -0.0183301938
    16.680   -0.0199895696
    16.700   -0.0391800205
    16.720   -0.0901705249
    16.740   -0.1290958665
    16.760   -0.1371581218
    16.780   -0.1191079386
    16.800   -0.0974348931
    16.820   -0.0179736162
    16.840    0.0653604322
    16.860    0.0914141849
    16.880    0.0564563692
    16.900   -0.0222880681
    16.920   -0.0476833879
    16.940   -0.0446827297
    16.960   -0.0341309430
    16.980   -0.0301164856
    17.000   -0.0359607454
    17.020   -0.0502755938
    17.040   -0.0677171809
    17.060   -0.0774272279
    17.080   -0.0777580110
    17.100   -0.0436893939
    17.120    0.0098778880
    17.140    0.0386692340
    17.160    0.0469206102
    17.180    0.0634485379
    17.200    0.0697117795
    17.220    0.0512297038
    17.240    0.0431090350
    17.260    0.0514475042
    17.280    0.0639326522
    17.300    0.0595632740
    17.320    0.0375035493
    17.340    0.0049916029
    17.360   -0.0124602619
    17.380   -0.0033033324
    17.400    0.0140604723
    17.420    0.0303592095
    17.440    0.0624883722
    17.460    0.1078216114
    17.480    0.1348676794
    17.500    0.1343162381
    17.520    0.1157131509
    17.540    0.0900029390
    17.560    0.0630194010
    17.580    0.0442319557
    17.600    0.0202500047
    17.620   -0.0003664970
    17.640   -0.0121128971
    17.660   -0.0188105760
    17.680   -0.0466927737
    17.700   -0.0757415712
    17.720   -0.0951187650
    17.740   -0.1313163284
    17.760   -0.1474530864
    17.780   -0.1337153649
    17.800   -0.1101678818
    17.820   -0.0784723092
    17.840   -0.0477482313
    17.860   -0.0278261622
    17.880   -0.0288776258
    17.900   -0.0290756636
    17.920   -0.0190540995
    17.940   -0.0268546404
    17.960   -0.0321502181
    17.980   -0.0342356927
    18.000   -0.0443270775
    18.020   -0.0305092611
    18.040    0.0104653537
    18.060    0.0495668749
    18.080    0.0883625298
    18.100    0.1307570624
    18.120    0.1654028405
    18.140    0.1881328746
    18.160    0.1867490493
    18.180    0.1596617483
    18.200    0.1057510447
    18.220    0.0243041575
    18.240   -0.0435642998
    18.260   -0.0855807947
    18.280   -0.1020538130
    18.300   -0.0705631471
    18.320    0.0063550192
    18.340    0.0718295329
    18.360    0.1148628379
    18.380    0.1274570563
    18.400    0.0997422438
    18.420    0.0526843601
    18.440   -0.0046169059
    18.460   -0.0574112957
    18.480   -0.0980740396
    18.500   -0.1108583315
    18.520   -0.1012256135
    18.540   -0.0741209279
    18.560   -0.0242936281
    18.580    0.0252949962
    18.600    0.0463174235
    18.620    0.0489207881
    18.640    0.0403500598
    18.660    0.0320291317
    18.680    0.0314706822
    18.700    0.0500153696
    18.720    0.0793730068
    18.740    0.0995557424
    18.760    0.0882407357
    18.780    0.0595851833
    18.800    0.0398687692
    18.820    0.0152209586
    18.840   -0.0075944062
    18.860   -0.0186603985
    18.880   -0.0223312335
    18.900   -0.0356004664
    18.920   -0.0481929837
    18.940   -0.0549732376
    18.960   -0.0638353531
    18.980   -0.0735616279
    19.000   -0.0847661014
    19.020   -0.0977267565
    19.040   -0.1177871877
    19.060   -0.1217705673
    19.080   -0.0991489231
    19.100   -0.0634723864
    19.120   -0.0303706337
    19.140   -0.0060408484
    19.160    0.0214568646
    19.180    0.0381944413
    19.200    0.0514023928
    19.220    0.0736568858
    19.240    0.0911574989
    19.260    0.1008609799
    19.280    0.0947997191
    19.300    0.0741602558
    19.320    0.0547770403
    19.340    0.0530149391
    19.360    0.0626559921
    19.380    0.0582983510
    19.400    0.0294908316
    19.420   -0.0116397001
    19.440   -0.0479188110
    19.460   -0.0722820760
    19.480   -0.0774934662
    19.500   -0.0796029866
    19.520   -0.0909251716
    19.540   -0.1097704522
    19.560   -0.1212316457
    19.580   -0.1232438670
    19.600   -0.1135930500
    19.620   -0.0946905127
    19.640   -0.0806462648
    19.660   -0.0788826327
    19.680   -0.0834001370
    19.700   -0.0667289482
    19.720   -0.0333842639
    19.740    0.0078417094
    19.760    0.0383796499
    19.780    0.0506721388
    19.800    0.0574158545
    19.820    0.0420379279
    19.840   -0.0004281598
    19.860   -0.0415795672
    19.880   -0.0623615091
    19.900   -0.0472314572
    19.920   -0.0030355940
    19.940    0.0411574386
    19.960    0.0680518764
    19.980    0.0808894107
    20.000    0.0837224830
    20.020    0.0669215392
    20.040    0.0165266826
    20.060   -0.0471214343
    20.080   -0.0771653027
    20.100   -0.0705404893
    20.120   -0.0497435783
    20.140   -0.0275479853
    20.160    0.0080769148
    20.180    0.0461903903
    20.200    0.0702811496
    20.220    0.0725243713
    20.240    0.0667685482
    20.260    0.0740359783
    20.280    0.0913113404
    20.300    0.1044161071
    20.320    0.1012495641
    20.340    0.0753880963
    20.360    0.0348586794
    20.380    0.0047319673
    20.400   -0.0175970923
    20.420   -0.0358041822
    20.440   -0.0361675912
    20.460   -0.0396511729
    20.480   -0.0616506810
    20.500   -0.0901596042
    20.520   -0.0905890813
    20.540   -0.0603529620
    20.560   -0.0137763452
    20.580    0.0290842947
    20.600    0.0510510272
    20.620    0.0667408894
    20.640    0.0812262154
    20.660    0.0886187055
    20.680    0.0791257105
    20.700    0.0585388092
    20.720    0.0414670608
    20.740    0.0375295071
    20.760    0.0423957574
    20.780    0.0470782961
    20.800    0.0263942487
    20.820   -0.0009423130
    20.840   -0.0234205179
    20.860   -0.0262720362
    20.880   -0.0174915670
    20.900   -0.0072467251
    20.920    0.0093693162
    20.940    0.0080761901
    20.960    0.0002626430
    20.980    0.0054619422
    21.000    0.0119487575
    21.020    0.0119082865
    21.040    0.0156849361
    21.060    0.0119765797
    21.080    0.0016333806
    21.100   -0.0044902844
    21.120   -0.0087851675
    21.140   -0.0067818120
    21.160    0.0016794225
    21.180    0.0051853813
    21.200    0.0173804588
    21.220    0.0242316594
    21.240    0.0228204747
    21.260    0.0259170134
    21.280    0.0330388621
    21.300    0.0380959515
    21.320    0.0324409521
    21.340    0.0229097382
    21.360    0.0081109865
    21.380   -0.0096688309
    21.400   -0.0199462000
    21.420   -0.0185641982
    21.440   -0.0002722214
    21.460    0.0227531444
    21.480    0.0316760242
    21.500    0.0305355727
    21.520    0.0247972226
    21.540    0.0315857946
    21.560    0.0387840878
    21.580    0.0375499535
    21.600    0.0350389891
    21.620    0.0239946918
    21.640    0.0023045338
    21.660   -0.0278741178
    21.680   -0.0479231657
    21.700   -0.0659981499
    21.720   -0.0814632715
    21.740   -0.0940281981
    21.760   -0.1124048096
    21.780   -0.1303160523
    21.800   -0.1486163555
    21.820   -0.1580021514
    21.840   -0.1574808185
    21.860   -0.1523127367
    21.880   -0.1360164557
    21.900   -0.1060824741
    21.920   -0.0657104710
    21.940   -0.0208613223
    21.960    0.0151420204
    21.980    0.0296832458
    22.000    0.0244896349
    22.020    0.0086637035
    22.040   -0.0106047637
    22.060   -0.0258271784
    22.080   -0.0330511096
    22.100   -0.0324322904
    22.120   -0.0267473834
    22.140   -0.0264409081
    22.160   -0.0352089904
    22.180   -0.0382061104
    22.200   -0.0421959199
    22.220   -0.0486598835
    22.240   -0.0437907415
    22.260   -0.0273517676
    22.280    0.0009995025
    22.300    0.0369094121
    22.320    0.0708511662
    22.340    0.1026525430
    22.360    0.1336276595
    22.380    0.1580731526
    22.400    0.1749495201
    22.420    0.1817410348
    22.440    0.1701695462
    22.460    0.1422536715
    22.480    0.1139110413
    22.500    0.0853250612
    22.520    0.0528459924
    22.540    0.0268139244
    22.560    0.0064384481
    22.580   -0.0098253499
    22.600   -0.0267931956
    22.620   -0.0464473145
    22.640   -0.0662677638
    22.660   -0.0752374527
    22.680   -0.0761356327
    22.700   -0.0651141905
    22.720   -0.0497374206
    22.740   -0.0353008463
    22.760   -0.0190357317
    22.780   -0.0080207092
    22.800   -0.0074646513
    22.820   -0.0142409622
    22.840   -0.0184703692
    22.860   -0.0189590048
    22.880   -0.0111576168
    22.900    0.0007213310
    22.920    0.0138182008
    22.940    0.0199889164
    22.960    0.0232966894
    22.980    0.0139177862
    23.000    0.0074778105
    23.020    0.0116461606
    23.040    0.0223173224
    23.060    0.0356535727
    23.080    0.0469181267
    23.100    0.0656678091
    23.120    0.0778833432
    23.140    0.0783733091
    23.160    0.0769791075
    23.180    0.0705844780
    23.200    0.0575827260
    23.220    0.0462219955
    23.240    0.0358818515
    23.260    0.0202981099
    23.280   -0.0046546383
    23.300   -0.0356770810
    23.320   -0.0644992327
    23.340   -0.0776302293
    23.360   -0.0755443533
    23.380   -0.0683016563
    23.400   -0.0579395008
    23.420   -0.0485073348
    23.440   -0.0331275166
    23.460   -0.0163316692
    23.480   -0.0039638007
    23.500    0.0023141422
    23.520    0.0008571592
    23.540    0.0026828298
    23.560    0.0080549884
    23.580    0.0171193909
    23.600    0.0148054538
    23.620    0.0007033531
    23.640   -0.0243502861
    23.660   -0.0488562509
    23.680   -0.0618481370
    23.700   -0.0643184468
    23.720   -0.0635409041
    23.740   -0.0646684515
    23.760   -0.0676073962
    23.780   -0.0724999445
    23.800   -0.0813103145
    23.820   -0.0967627805
    23.840   -0.1025336407
    23.860   -0.1012286074
    23.880   -0.0827331615
    23.900   -0.0551352100
    23.920   -0.0228702878
    23.940    0.0039437251
    23.960    0.0208501669
    23.980    0.0302790296
    24.000    0.0351372748
    24.020    0.0421297837
    24.040    0.0399505889
    24.060    0.0420745682
    24.080    0.0465788384
    24.100    0.0446843287
    24.120    0.0472452696
    24.140    0.0545744471
    24.160    0.0523918843
    24.180    0.0414020813
    24.200    0.0330911145
    24.220    0.0367000489
    24.240    0.0421341384
    24.260    0.0499245684
    24.280    0.0596581577
    24.300    0.0697948240
    24.320    0.0836441333
    24.340    0.0903411386
    24.360    0.0870932861
    24.380    0.0726645366
    24.400    0.0577604840
    24.420    0.0398613867
    24.440    0.0228266427
    24.460    0.0057500226
    24.480   -0.0163303560
    24.500   -0.0244577371
    24.520   -0.0287226956
    24.540   -0.0285600325
    24.560   -0.0152559182
    24.580    0.0004565092
    24.600    0.0131674192
    24.620    0.0139203309
    24.640    0.0094993297
    24.660   -0.0040551802
    24.680   -0.0211387508
    24.700   -0.0269204160
    24.720   -0.0254736729
    24.740   -0.0242490236
    24.760   -0.0316717819
    24.780   -0.0415447301
    24.800   -0.0483708098
    24.820   -0.0485308431
    24.840   -0.0423301996
    24.860   -0.0364419339
    24.880   -0.0366678993
    24.900   -0.0363248348
    24.920   -0.0286980272
    24.940   -0.0227819667
    24.960   -0.0179450729
    24.980   -0.0220609630
    25.000   -0.0141635822
    25.020   -0.0015743714
    25.040    0.0058442463
    25.060    0.0081480724
    25.080   -0.0052816973
    25.100   -0.0106887097
    25.120   -0.0114423427
    25.140   -0.0074765620
    25.160    0.0022147950
    25.180    0.0136379388
    25.200    0.0190230420
    25.220    0.0224683709
    25.240    0.0211007633
    25.260    0.0093852481
    25.280   -0.0090172464
    25.300   -0.0290162193
    25.320   -0.0364638092
    25.340   -0.0380816288
    25.360   -0.0353341525
    25.380   -0.0276381163
    25.400   -0.0211115818
    25.420   -0.0200781458
    25.440   -0.0223483357
    25.460   -0.0267837855
    25.480   -0.0311257669
    25.500   -0.0306233971
    25.520   -0.0287921931
    25.540   -0.0190662618
    25.560   -0.0014912000
    25.580    0.0183678172
    25.600    0.0416654014
    25.620    0.0592233733
    25.640    0.0729954557
    25.660    0.0800391318
    25.680    0.0789002214
    25.700    0.0681872107
    25.720    0.0566587242
    25.740    0.0487183651
    25.760    0.0397438112
    25.780    0.0362345439
    25.800    0.0421848972
    25.820    0.0533473892
    25.840    0.0613140123
    25.860    0.0609280136
    25.880    0.0459399640
    25.900    0.0270824633
    25.920    0.0089121123
    25.940   -0.0036855319
    25.960   -0.0091553534
    25.980   -0.0124010183
    26.000   -0.0098896626
    26.020   -0.0060493195
    26.040    0.0058555615
    26.060    0.0185239926
    26.080    0.0322473131
    26.100    0.0457242389
    26.120    0.0493011054
    26.140    0.0444004601
    26.160    0.0312479182
    26.180    0.0165092606
    26.200    0.0069794007
    26.220   -0.0006733482
    26.240   -0.0057927934
    26.260   -0.0051936041
    26.280   -0.0080470242
    26.300   -0.0081939221
    26.320   -0.0090138375
    26.340   -0.0129188369
    26.360   -0.0194991478
    26.380   -0.0288627622
    26.400   -0.0365848548
    26.420   -0.0433769819
    26.440   -0.0489476645
    26.460   -0.0479738565
    26.480   -0.0478535594
    26.500   -0.0468692390
    26.520   -0.0448820569
    26.540   -0.0424612472
    26.560   -0.0397453422
    26.580   -0.0362902017
    26.600   -0.0239726021
    26.620   -0.0101280047
    26.640    0.0005101765
    26.660    0.0137302131
    26.680    0.0216826836
    26.700    0.0192838853
    26.720    0.0040872754
    26.740   -0.0065602693
    26.760   -0.0176587310
    26.780   -0.0322727164
    26.800   -0.0411400200
    26.820   -0.0498062444
    26.840   -0.0574556587
    26.860   -0.0615867561
    26.880   -0.0611057377
    26.900   -0.0621893644
    26.920   -0.0555766964
    26.940   -0.0482594261
    26.960   -0.0446414626
    26.980   -0.0427479055
    27.000   -0.0370236536
    27.020   -0.0230993150
    27.040   -0.0130199089
    27.060   -0.0033671395
    27.080    0.0008616738
    27.100   -0.0043099849
    27.120   -0.0050053337
    27.140   -0.0079387738
    27.160   -0.0075861528
    27.180   -0.0071292993
    27.200   -0.0121379874
    27.220   -0.0177399486
    27.240   -0.0199622748
    27.260   -0.0106428873
    27.280    0.0080421626
    27.300    0.0333762691
    27.320    0.0553581816
    27.340    0.0650355347
    27.360    0.0696565639
    27.380    0.0678717709
    27.400    0.0578732966
    27.420    0.0481003794
    27.440    0.0303739269
    27.460    0.0148750771
    27.480    0.0036446050
    27.500   -0.0054901148
    27.520   -0.0107208457
    27.540   -0.0195882888
    27.560   -0.0253707467
    27.580   -0.0353243886
    27.600   -0.0422659345
    27.620   -0.0448802198
    27.640   -0.0420604836
    27.660   -0.0317244459
    27.680   -0.0176579791
    27.700   -0.0070579477
    27.720    0.0007831445
    27.740    0.0091484302
    27.760    0.0143696795
    27.780    0.0213920620
    27.800    0.0208461151
    27.820    0.0156849735
    27.840    0.0129909369
    27.860    0.0047308650
    27.880   -0.0007532472
    27.900    0.0008243585
    27.920    0.0110354996
    27.940    0.0236759214
    27.960    0.0408134895
    27.980    0.0587738921
    28.000    0.0696759557
    28.020    0.0729472144
    28.040    0.0705137490
    28.060    0.0637217920
    28.080    0.0521861612
    28.100    0.0418683688
    28.120    0.0273831653
    28.140    0.0116450141
    28.160   -0.0007929561
    28.180   -0.0199249405
    28.200   -0.0452439009
    28.220   -0.0643586592
    28.240   -0.0741283104
    28.260   -0.0715443035
    28.280   -0.0617044336
    28.300   -0.0418324770
    28.320   -0.0189829928
    28.340   -0.0027299590
    28.360    0.0155667958
    28.380    0.0274961922
    28.400    0.0300457327
    28.420    0.0322204946
    28.440    0.0265389999
    28.460    0.0163047282
    28.480    0.0003967982
    28.500   -0.0151850736
    28.520   -0.0317279976
    28.540   -0.0513560566
    28.560   -0.0571731850
    28.580   -0.0540928164
    28.600   -0.0480664948
    28.620   -0.0339998307
    28.640   -0.0155469720
    28.660    0.0052208071
    28.680    0.0216021703
    28.700    0.0329348507
    28.720    0.0432366806
    28.740    0.0498118238
    28.760    0.0520353135
    28.780    0.0540058595
    28.800    0.0525060577
    28.820    0.0401376006
    28.840    0.0207701877
    28.860    0.0056812226
    28.880   -0.0044697597
    28.900   -0.0086591583
    28.920   -0.0029657451
    28.940    0.0119618113
    28.960    0.0268129923
    28.980    0.0426602002
    29.000    0.0547007659
    29.020    0.0612448142
    29.040    0.0626600746
    29.060    0.0598798364
    29.080    0.0554930736
    29.100    0.0472233262
    29.120    0.0437872373
    29.140    0.0416487993
    29.160    0.0375708082
    29.180    0.0372127065
    29.200    0.0333603746
    29.220    0.0261557161
    29.240    0.0219598093
    29.260    0.0161710338
    29.280    0.0153687887
    29.300    0.0236200118
    29.320    0.0321907572
    29.340    0.0374857565
    29.360    0.0295250700
    29.380    0.0160674102
    29.400    0.0041541226
    29.420   -0.0033558521
    29.440   -0.0088113022
    29.460   -0.0094191259
    29.480   -0.0103910968
    29.500   -0.0147119446
    29.520   -0.0128142301
    29.540   -0.0124399958
    29.560   -0.0078910700
    29.580   -0.0088526373
    29.600   -0.0120210413
    29.620   -0.0196833596
    29.640   -0.0304617819
    29.660   -0.0345361294
    29.680   -0.0416015106
    29.700   -0.0463975762
    29.720   -0.0470294424
    29.740   -0.0433551407
    29.760   -0.0365851610
    29.780   -0.0342290587
    29.800   -0.0360232414
    29.820   -0.0374809256
    29.840   -0.0421448889
    29.860   -0.0429813894
    29.880   -0.0412533769
    29.900   -0.0359339031
    29.920   -0.0289173518
    29.940   -0.0297015795
    29.960   -0.0286085018
    29.980   -0.0320162379
    30.000   -0.0325124907
    30.020   -0.0415417022
    30.040   -0.0487457177
    30.060   -0.0513242473
    30.080   -0.0516470355
    30.100   -0.0486138536
    30.120   -0.0515841653
    30.140   -0.0597561032
    30.160   -0.0699651315
    30.180   -0.0759717891
    30.200   -0.0800180730
    30.220   -0.0800945174
    30.240   -0.0745043410
    30.260   -0.0594646140
    30.280   -0.0426485311
    30.300   -0.0252629318
    30.320   -0.0157477314
    30.340   -0.0127976620
    30.360   -0.0128981319
    30.380   -0.0124813615
    30.400   -0.0029211331
    30.420    0.0089332391
    30.440    0.0250624377
    30.460    0.0385270615
    30.480    0.0566031004
    30.500    0.0743082458
    30.520    0.0890669960
    30.540    0.1021954071
    30.560    0.1093201544
    30.580    0.1138978413
    30.600    0.1168966964
    30.620    0.1167415621
    30.640    0.1070816276
    30.660    0.0977964309
    30.680    0.0868317011
    30.700    0.0728449482
    30.720    0.0582676984
    30.740    0.0423502037
    30.760    0.0280923536
    30.780    0.0102181969
    30.800   -0.0063369168
    30.820   -0.0177219244
    30.840   -0.0199316153
    30.860   -0.0176338006
    30.880   -0.0168660185
    30.900   -0.0227887164
    30.920   -0.0320044531
    30.940   -0.0343981075
    30.960   -0.0393006578
    30.980   -0.0284697349
    31.000   -0.0176768504
    31.020   -0.0072379103
    31.040    0.0018548052
    31.060    0.0013665057
    31.080   -0.0026681060
    31.100   -0.0159333313
    31.120   -0.0330295099
    31.140   -0.0491750927
    31.160   -0.0515095239
    31.180   -0.0456892996
    31.200   -0.0377382920
    31.220   -0.0279722300
    31.240   -0.0191189735
    31.260   -0.0132741727
    31.280   -0.0072004501
    31.300    0.0023955895
    31.320    0.0120436276
    31.340    0.0185098400
    31.360    0.0269087163
    31.380    0.0361473829
    31.400    0.0427869953
    31.420    0.0453631774
    31.440    0.0439314510
    31.460    0.0361805871
    31.480    0.0204173218
    31.500    0.0053756352
    31.520   -0.0013689569
    31.540    0.0008947606
    31.560    0.0054524437
    31.580   -0.0012607731
    31.600   -0.0058537210
    31.620   -0.0153569188
    31.640   -0.0222297668
    31.660   -0.0204725408
    31.680   -0.0161091161
    31.700   -0.0160762419
    31.720   -0.0236950172
    31.740   -0.0290687438
    31.760   -0.0400883047
    31.780   -0.0426755435
    31.800   -0.0443502116
    31.820   -0.0391262678
    31.840   -0.0309388233
    31.860   -0.0168727954
    31.880   -0.0048993184
    31.900    0.0022994474
    31.920    0.0040465832
    31.940    0.0024277336
    31.960    0.0091891461
    31.980    0.0126749834
    32.000    0.0221397073
    32.020    0.0252298705
    32.040    0.0242496394
    32.060    0.0115612722
    32.080    0.0015829902
    32.100   -0.0062576894
    32.120   -0.0172110392
    32.140   -0.0220778713
    32.160   -0.0188245959
    32.180   -0.0094846532
    32.200   -0.0034692454
    32.220    0.0054507733
    32.240    0.0123372295
    32.260    0.0207784207
    32.280    0.0287823781
    32.300    0.0329833166
    32.320    0.0302717117
    32.340    0.0277543173
    32.360    0.0185223800
    32.380    0.0124481131
    32.400    0.0063288130
    32.420   -0.0055683113
    32.440   -0.0059099300
    32.460   -0.0086146933
    32.480   -0.0026025349
    32.500    0.0031460163
    32.520    0.0127254191
    32.540    0.0206428279
    32.560    0.0276474720
    32.580    0.0335175297
    32.600    0.0392278876
    32.620    0.0492415011
    32.640    0.0484351089
    32.660    0.0497139803
    32.680    0.0473912183
    32.700    0.0420771878
    32.720    0.0345561675
    32.740    0.0285201773
    32.760    0.0209089751
    32.780    0.0111079058
    32.800    0.0054606699
    32.820    0.0013886446
    32.840    0.0050725449
    32.860    0.0032146785
    32.880    0.0057673425
    32.900    0.0092187339
    32.920    0.0117992673
    32.940    0.0062388522
    32.960   -0.0011225471
    32.980   -0.0013078833
    33.000   -0.0080619627
    33.020   -0.0077129003
    33.040   -0.0139013236
    33.060   -0.0226995040
    33.080   -0.0293877591
    33.100   -0.0317212615
    33.120   -0.0310043029
    33.140   -0.0251619924
    33.160   -0.0228556045
    33.180   -0.0241999794
    33.200   -0.0275777398
    33.220   -0.0290436297
    33.240   -0.0334450487
    33.260   -0.0365386207
    33.280   -0.0334584562
    33.300   -0.0345596036
    33.320   -0.0388915932
    33.340   -0.0523569791
    33.360   -0.0612175637
    33.380   -0.0712926526
    33.400   -0.0760135325
    33.420   -0.0753835715
    33.440   -0.0694825141
    33.460   -0.0583170284
    33.480   -0.0464195876
    33.500   -0.0364687082
    33.520   -0.0280759897
    33.540   -0.0191452136
    33.560   -0.0208296218
    33.580   -0.0244469559
    33.600   -0.0285605326
    33.620   -0.0353702484
    33.640   -0.0379813358
    33.660   -0.0357654327
    33.680   -0.0282855401
    33.700   -0.0205521185
    33.720   -0.0119652236
    33.740   -0.0097076417
    33.760   -0.0178188663
    33.780   -0.0306354574
    33.800   -0.0418212842
    33.820   -0.0453590269
    33.840   -0.0466031632
    33.860   -0.0384084654
    33.880   -0.0220731390
    33.900   -0.0049358838
    33.920    0.0170419462
    33.940    0.0314518075
    33.960    0.0431547248
    33.980    0.0533345974
    34.000    0.0628096635
    34.020    0.0710322242
    34.040    0.0725295425
    34.060    0.0753769715
    34.080    0.0750039347
    34.100    0.0731975726
    34.120    0.0720055559
    34.140    0.0675620466
    34.160    0.0651762102
    34.180    0.0647266609
    34.200    0.0633506264
    34.220    0.0651013647
    34.240    0.0655228469
    34.260    0.0619741836
    34.280    0.0584536214
    34.300    0.0503211134
    34.320    0.0386872649
    34.340    0.0304747574
    34.360    0.0293552184
    34.380    0.0329550522
    34.400    0.0321340685
    34.420    0.0259793019
    34.440    0.0145014790
    34.460    0.0129791624
    34.480    0.0065503557
    34.500   -0.0011835302
    34.520   -0.0063944696
    34.540   -0.0110816962
    34.560   -0.0143737552
    34.580   -0.0183009292
    34.600   -0.0196706325
    34.620   -0.0237437314
    34.640   -0.0249644343
    34.660   -0.0210286530
    34.680   -0.0123873522
    34.700   -0.0053039876
    34.720   -0.0027144109
    34.740   -0.0034250254
    34.760   -0.0032889732
    34.780   -0.0057867819
    34.800   -0.0068861807
    34.820   -0.0053865048
    34.840    0.0005097611
    34.860    0.0087240392
    34.880    0.0153837101
    34.900    0.0157172489
    34.920    0.0162347307
    34.940    0.0136984208
    34.960    0.0098955856
    34.980    0.0018729835
    35.000   -0.0049871326
    35.020   -0.0073050059
    35.040   -0.0156677828
    35.060   -0.0147933220
    35.080   -0.0108755105
    35.100   -0.0080439385
    35.120   -0.0118957193
    35.140   -0.0208174765
    35.160   -0.0258561844
    35.180   -0.0252041780
    35.200   -0.0248330600
    35.220   -0.0271581967
    35.240   -0.0327522617
    35.260   -0.0364206030
    35.280   -0.0415047217
    35.300   -0.0469151669
    35.320   -0.0501185883
    35.340   -0.0585343525
    35.360   -0.0619704414
    35.380   -0.0689459740
    35.400   -0.0714210126
    35.420   -0.0747081589
    35.440   -0.0726999861
    35.460   -0.0718403175
    35.480   -0.0692216776
    35.500   -0.0598536065
    35.520   -0.0560134880
    35.540   -0.0481129671
    35.560   -0.0410493549
    35.580   -0.0261463468
    35.600   -0.0094149822
    35.620    0.0091940587
    35.640    0.0273099698
    35.660    0.0389094200
    35.680    0.0512683853
    35.700    0.0607334153
    35.720    0.0678315925
    35.740    0.0770364323
    35.760    0.0824308197
    35.780    0.0803611375
    35.800    0.0781870458
    35.820    0.0721374201
    35.840    0.0674265082
    35.860    0.0617329770
    35.880    0.0548566147
    35.900    0.0473380780
    35.920    0.0446081904
    35.940    0.0493285941
    35.960    0.0518454781
    35.980    0.0573431863
    36.000    0.0643223932
    36.020    0.0635156607
    36.040    0.0553416135
    36.060    0.0458687587
    36.080    0.0421460456
    36.100    0.0421730921
    36.120    0.0398195073
    36.140    0.0382868075
    36.160    0.0386739629
    36.180    0.0407804214
    36.200    0.0395957873
    36.220    0.0306466503
    36.240    0.0225831226
    36.260    0.0161325156
    36.280    0.0062944896
    36.300   -0.0071148269
    36.320   -0.0201586387
    36.340   -0.0270629592
    36.360   -0.0356456118
    36.380   -0.0481161650
    36.400   -0.0577179582
    36.420   -0.0699069562
    36.440   -0.0802487332
    36.460   -0.0839653906
    36.480   -0.0834952588
    36.500   -0.0850794659
    36.520   -0.0832117305
    36.540   -0.0796772878
    36.560   -0.0707067143
    36.580   -0.0633479388
    36.600   -0.0561189861
    36.620   -0.0465065105
    36.640   -0.0358734143
    36.660   -0.0210155891
    36.680   -0.0078681502
    36.700    0.0026967004
    36.720    0.0093117124
    36.740    0.0145335741
    36.760    0.0171358467
    36.780    0.0228256187
    36.800    0.0206328088
    36.820    0.0180262904
    36.840    0.0136377925
    36.860    0.0093516901
    36.880    0.0115318239
    36.900    0.0095717461
    36.920    0.0104468601
    36.940    0.0111625838
    36.960    0.0098809805
    36.980    0.0124572783
    37.000    0.0130031946
    37.020    0.0066973013
    37.040    0.0007699336
    37.060   -0.0036721312
    37.080   -0.0088734920
    37.100   -0.0120946552
    37.120   -0.0128092393
    37.140   -0.0125112963
    37.160   -0.0095352045
    37.180   -0.0060977582
    37.200   -0.0055636165
    37.220   -0.0031785078
    37.240   -0.0024854364
    37.260    0.0001867721
    37.280    0.0015732170
    37.300    0.0036750331
    37.320    0.0091044278
    37.340    0.0158173888
    37.360    0.0204402619
    37.380    0.0246692402
    37.400    0.0265450046
    37.420    0.0273581567
    37.440    0.0263178927
    37.460    0.0231844926
    37.480    0.0213075274
    37.500    0.0156327858
    37.520    0.0113767984
    37.540    0.0065324234
    37.560    0.0020205941
    37.580    0.0008826707
    37.600   -0.0004289168
    37.620   -0.0029232839
    37.640   -0.0041080416
    37.660   -0.0045691919
    37.680   -0.0067552861
    37.700   -0.0101952295
    37.720   -0.0118655430
    37.740   -0.0128988565
    37.760   -0.0115881145
    37.780   -0.0089213149
    37.800   -0.0077484451
    37.820   -0.0070738762
    37.840   -0.0060718106
    37.860   -0.0057270042
    37.880   -0.0069800233
    37.900   -0.0071252882
    37.920   -0.0063448402
    37.940   -0.0055179471
    37.960   -0.0053979630
    37.980   -0.0065141611
    38.000   -0.0068697521
    38.020   -0.0068965026
    38.040   -0.0061048277
    38.060   -0.0051610974
    38.080   -0.0041221670
    38.100   -0.0032894022
    38.120   -0.0018723847
    38.140   -0.0001849890
    38.160    0.0011851077
    38.180    0.0030748178
    38.200    0.0045076723
    38.220    0.0051279544
    38.240    0.0057740004
    38.260    0.0065362541
    38.280    0.0068632882
    38.300    0.0073989370
    38.320    0.0080590811
    38.340    0.0081116295
    38.360    0.0083190740
    38.380    0.0078333369
    38.400    0.0071488680
    38.420    0.0060905390
    38.440    0.0055501647
    38.460    0.0051364834
    38.480    0.0047692676
    38.500    0.0041348601
    38.520    0.0029866478
    38.540    0.0022785532
    38.560    0.0011210362
    38.580    0.0004479371
    38.600   -0.0001340925
    38.620   -0.0008615642
    38.640   -0.0012330738
    38.660   -0.0014377902
    38.680   -0.0018569243
    38.700   -0.0019658436
    38.720   -0.0019779818
    38.740   -0.0020875148
    38.760   -0.0020819109
    38.780   -0.0020187060
    38.800   -0.0020508756
    38.820   -0.0021683102
    38.840   -0.0021995875
    38.860   -0.0021507219
    38.880   -0.0019598451
    38.900   -0.0018626619
    38.920   -0.0017169497
    38.940   -0.0015845150
    38.960   -0.0014236761
    38.980   -0.0012504121
    39.000   -0.0011294730
    39.020   -0.0010116676
    39.040   -0.0009425614
    39.060   -0.0009021560
    39.080   -0.0008047028
    39.100   -0.0007113674
    39.120   -0.0006227520
    39.140   -0.0005610436
    39.160   -0.0005343734
    39.180   -0.0005413878
    39.200   -0.0005970153
    39.220   -0.0006223101
    39.240   -0.0006509395
    39.260   -0.0006397341
    39.280   -0.0006380324
    39.300   -0.0006265657
    39.320   -0.0006037354
    39.340   -0.0005671118
    39.360   -0.0005196064
    39.380   -0.0004515439
    39.400   -0.0003872693
    39.420   -0.0003332007
    39.440   -0.0002691661
    39.460   -0.0002115704
    39.480   -0.0001579603
    39.500   -0.0001110991
    39.520   -0.0000615470
    39.540   -0.0000168638
    39.560    0.0000301673
    39.580    0.0000720512
    39.600    0.0001072466
    39.620    0.0001399683
    39.640    0.0001695794
    39.660    0.0001979408
    39.680    0.0002242785
    39.700    0.0002481201
    39.720    0.0002693270
    39.740    0.0002881149
    39.760    0.0003041982
    39.780    0.0003175816
    39.800    0.0003285679
    39.820    0.0003371636
    39.840    0.0003438178
    39.860    0.0003487797
    39.880    0.0003523631
    39.900    0.0003548190
    39.920    0.0003563404
    39.940    0.0003570664
    39.960    0.0003571052
    39.980    0.0003565163
