   0.0004176860
   0.0004289408
   0.0004138807
   0.0004247577
   0.0004087891
   0.0004193065
   0.0004024378
   0.0004126292
   0.0003949875
   0.0004047751
   0.0003861133
   0.0003961676
   0.0003776442
   0.0003838345
   0.0003638787
   0.0003886937
   0.0003527195
   0.0002357543
   0.0003018065
   0.0005301737
   0.0003763943
   0.0003124944
   0.0003479080
   0.0003139392
   0.0001058588
   0.0002692770
   0.0003393320
  -0.0001927158
  -0.0001520394
   0.0000247279
   0.0001805770
   0.0003115028
   0.0002278967
   0.0002784119
   0.0002309159
   0.0002668056
   0.0002201643
   0.0002554461
   0.0002109466
   0.0002461990
   0.0002015182
   0.0002385467
   0.0001925948
   0.0002330168
   0.0001839671
   0.0002276300
   0.0001776897
   0.0002321420
   0.0001545132
   0.0002173877
   0.0002375895
   0.0002029211
  -0.0006682875
  -0.0001070549
   0.0003283004
   0.0001560487
   0.0001303666
   0.0001939199
   0.0006990372
   0.0003217470
  -0.0007089092
  -0.0000497680
  -0.0000745137
  -0.0007926727
  -0.0004434722
  -0.0006891740
  -0.0005560282
   0.0001754685
   0.0005940149
   0.0003591392
   0.0000928552
   0.0002093936
  -0.0002851176
   0.0005056699
   0.0007273429
   0.0007202772
   0.0008528929
   0.0002669535
  -0.0019345652
  -0.0005783243
   0.0000916896
  -0.0001077045
   0.0003602431
  -0.0005767866
  -0.0021192154
  -0.0033033924
  -0.0025596061
  -0.0023324506
  -0.0025085915
  -0.0008332767
  -0.0000379989
  -0.0002474763
  -0.0020133376
  -0.0035399080
  -0.0013888970
   0.0009909245
   0.0017932565
   0.0057033027
   0.0035537347
  -0.0060361528
  -0.0083984687
  -0.0075427223
  -0.0012635815
   0.0043175148
   0.0056481277
   0.0069086443
   0.0013076218
  -0.0068106193
  -0.0021082787
   0.0045497363
   0.0025303665
   0.0004469687
  -0.0058593243
  -0.0082449058
  -0.0076461856
  -0.0024006197
   0.0049108191
   0.0106526253
   0.0146127186
   0.0081638085
  -0.0021150421
  -0.0068962240
  -0.0097415768
  -0.0094706278
  -0.0085833711
   0.0022606473
   0.0171496612
   0.0234154602
   0.0128801915
  -0.0076675735
  -0.0197250608
  -0.0166299585
  -0.0088212836
   0.0056079738
   0.0176945405
   0.0184990325
   0.0142829382
   0.0042258043
  -0.0054752144
  -0.0177818951
  -0.0170675623
  -0.0057642824
   0.0064484152
   0.0107544507
   0.0072362211
  -0.0052975185
  -0.0091354208
  -0.0005589485
   0.0050953191
   0.0056820255
   0.0063176308
   0.0049065616
  -0.0049159534
  -0.0123865195
  -0.0147100720
  -0.0100734901
   0.0054889421
   0.0148286836
   0.0077518231
  -0.0082263284
  -0.0112568723
  -0.0073456353
  -0.0078583796
  -0.0039709240
   0.0016253620
   0.0055958676
   0.0080784572
   0.0096968801
   0.0088365262
   0.0050575455
  -0.0051523977
  -0.0083032836
  -0.0075062391
  -0.0081760874
   0.0001765059
   0.0019081161
  -0.0070398294
  -0.0113242825
   0.0025139138
   0.0178063704
   0.0091819381
  -0.0062324385
  -0.0088099651
  -0.0073752249
   0.0006686941
   0.0027460510
  -0.0070861816
  -0.0037621661
   0.0101593717
   0.0152633355
   0.0132752433
   0.0050948754
  -0.0062613917
  -0.0128846046
  -0.0097182268
   0.0065765954
   0.0100185709
  -0.0010075028
  -0.0076603912
  -0.0024124084
  -0.0000932048
   0.0049845367
   0.0025155099
  -0.0074594037
  -0.0044276573
   0.0025345652
  -0.0051854211
  -0.0101630247
  -0.0001716259
   0.0119358001
   0.0104533760
  -0.0051303941
  -0.0087563009
  -0.0081918131
  -0.0021485039
   0.0124262550
   0.0124761013
  -0.0047461929
  -0.0091385495
  -0.0066310197
  -0.0075099452
  -0.0081519303
  -0.0082390256
   0.0011607375
   0.0071714387
   0.0112019295
   0.0122413056
   0.0024350206
  -0.0073036903
  -0.0091718864
   0.0033283479
   0.0156609445
   0.0104198270
  -0.0057259792
  -0.0086069685
  -0.0022403105
  -0.0063380877
  -0.0093175481
  -0.0080856572
  -0.0079536472
  -0.0019172428
   0.0019015176
  -0.0003513442
   0.0042296971
   0.0109539475
   0.0074226141
  -0.0063899962
  -0.0095074822
   0.0062263108
   0.0100170213
  -0.0048564679
  -0.0092643199
  -0.0074922928
  -0.0049581495
   0.0045888980
   0.0061316620
   0.0009263536
  -0.0061413661
  -0.0139837843
  -0.0161503212
  -0.0054494752
   0.0077211081
   0.0021187305
  -0.0086190235
   0.0029103509
   0.0110964982
   0.0024537077
  -0.0069282999
   0.0045023600
   0.0060577882
   0.0042655976
   0.0176060369
   0.0065186006
  -0.0172758735
  -0.0170521901
  -0.0129470950
  -0.0096911237
   0.0108574957
   0.0126856203
  -0.0120718932
  -0.0141992190
   0.0039048600
   0.0119465058
   0.0061856738
   0.0052811070
   0.0060290117
  -0.0060437299
  -0.0016753590
   0.0084999405
  -0.0072423016
  -0.0162719849
   0.0009881741
   0.0024002131
  -0.0079850456
   0.0014832743
   0.0073578082
   0.0058339905
   0.0114026872
   0.0105175280
  -0.0008923957
   0.0040504169
   0.0062591351
  -0.0063066952
  -0.0025576411
   0.0060969169
   0.0045218295
   0.0034610696
   0.0128046915
   0.0226915824
  -0.0006996600
  -0.0161590826
  -0.0142814888
  -0.0183543429
  -0.0125470938
  -0.0075327295
  -0.0078559050
  -0.0082342060
  -0.0077951351
  -0.0037360310
  -0.0057528396
  -0.0082569373
  -0.0134318877
  -0.0138778169
  -0.0022052296
   0.0117584218
   0.0124070766
  -0.0061641739
  -0.0128195275
  -0.0006421677
   0.0130628607
   0.0023681949
  -0.0103341045
  -0.0086877123
  -0.0039272160
   0.0008778861
   0.0147915110
   0.0258099227
   0.0228710346
   0.0121682272
   0.0020214620
  -0.0071081646
  -0.0085245926
   0.0035313628
   0.0037137740
  -0.0070762654
  -0.0079798724
  -0.0072810415
  -0.0128423413
  -0.0154187779
  -0.0104309216
  -0.0039021615
   0.0148298148
   0.0123012035
  -0.0091548762
  -0.0130143874
  -0.0085201147
  -0.0074608649
  -0.0014343396
  -0.0021918719
  -0.0087005156
   0.0056306704
   0.0185707321
   0.0083717250
  -0.0011538421
   0.0040290602
   0.0135829819
   0.0105576288
   0.0041516395
   0.0055376365
   0.0038286537
  -0.0119922041
  -0.0248563517
  -0.0118719192
   0.0097465967
   0.0132711779
   0.0125695187
   0.0159677580
   0.0092757326
   0.0058175754
   0.0038495219
  -0.0122879406
  -0.0301131477
  -0.0282745648
  -0.0114255363
   0.0130470054
   0.0197931074
  -0.0030997682
  -0.0140027801
  -0.0100841546
   0.0017302988
   0.0170170385
   0.0115186297
  -0.0020300584
  -0.0081140448
  -0.0091688697
   0.0013418018
   0.0175010181
   0.0088581321
  -0.0108566708
  -0.0099361773
   0.0014008690
   0.0048925239
   0.0106258404
   0.0102757326
  -0.0083127403
  -0.0167512981
  -0.0089334671
  -0.0076556069
  -0.0094330900
   0.0026215062
   0.0087014760
  -0.0063616793
  -0.0104106296
   0.0128923348
   0.0157581387
  -0.0014931422
  -0.0078549387
  -0.0119496581
  -0.0119204868
   0.0042716316
   0.0068225741
  -0.0065141875
  -0.0078643777
  -0.0097592468
  -0.0175539812
  -0.0053236106
   0.0197968253
   0.0235801000
   0.0104189786
  -0.0060107702
  -0.0092166537
  -0.0017917487
   0.0080875839
   0.0165234137
   0.0132367215
   0.0058740766
   0.0071661300
   0.0071817202
   0.0064707694
  -0.0048870291
  -0.0129659258
  -0.0092800456
  -0.0001283326
   0.0050740784
  -0.0017817265
  -0.0132247726
  -0.0163484864
  -0.0100753166
   0.0025991431
   0.0129480377
   0.0133750241
   0.0052286436
   0.0019486907
  -0.0006727595
  -0.0161076750
  -0.0252263037
  -0.0149473246
  -0.0007609096
   0.0065220592
   0.0059918038
   0.0054407987
  -0.0048788751
  -0.0100501107
  -0.0081981234
   0.0015004377
   0.0121324039
   0.0219343323
   0.0272042911
   0.0190152001
  -0.0038855131
  -0.0113887939
   0.0069668335
   0.0133229743
   0.0127209134
   0.0171016533
   0.0165271551
  -0.0039007062
  -0.0203388881
  -0.0172120751
  -0.0103895481
  -0.0106548231
  -0.0154710752
  -0.0242725853
  -0.0226610560
  -0.0102292742
   0.0050637604
  -0.0042806934
  -0.0182478924
  -0.0136605027
   0.0037350724
   0.0070526857
  -0.0115853623
  -0.0235509170
  -0.0181625823
  -0.0100705853
   0.0118203761
   0.0236563188
   0.0080520316
  -0.0076513411
  -0.0152243129
  -0.0101987773
   0.0069765612
   0.0076562727
  -0.0022299152
  -0.0075283105
  -0.0079715706
  -0.0078549034
  -0.0097543093
  -0.0087240364
  -0.0080134862
  -0.0087121817
  -0.0086848488
  -0.0203564109
  -0.0421409394
  -0.0524129718
  -0.0457319351
  -0.0499676320
  -0.0547765722
  -0.0503714217
  -0.0512421102
  -0.0526843097
  -0.0475487766
  -0.0408393051
  -0.0356585746
  -0.0345770178
  -0.0382650014
  -0.0379562200
  -0.0034451277
   0.0587991677
   0.0941538453
   0.0964927287
   0.1000980360
   0.1114300370
   0.1159703438
   0.1119084664
   0.1001510050
   0.0736956268
   0.0300357211
  -0.0051847164
  -0.0024085915
   0.0097655100
   0.0112418595
   0.0143217428
   0.0207858484
   0.0117297573
   0.0009783363
   0.0003091659
   0.0069150724
   0.0190135032
   0.0302241292
   0.0417852225
   0.0493108109
   0.0516818233
   0.0525151743
   0.0558830521
   0.0617241094
   0.0610807044
   0.0586047910
   0.0575413226
   0.0540918289
   0.0458643810
   0.0446606185
   0.0320951594
   0.0115424215
  -0.0048776089
  -0.0099040483
  -0.0185644218
  -0.0361824312
  -0.0556283474
  -0.0706369781
  -0.0773734055
  -0.0750005253
  -0.0585033133
  -0.0331562297
  -0.0109029641
  -0.0012495392
   0.0022393112
   0.0186396978
   0.0506352884
   0.0766998924
   0.0887510104
   0.0903744887
   0.0907601193
   0.0940437241
   0.0975056793
   0.1000777086
   0.1031897387
   0.1010155952
   0.0930868653
   0.0668592713
   0.0244124847
  -0.0282723788
  -0.0798336049
  -0.1058037190
  -0.1134281278
  -0.1106631948
  -0.1000536693
  -0.0816319574
  -0.0604399507
  -0.0378475953
  -0.0221945696
  -0.0146776425
  -0.0090946601
  -0.0063909919
  -0.0138988042
  -0.0486619380
  -0.0822440171
  -0.0767893917
  -0.0600706409
  -0.0581037305
  -0.0548528439
  -0.0418850327
  -0.0345245555
  -0.0427110187
  -0.0512841200
  -0.0500598003
  -0.0391433848
  -0.0267955993
  -0.0183519744
  -0.0166230472
  -0.0119044783
   0.0012239214
   0.0202303282
   0.0310345014
   0.0387570059
   0.0444261822
   0.0479321270
   0.0446982683
   0.0409905112
   0.0467078662
   0.0508723231
   0.0443982424
   0.0320869400
   0.0250649752
   0.0197995532
   0.0083053458
  -0.0076939814
  -0.0206960899
  -0.0311818306
  -0.0366210602
  -0.0309204325
  -0.0153022756
  -0.0062609734
  -0.0120979122
  -0.0390127535
  -0.0689932314
  -0.0733680912
  -0.0748863975
  -0.0740707696
  -0.0658273486
  -0.0597812265
  -0.0644394320
  -0.0690360661
  -0.0521652727
  -0.0060333600
   0.0381691682
   0.0576842799
   0.0699774879
   0.0844586385
   0.0922999314
   0.0885648826
   0.0788285497
   0.0573263711
   0.0125812674
  -0.0097651270
   0.0034717736
   0.0245152999
   0.0358906953
   0.0418633738
   0.0510731456
   0.0476467191
   0.0038878351
  -0.0499287449
  -0.0693868751
  -0.0634687859
  -0.0549769587
  -0.0387703277
  -0.0062986880
   0.0282254020
   0.0347312759
   0.0238966942
   0.0284343790
   0.0430667769
   0.0463413964
   0.0362112784
   0.0148001251
  -0.0127051110
  -0.0303104527
  -0.0345552763
  -0.0382908790
  -0.0434265947
  -0.0440062013
  -0.0465790615
  -0.0507817397
  -0.0571264500
  -0.0577973589
  -0.0310934213
   0.0202773581
   0.0521472785
   0.0478312031
   0.0356604423
   0.0243574889
   0.0072686565
   0.0021984827
   0.0224896050
   0.0442721833
   0.0482625555
   0.0304200260
  -0.0020658316
  -0.0265356330
  -0.0264544944
  -0.0044777339
   0.0114727900
  -0.0034295363
  -0.0228061580
  -0.0324984188
  -0.0468569748
  -0.0573674264
  -0.0518520900
  -0.0380297874
  -0.0285211032
  -0.0274575464
  -0.0297955342
  -0.0252566651
  -0.0051201679
   0.0239004120
   0.0397569528
   0.0347457702
   0.0240443474
   0.0114524686
  -0.0058728269
  -0.0106942935
   0.0032731423
   0.0283089681
   0.0496272401
   0.0590379522
   0.0627913841
   0.0667160371
   0.0698004926
   0.0719780534
   0.0604770702
   0.0363189486
   0.0240684692
   0.0279261480
   0.0369669847
   0.0395640609
   0.0257196045
   0.0014513963
  -0.0151645328
  -0.0245291696
  -0.0365257043
  -0.0509698414
  -0.0630752600
  -0.0632219116
  -0.0587021443
  -0.0542978069
  -0.0597515309
  -0.0712806188
  -0.0736403010
  -0.0624114687
  -0.0393753700
  -0.0098061706
   0.0198000658
   0.0317693914
   0.0248989507
   0.0178502657
   0.0123214778
   0.0041741793
  -0.0059525691
  -0.0083307933
  -0.0130671089
  -0.0235753216
  -0.0186197711
  -0.0023460522
   0.0151413714
   0.0178315763
   0.0112770405
   0.0143094227
   0.0283338971
   0.0410978985
   0.0472810329
   0.0433619125
   0.0355081168
   0.0246951115
   0.0097704004
   0.0009776345
   0.0013742354
   0.0065104578
   0.0071627657
  -0.0066529143
  -0.0301802575
  -0.0528716277
  -0.0637504818
  -0.0620804568
  -0.0513185410
  -0.0362142951
  -0.0199104346
  -0.0129637104
  -0.0106702601
  -0.0056414073
   0.0077906984
   0.0244160316
   0.0342164635
   0.0414505576
   0.0517099222
   0.0512893934
   0.0299139337
   0.0096538097
   0.0102570785
   0.0133668873
   0.0152173367
   0.0245447951
   0.0358164740
   0.0391346529
   0.0283384103
   0.0104208228
   0.0038856516
   0.0082054531
   0.0065744979
  -0.0072777478
  -0.0286250320
  -0.0454587236
  -0.0533545586
  -0.0566526341
  -0.0522824761
  -0.0423437475
  -0.0324820332
  -0.0195191771
  -0.0039372996
   0.0134953975
   0.0257589335
   0.0283553675
   0.0244435354
   0.0111707491
  -0.0061824096
  -0.0097105967
  -0.0008807703
   0.0044119322
   0.0061136030
  -0.0039232554
  -0.0278306271
  -0.0445750138
  -0.0354964860
  -0.0174467353
  -0.0103401497
  -0.0097871454
  -0.0010405804
   0.0133507845
   0.0270835760
   0.0330747082
   0.0262663456
   0.0138551858
   0.0066169791
   0.0069770620
   0.0152224156
   0.0246068437
   0.0162414231
  -0.0040754731
  -0.0244037704
  -0.0363766252
  -0.0348936826
  -0.0199839430
  -0.0021277818
   0.0116268773
   0.0125567567
  -0.0040880649
  -0.0193326309
  -0.0256342885
  -0.0131613925
   0.0117177612
   0.0217445632
   0.0143512912
   0.0059707636
  -0.0061391978
  -0.0210135855
  -0.0210916544
  -0.0140199317
  -0.0060388396
   0.0116072982
   0.0283797544
   0.0315040103
   0.0351161582
   0.0430080220
   0.0428484493
   0.0283973597
   0.0129950440
   0.0055758655
   0.0080866765
   0.0070228604
  -0.0059695852
  -0.0106246679
  -0.0074122914
  -0.0096555596
  -0.0212675184
  -0.0350551113
  -0.0343718057
  -0.0263222782
  -0.0175792461
  -0.0098509203
   0.0028722055
   0.0027108169
  -0.0035608734
  -0.0016835406
  -0.0003686115
   0.0038036752
   0.0084547666
   0.0109212175
   0.0101613986
   0.0060534164
  -0.0024918648
  -0.0092775592
   0.0029608328
   0.0192257856
   0.0298107709
   0.0306185565
   0.0230670375
   0.0115510533
   0.0012732703
  -0.0019384840
   0.0033434962
   0.0125160902
   0.0105613879
  -0.0049607908
  -0.0198003251
  -0.0272228450
  -0.0253344688
  -0.0190208740
  -0.0105654180
  -0.0004237637
   0.0044198675
  -0.0055856727
  -0.0099802376
  -0.0088935430
  -0.0017475364
   0.0137340524
   0.0205842894
   0.0184227489
   0.0177685026
   0.0104918625
  -0.0053280720
  -0.0183346755
  -0.0278406081
  -0.0313347630
  -0.0326164648
  -0.0332388413
  -0.0312410745
  -0.0235450604
  -0.0121274900
   0.0004516094
   0.0165512828
   0.0307035838
   0.0332826718
   0.0298182537
   0.0300927968
   0.0242917637
   0.0101136617
   0.0002515750
  -0.0010023944
  -0.0007567192
  -0.0069683360
  -0.0084940603
  -0.0098723966
  -0.0183798081
  -0.0176650216
  -0.0100669323
  -0.0015952268
   0.0086474818
   0.0135765537
   0.0041006950
  -0.0100819451
  -0.0159097160
  -0.0109110244
   0.0019556656
   0.0136044876
   0.0139064520
   0.0048775530
  -0.0087527362
  -0.0182303461
  -0.0136642265
   0.0013678898
   0.0095212518
   0.0009177295
  -0.0083191567
  -0.0001999918
   0.0139912966
   0.0256831566
   0.0399010414
   0.0436310054
   0.0297440206
  -0.0019573059
  -0.0256068966
  -0.0355272068
  -0.0360274896
  -0.0355236952
  -0.0353392112
  -0.0385901684
  -0.0406833324
  -0.0355458962
  -0.0155620180
   0.0158308871
   0.0369518011
   0.0268840674
  -0.0037432770
  -0.0239246988
  -0.0226801519
  -0.0111935511
  -0.0031354212
  -0.0069387405
  -0.0175997561
  -0.0239593908
  -0.0224828234
  -0.0124863003
   0.0116308838
   0.0305524131
   0.0359252401
   0.0297564350
   0.0188797492
   0.0062279960
   0.0057725459
   0.0189885329
   0.0256950113
   0.0219853098
   0.0134813981
   0.0013713230
  -0.0111863334
  -0.0145170917
  -0.0046629238
  -0.0013634596
  -0.0128607832
  -0.0266078687
  -0.0287245948
  -0.0213639172
  -0.0129871428
  -0.0030091324
   0.0012595514
  -0.0069059575
  -0.0092487709
  -0.0080741030
  -0.0083318951
  -0.0098417347
  -0.0109254067
  -0.0157718022
  -0.0187844050
  -0.0254268787
  -0.0331217086
  -0.0338774444
  -0.0292551742
  -0.0232615379
  -0.0197976442
  -0.0209113949
  -0.0220807364
  -0.0230001222
  -0.0243746935
  -0.0243754005
  -0.0241688863
  -0.0207560408
  -0.0208274871
  -0.0277038668
  -0.0309757406
  -0.0233397364
  -0.0144744867
  -0.0093444980
  -0.0092227342
  -0.0048055328
   0.0085047071
   0.0190735248
   0.0228999113
   0.0235588476
   0.0264542705
   0.0350578747
   0.0458074939
   0.0534235891
   0.0528114823
   0.0500325440
   0.0473775790
   0.0397776278
   0.0254118129
   0.0037599307
  -0.0137440924
  -0.0123640121
  -0.0080100100
  -0.0088348882
  -0.0053669085
  -0.0009908532
   0.0039786819
   0.0068355659
   0.0087218976
   0.0059240224
   0.0005483770
   0.0031585502
   0.0127088466
   0.0215168555
   0.0289183174
   0.0390117460
   0.0481940023
   0.0552762245
   0.0567138577
   0.0602643106
   0.0638291399
   0.0652595966
   0.0675246535
   0.0689297747
   0.0698800934
   0.0661017384
   0.0594215796
   0.0516962999
   0.0322494293
  -0.0013439924
  -0.0311456243
  -0.0461729268
  -0.0539461495
  -0.0636697616
  -0.0683804058
  -0.0695737689
  -0.0720868784
  -0.0806598973
  -0.0867304122
  -0.0885495045
  -0.0880485677
  -0.0835272920
  -0.0745273987
  -0.0674894194
  -0.0630795612
  -0.0546748175
  -0.0451080678
  -0.0250334177
   0.0000051829
   0.0140720640
   0.0108742348
   0.0011188407
  -0.0073432608
  -0.0096022077
  -0.0015943825
   0.0106617579
   0.0191130071
   0.0211651923
   0.0206926077
   0.0168161630
   0.0154366424
   0.0196090947
   0.0267392306
   0.0432208995
   0.0598625948
   0.0666923513
   0.0687443538
   0.0704328207
   0.0666962989
   0.0521723666
   0.0438934051
   0.0433934287
   0.0482300082
   0.0552265138
   0.0604206839
   0.0678877177
   0.0752350264
   0.0763380065
   0.0822697062
   0.0905923155
   0.0917801991
   0.0829399198
   0.0625426244
   0.0291173547
  -0.0039473106
  -0.0099411443
  -0.0079102468
  -0.0032541171
   0.0044435332
   0.0052583097
  -0.0055554957
  -0.0186883185
  -0.0206098547
  -0.0135184116
  -0.0091468101
   0.0002885593
   0.0132524885
   0.0212201468
   0.0332485808
   0.0443499635
   0.0444553711
   0.0230094256
  -0.0065220886
  -0.0254070463
  -0.0355041338
  -0.0419569798
  -0.0506665513
  -0.0573532680
  -0.0643608918
  -0.0666921745
  -0.0705303331
  -0.0797534739
  -0.0853641192
  -0.0844720133
  -0.0753146861
  -0.0663321741
  -0.0572543415
  -0.0563789571
  -0.0638591890
  -0.0697284925
  -0.0640853824
  -0.0451224030
  -0.0210601970
  -0.0116667719
  -0.0138217311
  -0.0227881049
  -0.0337130167
  -0.0433404656
  -0.0382018039
  -0.0271503146
  -0.0137290501
   0.0096541279
   0.0432961873
   0.0692758700
   0.0769581382
   0.0802484009
   0.0879509964
   0.0956647866
   0.1016016123
   0.1053102651
   0.1071197534
   0.1054857874
   0.0922766580
   0.0622608106
   0.0332020694
   0.0239508415
   0.0291655452
   0.0302816939
   0.0263026284
   0.0139992449
   0.0004820088
  -0.0074949618
  -0.0016086947
   0.0006705353
   0.0097010045
   0.0215965388
   0.0160249220
  -0.0038913686
  -0.0184217591
  -0.0315945643
  -0.0466392246
  -0.0580695275
  -0.0624041626
  -0.0664996833
  -0.0714921412
  -0.0847466389
  -0.1054100753
  -0.1195988065
  -0.1344995845
  -0.1516442081
  -0.1590451338
  -0.1538313728
  -0.1410794617
  -0.1257739042
  -0.1055197841
  -0.0766796239
  -0.0517649121
  -0.0410411999
  -0.0410196235
  -0.0379130199
  -0.0268728609
  -0.0167489177
  -0.0122259039
  -0.0110932046
  -0.0126694115
  -0.0171885425
  -0.0156969563
  -0.0040268089
   0.0105765009
   0.0257580791
   0.0392002484
   0.0446954519
   0.0487157967
   0.0468905237
   0.0457867070
   0.0537426992
   0.0635374865
   0.0759169650
   0.0820081608
   0.0831851443
   0.0752167612
   0.0600079502
   0.0463339194
   0.0417769383
   0.0434130196
   0.0448664374
   0.0435661523
   0.0432627916
   0.0463355751
   0.0517735969
   0.0591715236
   0.0705386408
   0.0795725310
   0.0878438800
   0.0936975698
   0.0951465274
   0.0835968764
   0.0564184275
   0.0262546618
   0.0073549918
   0.0009341181
  -0.0066985360
  -0.0175800061
  -0.0235365464
  -0.0306298397
  -0.0380289801
  -0.0434937398
  -0.0453343614
  -0.0372093163
  -0.0177383887
  -0.0000906990
   0.0127299399
   0.0200534743
   0.0178921047
   0.0143112846
   0.0130233255
   0.0076133967
  -0.0051515269
  -0.0212431138
  -0.0279273676
  -0.0241118931
  -0.0210038402
  -0.0256436037
  -0.0344990255
  -0.0432487274
  -0.0446639121
  -0.0408960037
  -0.0400877526
  -0.0372895357
  -0.0333634156
  -0.0293135461
  -0.0280592303
  -0.0279845965
  -0.0141874998
   0.0142013754
   0.0408697843
   0.0496906555
   0.0480665409
   0.0444284742
   0.0416669290
   0.0416020936
   0.0417312047
   0.0391702876
   0.0268731614
   0.0080360997
  -0.0055627711
  -0.0193512555
  -0.0367754598
  -0.0476923761
  -0.0492139348
  -0.0414248449
  -0.0293802493
  -0.0235692175
  -0.0251140849
  -0.0282924587
  -0.0355659172
  -0.0411483104
  -0.0451676594
  -0.0485033434
  -0.0496584912
  -0.0511285303
  -0.0561857176
  -0.0570406038
  -0.0548725939
  -0.0513312854
  -0.0421516334
  -0.0355446353
  -0.0270800939
  -0.0192590694
  -0.0112800395
   0.0054241138
   0.0148046089
   0.0187650498
   0.0207477037
   0.0179988322
   0.0136559718
   0.0132972912
   0.0129144887
   0.0156673844
   0.0228810746
   0.0291477102
   0.0296578090
   0.0281055177
   0.0232791491
   0.0106527196
  -0.0060305790
  -0.0098572247
  -0.0013148872
   0.0095534809
   0.0171631480
   0.0117312951
  -0.0045563359
  -0.0170904998
  -0.0292639002
  -0.0345445706
  -0.0288907312
  -0.0220705079
  -0.0198545314
  -0.0202912750
  -0.0230627540
  -0.0290500682
  -0.0304379259
  -0.0251136017
  -0.0186495904
  -0.0140385150
  -0.0110605866
  -0.0143190855
  -0.0200531680
  -0.0265123537
  -0.0327086920
  -0.0339822864
  -0.0321701054
  -0.0281504383
  -0.0276942570
  -0.0230662244
  -0.0179947608
  -0.0139241397
  -0.0109975659
  -0.0113718956
  -0.0116274606
  -0.0095805369
  -0.0050200525
   0.0069671163
   0.0224173928
   0.0384379666
   0.0484797696
   0.0548863163
   0.0616216478
   0.0637264425
   0.0647815797
   0.0650458353
   0.0632267430
   0.0556533176
   0.0470891014
   0.0444425443
   0.0417613246
   0.0378834834
   0.0372527520
   0.0372379926
   0.0344176395
   0.0324888148
   0.0306223451
   0.0256713609
   0.0186244081
   0.0105555018
   0.0043215732
   0.0008664427
   0.0040344219
   0.0084339679
   0.0090451202
   0.0102718969
   0.0127798921
   0.0132119987
   0.0137224511
   0.0119444260
   0.0100776263
   0.0147852478
   0.0249337429
   0.0360311721
   0.0406086102
   0.0402272690
   0.0412953155
   0.0387789713
   0.0335565196
   0.0249696251
   0.0171220808
   0.0088028888
   0.0052098587
   0.0047329106
   0.0094789532
   0.0158832315
   0.0164884035
   0.0117161998
   0.0094634160
   0.0077816660
   0.0052111508
   0.0046471191
   0.0019554447
  -0.0060409195
  -0.0123834321
  -0.0190515772
  -0.0283438958
  -0.0352247063
  -0.0371649260
  -0.0418461574
  -0.0482934413
  -0.0486188087
  -0.0458275974
  -0.0345089064
  -0.0216425965
  -0.0156559010
  -0.0158418874
  -0.0153786535
  -0.0159483910
  -0.0156269831
  -0.0156518591
  -0.0108898427
  -0.0088327435
  -0.0013704651
   0.0058085618
   0.0042925293
  -0.0059362895
  -0.0091602320
  -0.0106331464
  -0.0099580366
  -0.0044888167
   0.0043402821
   0.0141489780
   0.0190177336
   0.0177719671
   0.0159485265
   0.0174380151
   0.0146049118
   0.0081824920
   0.0008315368
  -0.0068126166
  -0.0090374017
  -0.0081091309
  -0.0021377157
   0.0005125992
   0.0023757531
   0.0061888790
   0.0082847298
   0.0122198587
   0.0120146408
   0.0123002490
   0.0157086342
   0.0175512827
   0.0170112820
   0.0170714687
   0.0141958252
   0.0079925166
  -0.0058076456
  -0.0183704693
  -0.0185811904
  -0.0120545649
  -0.0087770053
  -0.0078446985
  -0.0079287123
  -0.0150313267
  -0.0229641752
  -0.0242408746
  -0.0242740937
  -0.0171877647
  -0.0091080820
  -0.0081982884
  -0.0093460948
  -0.0017136510
   0.0087847062
   0.0193007729
   0.0285274253
   0.0302346405
   0.0260563728
   0.0217266339
   0.0151896621
   0.0067798631
  -0.0057142824
  -0.0125436234
  -0.0174608642
  -0.0229855101
  -0.0311594057
  -0.0327589743
  -0.0282587389
  -0.0218903251
  -0.0108308462
   0.0024031485
   0.0064397776
   0.0037461063
   0.0035794079
   0.0072561949
   0.0093306047
   0.0086602733
   0.0088775227
   0.0125305550
   0.0150531035
   0.0165012480
   0.0206314430
   0.0209174519
   0.0196695642
   0.0177550865
   0.0172739174
   0.0163682953
   0.0100776911
   0.0015301857
  -0.0069388878
  -0.0086659001
  -0.0075702202
  -0.0081657823
  -0.0138131111
  -0.0193716889
  -0.0194528628
  -0.0173615489
  -0.0172972496
  -0.0162019822
  -0.0121077224
  -0.0111174619
  -0.0093385353
  -0.0086007701
  -0.0085211870
  -0.0023220754
  -0.0018940331
  -0.0076148579
  -0.0084198802
  -0.0085075765
  -0.0083657800
  -0.0024289825
  -0.0017655312
  -0.0076157653
  -0.0086984710
  -0.0085915197
  -0.0031927138
   0.0052219149
   0.0137629055
   0.0193313877
   0.0174793887
   0.0124993569
   0.0066327932
   0.0009118063
  -0.0031285842
  -0.0073796969
  -0.0085802483
  -0.0088950749
  -0.0022616807
   0.0078150971
   0.0112732520
   0.0090819805
   0.0086688402
   0.0112033612
   0.0134173109
   0.0128188028
   0.0152647319
   0.0159019327
   0.0154510896
   0.0138371740
   0.0124802433
   0.0131622939
   0.0132199176
   0.0129277339
   0.0094878265
   0.0009310554
  -0.0072710486
  -0.0087938505
  -0.0088895600
  -0.0084659968
  -0.0081700658
  -0.0082637189
  -0.0080768546
  -0.0084677467
  -0.0085950431
  -0.0043646843
   0.0005505178
   0.0010790368
   0.0034304678
   0.0106334469
   0.0207834739
   0.0283439311
   0.0321896079
   0.0326869860
   0.0294930632
   0.0281190575
   0.0314226656
   0.0328034293
   0.0319076822
   0.0297237050
   0.0253856289
   0.0216359326
   0.0213703100
   0.0218367610
   0.0188980320
   0.0111201781
   0.0013004536
  -0.0066461150
  -0.0099678173
  -0.0157960242
  -0.0202396258
  -0.0196708487
  -0.0194234500
  -0.0181115695
  -0.0154639046
  -0.0145276619
  -0.0182767926
  -0.0230214807
  -0.0242036844
  -0.0253221074
  -0.0261567723
  -0.0243514378
  -0.0199608818
  -0.0164182004
  -0.0099494755
  -0.0038994730
  -0.0004797569
  -0.0007448981
  -0.0011161351
  -0.0006687530
   0.0055684628
   0.0154407963
   0.0253764021
   0.0309805603
   0.0325498794
   0.0321151391
   0.0259419033
   0.0210561669
   0.0215378016
   0.0215949421
   0.0236333341
   0.0247031718
   0.0245990545
   0.0225729177
   0.0166883834
   0.0094617604
   0.0053412595
   0.0041147209
   0.0049555605
   0.0062081871
   0.0022649791
  -0.0066174210
  -0.0086170438
  -0.0080695426
  -0.0087972797
  -0.0024749990
   0.0048849945
   0.0054769301
   0.0047649860
   0.0026545190
   0.0027493252
   0.0040944377
   0.0065508592
   0.0063713834
   0.0010018624
  -0.0066887612
  -0.0094519973
  -0.0087618688
  -0.0108543906
  -0.0113467604
  -0.0113413221
  -0.0113234635
  -0.0097393673
  -0.0082358145
  -0.0082201713
  -0.0081250569
  -0.0083514389
  -0.0085424276
  -0.0052359744
  -0.0009330540
  -0.0008006763
  -0.0066610924
  -0.0089936361
  -0.0102259453
  -0.0161561130
  -0.0219520024
  -0.0275613986
  -0.0324481955
  -0.0368898998
  -0.0386697279
  -0.0441869616
  -0.0478262067
  -0.0510015580
  -0.0521303568
  -0.0520597531
  -0.0524969562
  -0.0466863840
  -0.0386738582
  -0.0301402921
  -0.0226827680
  -0.0198079375
  -0.0158188498
  -0.0164591144
  -0.0176714321
  -0.0186978281
  -0.0206134665
  -0.0205885199
  -0.0168130225
  -0.0123993876
  -0.0099447796
  -0.0098103598
  -0.0111664833
  -0.0104813570
  -0.0156097137
  -0.0188019926
  -0.0233197684
  -0.0245012003
  -0.0202276003
  -0.0141361334
  -0.0113108075
  -0.0090283222
  -0.0078432078
  -0.0087039624
  -0.0083347292
  -0.0029733551
   0.0007888276
   0.0056909501
   0.0145703729
   0.0223724546
   0.0309072757
   0.0367773216
   0.0401946450
   0.0375003510
   0.0338917914
   0.0325901747
   0.0335045523
   0.0336146323
   0.0335889373
   0.0337297912
   0.0329218700
   0.0298195735
   0.0283668274
   0.0248904486
   0.0186824324
   0.0126955719
   0.0066159244
  -0.0013571734
  -0.0093336568
  -0.0187689680
  -0.0295157296
  -0.0379215574
  -0.0441316653
  -0.0503174628
  -0.0552490212
  -0.0590439621
  -0.0642199554
  -0.0662961740
  -0.0685197513
  -0.0681182712
  -0.0694652385
  -0.0721571109
  -0.0724738053
  -0.0725441556
  -0.0709614499
  -0.0667463808
  -0.0644924598
  -0.0615034545
  -0.0578415488
  -0.0519141031
  -0.0464937867
  -0.0408178347
  -0.0377586675
  -0.0367183193
  -0.0333068289
  -0.0289854154
  -0.0247619502
  -0.0190863399
  -0.0128697037
  -0.0094618429
  -0.0014452404
   0.0073818651
   0.0154968232
   0.0227480158
   0.0281838223
   0.0353339320
   0.0438038940
   0.0540663696
   0.0659511982
   0.0761186478
   0.0833098777
   0.0891078881
   0.0943582973
   0.0970108701
   0.1016564667
   0.1053826776
   0.1084630677
   0.1092647315
   0.1081119052
   0.1041606793
   0.0988132881
   0.0937294454
   0.0916895804
   0.0886005880
   0.0820565930
   0.0750233862
   0.0683088181
   0.0590001846
   0.0452639993
   0.0300240550
   0.0163502717
   0.0034554210
  -0.0065233495
  -0.0082027781
  -0.0099395240
  -0.0145165261
  -0.0165987015
  -0.0197208009
  -0.0197622864
  -0.0185938640
  -0.0205129139
  -0.0239364710
  -0.0271772645
  -0.0276578916
  -0.0247302160
  -0.0247042205
  -0.0224445431
  -0.0195756459
  -0.0197561116
  -0.0165694183
  -0.0119102289
  -0.0086339302
  -0.0081057960
  -0.0083217138
  -0.0081475761
  -0.0081782851
  -0.0081519774
  -0.0081653993
  -0.0081972750
  -0.0082456423
  -0.0078873034
  -0.0086065266
  -0.0136557950
  -0.0199731489
  -0.0259837482
  -0.0346501668
  -0.0396943976
  -0.0442036418
  -0.0488517956
  -0.0517708336
  -0.0518730360
  -0.0453314684
  -0.0387488750
  -0.0368342972
  -0.0352088922
  -0.0336225629
  -0.0368518965
  -0.0372825773
  -0.0391964186
  -0.0441889178
  -0.0457909728
  -0.0443981481
  -0.0469187051
  -0.0483594493
  -0.0478228954
  -0.0464838470
  -0.0444439407
  -0.0409697419
  -0.0352618494
  -0.0291539203
  -0.0211367457
  -0.0127235824
  -0.0090721232
   0.0006312988
   0.0116142036
   0.0197599885
   0.0301927662
   0.0413102575
   0.0491335740
   0.0529615630
   0.0542430703
   0.0538319216
   0.0527270619
   0.0501749769
   0.0490648322
   0.0489090068
   0.0522079601
   0.0560589397
   0.0593775075
   0.0611859353
   0.0586350758
   0.0495126821
   0.0402561044
   0.0271516639
   0.0183213832
   0.0130385209
   0.0067287265
   0.0002813131
  -0.0068863608
  -0.0083452464
  -0.0080655655
  -0.0087371166
  -0.0030446717
   0.0054044705
   0.0118945621
   0.0193147369
   0.0248410561
   0.0300630658
   0.0332042612
   0.0355146510
   0.0411481336
   0.0421863961
   0.0358542711
   0.0235277968
   0.0075022738
  -0.0061302125
  -0.0101343131
  -0.0137909455
  -0.0171363689
  -0.0194368602
  -0.0195494678
  -0.0179356406
  -0.0181711905
  -0.0135795822
  -0.0107498903
  -0.0097631120
  -0.0085709507
  -0.0140429575
  -0.0170756284
  -0.0202407453
  -0.0226789912
  -0.0267593930
  -0.0274415438
  -0.0302865371
  -0.0320377184
  -0.0313027695
  -0.0323627970
  -0.0332013329
  -0.0352397898
  -0.0376885470
  -0.0367222374
  -0.0298108770
  -0.0216490953
  -0.0124652305
  -0.0087126413
  -0.0090145408
   0.0008626636
   0.0071444180
   0.0075622012
   0.0105507116
   0.0114720830
   0.0095538757
   0.0087947579
   0.0076094608
   0.0049909714
   0.0045686549
   0.0067072326
   0.0090372368
   0.0098238760
   0.0061444594
   0.0049867863
   0.0048207901
   0.0090876015
   0.0196788853
   0.0284888858
   0.0343604578
   0.0401426306
   0.0450044513
   0.0504564489
   0.0541257962
   0.0559726515
   0.0538497861
   0.0525736110
   0.0550627224
   0.0501657560
   0.0403315454
   0.0278328483
   0.0159775564
   0.0067981754
   0.0044763640
   0.0014827652
   0.0007999292
  -0.0016673636
  -0.0074047202
  -0.0081793751
  -0.0101716801
  -0.0124829654
  -0.0149966877
  -0.0169683942
  -0.0188213360
  -0.0223936069
  -0.0238334849
  -0.0279265899
  -0.0320365518
  -0.0356947809
  -0.0423947486
  -0.0472638813
  -0.0504963554
  -0.0489244556
  -0.0461641418
  -0.0412062227
  -0.0377775042
  -0.0369399759
  -0.0359400054
  -0.0368789820
  -0.0332006730
  -0.0265976520
  -0.0213747703
  -0.0178755895
  -0.0156904987
  -0.0152632118
  -0.0155816030
  -0.0137817834
  -0.0114672633
  -0.0098310407
  -0.0087183977
  -0.0028698540
   0.0035639367
   0.0078868497
   0.0148606358
   0.0206234417
   0.0261240953
   0.0287069070
   0.0292428835
   0.0293955920
   0.0289902586
   0.0346146263
   0.0402556625
   0.0418853627
   0.0412123445
   0.0378195671
   0.0324710858
   0.0296795622
   0.0290471104
   0.0299077413
   0.0265814785
   0.0263646121
   0.0292860069
   0.0324474236
   0.0369050717
   0.0409300770
   0.0440753379
   0.0439347374
   0.0437781814
   0.0437952564
   0.0439472107
   0.0440392200
   0.0426023115
   0.0386810818
   0.0340395035
   0.0291676133
   0.0221513283
   0.0174717291
   0.0170777554
   0.0169686653
   0.0168183135
   0.0132720322
   0.0097924776
   0.0059827420
   0.0039683268
   0.0017521074
  -0.0005442008
  -0.0024365679
  -0.0037761973
  -0.0071157653
  -0.0081781260
  -0.0107653626
  -0.0148443798
  -0.0185808722
  -0.0195511706
  -0.0184977775
  -0.0206598541
  -0.0230586002
  -0.0243877148
  -0.0247451699
  -0.0236216562
  -0.0246370401
  -0.0271231820
  -0.0289535397
  -0.0318955211
  -0.0334182229
  -0.0351553517
  -0.0357478853
  -0.0356549510
  -0.0354930687
  -0.0350052828
  -0.0371946452
  -0.0391529416
  -0.0364838653
  -0.0355860796
  -0.0336220915
  -0.0284294769
  -0.0263919922
  -0.0250138916
  -0.0243973776
  -0.0236626939
  -0.0215129492
  -0.0210371770
  -0.0164880441
  -0.0113958289
  -0.0087760214
  -0.0081808717
  -0.0082655396
  -0.0046979534
  -0.0068056582
  -0.0084914561
  -0.0094019096
  -0.0113048154
  -0.0111316675
  -0.0095072819
  -0.0084639051
  -0.0084909788
  -0.0018243632
   0.0016130188
   0.0011673412
  -0.0002116206
  -0.0063918109
  -0.0105732131
  -0.0156355088
  -0.0207915283
  -0.0228955807
  -0.0237361081
  -0.0239000585
  -0.0246633773
  -0.0208657497
  -0.0157725270
  -0.0102684501
  -0.0083085923
  -0.0021974209
   0.0045301637
   0.0047968734
   0.0049452831
   0.0072799750
   0.0095441657
   0.0091776016
   0.0078477917
   0.0052809338
   0.0050598617
   0.0050171353
   0.0077570492
   0.0075449907
   0.0069735504
   0.0071667192
   0.0085476479
   0.0073315770
   0.0068789251
   0.0056378303
   0.0064575419
   0.0078969074
   0.0109877321
   0.0164873783
   0.0212225036
   0.0217624572
   0.0214636804
   0.0208738924
   0.0179297840
   0.0170473940
   0.0194069819
   0.0211533670
   0.0238069239
   0.0261982106
   0.0285364813
   0.0296152217
   0.0312807747
   0.0302433783
   0.0292945150
   0.0290320446
   0.0298493222
   0.0283569819
   0.0275299236
   0.0284785984
   0.0314981066
   0.0354533861
   0.0378027219
   0.0347820648
   0.0257267868
   0.0136500445
   0.0057661024
   0.0054349792
   0.0050200607
   0.0011386302
  -0.0032140151
  -0.0041379930
  -0.0008343255
   0.0015263330
   0.0041603844
   0.0062792209
   0.0075699727
   0.0080369717
   0.0107405515
   0.0164396708
   0.0175702667
   0.0164814627
   0.0094838376
  -0.0051814788
  -0.0098564646
  -0.0100924859
  -0.0095842842
  -0.0081911886
  -0.0086667957
  -0.0033152211
   0.0025771825
   0.0018336225
  -0.0008396954
  -0.0064089507
  -0.0086766118
  -0.0075200499
  -0.0082429674
  -0.0079479909
  -0.0078968779
  -0.0082822257
  -0.0138599112
  -0.0186081050
  -0.0205494737
  -0.0224146648
  -0.0237738639
  -0.0260683100
  -0.0277103893
  -0.0244547833
  -0.0170627485
  -0.0088505786
  -0.0077374348
  -0.0090170921
  -0.0112008866
  -0.0107603957
  -0.0111102325
  -0.0125963155
  -0.0146578866
  -0.0185805128
  -0.0213744816
  -0.0216573205
  -0.0184539588
  -0.0099317701
  -0.0076890204
  -0.0082632594
  -0.0079723248
  -0.0081790746
  -0.0085234142
  -0.0028053179
   0.0036915866
   0.0081141332
   0.0086472402
   0.0109439017
   0.0106983648
   0.0058823219
   0.0018929059
  -0.0006607399
   0.0004022105
  -0.0018180730
  -0.0068862547
  -0.0108639179
  -0.0118295322
  -0.0089924930
  -0.0020896582
   0.0012617144
   0.0051815854
   0.0028923084
  -0.0064794601
  -0.0088299507
  -0.0079971242
  -0.0028900730
   0.0043213723
   0.0086521423
   0.0114710460
   0.0088489524
   0.0110031515
   0.0107630942
   0.0048193761
  -0.0056636036
  -0.0088035959
  -0.0081074045
  -0.0092961189
  -0.0084432301
  -0.0081001574
  -0.0078282480
  -0.0086144277
  -0.0053602482
   0.0030833838
   0.0121412596
   0.0162818598
   0.0187782773
   0.0208381634
   0.0247126284
   0.0289315391
   0.0314951606
   0.0320220162
   0.0303874256
   0.0235962087
   0.0142840047
   0.0068290789
   0.0015637813
  -0.0057979321
  -0.0120854743
  -0.0184673100
  -0.0234891690
  -0.0259574581
  -0.0305475404
  -0.0325928379
  -0.0315048175
  -0.0292802269
  -0.0304640509
  -0.0287247833
  -0.0255772364
  -0.0205550121
  -0.0155643748
  -0.0105111175
  -0.0076109044
  -0.0081110045
  -0.0081687696
  -0.0086896802
  -0.0016509043
   0.0053548894
   0.0058600195
   0.0021662364
  -0.0020416456
  -0.0070068401
  -0.0081672907
  -0.0077146800
  -0.0079499824
  -0.0079345395
  -0.0079568937
  -0.0079042606
  -0.0079827065
  -0.0078899843
  -0.0078573191
  -0.0080894988
  -0.0082877759
  -0.0042466725
   0.0006672664
   0.0041576434
   0.0053561915
   0.0050394948
   0.0052321051
   0.0069057336
   0.0075751400
   0.0070835951
   0.0073899666
   0.0089301852
   0.0086981116
   0.0083460300
   0.0083820595
   0.0027821188
  -0.0063399084
  -0.0085153127
  -0.0074049853
  -0.0079800728
  -0.0077677255
  -0.0084391352
  -0.0088256673
  -0.0082038033
  -0.0075243982
  -0.0084534763
  -0.0082735821
  -0.0017570355
   0.0044518368
   0.0049263074
   0.0089347869
   0.0098281301
   0.0092148743
   0.0091967741
   0.0109087501
   0.0131073865
   0.0151836758
   0.0156823560
   0.0156215919
   0.0139065286
   0.0126053950
   0.0124132043
   0.0106270482
   0.0061371062
   0.0044405584
   0.0043703483
   0.0011634955
  -0.0024106844
  -0.0028384356
  -0.0027046580
  -0.0029183304
  -0.0010833833
   0.0022328542
   0.0073472792
   0.0151040751
   0.0210083829
   0.0217127759
   0.0213374445
   0.0232534187
   0.0246354846
   0.0254989849
   0.0271164474
   0.0286385718
   0.0318987853
   0.0332401375
   0.0330419429
   0.0310780491
   0.0236169897
   0.0166373765
   0.0109165628
   0.0070711040
   0.0013383945
  -0.0066043408
  -0.0082565955
  -0.0074599870
  -0.0078997532
  -0.0084194913
  -0.0097249849
  -0.0138617023
  -0.0195313500
  -0.0195373127
  -0.0167297275
  -0.0168223967
  -0.0172408633
  -0.0163007201
  -0.0178087390
  -0.0222504257
  -0.0243552499
  -0.0240375245
  -0.0217732925
  -0.0194356287
  -0.0132812591
  -0.0087683677
  -0.0090316629
  -0.0082979455
  -0.0102454242
  -0.0123975552
  -0.0146643148
  -0.0173293728
  -0.0174598096
  -0.0182031192
  -0.0194081131
  -0.0197660691
  -0.0195662070
  -0.0168016863
  -0.0168471843
  -0.0165419145
  -0.0170631433
  -0.0173120032
  -0.0142399149
  -0.0088089929
  -0.0040530406
   0.0006843461
   0.0045928386
   0.0055573634
   0.0048679761
   0.0079983085
   0.0095787576
   0.0080774791
   0.0055042106
   0.0053693342
   0.0052902914
   0.0071203905
   0.0076118117
   0.0074847805
   0.0058124158
   0.0058279783
   0.0050856609
   0.0050550426
   0.0076833876
   0.0109697498
   0.0129511133
   0.0167331154
   0.0199584778
   0.0232589808
   0.0278627678
   0.0331891660
   0.0337208236
   0.0337046501
   0.0340309719
   0.0332863661
   0.0324372187
   0.0321375110
   0.0318058451
   0.0325712025
   0.0335800699
   0.0377738512
   0.0386125108
   0.0371908037
   0.0348145238
   0.0325097196
   0.0284037407
   0.0251077628
   0.0248230560
   0.0250303362
   0.0247460478
   0.0248542718
   0.0256082223
   0.0261215028
   0.0250657235
   0.0241622873
   0.0221564308
   0.0213916979
   0.0204348274
   0.0202698694
   0.0197332566
   0.0205509231
   0.0209496928
   0.0213298851
   0.0184597035
   0.0175556310
   0.0165669613
   0.0145237025
   0.0097456245
   0.0081791336
   0.0055578684
  -0.0013540412
  -0.0070663315
  -0.0078114087
  -0.0081554301
  -0.0097746720
  -0.0135583357
  -0.0176604141
  -0.0243745344
  -0.0274254881
  -0.0284307319
  -0.0274701906
  -0.0267973433
  -0.0249533515
  -0.0229079951
  -0.0231744249
  -0.0227506378
  -0.0233162273
  -0.0269675216
  -0.0292196749
  -0.0307769508
  -0.0329831467
  -0.0349431459
  -0.0371611787
  -0.0391957233
  -0.0396580323
  -0.0392722779
  -0.0392261672
  -0.0360301881
  -0.0336114683
  -0.0317501363
  -0.0292091342
  -0.0268880151
  -0.0268007312
  -0.0272860837
  -0.0277447572
  -0.0258403784
  -0.0213378393
  -0.0193494643
  -0.0160831054
  -0.0122067608
  -0.0088753956
  -0.0079232917
  -0.0017920781
   0.0039329212
   0.0054796399
   0.0062879057
   0.0050787166
   0.0038422353
   0.0038912295
   0.0053533392
   0.0085264309
   0.0115596792
   0.0121815608
   0.0136229413
   0.0142043803
   0.0130671089
   0.0092563421
   0.0056468480
   0.0014498355
  -0.0020716724
  -0.0067085465
  -0.0045891932
  -0.0062422605
  -0.0083152267
  -0.0074092570
  -0.0076463093
  -0.0079759484
  -0.0080391753
  -0.0021827251
   0.0008481923
   0.0006143181
  -0.0000653983
  -0.0062691809
  -0.0082205719
  -0.0073608720
  -0.0076971218
  -0.0076670432
  -0.0077383599
  -0.0076411244
  -0.0077041451
  -0.0076589064
  -0.0077424489
  -0.0076210327
  -0.0075508945
  -0.0080043536
  -0.0080727302
  -0.0022980455
   0.0030566648
   0.0046505011
   0.0075973941
   0.0065143171
   0.0041181111
   0.0012583813
   0.0010320818
   0.0013986942
   0.0012254280
   0.0016724984
   0.0014779097
   0.0015503841
   0.0007442346
   0.0008786491
  -0.0017439117
  -0.0067890487
  -0.0078878219
  -0.0075954615
  -0.0102547630
  -0.0110656242
  -0.0106218515
  -0.0085233906
  -0.0099767554
  -0.0112318961
  -0.0098385707
  -0.0080631851
  -0.0074557507
  -0.0077344240
  -0.0077239245
  -0.0080036702
  -0.0047164336
  -0.0001778704
   0.0033686715
   0.0046572645
   0.0053726915
   0.0041816332
   0.0018841369
   0.0007038987
  -0.0008328572
   0.0000641375
   0.0015617821
   0.0016605907
   0.0007666784
  -0.0004024892
  -0.0005588680
   0.0002233978
   0.0013677124
   0.0020707950
   0.0009497124
  -0.0058630916
  -0.0082521589
  -0.0074921396
  -0.0080218705
  -0.0021562748
   0.0009773594
   0.0015353235
  -0.0014010039
  -0.0068512210
  -0.0084764315
  -0.0099391528
  -0.0123896481
  -0.0143528702
  -0.0147283784
  -0.0161197889
  -0.0185860748
  -0.0192028009
  -0.0183268274
  -0.0132469382
  -0.0083621446
  -0.0044638353
  -0.0002965744
   0.0006057181
   0.0026513503
   0.0044828275
   0.0058955229
   0.0094856701
   0.0120153007
   0.0131675967
   0.0127804755
   0.0127058240
   0.0135287638
   0.0135304371
   0.0136764523
   0.0135008240
   0.0123862367
   0.0148271222
   0.0204288941
   0.0242128700
   0.0232860073
   0.0233115786
   0.0222257500
   0.0187481339
   0.0147971438
   0.0107269410
   0.0058255508
   0.0019936907
  -0.0000063897
  -0.0001485764
  -0.0017624002
  -0.0066852849
  -0.0079605231
  -0.0073289256
  -0.0076238903
  -0.0075604454
  -0.0076556128
  -0.0075283282
  -0.0076472108
  -0.0075359171
  -0.0076435224
  -0.0075266136
  -0.0076766825
  -0.0074945494
  -0.0075803132
  -0.0076908469
  -0.0078995234
  -0.0044385581
  -0.0021039575
  -0.0023991879
  -0.0065034994
  -0.0079367784
  -0.0075497809
  -0.0078906324
  -0.0041228960
  -0.0021837268
  -0.0065421980
  -0.0081047767
  -0.0073268222
  -0.0075850562
  -0.0074124976
  -0.0078520045
  -0.0079070593
  -0.0038514397
   0.0013723665
   0.0018294262
  -0.0001064401
  -0.0024396942
  -0.0024736915
  -0.0063062298
  -0.0079475843
  -0.0074878856
  -0.0079179594
  -0.0044838598
  -0.0001308417
   0.0014140552
   0.0038452844
   0.0058411546
   0.0055548994
   0.0040080782
   0.0046001311
   0.0057763733
   0.0054804288
   0.0072761747
   0.0078024941
   0.0081307721
   0.0078953872
   0.0075440068
   0.0072485884
   0.0089372321
   0.0092207663
   0.0063142488
   0.0040524950
   0.0016141560
  -0.0022128232
  -0.0067236182
  -0.0078269577
  -0.0072813066
  -0.0076419257
  -0.0074845920
  -0.0075338431
  -0.0076113816
  -0.0079719890
  -0.0045144775
   0.0000502863
   0.0017447495
   0.0006805900
   0.0002546519
   0.0014114981
   0.0052189118
   0.0058327873
   0.0083420176
   0.0132182207
   0.0155833176
   0.0174401657
   0.0174130390
   0.0192348475
   0.0210692059
   0.0216103084
   0.0219961334
   0.0236823496
   0.0246549753
   0.0224058269
   0.0235189176
   0.0242325257
   0.0231738416
   0.0246842290
   0.0245791808
   0.0220260411
   0.0214973000
   0.0188732444
   0.0166771769
   0.0152645139
   0.0108021935
   0.0062264287
   0.0055720080
   0.0064262378
   0.0048156559
   0.0034740485
   0.0023872054
   0.0040034701
   0.0058478237
   0.0055894518
   0.0056569522
   0.0054450580
   0.0054265813
   0.0023950311
   0.0005885550
   0.0015050464
   0.0011491609
   0.0005487935
  -0.0008406735
  -0.0021663837
  -0.0029979258
  -0.0067361445
  -0.0077849714
  -0.0073594402
  -0.0075290706
  -0.0075064571
  -0.0074158619
  -0.0077566250
  -0.0078126755
  -0.0036672544
   0.0000994383
   0.0001122023
  -0.0003658845
  -0.0009999292
   0.0003474180
   0.0015220719
   0.0017783957
   0.0017366975
   0.0005057996
  -0.0028950464
  -0.0067635835
  -0.0076912829
  -0.0070039825
  -0.0100320223
  -0.0116027614
  -0.0115150533
  -0.0109009550
  -0.0138389062
  -0.0148320479
  -0.0161551173
  -0.0168979202
  -0.0166603140
  -0.0152436857
  -0.0147460131
  -0.0116556243
  -0.0087143617
  -0.0076534799
  -0.0074208642
  -0.0078858834
  -0.0078050454
  -0.0017569878
   0.0018787858
   0.0042107279
   0.0059217481
   0.0054327838
   0.0057788951
   0.0071363107
   0.0076239375
   0.0083800268
   0.0083489701
   0.0058332528
   0.0055803976
   0.0071453254
   0.0094323947
   0.0114480790
   0.0139470301
   0.0131329518
   0.0151881714
   0.0179836662
   0.0205567267
   0.0219414322
   0.0242111849
   0.0283405550
   0.0270969450
   0.0247085158
   0.0194702206
   0.0137357670
   0.0106281500
   0.0084117551
   0.0035681188
   0.0007565901
  -0.0015826209
  -0.0034164791
  -0.0025655995
  -0.0024097034
  -0.0013379443
   0.0004356735
   0.0015214373
   0.0017322267
   0.0019923839
   0.0022856334
   0.0019245647
   0.0011245006
  -0.0018275013
  -0.0034900612
  -0.0026890696
  -0.0000231592
   0.0009510039
   0.0033818837
   0.0017716170
   0.0010297009
   0.0013912980
  -0.0002622754
  -0.0018623418
  -0.0026309198
  -0.0021834192
  -0.0024087111
  -0.0022711309
  -0.0030281211
  -0.0029707455
  -0.0024792176
  -0.0063406979
  -0.0081823388
  -0.0041157113
  -0.0032873638
  -0.0006513881
   0.0006648348
   0.0003779233
   0.0029292247
   0.0061365935
   0.0057559405
   0.0051709268
   0.0072368103
   0.0080895812
   0.0061753510
   0.0063388891
   0.0023868277
  -0.0019965807
  -0.0063834560
  -0.0078016811
  -0.0071876181
  -0.0075397999
  -0.0074259372
  -0.0075340729
  -0.0074191025
  -0.0075095975
  -0.0074380335
  -0.0075223655
  -0.0074148426
  -0.0074357061
  -0.0078574016
  -0.0084767673
  -0.0076999264
  -0.0073595463
  -0.0075122372
  -0.0074989566
  -0.0074483562
  -0.0073566710
  -0.0076925850
  -0.0077468915
  -0.0044863191
  -0.0021865184
  -0.0064012852
  -0.0079982142
  -0.0071777019
  -0.0075508591
  -0.0074208289
  -0.0072710310
  -0.0081008762
  -0.0118475204
  -0.0125980301
  -0.0132266698
  -0.0177369628
  -0.0219597621
  -0.0230858742
  -0.0260843008
  -0.0277004966
  -0.0239903768
  -0.0229430347
  -0.0238321357
  -0.0230252280
  -0.0227548800
  -0.0218454929
  -0.0191512225
  -0.0164923865
  -0.0165140807
  -0.0169603517
  -0.0149105056
  -0.0144550785
  -0.0152451941
  -0.0147437388
  -0.0124055094
  -0.0138676709
  -0.0149590497
  -0.0145809078
  -0.0159286116
  -0.0189207633
  -0.0191625056
  -0.0184129623
  -0.0197684907
  -0.0175369769
  -0.0148831609
  -0.0124300789
  -0.0124131395
  -0.0128018045
  -0.0117499904
  -0.0106496204
  -0.0106654934
  -0.0097968024
  -0.0077664588
  -0.0074842090
  -0.0077413766
  -0.0043709275
  -0.0023000022
  -0.0009299725
   0.0005296371
   0.0014534750
   0.0032101906
   0.0037996003
   0.0057150366
   0.0059730320
   0.0055172237
   0.0079150665
   0.0080558084
   0.0075264958
   0.0092902446
   0.0115097976
   0.0133499478
   0.0155949896
   0.0178372150
   0.0173450631
   0.0150760705
   0.0158382285
   0.0166414891
   0.0140352332
   0.0134059217
   0.0157546919
   0.0162151272
   0.0159720120
   0.0143839210
   0.0139473954
   0.0129615127
   0.0105477303
   0.0083934959
   0.0046878775
   0.0010627490
   0.0007123390
   0.0008971853
   0.0005840440
   0.0004754743
   0.0032746813
   0.0045461004
   0.0019604923
   0.0014087684
   0.0054551386
   0.0055647691
   0.0051567872
   0.0058540073
   0.0058926947
   0.0064928820
   0.0027946122
   0.0004740257
   0.0008252300
   0.0016159990
   0.0018237770
   0.0014029159
   0.0032350624
   0.0060545830
   0.0064989508
   0.0041144092
   0.0045110042
   0.0043140745
   0.0020504583
   0.0008653810
   0.0008136328
   0.0000614665
  -0.0017329390
  -0.0031353458
  -0.0065218294
  -0.0077926074
  -0.0071862747
  -0.0075489089
  -0.0073270461
  -0.0074597631
  -0.0075478307
  -0.0077855724
  -0.0036549885
   0.0001769094
   0.0039195340
   0.0071915009
   0.0085164086
   0.0107432971
   0.0136246264
   0.0132697579
   0.0135251402
   0.0131160359
   0.0141804412
   0.0149294778
   0.0124170105
   0.0092831742
   0.0097733287
   0.0085798830
   0.0054859602
   0.0050296375
   0.0062844824
   0.0020635615
   0.0002130079
   0.0009534485
  -0.0016686033
  -0.0063742528
  -0.0080459746
  -0.0073682723
  -0.0044365035
  -0.0006811097
   0.0003171302
   0.0030828918
   0.0049779636
   0.0056904941
   0.0072889367
   0.0080487792
   0.0076816672
   0.0079291247
   0.0076799408
   0.0078737165
   0.0086258169
   0.0090159137
   0.0076028147
   0.0078024647
   0.0064273278
   0.0042268931
   0.0016541425
  -0.0016218792
  -0.0064587439
  -0.0077745720
  -0.0071419670
  -0.0073954403
  -0.0076186406
  -0.0076379781
  -0.0042731275
  -0.0023043676
  -0.0017270907
   0.0002557860
   0.0014726346
   0.0032644917
   0.0054230367
   0.0060069816
   0.0056466459
   0.0049316013
   0.0055107496
   0.0075059327
   0.0068329499
   0.0089458167
   0.0123829843
   0.0125285989
   0.0101926968
   0.0116162894
   0.0130823986
   0.0119736443
   0.0094356648
   0.0085779799
   0.0101006168
   0.0079920747
   0.0058756569
   0.0050739382
   0.0055122178
   0.0021921594
  -0.0019414624
  -0.0063859130
  -0.0075487380
  -0.0076906053
  -0.0116790626
  -0.0146137203
  -0.0162667351
  -0.0183957106
  -0.0203499179
  -0.0222457592
  -0.0243987976
  -0.0235926617
  -0.0243329487
  -0.0236110447
  -0.0209761007
  -0.0172800627
  -0.0148187261
  -0.0115805368
  -0.0078710533
  -0.0076890557
  -0.0044624618
  -0.0011106727
   0.0005011101
   0.0006771043
   0.0007508531
   0.0009252159
  -0.0001135680
  -0.0020618316
  -0.0003464637
   0.0001321478
  -0.0013988875
  -0.0004412968
   0.0005746350
  -0.0024519607
  -0.0068270343
  -0.0074860473
  -0.0076269247
  -0.0077299697
  -0.0014954937
   0.0018827081
   0.0017440943
   0.0055406938
   0.0065088552
   0.0057243123
   0.0076593012
   0.0089077250
   0.0095234495
   0.0119038184
   0.0120689355
   0.0138361900
   0.0148206764
   0.0140267310
   0.0131109335
   0.0128353711
   0.0134076009
   0.0139199034
   0.0140244803
   0.0139048847
   0.0133037959
   0.0136626533
   0.0118418936
   0.0114132044
   0.0103225326
   0.0087363683
   0.0083314238
   0.0060918027
   0.0057951458
   0.0050486799
   0.0052720286
   0.0048084211
   0.0053541464
   0.0074929173
   0.0101238843
   0.0089642468
   0.0097038916
   0.0139723715
   0.0148957226
   0.0115987195
   0.0114675049
   0.0097565601
   0.0093507553
   0.0101408944
   0.0098018282
   0.0099370081
   0.0097834570
   0.0100317041
   0.0099826533
   0.0084129276
   0.0062174081
   0.0050964863
   0.0024753313
   0.0015890567
   0.0011950854
   0.0005910536
   0.0000746579
  -0.0000717011
  -0.0015723476
  -0.0065464756
  -0.0077356024
  -0.0072115396
  -0.0073577551
  -0.0074558273
  -0.0078089341
  -0.0075766130
  -0.0073108431
  -0.0075039943
  -0.0073987457
  -0.0073368386
  -0.0073529355
  -0.0091012120
  -0.0088010152
  -0.0082576620
  -0.0085274443
  -0.0084837729
  -0.0076373535
  -0.0073468019
  -0.0074429474
  -0.0073427188
  -0.0075863937
  -0.0076581346
  -0.0043941908
  -0.0008252365
   0.0013208611
   0.0045495796
   0.0051628082
   0.0053286082
   0.0059669632
   0.0058241668
   0.0058304965
   0.0041230262
   0.0052972616
   0.0051758360
   0.0047332004
   0.0060396232
   0.0056449973
   0.0052368364
   0.0062433151
   0.0042983276
   0.0049978850
   0.0060889686
   0.0074307981
   0.0064739747
   0.0053402808
   0.0058694432
   0.0078807515
   0.0082330158
   0.0070650648
   0.0081845188
   0.0101863629
   0.0094650186
   0.0077048757
   0.0077616332
   0.0091382843
   0.0100393166
   0.0089910554
   0.0080961449
   0.0083222853
   0.0064786941
   0.0054871209
   0.0060325293
   0.0061674970
   0.0052640532
   0.0057477889
   0.0059411033
   0.0058688823
   0.0046722761
   0.0039585543
   0.0027440412
  -0.0007164675
  -0.0019020338
  -0.0064074011
  -0.0076634315
  -0.0072321321
  -0.0077965963
  -0.0082660404
  -0.0078983568
  -0.0099720477
  -0.0112597299
  -0.0102538969
  -0.0134260370
  -0.0134352403
  -0.0116039103
  -0.0137769755
  -0.0126509755
  -0.0122340584
  -0.0104985793
  -0.0111006050
  -0.0110626311
  -0.0087604076
  -0.0074923576
  -0.0074264793
  -0.0074580839
  -0.0074261847
  -0.0073787777
  -0.0074500413
  -0.0073925945
  -0.0074155143
  -0.0073463482
  -0.0078912039
  -0.0078784242
  -0.0074362246
  -0.0075578942
  -0.0078110316
  -0.0034657561
   0.0003932214
   0.0013264373
   0.0040600026
   0.0090533513
   0.0136007285
   0.0156669779
   0.0173269453
   0.0217561115
   0.0224899468
   0.0235712915
   0.0230323455
   0.0217425363
   0.0174944132
   0.0138211478
   0.0111193356
   0.0066367349
   0.0025303112
   0.0008198371
   0.0004349724
  -0.0017415838
  -0.0063268517
  -0.0080639688
  -0.0072282964
  -0.0043197049
  -0.0028224801
  -0.0037166169
  -0.0032320086
  -0.0032559884
  -0.0030191765
  -0.0066907703
  -0.0076295643
  -0.0072712725
  -0.0074693612
  -0.0076397044
  -0.0047578849
  -0.0033651893
  -0.0026091271
  -0.0061694001
  -0.0080027805
  -0.0070139164
  -0.0074660440
  -0.0082094596
  -0.0085619890
  -0.0076313083
  -0.0098862722
  -0.0123619970
  -0.0125748038
  -0.0111475641
  -0.0122914346
  -0.0112112211
  -0.0085737730
  -0.0077667592
  -0.0077832981
  -0.0035341868
   0.0005638025
   0.0005466160
   0.0013294392
   0.0046094958
   0.0052668260
   0.0052293547
   0.0058877920
   0.0073211777
   0.0081204258
   0.0075546889
   0.0080600977
   0.0083862782
   0.0065100101
   0.0038339370
   0.0050469641
   0.0049498270
   0.0054583144
   0.0073950573
   0.0088251193
   0.0087150864
   0.0097246785
   0.0100080124
   0.0097872043
   0.0088776051
   0.0116643327
   0.0125503108
   0.0117438097
   0.0096041697
   0.0095830116
   0.0085573756
   0.0060375610
   0.0063260563
   0.0050547916
   0.0022199531
   0.0007294970
  -0.0004696586
   0.0000329475
  -0.0055059747
  -0.0082385602
  -0.0069514142
  -0.0075374136
  -0.0072826500
  -0.0075783512
  -0.0072749963
  -0.0075349036
  -0.0073035076
  -0.0075470058
  -0.0072861145
  -0.0074636636
  -0.0074719360
  -0.0076798230
  -0.0046986610
  -0.0025521893
  -0.0007191719
   0.0006544101
   0.0007811415
  -0.0001705320
   0.0004994790
   0.0008678444
   0.0006805505
   0.0007253202
   0.0015964405
   0.0011221856
   0.0006867601
  -0.0001268187
  -0.0003031179
   0.0005117304
  -0.0015269398
  -0.0065716520
  -0.0077451710
  -0.0071740901
  -0.0074151313
  -0.0074368433
  -0.0074379097
  -0.0073765388
  -0.0074249709
  -0.0078240176
  -0.0075568925
  -0.0073618618
  -0.0074277991
  -0.0074688839
  -0.0073670291
  -0.0073489230
  -0.0076293522
  -0.0077219448
  -0.0035327027
  -0.0002973767
   0.0004652741
   0.0007188078
   0.0007372367
   0.0008689574
   0.0000162482
  -0.0017324565
  -0.0030736308
  -0.0064547079
  -0.0079091568
  -0.0074275811
  -0.0047538849
  -0.0022324076
  -0.0024107185
  -0.0031221690
  -0.0028391515
  -0.0021380244
  -0.0004756675
   0.0001159147
  -0.0004311387
  -0.0000659404
  -0.0019728154
  -0.0023965100
  -0.0023184647
  -0.0022208940
  -0.0023571775
  -0.0023705004
  -0.0024138625
  -0.0007095733
  -0.0002204464
   0.0004185000
   0.0016190369
   0.0018266376
   0.0017131885
   0.0017791458
   0.0017652130
   0.0017689744
   0.0017524916
   0.0018447159
   0.0017175727
   0.0010076065
   0.0014643145
   0.0011446005
   0.0005556536
   0.0008587560
   0.0006895434
   0.0007539717
   0.0007115606
   0.0015162865
   0.0016025824
   0.0032512872
   0.0059401841
   0.0057533345
   0.0053465257
   0.0054154720
   0.0070642693
   0.0090203857
   0.0094601636
   0.0092148036
   0.0095216760
   0.0095591196
   0.0063675064
   0.0042230309
   0.0013270836
   0.0006819039
  -0.0008069307
  -0.0001407132
  -0.0013601565
  -0.0032334068
  -0.0065368186
  -0.0077449942
  -0.0072229582
  -0.0074544073
  -0.0074235922
  -0.0074513199
  -0.0074265677
  -0.0074252596
  -0.0074522744
  -0.0074098521
  -0.0074615896
  -0.0073961414
  -0.0075039766
  -0.0073509617
  -0.0074248354
  -0.0075732310
  -0.0076738072
  -0.0042533870
  -0.0027987112
  -0.0033852934
  -0.0065465757
  -0.0078200110
  -0.0071902341
  -0.0074873965
  -0.0073869087
  -0.0075035288
  -0.0074103411
  -0.0074060400
  -0.0073819064
  -0.0082824672
  -0.0085146705
  -0.0080307262
  -0.0083252666
  -0.0077408757
  -0.0073133472
  -0.0075283635
  -0.0073830494
  -0.0073967012
  -0.0076386321
  -0.0075930104
  -0.0042765101
  -0.0027003857
  -0.0026759670
  -0.0007867259
  -0.0002646525
   0.0013288430
   0.0019223470
   0.0008423557
   0.0007223406
   0.0008898369
  -0.0005863599
  -0.0010765840
   0.0004806315
   0.0016770683
   0.0008980627
   0.0013860200
   0.0019615735
   0.0016923739
   0.0009096923
   0.0014081915
   0.0019778819
   0.0016616749
   0.0010083106
   0.0012530119
   0.0018158258
   0.0035742158
   0.0053968781
   0.0045602382
   0.0041905395
   0.0020909580
   0.0035931975
   0.0054464915
   0.0047235069
   0.0040460126
   0.0058362907
   0.0026816192
   0.0003130358
   0.0003347298
  -0.0020409244
  -0.0031161214
  -0.0035041501
  -0.0033521268
  -0.0028087818
  -0.0001975541
   0.0007290103
   0.0007252813
  -0.0001219949
   0.0001434413
  -0.0014924257
  -0.0032379683
  -0.0065384330
  -0.0076686341
  -0.0074118023
  -0.0078285249
  -0.0043192977
  -0.0002514181
  -0.0001259171
  -0.0004085500
   0.0001701617
  -0.0016965507
  -0.0025665280
  -0.0026713547
  -0.0032862084
  -0.0026196614
  -0.0031538514
  -0.0024166995
  -0.0024915095
  -0.0065444782
  -0.0078600353
  -0.0071934453
  -0.0075428166
  -0.0073808340
  -0.0074067234
  -0.0080573815
  -0.0102766458
  -0.0109769616
  -0.0105957559
  -0.0103838859
  -0.0114300849
  -0.0108608482
  -0.0105767483
  -0.0089461466
  -0.0076105273
  -0.0073343816
  -0.0074701212
  -0.0078288608
  -0.0076510642
  -0.0015257750
  -0.0004062723
  -0.0002834335
   0.0016291458
   0.0016307961
   0.0045289058
   0.0042370456
   0.0048796299
   0.0059130339
   0.0061113641
   0.0027580995
   0.0003398193
   0.0038607986
   0.0024873108
   0.0014607976
   0.0017454477
   0.0018594117
   0.0009323039
   0.0012277182
   0.0008748258
   0.0048923201
   0.0062593472
   0.0074004426
   0.0090747334
   0.0092948462
   0.0091156473
   0.0114928581
   0.0123145312
   0.0111375713
   0.0138312938
   0.0142034494
   0.0143562227
   0.0146138558
   0.0123804920
   0.0115987195
   0.0125649701
   0.0124943782
   0.0104986324
   0.0096913004
   0.0084352170
   0.0062349956
   0.0054740472
   0.0017148259
   0.0003558042
   0.0009358291
  -0.0000480678
  -0.0002571024
  -0.0019307938
  -0.0026624419
  -0.0022198058
  -0.0004018780
  -0.0016416321
  -0.0012190293
   0.0000482911
  -0.0000124309
  -0.0001424984
  -0.0014219646
   0.0002395085
   0.0016513657
   0.0017743974
   0.0016005808
   0.0017515283
   0.0017250326
   0.0017731607
   0.0009326127
   0.0006806713
  -0.0001135415
  -0.0004186879
  -0.0001391551
  -0.0003943174
  -0.0019848115
  -0.0009185880
  -0.0000573378
  -0.0013056768
   0.0000459409
   0.0010110604
   0.0035284369
   0.0061103565
   0.0057841708
   0.0055403745
   0.0073352713
   0.0079178121
   0.0078518572
   0.0081470929
   0.0062663116
   0.0071535212
   0.0082265051
   0.0059732146
   0.0056414492
   0.0058371816
   0.0057791620
   0.0041674147
   0.0048597362
   0.0028306552
   0.0014264579
  -0.0001662800
  -0.0011816711
  -0.0002398198
  -0.0003268374
  -0.0007801711
  -0.0009855239
  -0.0003323587
  -0.0004335350
  -0.0007810395
   0.0004515297
   0.0000395047
  -0.0022318131
  -0.0008981752
   0.0003252215
  -0.0002903279
  -0.0003668677
  -0.0004242628
  -0.0003391463
  -0.0000128202
  -0.0008979030
  -0.0062728634
  -0.0079872492
  -0.0071882780
  -0.0075166738
  -0.0074762312
  -0.0075423334
  -0.0074596335
  -0.0075122784
  -0.0075134509
  -0.0074642528
  -0.0074516557
  -0.0076696711
  -0.0076365817
  -0.0047437100
  -0.0033787833
  -0.0028078008
  -0.0007187907
   0.0003351638
   0.0006248188
   0.0041448943
   0.0044081501
   0.0047756787
   0.0060185476
   0.0070077180
   0.0080208041
   0.0090945481
   0.0101428329
   0.0096233010
   0.0099549610
   0.0087933085
   0.0096595780
   0.0098873445
   0.0095308969
   0.0080654123
   0.0078025118
   0.0060960979
   0.0057847635
   0.0057864852
   0.0040428875
   0.0035222285
   0.0058715183
   0.0033467627
   0.0033769680
   0.0018224083
   0.0010711492
   0.0012102125
   0.0004082292
   0.0008926803
   0.0005703648
  -0.0000484212
  -0.0004532590
  -0.0001647308
  -0.0019373262
  -0.0024970385
  -0.0033395751
  -0.0027277146
  -0.0003092194
  -0.0000405404
  -0.0005668866
  -0.0002769447
  -0.0004320346
  -0.0002654878
  -0.0003927366
  -0.0003701479
  -0.0008607263
   0.0004341762
  -0.0000675162
  -0.0009319292
  -0.0004348224
  -0.0001566427
  -0.0020160773
  -0.0024915749
  -0.0028326078
  -0.0029049226
  -0.0031118392
  -0.0035570625
  -0.0065873424
  -0.0044842239
  -0.0059802614
  -0.0083482866
  -0.0073458533
  -0.0045247720
  -0.0029057863
  -0.0029826320
  -0.0022372472
  -0.0027312433
  -0.0001151148
   0.0014927604
   0.0052509606
   0.0059756068
   0.0069818640
   0.0088194100
   0.0094887516
   0.0089753709
   0.0101017481
   0.0118968658
   0.0118796082
   0.0121886194
   0.0104541891
   0.0116668309
   0.0099110598
   0.0090915020
   0.0094573178
   0.0083192450
   0.0064970536
   0.0038853564
   0.0030434355
   0.0011081238
   0.0005576092
  -0.0005399955
  -0.0002200233
  -0.0017047459
  -0.0065817862
  -0.0079170697
  -0.0072194113
  -0.0075822281
  -0.0074520623
  -0.0076104271
  -0.0074251595
  -0.0076357804
  -0.0073798206
  -0.0075380028
  -0.0077322204
  -0.0076834053
  -0.0034574820
  -0.0029209694
  -0.0030234788
  -0.0007423740
  -0.0002183244
   0.0003799234
  -0.0000477750
  -0.0005165360
  -0.0003176184
  -0.0004512950
   0.0004296152
   0.0007147835
   0.0013779220
   0.0015116201
   0.0031315207
   0.0058652074
   0.0060409843
   0.0053506112
   0.0056599105
   0.0073622625
   0.0084621729
   0.0061206204
   0.0063774285
   0.0061104508
   0.0055496868
   0.0050677263
   0.0058596436
   0.0043017355
   0.0045855926
   0.0056771004
   0.0043691457
   0.0022150934
   0.0015476631
   0.0010795700
  -0.0003523686
  -0.0002621111
   0.0000656643
  -0.0016680694
  -0.0027198652
  -0.0031714973
  -0.0028752417
  -0.0005527812
  -0.0004045664
  -0.0004613192
   0.0004188997
   0.0014913487
   0.0007245083
   0.0029365119
   0.0043025321
   0.0036904954
   0.0046816803
   0.0053624135
   0.0060629025
   0.0063829493
   0.0040788169
   0.0047490334
   0.0047494859
   0.0037051517
   0.0021521940
   0.0014873657
   0.0009904537
   0.0013463799
   0.0011503281
   0.0004715751
  -0.0005278300
  -0.0005722587
  -0.0000878233
  -0.0020960693
  -0.0031084772
  -0.0033590776
  -0.0065009482
  -0.0079791065
  -0.0072246610
  -0.0076730766
  -0.0073369152
  -0.0076277437
  -0.0076306308
  -0.0077291860
  -0.0035799923
  -0.0029437802
  -0.0008861667
  -0.0000025316
  -0.0006618941
   0.0005448136
   0.0014492446
   0.0007237853
   0.0027136675
   0.0053509630
   0.0059671577
   0.0041907758
   0.0049677564
   0.0058340323
   0.0045076593
   0.0038687492
   0.0055320432
   0.0066555539
   0.0052806433
   0.0053228040
   0.0038915989
   0.0035397377
   0.0044518433
   0.0056589955
   0.0056467879
   0.0057873819
   0.0056009329
   0.0050761642
   0.0049904546
   0.0049170658
   0.0039189867
   0.0050604291
   0.0017317583
   0.0002936985
   0.0003881558
  -0.0018696373
  -0.0065303197
  -0.0079186429
  -0.0072263815
  -0.0075734019
  -0.0074882980
  -0.0075358640
  -0.0074910731
  -0.0079604171
  -0.0075900232
  -0.0074343392
  -0.0083282067
  -0.0086436991
  -0.0084816400
  -0.0085577115
  -0.0085123019
  -0.0085449730
  -0.0086134143
  -0.0085283399
  -0.0076464331
  -0.0082563716
  -0.0094405256
  -0.0088028358
  -0.0092871042
  -0.0089475312
  -0.0075766543
  -0.0075143170
  -0.0075479485
  -0.0074992984
  -0.0074329722
  -0.0083589806
  -0.0086393921
  -0.0084026520
  -0.0084571234
  -0.0101051124
  -0.0107852422
  -0.0108677006
  -0.0107196585
  -0.0104773859
  -0.0110220942
  -0.0110478893
  -0.0108266864
  -0.0105707385
  -0.0089552085
  -0.0083875921
  -0.0095487968
  -0.0080090555
  -0.0073120038
  -0.0075863407
  -0.0075298188
  -0.0075057265
  -0.0075056440
  -0.0075457979
  -0.0074770856
  -0.0074144478
  -0.0077828679
  -0.0077297340
  -0.0035948796
  -0.0005931116
   0.0001638062
   0.0042818324
   0.0057832074
   0.0056113075
   0.0072871691
   0.0070114123
   0.0066306721
   0.0085338371
   0.0064333494
   0.0054086131
   0.0065375197
   0.0047959448
   0.0012604818
   0.0005579424
   0.0001773284
  -0.0020967675
  -0.0029138978
  -0.0025071598
  -0.0026964658
  -0.0030294992
  -0.0026232962
  -0.0027760342
  -0.0005962945
  -0.0014520580
  -0.0019725644
  -0.0024795517
  -0.0027454936
  -0.0004846678
  -0.0019622517
  -0.0025572016
  -0.0021264838
  -0.0034306110
  -0.0069107713
  -0.0077233589
  -0.0073482337
  -0.0074878561
  -0.0075192192
  -0.0075055498
  -0.0075003000
  -0.0074928643
  -0.0075095975
  -0.0075154778
  -0.0074703864
  -0.0074449271
  -0.0077123350
  -0.0075643164
  -0.0044876018
  -0.0031523336
  -0.0013318449
   0.0008378943
   0.0004838058
   0.0007828825
   0.0005441604
   0.0008355440
  -0.0001059277
  -0.0002192864
  -0.0028290803
  -0.0028715020
  -0.0028311596
  -0.0024512996
  -0.0062113040
  -0.0082904568
  -0.0073531181
  -0.0035078167
  -0.0023964187
  -0.0030505036
  -0.0006207215
   0.0005910430
   0.0006031504
   0.0003700086
   0.0034490800
   0.0053435397
   0.0053051068
   0.0047215019
   0.0038144722
   0.0052840212
   0.0059637992
   0.0048094198
   0.0054833624
   0.0058732576
   0.0053606800
   0.0050795939
   0.0053149146
   0.0062055593
   0.0055051298
   0.0037187428
   0.0057379269
   0.0067088470
   0.0049207542
   0.0036994329
   0.0052799675
   0.0060265077
   0.0055241986
   0.0056751985
   0.0072291861
   0.0081277319
   0.0081747912
   0.0064415393
   0.0051974791
   0.0060713692
   0.0077207546
   0.0065512422
   0.0052622974
   0.0079807503
   0.0064649246
   0.0076123185
   0.0061258996
   0.0054748226
   0.0058462399
   0.0040966437
   0.0048041459
   0.0055555929
   0.0037805420
   0.0048739347
   0.0055668124
   0.0052353881
   0.0025290815
   0.0035062936
   0.0018068970
   0.0010369557
   0.0020694358
   0.0016648318
   0.0009641590
   0.0005339388
   0.0009292024
   0.0006035481
  -0.0005415765
   0.0002920653
   0.0009220389
  -0.0006902104
   0.0003198940
   0.0008593576
  -0.0001283301
   0.0004184190
   0.0000520972
  -0.0004644762
  -0.0002415919
  -0.0003168749
  -0.0003460297
  -0.0003768197
   0.0002679122
   0.0001330835
  -0.0018648076
  -0.0008941686
  -0.0000515186
  -0.0020222068
  -0.0004424509
  -0.0014572624
  -0.0026570991
  -0.0027806264
  -0.0026212157
  -0.0005936914
  -0.0002415985
  -0.0007720578
   0.0001072941
   0.0007329851
   0.0033766127
   0.0054833671
   0.0046304348
   0.0048107331
   0.0060186301
   0.0057116475
   0.0039333101
   0.0043440517
   0.0021729651
   0.0006903642
   0.0034092767
   0.0043237939
   0.0038500964
   0.0040044782
   0.0034885074
   0.0043869213
   0.0041297737
   0.0039864729
   0.0039482534
   0.0041962754
   0.0033644587
   0.0029484997
   0.0033471221
   0.0027447041
   0.0031288935
   0.0052358707
   0.0016998273
   0.0011989293
   0.0007067970
   0.0031606390
   0.0013837840
  -0.0005504463
   0.0012277995
   0.0356575788
   0.0127760270
  -0.0063371804
   0.0022062436
  -0.0008223424
   0.0004319334
  -0.0011523414
   0.0011522707
   0.0001034924
   0.0020510156
   0.0033539633
   0.0027513709
   0.0027406592
   0.0048838397
   0.0014979654
   0.0018072718
   0.0009063615
  -0.0003349183
  -0.0011987573
  -0.0000806988
  -0.0004385355
  -0.0001356881
  -0.0005421256
   0.0007142975
   0.0006982494
   0.0009147046
  -0.0002276186
  -0.0002021253
  -0.0003798101
  -0.0001186338
  -0.0004239401
  -0.0001616974
  -0.0003726919
   0.0001950530
  -0.0003343295
   0.0006384540
   0.0014027603
   0.0013846984
   0.0033448767
   0.0054528225
   0.0052399903
   0.0062821787
   0.0041595371
   0.0044381032
   0.0057234951
   0.0059519269
   0.0052358907
   0.0057338173
   0.0058960649
   0.0058737272
   0.0041571703
   0.0045220239
   0.0040647633
   0.0038182955
   0.0042235105
   0.0021040830
   0.0013308504
   0.0010751181
   0.0006168452
   0.0035986735
   0.0023268107
   0.0043290254
   0.0065450674
   0.0049858542
   0.0053331191
   0.0076113522
   0.0079407084
   0.0076994433
   0.0085746391
   0.0098286662
   0.0098895599
   0.0098959999
   0.0099112483
   0.0099300143
   0.0091055544
   0.0095973173
   0.0091713384
   0.0096033448
   0.0100927333
   0.0090677160
   0.0087481582
   0.0088764208
   0.0097356200
   0.0100107463
   0.0096488545
   0.0100633736
   0.0119553144
   0.0099581014
   0.0091164958
   0.0102923421
   0.0097995186
   0.0101312375
   0.0082407638
   0.0079247706
   0.0059765024
   0.0054944329
   0.0043145317
   0.0058444134
   0.0047370096
   0.0019662417
   0.0010413523
   0.0000482283
  -0.0016119329
  -0.0030853723
  -0.0064876264
  -0.0077202066
  -0.0071665719
  -0.0074266737
  -0.0073526291
  -0.0074347340
  -0.0073465368
  -0.0074144007
  -0.0073621977
  -0.0074056982
  -0.0073658154
  -0.0074008373
  -0.0073676065
  -0.0073985454
  -0.0073681015
  -0.0073968308
  -0.0073604596
  -0.0074126802
  -0.0073640596
  -0.0073420294
  -0.0073899607
  -0.0081551944
  -0.0077080102
  -0.0080650824
  -0.0077627704
  -0.0072046577
  -0.0074673697
  -0.0073261741
  -0.0074531052
  -0.0072889603
  -0.0073530180
  -0.0075597030
  -0.0075431406
  -0.0041844997
  -0.0026593905
  -0.0026164950
  -0.0006662707
  -0.0001245722
   0.0005291612
   0.0008119766
   0.0008282673
   0.0009489441
  -0.0000180457
  -0.0019306070
  -0.0007971317
  -0.0012489405
  -0.0023935363
  -0.0061034924
  -0.0079140000
  -0.0070014431
  -0.0074984263
  -0.0072392260
  -0.0075080421
  -0.0072356437
  -0.0074799726
  -0.0072568077
  -0.0074689487
  -0.0072620339
  -0.0074629271
  -0.0072645026
  -0.0074615189
  -0.0072647619
  -0.0074556918
  -0.0072612385
  -0.0074920453
  -0.0072237772
  -0.0073699398
  -0.0074990332
  -0.0077198885
  -0.0033859527
  -0.0003725802
   0.0005752707
   0.0015726116
   0.0018346884
   0.0017061623
   0.0034014946
   0.0038551652
   0.0045898390
   0.0057056612
   0.0059629095
   0.0057498753
   0.0058844306
   0.0059663976
   0.0059646830
   0.0040419501
   0.0045527077
   0.0064018449
   0.0051276561
   0.0021315709
   0.0005777330
  -0.0001200873
  -0.0000894280
  -0.0015896830
  -0.0021803330
  -0.0061907939
  -0.0077759154
  -0.0071122714
  -0.0073582795
  -0.0073387947
  -0.0073736046
  -0.0073358487
  -0.0073438324
  -0.0073595109
  -0.0073297564
  -0.0073686141
  -0.0073198461
  -0.0073786717
  -0.0073052752
  -0.0073860956
  -0.0073214251
  -0.0073742350
  -0.0072072266
  -0.0075903944
  -0.0074921808
  -0.0046586297
  -0.0020916156
  -0.0032580276
  -0.0032790868
  -0.0030829719
  -0.0033269727
  -0.0064705514
  -0.0034573164
  -0.0056035501
  -0.0080526974
  -0.0070850386
  -0.0073685964
  -0.0071649516
  -0.0077106557
  -0.0074449860
  -0.0034312326
  -0.0016574055
  -0.0025249748
  -0.0025965831
  -0.0032662841
  -0.0023730187
  -0.0030192242
  -0.0025455042
  -0.0025011517
  -0.0024550157
  -0.0029682544
  -0.0025635019
  -0.0021524356
  -0.0023739755
  -0.0006494084
  -0.0000671215
   0.0005652184
   0.0008564788
   0.0007654611
   0.0016076966
   0.0020132645
   0.0018341003
   0.0016474964
   0.0020323940
   0.0056709504
   0.0068308582
   0.0054151933
   0.0048581471
   0.0057141752
   0.0064292486
   0.0060174929
   0.0058334879
   0.0059289835
   0.0051540480
   0.0055906113
   0.0051285905
   0.0060386510
   0.0067850834
   0.0055541022
   0.0030502579
   0.0033341438
   0.0017743780
   0.0012317677
   0.0022162399
   0.0017529571
   0.0012069483
   0.0006401173
   0.0003289525
  -0.0003220824
  -0.0016363676
  -0.0027070378
  -0.0028280763
  -0.0065655597
  -0.0075796003
  -0.0075426575
  -0.0075928278
  -0.0077072619
  -0.0076139270
  -0.0076840122
  -0.0075871066
  -0.0076794400
  -0.0075678634
  -0.0077027369
  -0.0074908257
  -0.0075907891
  -0.0078026297
  -0.0077416535
  -0.0035519064
  -0.0028073736
  -0.0030382647
  -0.0026713718
  -0.0026522476
  -0.0023984025
  -0.0025691841
  -0.0003424567
  -0.0000661128
  -0.0004650418
  -0.0003437338
  -0.0003065816
  -0.0002523698
  -0.0003671945
  -0.0008011412
   0.0003286959
   0.0015415190
   0.0020108782
   0.0042126722
   0.0056562009
   0.0056482939
   0.0071469634
   0.0079210115
   0.0092128062
   0.0091593953
   0.0085801069
   0.0087504619
   0.0074284826
   0.0084497467
   0.0080621187
   0.0058484948
   0.0056361747
   0.0062720562
   0.0031111940
   0.0013977079
   0.0009735532
   0.0005007339
   0.0014868714
   0.0017187959
   0.0016436896
   0.0008261179
   0.0005775181
   0.0005959427
   0.0005875813
   0.0014643056
   0.0016637123
   0.0007426020
   0.0013504866
   0.0017094801
   0.0007967287
   0.0012485959
   0.0009706891
   0.0012003817
   0.0010463068
   0.0004807713
  -0.0001427137
  -0.0012811167
   0.0001923438
  -0.0005368231
   0.0000284643
   0.0015420487
   0.0016416509
   0.0007822880
   0.0002823673
   0.0005183662
   0.0031934868
   0.0040892616
   0.0036149813
   0.0053623439
   0.0058432698
   0.0056963855
   0.0057856520
   0.0045345963
   0.0032380756
   0.0039146095
   0.0047787909
   0.0042427119
   0.0031426083
   0.0030733692
   0.0049818152
   0.0036915607
   0.0041711797
   0.0051605310
   0.0043318919
   0.0047151934
   0.0047522534
   0.0047590781
   0.0046383123
   0.0046851754
   0.0045856710
   0.0045909007
   0.0045037989
   0.0045902997
   0.0043939822
   0.0037685047
   0.0039454223
   0.0034171567
   0.0004265140
  -0.0003651826
  -0.0007766200
  -0.0011932377
  -0.0010259700
  -0.0011465490
  -0.0015255764
  -0.0013219222
  -0.0003929652
  -0.0002492576
   0.0004047594
   0.0006380663
   0.0006056686
   0.0006202466
  -0.0001038426
  -0.0010738124
  -0.0011871330
  -0.0023476419
  -0.0036706688
  -0.0065307263
  -0.0075343144
  -0.0070136277
  -0.0072025896
  -0.0070878137
  -0.0071189175
  -0.0069949206
  -0.0070020499
  -0.0069337618
  -0.0069044079
  -0.0067855901
  -0.0068087869
  -0.0073973434
  -0.0069887341
  -0.0070443957
  -0.0071353974
  -0.0087356377
  -0.0094263908
  -0.0086973516
  -0.0076245267
  -0.0068359430
  -0.0072066551
  -0.0068964655
  -0.0070372369
  -0.0060956619
  -0.0059981613
  -0.0058567984
  -0.0059674169
  -0.0056803522
  -0.0057813521
  -0.0057390588
  -0.0058369836
  -0.0031002343
  -0.0016448261
  -0.0003874839
   0.0006440208
   0.0013190575
   0.0016418253
   0.0030658834
   0.0019196443
   0.0023884480
   0.0047696147
   0.0045246447
   0.0030661480
   0.0016449952
   0.0008001201
   0.0013106108
  -0.0002985876
  -0.0004981549
  -0.0009057729
  -0.0016248488
  -0.0043407487
  -0.0055730491
  -0.0048799086
  -0.0051334078
  -0.0049273839
  -0.0050108126
  -0.0047983281
  -0.0048587864
  -0.0046852980
  -0.0047186131
  -0.0045590480
  -0.0045812107
  -0.0044294632
  -0.0044465458
  -0.0042959107
  -0.0043085891
  -0.0041615380
  -0.0041960874
  -0.0039869602
  -0.0040058081
  -0.0040681394
  -0.0039402921
  -0.0012042787
  -0.0007170384
   0.0002889632
   0.0017158859
   0.0015963781
   0.0021643922
   0.0018476802
   0.0020968524
   0.0017568464
   0.0020462131
   0.0035297384
   0.0035963927
   0.0046810157
   0.0052416295
   0.0041170494
   0.0039322737
   0.0044859302
   0.0043873302
   0.0037834739
   0.0038404400
   0.0045871993
   0.0042650302
   0.0030596138
   0.0037507834
   0.0044420273
   0.0040433642
   0.0042113247
   0.0040057916
   0.0029432505
   0.0030616318
   0.0019646585
   0.0014805499
   0.0012250091
   0.0010129505
   0.0000690446
  -0.0002981791
   0.0003960423
   0.0007344899
  -0.0002444415
  -0.0011706460
  -0.0028880632
  -0.0035293030
  -0.0031328341
  -0.0032571067
  -0.0030728495
  -0.0030763099
  -0.0030687399
  -0.0030357082
  -0.0011741924
  -0.0004205423
  -0.0003370122
   0.0007188125
   0.0011896106
   0.0002756301
  -0.0001402574
  -0.0019796902
  -0.0027924722
  -0.0023157739
  -0.0024554876
  -0.0022836237
  -0.0023268502
  -0.0021394685
  -0.0021789855
  -0.0020046805
  -0.0020375807
  -0.0018649378
  -0.0019114598
  -0.0016904124
  -0.0017639945
  -0.0016913923
  -0.0015606420
  -0.0000488479
  -0.0010169152
  -0.0002787221
   0.0010205565
   0.0014947230
   0.0014750179
   0.0018782838
   0.0023830333
   0.0023546368
   0.0022674596
   0.0032409750
   0.0040655799
   0.0028510374
   0.0034814058
   0.0038309168
   0.0040417380
   0.0036587894
   0.0030749453
   0.0038039674
   0.0036021274
   0.0032322572
   0.0034311254
   0.0032672073
   0.0035798291
   0.0034251144
   0.0034697161
   0.0031070896
   0.0027101747
   0.0018568640
   0.0016525134
   0.0019841940
   0.0017857224
   0.0018570879
   0.0014927863
   0.0017243197
   0.0015172298
   0.0016642897
   0.0014922278
   0.0016337409
   0.0014785195
   0.0015371925
   0.0014752288
   0.0020821901
   0.0017187287
   0.0019692519
   0.0023524998
   0.0021410635
   0.0023970126
   0.0022710655
   0.0021900336
   0.0023484774
   0.0023755717
   0.0022892146
   0.0022429171
   0.0021950252
   0.0020810147
   0.0020457217
   0.0016708935
   0.0019669228
   0.0020103839
   0.0015647228
   0.0010983513
   0.0013345093
   0.0015068735
   0.0013790215
   0.0009502987
   0.0007771573
   0.0009513203
   0.0008136358
   0.0006215965
   0.0007041544
   0.0008683729
   0.0007585675
   0.0008021393
   0.0005955692
   0.0005790175
   0.0005525963
   0.0005741698
   0.0005160947
   0.0005502239
   0.0006353207
   0.0006712471
   0.0006214197
   0.0009399653
   0.0008979707
   0.0008350184
   0.0011184778
   0.0011747999
   0.0007983596
   0.0009681508
   0.0010695543
   0.0009770642
   0.0008106250
   0.0007259489
   0.0006118582
   0.0005514940
   0.0006422644
   0.0005389142
   0.0004581664
   0.0005931900
   0.0006986613
   0.0005898716
   0.0003916239
   0.0003736925
   0.0004588116
   0.0002565191
   0.0002487721
   0.0003578700
   0.0001465879
   0.0000794435
   0.0000299405
   0.0000642363
   0.0000132297
  -0.0000229388
   0.0000441491
   0.0000549479
  -0.0000216614
  -0.0000420788
  -0.0000317042
  -0.0000438933
  -0.0001268483
  -0.0001179126
  -0.0000754370
  -0.0001933147
  -0.0002570789
  -0.0001936095
  -0.0001925252
  -0.0003998319
  -0.0004370713
  -0.0002034767
  -0.0003199913
  -0.0004002094
  -0.0003377071
  -0.0003334672
  -0.0003236535
  -0.0003097089
  -0.0001459379
  -0.0001197175
  -0.0001260158
  -0.0001008738
  -0.0000439424
  -0.0000173850
  -0.0000459577
  -0.0000908090
  -0.0001117242
  -0.0000963634
  -0.0000636488
  -0.0000837736
  -0.0001101139
  -0.0001134679
  -0.0001168815
  -0.0000990843
  -0.0001026077
  -0.0000690772
  -0.0000636107
  -0.0000765950
  -0.0000900837
  -0.0000852416
  -0.0000691346
  -0.0000654418
  -0.0000668878
  -0.0000746130
  -0.0000554408
  -0.0000452271
  -0.0000444352
  -0.0000434555
  -0.0000717779
  -0.0000725114
  -0.0000800987
  -0.0000888161
  -0.0000990336
  -0.0000924809
  -0.0000999771
  -0.0001111771
  -0.0001150366
  -0.0001237556
  -0.0001318632
  -0.0001359929
  -0.0001553806
  -0.0001594458
  -0.0001647238
  -0.0001692174
  -0.0001845195
  -0.0001922366
  -0.0001969704
  -0.0001992141
  -0.0002144649
  -0.0002231594
  -0.0002228491
  -0.0002265475
  -0.0002316768
  -0.0002320128
  -0.0002379998
  -0.0002406336
  -0.0002426375
  -0.0002486828
  -0.0002509395
  -0.0002499213
  -0.0002473105
  -0.0002467451
  -0.0002480834
  -0.0002472952
  -0.0002495244
  -0.0002500608
  -0.0002515429
  -0.0002527332
  -0.0002545737
  -0.0002565181
  -0.0002582050
  -0.0002593364
  -0.0002604518
  -0.0002618181
  -0.0002641137
  -0.0002655366
  -0.0002671085
  -0.0002687968
  -0.0002702849
  -0.0002713679
  -0.0002727571
  -0.0002738548
  -0.0002750445
  -0.0002759352
  -0.0002770857
  -0.0002779818
  -0.0002789809
  -0.0002798708
  -0.0002808133
  -0.0002816239
  -0.0002824993
  -0.0002832492
  -0.0002840295
  -0.0002847275
  -0.0002854276
  -0.0002860603
  -0.0002866855
  -0.0002872555
  -0.0002878062
  -0.0002883127
  -0.0002887929
  -0.0002892359
  -0.0002896475
  -0.0002900253
