   0.0003006665
   0.0002997711
   0.0002988708
   0.0002979349
   0.0002969951
   0.0002960632
   0.0002951174
   0.0002941324
   0.0002930944
   0.0002920140
   0.0002909193
   0.0002898452
   0.0002889301
   0.0002882996
   0.0002875379
   0.0002864130
   0.0002844519
   0.0002817579
   0.0002789109
   0.0002768378
   0.0002769564
   0.0002796567
   0.0002817365
   0.0002809986
   0.0002772280
   0.0002706842
   0.0002655399
   0.0002673685
   0.0002728562
   0.0002759120
   0.0002752331
   0.0002703408
   0.0002551233
   0.0002447513
   0.0002501530
   0.0002503666
   0.0002378041
   0.0002250824
   0.0002270574
   0.0002419772
   0.0002610595
   0.0002715755
   0.0002728380
   0.0002826436
   0.0002837294
   0.0002602887
   0.0002194467
   0.0002042493
   0.0002072325
   0.0002401547
   0.0002948299
   0.0003050038
   0.0003038954
   0.0003126533
   0.0003181978
   0.0002776599
   0.0001886267
   0.0001440280
   0.0001539538
   0.0002121297
   0.0003016641
   0.0004193888
   0.0004871637
   0.0004938631
   0.0004086943
   0.0001766490
   0.0000693874
   0.0000803238
   0.0000869926
   0.0002339615
   0.0005986978
   0.0007760345
   0.0004445853
  -0.0001205159
  -0.0003479279
  -0.0002664327
   0.0000379614
   0.0003517508
   0.0003833261
   0.0002173593
   0.0004283144
   0.0006798926
   0.0003333470
  -0.0002107024
  -0.0005385379
  -0.0005787458
  -0.0008065714
  -0.0011496293
  -0.0011493992
  -0.0007857644
  -0.0001658559
   0.0000675651
  -0.0005909543
  -0.0009600157
  -0.0004210946
   0.0003964658
   0.0008392175
   0.0003905909
   0.0001636473
   0.0002912729
   0.0000713778
  -0.0005201234
  -0.0005870532
  -0.0010999488
  -0.0014904546
  -0.0008466167
  -0.0000334841
   0.0012505598
   0.0023582191
   0.0026163766
   0.0024824054
   0.0018202426
   0.0007182996
  -0.0007189899
  -0.0018969996
  -0.0010999656
   0.0008771947
   0.0025811683
   0.0031986844
   0.0018272197
   0.0000875115
  -0.0005946582
   0.0002712077
   0.0009558352
   0.0008691783
   0.0018196774
   0.0026789563
   0.0013294546
  -0.0004752173
  -0.0007321374
  -0.0005917458
  -0.0008468070
  -0.0012202154
  -0.0007458947
  -0.0001674523
   0.0020154540
   0.0049922995
   0.0060109640
   0.0050975260
   0.0029854089
   0.0015563395
   0.0002914437
  -0.0022475596
  -0.0039901236
  -0.0031734707
  -0.0002773605
   0.0024242048
   0.0056161807
   0.0073774944
   0.0034775978
  -0.0045447646
  -0.0100066910
  -0.0098880830
  -0.0075835921
  -0.0052872754
  -0.0019417254
  -0.0011879308
  -0.0024873312
  -0.0046508259
  -0.0039348890
  -0.0003802508
   0.0032581973
   0.0058177719
   0.0062519383
   0.0063549591
   0.0084917103
   0.0091579027
   0.0043108128
  -0.0011806518
  -0.0012786401
   0.0016981202
   0.0029675741
   0.0025797346
   0.0027936450
   0.0035805395
   0.0094565851
   0.0186264118
   0.0239960520
   0.0224496158
   0.0123797456
   0.0001464898
  -0.0054405264
  -0.0062668897
  -0.0029170069
   0.0024413745
   0.0083245676
   0.0131717081
   0.0039137420
  -0.0121611011
  -0.0194014983
  -0.0167067783
  -0.0067829754
   0.0067209034
   0.0118126470
   0.0026046399
  -0.0081016889
  -0.0132267218
  -0.0162630018
  -0.0138905224
  -0.0056804152
  -0.0022935197
  -0.0051176155
  -0.0084871908
  -0.0096446435
  -0.0121079170
  -0.0165784608
  -0.0114692746
  -0.0035867999
  -0.0113284061
  -0.0243180027
  -0.0252652749
  -0.0160835632
  -0.0023782385
   0.0098011079
   0.0194669956
   0.0207707620
   0.0152409120
   0.0002864567
  -0.0135468041
  -0.0182386004
  -0.0095164643
   0.0086719145
   0.0206232027
   0.0220953878
   0.0194063466
   0.0096350464
  -0.0007261858
  -0.0028947822
  -0.0023233184
   0.0002560145
   0.0063881705
   0.0128294906
   0.0142212356
   0.0072329928
   0.0111921349
   0.0174120468
   0.0110299486
   0.0039136469
  -0.0015705799
  -0.0028394875
  -0.0035932804
  -0.0102193714
  -0.0102328739
   0.0039081183
   0.0167085299
   0.0093252358
  -0.0076846148
  -0.0135902528
  -0.0090362197
   0.0056742607
   0.0230536670
   0.0279819613
   0.0195207507
  -0.0038269010
  -0.0318847015
  -0.0460081192
  -0.0453979525
  -0.0355435004
  -0.0188444681
  -0.0044354424
   0.0030237057
   0.0062692771
   0.0065846409
   0.0049974852
  -0.0049164785
  -0.0189778286
  -0.0265429098
  -0.0201532645
  -0.0073671447
   0.0040631758
   0.0030046698
  -0.0045020772
  -0.0043661780
  -0.0092622513
  -0.0159129777
  -0.0082567261
   0.0059114334
   0.0082155740
   0.0008127708
  -0.0040502848
  -0.0026589775
   0.0034556785
   0.0026545293
  -0.0061055900
  -0.0204535688
  -0.0265296322
  -0.0159728267
   0.0006141868
   0.0083422005
   0.0141828471
   0.0191539543
   0.0105005679
   0.0079922153
   0.0097386294
   0.0070698203
  -0.0044113653
  -0.0149490847
  -0.0156637211
  -0.0150667152
  -0.0115977652
  -0.0042093291
  -0.0016407676
   0.0062386217
   0.0129000525
   0.0215594462
   0.0248222423
   0.0138804582
   0.0038235872
  -0.0017714129
   0.0038643384
   0.0098762932
   0.0006215942
  -0.0164706004
  -0.0190639993
  -0.0088353205
  -0.0003056087
   0.0081521959
   0.0085549068
  -0.0070251737
  -0.0230567291
  -0.0376974089
  -0.0469616885
  -0.0387214882
  -0.0158441199
   0.0080941029
   0.0113817675
  -0.0070003440
  -0.0158501316
  -0.0096045294
  -0.0003498525
   0.0081498950
   0.0270086528
   0.0305137250
   0.0213252707
   0.0136286239
   0.0065995750
  -0.0076786852
  -0.0236116962
  -0.0254008800
  -0.0155524742
  -0.0020690218
   0.0134838628
   0.0236283430
   0.0206650338
   0.0110854682
   0.0025070431
   0.0014351279
   0.0018461847
   0.0074947054
   0.0136097065
   0.0130035317
   0.0145651398
   0.0240787151
   0.0259802875
   0.0244261486
   0.0185797454
   0.0064562672
  -0.0002298039
  -0.0068093836
  -0.0175973674
  -0.0246048131
  -0.0313912398
  -0.0376336631
  -0.0471913877
  -0.0553773443
  -0.0456191314
  -0.0217896903
  -0.0101585277
  -0.0111438423
  -0.0196277591
  -0.0235636242
  -0.0149765483
  -0.0011397554
   0.0133115517
   0.0313855741
   0.0375099128
   0.0294838676
   0.0052172455
  -0.0211840042
  -0.0339405975
  -0.0266242279
  -0.0129211367
   0.0008241571
   0.0144293704
   0.0240433931
   0.0235291499
   0.0175959359
   0.0119819825
   0.0026400125
  -0.0085441895
  -0.0097189594
   0.0009982722
   0.0181806761
   0.0399819357
   0.0581769404
   0.0611673975
   0.0520059439
   0.0387765018
   0.0242409923
   0.0177067935
   0.0262813616
   0.0371714839
   0.0460620948
   0.0359579666
   0.0207333943
   0.0022965342
  -0.0137685799
  -0.0237734328
  -0.0326123993
  -0.0354885776
  -0.0349574411
  -0.0352831416
  -0.0323686224
  -0.0240287877
  -0.0269786635
  -0.0363724803
  -0.0337519596
  -0.0238176989
  -0.0143764111
  -0.0050870380
   0.0091714010
   0.0210179081
   0.0232547522
   0.0180536993
   0.0061256103
  -0.0079719744
  -0.0133064699
  -0.0129260801
  -0.0097169224
  -0.0105862413
  -0.0057828478
   0.0092486319
   0.0102355597
  -0.0011464054
  -0.0098498027
  -0.0127822835
  -0.0175763784
  -0.0172192007
  -0.0048415700
  -0.0001015885
  -0.0084058597
  -0.0288969433
  -0.0372994208
  -0.0339834795
  -0.0193136408
   0.0034036664
   0.0166433656
   0.0143587609
   0.0021178736
  -0.0156237929
  -0.0261563008
  -0.0194787292
  -0.0016000160
   0.0063537654
  -0.0007512113
  -0.0010795025
   0.0009179618
   0.0020757099
   0.0113395429
   0.0211971478
   0.0241003054
   0.0234815579
   0.0241059667
   0.0228398189
   0.0086516607
  -0.0087938052
  -0.0121094264
  -0.0106766115
  -0.0051573058
   0.0002392107
  -0.0001964675
  -0.0002652978
   0.0006152377
   0.0009266031
   0.0082061456
   0.0159195301
   0.0132662563
   0.0090570790
  -0.0057203995
  -0.0195233110
  -0.0243740197
  -0.0244103970
  -0.0231794458
  -0.0208678100
  -0.0121381096
  -0.0034821948
   0.0035650167
   0.0181803258
   0.0347652092
   0.0343052919
   0.0141551284
  -0.0083908261
  -0.0199615170
  -0.0146506012
  -0.0011756323
   0.0130229941
   0.0288612623
   0.0364246265
   0.0287044172
   0.0161813248
   0.0054469403
   0.0011775673
  -0.0021396966
  -0.0087404221
  -0.0098108304
  -0.0011288050
   0.0048972583
   0.0121745172
   0.0137339715
   0.0135511983
   0.0205428102
   0.0355235407
   0.0396691712
   0.0342034129
   0.0170258832
   0.0047887319
   0.0080708692
   0.0205469535
   0.0243999047
   0.0037041423
  -0.0269478524
  -0.0512407270
  -0.0539810711
  -0.0409236762
  -0.0120096234
   0.0180926327
   0.0295608477
   0.0252624593
   0.0141869126
  -0.0097491607
  -0.0299645923
  -0.0316199485
  -0.0110233616
   0.0141872802
   0.0286936913
   0.0282467316
   0.0204125897
   0.0189484317
   0.0157834925
   0.0086506530
   0.0068555224
   0.0135155995
   0.0158858385
   0.0027615187
  -0.0146761834
  -0.0258966296
  -0.0289109778
  -0.0289374769
  -0.0296035395
  -0.0297806773
  -0.0292177392
  -0.0191206780
   0.0054144079
   0.0330180036
   0.0453390897
   0.0515710682
   0.0451380651
   0.0277423839
   0.0090157410
   0.0046877352
   0.0033689823
  -0.0047058654
   0.0018245001
   0.0170802178
   0.0193602597
   0.0166521237
   0.0086588488
  -0.0054007151
  -0.0183711607
  -0.0189273389
  -0.0164465752
  -0.0167293287
  -0.0083196977
   0.0038210268
   0.0180316376
   0.0300428180
   0.0406440885
   0.0443406704
   0.0514936080
   0.0451872832
   0.0341805252
   0.0308908148
   0.0325100532
   0.0383123417
   0.0342403957
   0.0132527408
  -0.0110321673
  -0.0325573424
  -0.0411096369
  -0.0392714643
  -0.0272653960
  -0.0103698760
  -0.0053728190
  -0.0066027409
  -0.0046694708
   0.0055251617
   0.0199923194
   0.0379414193
   0.0583729913
   0.0650273031
   0.0539450441
   0.0415957506
   0.0309114060
   0.0122859414
  -0.0110125492
  -0.0175914120
  -0.0093180693
   0.0030421724
   0.0150730297
   0.0165214404
  -0.0000938683
  -0.0151688234
  -0.0168012486
  -0.0172396578
  -0.0262124173
  -0.0305034705
  -0.0292188161
  -0.0368105349
  -0.0504738234
  -0.0594595102
  -0.0675353531
  -0.0769249920
  -0.0752665824
  -0.0557566874
  -0.0298870240
  -0.0063645129
   0.0153293620
   0.0380347132
   0.0643549866
   0.0840413836
   0.0854231249
   0.0699879569
   0.0545120476
   0.0337458527
   0.0070197848
  -0.0128182024
  -0.0201382439
  -0.0343370112
  -0.0543583814
  -0.0718614905
  -0.0734269998
  -0.0507354408
  -0.0105046421
   0.0290013913
   0.0504501658
   0.0501792497
   0.0341462325
   0.0109992715
  -0.0106029659
  -0.0166834884
  -0.0159849409
  -0.0113254997
  -0.0016931080
   0.0044978301
  -0.0080559783
  -0.0253103843
  -0.0437728884
  -0.0625230592
  -0.0658205026
  -0.0646656059
  -0.0659046232
  -0.0640974779
  -0.0575380126
  -0.0563348493
  -0.0640864925
  -0.0494570663
  -0.0114257871
   0.0334966177
   0.0803089348
   0.1239114193
   0.1567891036
   0.1758659826
   0.1868182331
   0.1831260065
   0.1608968733
   0.1259602872
   0.0791444367
   0.0196922919
  -0.0412363196
  -0.0979142428
  -0.1439364615
  -0.1777604924
  -0.2019408356
  -0.2077117724
  -0.1932641247
  -0.1746584943
  -0.1492970019
  -0.1134629413
  -0.0740642840
  -0.0377780306
  -0.0078347302
   0.0245211638
   0.0563544414
   0.0773133743
   0.0894002373
   0.0914350058
   0.0895499245
   0.0814252527
   0.0795596770
   0.0815892988
   0.0886555640
   0.0923511208
   0.0914679188
   0.0853086862
   0.0838223239
   0.0984260598
   0.1053526717
   0.0977838018
   0.0746017480
   0.0392202739
  -0.0041689685
  -0.0462019211
  -0.0831195163
  -0.1089785533
  -0.1329267754
  -0.1500019719
  -0.1509869838
  -0.1512932349
  -0.1558190994
  -0.1503992204
  -0.1301464686
  -0.0885921599
  -0.0283053263
   0.0372041115
   0.0934788567
   0.1218856036
   0.1195653438
   0.0999739664
   0.0804985414
   0.0591744514
   0.0391568785
   0.0345159136
   0.0435171962
   0.0441519720
   0.0453155186
   0.0550800459
   0.0518193215
   0.0433155661
   0.0436749711
   0.0373326582
   0.0206860878
   0.0024214493
  -0.0141977380
  -0.0326693894
  -0.0476993554
  -0.0496746555
  -0.0315785585
  -0.0077683592
   0.0120235282
   0.0263515948
   0.0291373424
   0.0173745277
  -0.0023227803
  -0.0364132691
  -0.0882333172
  -0.1378157644
  -0.1676013548
  -0.1800083953
  -0.1782134897
  -0.1632865056
  -0.1364736830
  -0.1048190137
  -0.0696057593
  -0.0332389230
   0.0016298800
   0.0335408535
   0.0658591678
   0.1039603775
   0.1432726219
   0.1741260041
   0.1967681719
   0.2054352813
   0.1897302352
   0.1532002870
   0.1053574292
   0.0660106715
   0.0388684463
   0.0184891502
   0.0027019612
  -0.0122179139
  -0.0349205275
  -0.0552315063
  -0.0628075557
  -0.0626984367
  -0.0632597313
  -0.0618039465
  -0.0524606712
  -0.0459596796
  -0.0311717519
  -0.0040244492
   0.0214294809
   0.0420955570
   0.0593383678
   0.0724303970
   0.0707125190
   0.0500936586
   0.0167414862
  -0.0148833408
  -0.0419594632
  -0.0488655402
  -0.0393836540
  -0.0162565187
   0.0141991436
   0.0385837595
   0.0551946576
   0.0735635391
   0.0787365055
   0.0570791766
   0.0041641046
  -0.0692857115
  -0.1344378333
  -0.1782992971
  -0.1940257518
  -0.1833387950
  -0.1523032451
  -0.1046233953
  -0.0553549842
  -0.0098821578
   0.0254576106
   0.0555088666
   0.0747152785
   0.0805363417
   0.0726800775
   0.0510707990
   0.0248450695
   0.0032175002
  -0.0119434470
  -0.0283358174
  -0.0411346007
  -0.0521244481
  -0.0613110297
  -0.0638143221
  -0.0541189079
  -0.0361161264
  -0.0142749041
   0.0108224927
   0.0280606931
   0.0275816464
   0.0207850388
   0.0309160164
   0.0542593396
   0.0832138006
   0.1150054850
   0.1409012410
   0.1513504542
   0.1411504025
   0.1195442380
   0.0964065152
   0.0730403475
   0.0556187208
   0.0397809587
   0.0306613319
   0.0185572988
  -0.0112437361
  -0.0500189231
  -0.0843646751
  -0.1087222988
  -0.1329343873
  -0.1578429257
  -0.1746958188
  -0.1831998770
  -0.1844847822
  -0.1819976219
  -0.1725835036
  -0.1690595616
  -0.1611082346
  -0.1396850163
  -0.1224822764
  -0.1013657417
  -0.0807750367
  -0.0629709531
  -0.0386395646
  -0.0116356346
   0.0224138569
   0.0593842990
   0.0912519731
   0.1190641663
   0.1317911681
   0.1232977927
   0.1075651099
   0.0877543268
   0.0636909740
   0.0317978950
  -0.0058347301
  -0.0472857585
  -0.0737371433
  -0.0828639106
  -0.0833403925
  -0.0844224999
  -0.0858224494
  -0.0994256035
  -0.1331693197
  -0.1707707791
  -0.1892098981
  -0.1784817675
  -0.1360039913
  -0.0791932656
  -0.0224158118
   0.0241894473
   0.0621764994
   0.1076897123
   0.1631641954
   0.2205724157
   0.2614990416
   0.2831200840
   0.2911356801
   0.2845015226
   0.2629248976
   0.2357258553
   0.2026773347
   0.1616248955
   0.1273066070
   0.0957476060
   0.0662489341
   0.0344507925
   0.0145464863
   0.0163677483
   0.0263290271
   0.0349816782
   0.0456644139
   0.0433332985
   0.0288098081
   0.0141809701
  -0.0052995064
  -0.0237743627
  -0.0334544882
  -0.0410544200
  -0.0558572862
  -0.0801892196
  -0.1121950332
  -0.1378102284
  -0.1436543869
  -0.1351899888
  -0.1186388056
  -0.1022847545
  -0.0963694502
  -0.1035639507
  -0.1155565727
  -0.1126498903
  -0.0860614472
  -0.0503772468
  -0.0229853022
  -0.0081813938
   0.0029770509
   0.0233360010
   0.0537095062
   0.0854407708
   0.1099126170
   0.1216975106
   0.1177229500
   0.1013104253
   0.0881358756
   0.0859260756
   0.0727846553
   0.0612404029
   0.0729364617
   0.0866140053
   0.0868478997
   0.0878951911
   0.0823196132
   0.0666545730
   0.0433736504
   0.0196579473
  -0.0040956183
  -0.0334081548
  -0.0617691737
  -0.0770040092
  -0.0919227326
  -0.1020769397
  -0.0976255944
  -0.0852015135
  -0.0739353134
  -0.0671729639
  -0.0627448869
  -0.0545687047
  -0.0375061327
  -0.0147582497
   0.0005940822
  -0.0061019354
  -0.0335659167
  -0.0664738758
  -0.0995417289
  -0.1337841574
  -0.1588397880
  -0.1586414449
  -0.1378212571
  -0.1073221331
  -0.0766625528
  -0.0589108013
  -0.0491966599
  -0.0351187106
  -0.0112335162
   0.0210407958
   0.0526193544
   0.0787078310
   0.0877196406
   0.0714763952
   0.0397157511
   0.0054570175
  -0.0242681185
  -0.0408214988
  -0.0365285253
  -0.0212227127
   0.0023404271
   0.0408485169
   0.0798863420
   0.1145802540
   0.1471275538
   0.1810323752
   0.2139555149
   0.2392306377
   0.2417986749
   0.2217830612
   0.1946531752
   0.1532328540
   0.1061700910
   0.0644766048
   0.0245199874
  -0.0017713091
  -0.0000609335
   0.0245636350
   0.0639894402
   0.1098328645
   0.1458643167
   0.1626679917
   0.1665566151
   0.1496270403
   0.1247553074
   0.1046734785
   0.1067946598
   0.1025239253
   0.0759652380
   0.0425230673
   0.0022178665
  -0.0312087736
  -0.0448024042
  -0.0450187824
  -0.0387582634
  -0.0271843720
  -0.0238300726
  -0.0328097044
  -0.0407833007
  -0.0474205246
  -0.0485621003
  -0.0365102306
  -0.0256922748
  -0.0465216229
  -0.0870996562
  -0.1282583166
  -0.1604087140
  -0.1716752600
  -0.1592600020
  -0.1303666528
  -0.1104864107
  -0.1119261499
  -0.1230222488
  -0.1334689536
  -0.1393470199
  -0.1267809070
  -0.1094622146
  -0.0993202472
  -0.1095716796
  -0.1461670213
  -0.1943948880
  -0.2468696586
  -0.2854177674
  -0.2985982855
  -0.2961796760
  -0.2748565374
  -0.2375306218
  -0.1887766226
  -0.1351401219
  -0.0821011589
  -0.0359084587
  -0.0024875686
   0.0240949597
   0.0476890619
   0.0616577193
   0.0637523021
   0.0566404517
   0.0526818502
   0.0612486204
   0.0679647793
   0.0772232851
   0.0945247209
   0.1077120724
   0.1150131835
   0.1191439620
   0.1077853374
   0.0825415274
   0.0495048140
   0.0119177610
  -0.0231951368
  -0.0558938754
  -0.0836982838
  -0.1096819664
  -0.1328532077
  -0.1546969860
  -0.1674673673
  -0.1541910943
  -0.1153572348
  -0.0528298506
   0.0146048604
   0.0587614168
   0.0685035840
   0.0622942683
   0.0508120793
   0.0372220082
   0.0375483964
   0.0516622818
   0.0686421993
   0.0891446316
   0.1031951606
   0.1138682343
   0.1211390273
   0.1212795455
   0.1210890739
   0.1216851845
   0.1217248444
   0.1231332276
   0.1333049075
   0.1460893016
   0.1571809026
   0.1649426662
   0.1593643203
   0.1430568924
   0.1171250662
   0.0832767290
   0.0580446828
   0.0512798248
   0.0603733330
   0.0797831482
   0.1019487043
   0.1047157767
   0.0900744136
   0.0690065347
   0.0511488214
   0.0405317734
   0.0383171035
   0.0389620127
   0.0430023345
   0.0488741901
   0.0497883157
   0.0425069179
   0.0326159198
   0.0205533545
   0.0037536849
  -0.0080549230
  -0.0144855820
  -0.0219894001
  -0.0230981277
  -0.0225103124
  -0.0230021307
  -0.0278260721
  -0.0353034949
  -0.0343827218
  -0.0251971479
  -0.0223854246
  -0.0238268289
  -0.0236952114
  -0.0305435760
  -0.0531192776
  -0.0905037965
  -0.1296872866
  -0.1546722040
  -0.1512651658
  -0.1282759625
  -0.1080558643
  -0.0940433950
  -0.0845961907
  -0.0869142447
  -0.0952775683
  -0.0912895570
  -0.0723783244
  -0.0435053458
  -0.0097588356
   0.0278765013
   0.0594080863
   0.0784536958
   0.0950147832
   0.1081099696
   0.1106990262
   0.1071891403
   0.0954301100
   0.0809799538
   0.0602870066
   0.0352274706
   0.0156429266
  -0.0005003683
  -0.0249188751
  -0.0500120897
  -0.0726111807
  -0.0877709780
  -0.0996252874
  -0.1077894894
  -0.1075951252
  -0.1027364110
  -0.0974153576
  -0.0971028785
  -0.1058066638
  -0.1045047614
  -0.0898964411
  -0.0682494921
  -0.0424622236
  -0.0165148492
   0.0091595030
   0.0302884633
   0.0369389432
   0.0355051942
   0.0227213061
  -0.0038738840
  -0.0295016648
  -0.0437497066
  -0.0437147175
  -0.0358397003
  -0.0342879877
  -0.0306826670
  -0.0342940729
  -0.0372974140
  -0.0362482759
  -0.0224650127
   0.0017864430
   0.0254884346
   0.0489330097
   0.0677954135
   0.0819235324
   0.0861773564
   0.0852779357
   0.0741951576
   0.0577246783
   0.0383729994
   0.0254351943
   0.0197552419
   0.0237149765
   0.0323780508
   0.0495471554
   0.0657027337
   0.0727843093
   0.0669620783
   0.0491225731
   0.0251072924
   0.0054763674
   0.0097863554
   0.0350989152
   0.0702963272
   0.1019980522
   0.1181563984
   0.1214589453
   0.1116566610
   0.0998201705
   0.0987375008
   0.0994911268
   0.0947027366
   0.0803495030
   0.0738556475
   0.0755716225
   0.0833660828
   0.0926926637
   0.0980805379
   0.0944601491
   0.0829692236
   0.0644358203
   0.0400374726
   0.0158025439
  -0.0050539649
  -0.0106666338
  -0.0098793898
  -0.0159400607
  -0.0249585653
  -0.0351938353
  -0.0463435206
  -0.0470763435
  -0.0374437061
  -0.0147035216
   0.0110999482
   0.0239140203
   0.0159226440
  -0.0106910742
  -0.0424532969
  -0.0610371726
  -0.0690888822
  -0.0710158724
  -0.0712805606
  -0.0643335348
  -0.0561990453
  -0.0513524843
  -0.0591113069
  -0.0678961853
  -0.0715683008
  -0.0737460960
  -0.0827469202
  -0.0843853484
  -0.0833078255
  -0.0913455654
  -0.0973100878
  -0.0957057836
  -0.0880466515
  -0.0831529483
  -0.0769485198
  -0.0700067272
  -0.0624068905
  -0.0544456593
  -0.0480125264
  -0.0478043224
  -0.0530253825
  -0.0609056070
  -0.0688194798
  -0.0743776281
  -0.0825333964
  -0.0840633977
  -0.0830552040
  -0.0761181689
  -0.0635706966
  -0.0588878357
  -0.0601808719
  -0.0598412752
  -0.0540284295
  -0.0372849235
  -0.0217876359
  -0.0143871284
  -0.0119399178
  -0.0216248700
  -0.0494730687
  -0.0818536409
  -0.1074148605
  -0.1192183082
  -0.1173730599
  -0.1034737319
  -0.0793016493
  -0.0536234393
  -0.0345747202
  -0.0245991041
  -0.0244213608
  -0.0325920676
  -0.0446749041
  -0.0544092431
  -0.0678766797
  -0.0739006704
  -0.0726690488
  -0.0673619650
  -0.0478967902
  -0.0227139752
   0.0013409659
   0.0267246451
   0.0490721872
   0.0654234271
   0.0877235763
   0.1155487012
   0.1410149444
   0.1556246488
   0.1528866835
   0.1365178410
   0.1268292169
   0.1168990000
   0.1162201095
   0.1355604224
   0.1545014542
   0.1673050944
   0.1630212984
   0.1433843791
   0.1166227642
   0.0834711796
   0.0626972690
   0.0519540443
   0.0403765243
   0.0372387588
   0.0389009268
   0.0455428390
   0.0444873301
   0.0353696712
   0.0238162500
   0.0076965733
  -0.0087743904
  -0.0094209690
   0.0071592521
   0.0333508662
   0.0543696264
   0.0610427518
   0.0609724711
   0.0586677812
   0.0513225555
   0.0498382259
   0.0507239364
   0.0563872247
   0.0807486977
   0.1025830476
   0.1091660840
   0.1072755965
   0.0912884758
   0.0665413885
   0.0428549006
   0.0190737867
   0.0028421227
  -0.0000007694
  -0.0084621319
  -0.0136271361
  -0.0232160566
  -0.0423695179
  -0.0605105643
  -0.0695342243
  -0.0687812471
  -0.0560880233
  -0.0407050101
  -0.0348055006
  -0.0342127419
  -0.0226918833
  -0.0049344790
   0.0118409971
   0.0266260790
   0.0355235580
   0.0385009363
   0.0406782861
   0.0294020781
   0.0030155864
  -0.0302126207
  -0.0569356741
  -0.0709205068
  -0.0801507274
  -0.0817752292
  -0.0739403304
  -0.0603040038
  -0.0453390464
  -0.0269414342
  -0.0184275670
  -0.0215130825
  -0.0269428225
  -0.0376734701
  -0.0450784670
  -0.0425423523
  -0.0340650268
  -0.0264971560
  -0.0212740588
  -0.0270171774
  -0.0396116750
  -0.0534436071
  -0.0685214029
  -0.0838315361
  -0.0921338776
  -0.0937880055
  -0.0940711613
  -0.0963959622
  -0.1107558131
  -0.1261459582
  -0.1370300904
  -0.1402019366
  -0.1337674630
  -0.1160823592
  -0.0918774502
  -0.0699522326
  -0.0582675485
  -0.0599859455
  -0.0660931919
  -0.0574311859
  -0.0519264077
  -0.0435517527
  -0.0317415753
  -0.0217154825
  -0.0181154772
  -0.0094502058
   0.0039568434
   0.0160817337
   0.0297438285
   0.0434959173
   0.0528857293
   0.0550708337
   0.0643830989
   0.0779856043
   0.0887129996
   0.0912003762
   0.0866101993
   0.0746416242
   0.0581265978
   0.0469185253
   0.0397099556
   0.0327172971
   0.0292028440
   0.0221525726
   0.0215847300
   0.0299211220
   0.0413815997
   0.0595880915
   0.0762558327
   0.0904216654
   0.0984520096
   0.1049545582
   0.0922215015
   0.0688839219
   0.0509911763
   0.0378650879
   0.0266108724
   0.0242370695
   0.0255584689
   0.0320750607
   0.0368436598
   0.0354720217
   0.0310655695
   0.0338548549
   0.0394504921
   0.0483881500
   0.0575576913
   0.0609424990
   0.0606800166
   0.0592768235
   0.0422152938
   0.0164767418
  -0.0077317396
  -0.0346190857
  -0.0540755284
  -0.0639810930
  -0.0667748504
  -0.0553443015
  -0.0374396969
  -0.0177850754
  -0.0033206568
  -0.0002282600
   0.0014280717
   0.0111158770
   0.0132607549
   0.0117705780
   0.0143677872
   0.0286956721
   0.0476337023
   0.0663265673
   0.0731773625
   0.0637621630
   0.0472707509
   0.0317208803
   0.0183518368
   0.0062277963
  -0.0060711546
  -0.0159601242
  -0.0247438046
  -0.0363459164
  -0.0535072274
  -0.0627255975
  -0.0633369320
  -0.0521604318
  -0.0370297417
  -0.0255836316
  -0.0287046162
  -0.0429607240
  -0.0552401995
  -0.0680622209
  -0.0819025563
  -0.0759766559
  -0.0707058586
  -0.0687174538
  -0.0613749960
  -0.0556743832
  -0.0480899866
  -0.0395862312
  -0.0339654358
  -0.0213369265
  -0.0118925421
  -0.0122992709
  -0.0126167107
  -0.0126137827
  -0.0202320092
  -0.0266872816
  -0.0361128740
  -0.0403916660
  -0.0355043422
  -0.0345453147
  -0.0270964800
  -0.0138656322
   0.0012530492
   0.0190541816
   0.0330525428
   0.0361377772
   0.0347226471
   0.0279159796
   0.0238843596
   0.0256393458
   0.0329836417
   0.0384247260
   0.0463282102
   0.0484771579
   0.0458427756
   0.0372779473
   0.0289834124
   0.0237394904
   0.0240136719
   0.0250502157
   0.0370432572
   0.0561263425
   0.0696884095
   0.0708932163
   0.0650982759
   0.0534743144
   0.0468894615
   0.0472974792
   0.0505809097
   0.0641128316
   0.0828516277
   0.0955597294
   0.1029189248
   0.0955592536
   0.0799046798
   0.0597709945
   0.0382951889
   0.0242714098
   0.0228808845
   0.0189971785
   0.0017037210
  -0.0160146794
  -0.0294640938
  -0.0428464972
  -0.0505889974
  -0.0477138008
  -0.0395348809
  -0.0385010098
  -0.0395759811
  -0.0388293226
  -0.0362588850
  -0.0300639282
  -0.0171255392
   0.0014442717
   0.0174892043
   0.0251118163
   0.0318144380
   0.0267184344
   0.0164005186
   0.0057396889
  -0.0022529126
  -0.0080202757
  -0.0031980370
  -0.0007482483
   0.0007007433
   0.0015980058
  -0.0016241468
  -0.0018025868
  -0.0012662080
  -0.0015583960
  -0.0004134085
   0.0084618637
   0.0145596990
   0.0210758757
   0.0205232484
   0.0209550663
   0.0226007302
   0.0202025994
   0.0207884468
   0.0225430784
   0.0206036193
   0.0101661051
  -0.0080808382
  -0.0321231544
  -0.0529613297
  -0.0650277356
  -0.0689026922
  -0.0641239467
  -0.0554570967
  -0.0451396653
  -0.0479269785
  -0.0540734524
  -0.0600159608
  -0.0644450757
  -0.0643487586
  -0.0640684141
  -0.0638248751
  -0.0594478328
  -0.0585945595
  -0.0636579312
  -0.0648347555
  -0.0626098613
  -0.0501196949
  -0.0290130817
  -0.0146191674
  -0.0060574704
  -0.0022294808
   0.0056707532
   0.0069437734
   0.0000012305
  -0.0016447548
   0.0039743357
   0.0049194022
   0.0028824487
  -0.0010836112
  -0.0014567177
  -0.0008196644
  -0.0011896024
  -0.0001956945
   0.0024034734
   0.0092619874
   0.0240113407
   0.0366971255
   0.0373688885
   0.0322092948
   0.0233939470
   0.0145392592
   0.0045515808
  -0.0000741567
   0.0006381255
   0.0004050319
   0.0012261981
   0.0055705739
   0.0025705146
  -0.0059647733
  -0.0155026678
  -0.0236290350
  -0.0180290124
  -0.0010424492
   0.0103935898
   0.0109039362
   0.0108682293
   0.0083576579
  -0.0004850116
  -0.0070888156
  -0.0124096182
  -0.0126897724
  -0.0125477145
  -0.0126333619
  -0.0045939871
  -0.0004188077
  -0.0100029326
  -0.0149104411
  -0.0209687073
  -0.0247481988
  -0.0235304214
  -0.0146975747
  -0.0050441040
  -0.0006565940
  -0.0036077063
  -0.0162047878
  -0.0313586598
  -0.0381109408
  -0.0359698559
  -0.0280656754
  -0.0179409690
  -0.0044948156
   0.0001272617
  -0.0020635438
  -0.0113329776
  -0.0276350079
  -0.0420671679
  -0.0532895949
  -0.0619697658
  -0.0708262225
  -0.0727316744
  -0.0720463829
  -0.0725462629
  -0.0718603660
  -0.0672034549
  -0.0630243232
  -0.0606055406
  -0.0598119087
  -0.0514620357
  -0.0395174772
  -0.0293905477
  -0.0169168940
  -0.0066930593
   0.0043726135
   0.0117536068
   0.0118080365
   0.0117836870
   0.0176438911
   0.0334716929
   0.0533100520
   0.0716400520
   0.0827424655
   0.0847253343
   0.0847303513
   0.0834908582
   0.0753670947
   0.0726780448
   0.0720776525
   0.0657826591
   0.0608905129
   0.0613571339
   0.0613914741
   0.0569562177
   0.0587638388
   0.0618273878
   0.0610836660
   0.0607444154
   0.0638580908
   0.0719135199
   0.0758027921
   0.0786391072
   0.0769396969
   0.0730839864
   0.0732319436
   0.0736339928
   0.0777030540
   0.0898090767
   0.0976160362
   0.0923286310
   0.0801306595
   0.0728986182
   0.0692087703
   0.0699168111
   0.0795636127
   0.0935328756
   0.1029766199
   0.1076618163
   0.0992113445
   0.0910454125
   0.0803286999
   0.0733424899
   0.0737261579
   0.0737677209
   0.0730557876
   0.0691126695
   0.0494642457
   0.0204319180
   0.0030684479
  -0.0086798855
  -0.0192795082
  -0.0241849277
  -0.0255514624
  -0.0344848992
  -0.0359150326
  -0.0269492234
  -0.0234109484
  -0.0291561690
  -0.0329297483
  -0.0274278375
  -0.0318178029
  -0.0373395652
  -0.0393374979
  -0.0421082854
  -0.0394542332
  -0.0328548225
  -0.0267875431
  -0.0243022209
  -0.0286350793
  -0.0359128615
  -0.0371890043
  -0.0453248605
  -0.0580166138
  -0.0674756252
  -0.0721884149
  -0.0720328458
  -0.0722804070
  -0.0727436978
  -0.0768013844
  -0.0886311712
  -0.1011533424
  -0.1124793135
  -0.1203280090
  -0.1252732226
  -0.1326033109
  -0.1304756853
  -0.1234172051
  -0.1202111483
  -0.1124432000
  -0.0993482298
  -0.0871031594
  -0.0753511788
  -0.0631207700
  -0.0518196242
  -0.0441968652
  -0.0382464984
  -0.0447807361
  -0.0492069965
  -0.0435257164
  -0.0317981848
  -0.0193352527
  -0.0001482908
   0.0162117812
   0.0222490367
   0.0172852517
   0.0082588756
  -0.0009246206
  -0.0139106984
  -0.0231789398
  -0.0234926471
  -0.0232725278
  -0.0195171999
  -0.0121898751
  -0.0073007305
  -0.0006672083
   0.0055146131
   0.0170156763
   0.0295315288
   0.0412959696
   0.0535054542
   0.0608654713
   0.0644015665
   0.0634685841
   0.0580926035
   0.0433868848
   0.0223565035
   0.0113814561
   0.0117180296
   0.0132296238
   0.0135923201
   0.0215363768
   0.0302495905
   0.0360520174
   0.0362512341
   0.0362320875
   0.0368796306
   0.0404618776
   0.0429811205
   0.0423835784
   0.0386495812
   0.0313554809
   0.0247686256
   0.0197114342
   0.0130335210
   0.0137098295
   0.0184711800
   0.0149643821
   0.0116969151
   0.0179919387
   0.0300404696
   0.0382162279
   0.0463034282
   0.0490962341
   0.0425646346
   0.0362595338
   0.0368746136
   0.0316715194
   0.0209773399
   0.0130130899
   0.0094088072
  -0.0048799541
  -0.0209458455
  -0.0298399553
  -0.0348117458
  -0.0313047231
  -0.0265269810
  -0.0252135569
  -0.0238801903
  -0.0278859902
  -0.0287812287
  -0.0261296244
  -0.0257402993
  -0.0316666452
  -0.0380748360
  -0.0459419904
  -0.0542557499
  -0.0658866746
  -0.0724325162
  -0.0757244237
  -0.0738679737
  -0.0659012065
  -0.0565358739
  -0.0487140798
  -0.0483373749
  -0.0503696781
  -0.0557868757
  -0.0659369308
  -0.0758335426
  -0.0834343741
  -0.0779338344
  -0.0627564346
  -0.0429070987
  -0.0216344974
  -0.0057676801
   0.0060954047
   0.0163112253
   0.0140016785
   0.0117021570
   0.0156342594
   0.0236628303
   0.0275737145
   0.0346808074
   0.0326269658
   0.0215763958
   0.0111479337
  -0.0023230372
  -0.0186944436
  -0.0331231782
  -0.0397963772
  -0.0366845529
  -0.0347301856
  -0.0312386332
  -0.0250723553
  -0.0234606121
  -0.0211637893
  -0.0126591646
  -0.0102365199
  -0.0069660470
  -0.0003410712
   0.0054358295
   0.0064918400
   0.0039549244
   0.0004039973
  -0.0060340031
  -0.0120261491
  -0.0200695244
  -0.0239475042
  -0.0210004698
  -0.0064928607
   0.0075220608
   0.0223457084
   0.0367888538
   0.0488690002
   0.0568623226
   0.0609625669
   0.0612419599
   0.0611821023
   0.0630586634
   0.0657170061
   0.0676224579
   0.0693248525
   0.0657548495
   0.0615615752
   0.0617516144
   0.0639992146
   0.0717204532
   0.0741647531
   0.0733683099
   0.0739213438
   0.0744445786
   0.0744068216
   0.0801141814
   0.0866206225
   0.0842736345
   0.0736899579
   0.0621106733
   0.0508494903
   0.0388632261
   0.0328039868
   0.0317092548
   0.0296381825
   0.0270010279
   0.0243672425
   0.0162705230
   0.0080784898
   0.0017089975
   0.0024277400
   0.0043816181
   0.0036829915
   0.0060472115
   0.0109683740
   0.0155351830
   0.0171242633
   0.0166382492
   0.0106941795
   0.0048311382
  -0.0009170346
  -0.0064424965
  -0.0128769528
  -0.0208943481
  -0.0284041822
  -0.0304792334
  -0.0386889774
  -0.0491496042
  -0.0536690678
  -0.0530708380
  -0.0538168520
  -0.0589729078
  -0.0651933387
  -0.0726500190
  -0.0784865223
  -0.0826525493
  -0.0832867629
  -0.0787595576
  -0.0714589223
  -0.0601989070
  -0.0545240710
  -0.0535003939
  -0.0455078067
  -0.0351340815
  -0.0267748882
  -0.0155326875
  -0.0073031914
   0.0025588917
   0.0108876052
   0.0192706939
   0.0273275588
   0.0300596984
   0.0316317297
   0.0333086199
   0.0346560988
   0.0356965481
   0.0419067894
   0.0453724352
   0.0446732606
   0.0449644175
   0.0434498564
   0.0318154198
   0.0200794243
   0.0095843880
  -0.0029510224
  -0.0119390529
  -0.0181787515
  -0.0242189522
  -0.0268013354
  -0.0261799800
  -0.0260862103
  -0.0205100961
  -0.0120127157
  -0.0041651244
  -0.0002410036
   0.0076725049
   0.0107297221
   0.0053568685
  -0.0010326514
  -0.0078902498
  -0.0136331565
  -0.0090439571
  -0.0021956401
  -0.0014515398
  -0.0022174794
  -0.0020036196
  -0.0082252403
  -0.0140990465
  -0.0107613550
  -0.0020980791
  -0.0031848065
  -0.0083356827
  -0.0092418590
  -0.0062802928
  -0.0037748906
  -0.0063469838
  -0.0144669674
  -0.0225363401
  -0.0209670724
  -0.0096529777
  -0.0019184657
   0.0047039322
   0.0093156041
   0.0155538279
   0.0189512127
   0.0185302028
   0.0186469122
   0.0201614733
   0.0246525132
   0.0265156495
   0.0303356487
   0.0315634038
   0.0279588444
   0.0239889720
   0.0170002924
   0.0098525145
   0.0073439629
   0.0090142575
   0.0129953878
   0.0134211032
   0.0179740896
   0.0253344008
   0.0271246009
   0.0308514143
   0.0320088108
   0.0326728580
   0.0370227006
   0.0394464396
   0.0431890305
   0.0478351594
   0.0479885228
   0.0373158384
   0.0232643536
   0.0119388669
   0.0038884194
   0.0014344424
   0.0016268637
   0.0011219447
  -0.0012183405
  -0.0010679509
  -0.0084928911
  -0.0113070061
  -0.0055775198
   0.0004910047
   0.0010951749
   0.0007061655
   0.0013022678
   0.0018425314
   0.0058418101
   0.0080547630
   0.0094157271
   0.0052455395
   0.0028964806
   0.0029629083
   0.0014368470
   0.0014667040
   0.0017081126
   0.0015513705
   0.0012760373
   0.0013228586
   0.0013603375
   0.0013321036
   0.0040740626
   0.0105322008
   0.0175341018
   0.0249616577
   0.0259553065
   0.0252123718
   0.0213576821
   0.0098760250
   0.0016419540
   0.0021055276
   0.0015558053
  -0.0037966063
  -0.0079839070
  -0.0105452146
  -0.0126876662
  -0.0163744433
  -0.0223749625
  -0.0205690498
  -0.0203069566
  -0.0200288654
  -0.0211999634
  -0.0267723192
  -0.0342528516
  -0.0419831121
  -0.0502254837
  -0.0570503723
  -0.0530535813
  -0.0437209023
  -0.0423986595
  -0.0417109850
  -0.0409407555
  -0.0392600291
  -0.0392578493
  -0.0429989091
  -0.0452003446
  -0.0390343954
  -0.0317987211
  -0.0222869710
  -0.0167663461
  -0.0167476796
  -0.0120566055
  -0.0036396000
  -0.0029595781
  -0.0054374816
  -0.0046524607
  -0.0041597788
  -0.0045919760
  -0.0046485380
  -0.0051353522
  -0.0095232805
  -0.0109164657
  -0.0102400793
  -0.0094847191
  -0.0043906962
   0.0020492844
   0.0068430146
   0.0074101392
   0.0075118928
   0.0081876434
   0.0085621814
   0.0127660130
   0.0236118087
   0.0342136501
   0.0441932754
   0.0494967695
   0.0410512239
   0.0286295520
   0.0179792796
   0.0055959701
  -0.0051900025
  -0.0068707204
  -0.0059879811
  -0.0047032402
  -0.0028999575
  -0.0019537899
  -0.0013672816
   0.0027787005
   0.0109221790
   0.0085595215
   0.0062248986
   0.0114693482
   0.0104663272
   0.0138403701
   0.0137571404
   0.0077936256
   0.0050071904
  -0.0019678071
  -0.0043242708
  -0.0065872791
  -0.0162278917
  -0.0264228270
  -0.0212991695
  -0.0148747471
  -0.0091520035
  -0.0045852723
  -0.0045621770
  -0.0046629142
  -0.0042700071
  -0.0030003526
   0.0056309981
   0.0083758877
   0.0079364837
   0.0157149244
   0.0210805466
   0.0199207109
   0.0188584724
   0.0123450161
   0.0082524011
   0.0083507423
   0.0071200159
   0.0104730784
   0.0199601935
   0.0260544045
   0.0325856364
   0.0356205411
   0.0405850916
   0.0365684663
   0.0330311601
   0.0325897105
   0.0251054326
   0.0184818497
   0.0109216816
   0.0097164163
   0.0102291891
   0.0149106963
   0.0216383856
   0.0197190159
   0.0208032988
   0.0197375181
   0.0058301846
  -0.0027116730
  -0.0051628028
  -0.0035948841
  -0.0099046260
  -0.0207009916
  -0.0258063718
  -0.0251614626
  -0.0254757409
  -0.0259915411
  -0.0272691414
  -0.0295033256
  -0.0256879844
  -0.0251452094
  -0.0317448277
  -0.0377763785
  -0.0366801241
  -0.0360631672
  -0.0368484995
  -0.0368356284
  -0.0365616069
  -0.0366217543
  -0.0366752974
  -0.0364118722
  -0.0421589697
  -0.0495061114
  -0.0573755235
  -0.0605045526
  -0.0598172284
  -0.0572897594
  -0.0493016269
  -0.0471790615
  -0.0458032887
  -0.0392622564
  -0.0350513621
  -0.0329901594
  -0.0251396388
  -0.0219658679
  -0.0145296881
  -0.0105901121
  -0.0096325941
  -0.0062377740
  -0.0082372508
  -0.0115596276
  -0.0111647492
  -0.0172776224
  -0.0240136546
  -0.0249374897
  -0.0227507029
  -0.0236824527
  -0.0282929483
  -0.0263385550
  -0.0248472665
  -0.0310486503
  -0.0310694015
  -0.0309127294
  -0.0338082015
  -0.0348359051
  -0.0341749503
  -0.0355466533
  -0.0445125447
  -0.0416617453
  -0.0320027343
  -0.0241638002
  -0.0167835855
  -0.0067242985
   0.0018423454
   0.0101651968
   0.0150634283
   0.0190745435
   0.0223950174
   0.0177137697
   0.0133808723
   0.0143797154
   0.0145829976
   0.0149428178
   0.0225537394
   0.0226673780
   0.0130401339
   0.0049929699
   0.0023518290
   0.0025878720
   0.0021031839
   0.0018356464
   0.0020215968
   0.0020659290
   0.0022184586
   0.0094385327
   0.0149204621
   0.0188095570
   0.0256527229
   0.0264510777
   0.0257451519
   0.0262346087
   0.0264359577
   0.0262394181
   0.0262326754
   0.0297867106
   0.0364057869
   0.0281580568
   0.0166016210
   0.0140663065
   0.0167606026
   0.0161650802
   0.0139947455
   0.0145331351
   0.0149428308
   0.0165857008
   0.0145914616
   0.0119223325
   0.0042170228
   0.0020346837
   0.0113931422
   0.0235532702
   0.0266553028
   0.0337022657
   0.0364255520
   0.0300879231
   0.0342617265
   0.0405308522
   0.0479992488
   0.0555486563
   0.0626717517
   0.0629583241
   0.0617543391
   0.0531528394
   0.0404143678
   0.0293649871
   0.0261661271
   0.0242979521
   0.0220454214
   0.0232270464
   0.0239438971
   0.0254134656
   0.0251035815
   0.0226600515
   0.0230846770
   0.0247129979
   0.0229561995
   0.0203226952
   0.0202994485
   0.0178081275
   0.0140207386
   0.0142609647
   0.0149454734
   0.0146410690
   0.0145501408
   0.0201336378
   0.0268337121
   0.0261829686
   0.0204212483
   0.0144538800
   0.0142697704
   0.0071184676
   0.0014568574
   0.0045202291
   0.0045595777
   0.0089630023
   0.0090364576
   0.0024661877
  -0.0024917599
  -0.0089416975
  -0.0100034343
  -0.0094603565
  -0.0096077039
  -0.0058668387
   0.0017118550
   0.0023180639
   0.0014696987
   0.0021272376
   0.0023541995
   0.0021003069
   0.0020498864
  -0.0001394511
  -0.0020579062
  -0.0047743167
  -0.0091970134
  -0.0099427723
  -0.0157219654
  -0.0288743107
  -0.0337010244
  -0.0269768081
  -0.0220337224
  -0.0224934840
  -0.0181875788
  -0.0097479410
  -0.0078365164
  -0.0012001812
   0.0026397539
   0.0018385688
   0.0018088758
  -0.0009901382
  -0.0023551916
   0.0021965924
   0.0026270947
   0.0017030580
   0.0020848105
   0.0024205342
  -0.0004282328
  -0.0091857642
  -0.0116673193
  -0.0149331818
  -0.0198238791
  -0.0222746016
  -0.0215186704
  -0.0199393904
  -0.0126675291
  -0.0080452178
  -0.0010912210
   0.0024044236
   0.0018146699
   0.0057175710
   0.0143561270
   0.0145044259
   0.0134802644
   0.0143150960
   0.0145413871
   0.0143417681
   0.0143561270
   0.0143099710
   0.0142975972
   0.0142975626
   0.0142954650
   0.0125349861
   0.0066039346
   0.0022004983
   0.0005152042
  -0.0075756991
  -0.0107136851
  -0.0156237237
  -0.0229035560
  -0.0290565217
  -0.0339267792
  -0.0294600586
  -0.0220547936
  -0.0287083919
  -0.0289176988
  -0.0215523576
  -0.0215540919
  -0.0228265456
  -0.0194418978
  -0.0110975954
  -0.0069504598
   0.0000334172
   0.0029791062
   0.0087323603
   0.0149001996
   0.0219491044
   0.0341579402
   0.0381592248
   0.0300303145
   0.0259284052
   0.0241926694
   0.0160734081
   0.0135398496
   0.0101302727
   0.0108428287
   0.0146614310
   0.0147508757
   0.0143083837
   0.0110017497
   0.0031300459
   0.0019237703
  -0.0026340294
  -0.0106770224
  -0.0147917207
  -0.0149829362
  -0.0107124006
  -0.0096640064
  -0.0103451631
  -0.0136113154
  -0.0212955193
  -0.0222808901
  -0.0213939080
  -0.0219977603
  -0.0222618472
  -0.0213686242
  -0.0141877992
  -0.0091453344
  -0.0102539711
  -0.0091496204
   0.0003105488
   0.0029330491
   0.0068834963
   0.0150482995
   0.0222341718
   0.0262676125
   0.0266774726
   0.0284268363
   0.0266828658
   0.0261856717
   0.0265659100
   0.0264848860
   0.0263557468
   0.0264109204
   0.0264381720
   0.0264087579
   0.0243557337
   0.0247045685
   0.0190317739
   0.0082841507
   0.0020357273
   0.0028099211
  -0.0000398615
  -0.0021658912
   0.0003639337
   0.0025271343
   0.0022244457
   0.0021822162
   0.0022414553
   0.0001167975
   0.0011321283
   0.0036363783
   0.0090723375
   0.0049785850
   0.0002994771
  -0.0074924088
  -0.0101557987
  -0.0092051833
  -0.0093240983
  -0.0130946675
  -0.0208057337
  -0.0220047581
  -0.0214004733
  -0.0219581652
  -0.0185135690
  -0.0103167092
  -0.0094258692
  -0.0079280500
  -0.0037697616
  -0.0057984220
  -0.0075390795
  -0.0017009859
   0.0029257412
  -0.0015540295
  -0.0095914420
  -0.0100081096
  -0.0091581492
  -0.0098183299
  -0.0099497874
  -0.0098298516
  -0.0099189763
  -0.0099705386
  -0.0099520623
  -0.0105478182
  -0.0173540317
  -0.0234442204
  -0.0303630344
  -0.0243603009
  -0.0264043335
  -0.0350866366
  -0.0351709475
  -0.0410273025
  -0.0468515748
  -0.0461825885
  -0.0457686457
  -0.0464407459
  -0.0464541101
  -0.0462401538
  -0.0462879880
  -0.0463439964
  -0.0450347415
  -0.0356312238
  -0.0258240436
  -0.0224748866
  -0.0230004872
  -0.0222638194
  -0.0218496084
  -0.0221008502
  -0.0221526850
  -0.0188331151
  -0.0096165960
   0.0003242937
   0.0020948133
   0.0068580568
   0.0146001851
   0.0143764025
   0.0141922193
   0.0186968396
   0.0159717800
   0.0136205794
   0.0144437725
   0.0147056062
   0.0086806423
   0.0018255559
   0.0026060892
   0.0032373760
   0.0024111360
  -0.0003673719
  -0.0063306052
  -0.0102855823
  -0.0169497941
  -0.0218940605
  -0.0186569072
  -0.0122719414
  -0.0097644840
  -0.0104928003
  -0.0101823150
  -0.0070154555
  -0.0061060008
  -0.0098469828
  -0.0098461568
  -0.0091547066
  -0.0095305724
  -0.0090527541
  -0.0051644895
  -0.0081715718
  -0.0102355857
  -0.0093498276
  -0.0059220080
  -0.0039038885
  -0.0063183050
   0.0015464465
   0.0038586523
   0.0023576309
   0.0026972219
   0.0032368709
   0.0030087733
   0.0036193548
   0.0057845388
   0.0035894381
   0.0025734711
  -0.0040573907
  -0.0091046667
  -0.0114099490
  -0.0190465956
  -0.0206915156
  -0.0197016036
  -0.0199111440
  -0.0188223200
  -0.0097848330
  -0.0070168784
  -0.0082888001
  -0.0076915261
  -0.0071510735
  -0.0095127535
  -0.0085443625
  -0.0065793688
  -0.0036018732
   0.0040417075
   0.0062099688
   0.0091654238
   0.0074386797
   0.0073800115
   0.0058611643
   0.0034188699
   0.0047843420
   0.0070547867
   0.0136651396
   0.0183967386
   0.0177583861
   0.0185166484
   0.0216702130
   0.0241569322
   0.0223946368
   0.0186099337
   0.0191606018
   0.0200076168
   0.0204226669
   0.0263544406
   0.0229263659
   0.0202623965
   0.0293472850
   0.0418473730
   0.0454476032
   0.0396675104
   0.0352696174
   0.0359557046
   0.0302727680
   0.0213340764
   0.0135015952
   0.0085861331
   0.0029245467
  -0.0005871250
   0.0042767406
   0.0106844354
   0.0115556313
   0.0110096039
   0.0107872659
   0.0028761009
  -0.0007965483
   0.0004522275
  -0.0001468002
  -0.0072267302
  -0.0128531871
  -0.0166960740
  -0.0242718812
  -0.0248219092
  -0.0245635918
  -0.0314534761
  -0.0377374667
  -0.0414278033
  -0.0474399437
  -0.0500846194
  -0.0534497486
  -0.0558075923
  -0.0515014795
  -0.0489354317
  -0.0418854846
  -0.0437353909
  -0.0446567824
  -0.0385555218
  -0.0281091976
  -0.0189535785
  -0.0136372176
  -0.0130384688
  -0.0085623717
  -0.0016096391
   0.0001949736
  -0.0021921926
  -0.0099314495
  -0.0119988629
  -0.0107391203
  -0.0110647040
  -0.0112048936
  -0.0109366330
  -0.0107765443
  -0.0107116913
  -0.0124877185
  -0.0206247035
  -0.0228100371
  -0.0213507621
  -0.0217774160
  -0.0181047902
  -0.0115559254
  -0.0098847571
  -0.0105871452
  -0.0099043838
  -0.0094586438
  -0.0096221752
  -0.0017795641
   0.0028295223
   0.0034577276
   0.0116987878
   0.0148730690
   0.0155239510
   0.0237829910
   0.0245416988
   0.0251531111
   0.0262028072
   0.0260549019
   0.0261560759
   0.0262828494
   0.0262610429
   0.0262448935
   0.0281642674
   0.0306233717
   0.0350695573
   0.0429212543
   0.0458463221
   0.0460367938
   0.0502282084
   0.0508366884
   0.0501832287
   0.0506057350
   0.0512086790
   0.0573372043
   0.0629280926
   0.0627528448
   0.0662783871
   0.0647053091
   0.0651700704
   0.0737864480
   0.0757724741
   0.0743658642
   0.0745786094
   0.0750072572
   0.0750992493
   0.0744464384
   0.0673739884
   0.0618946844
   0.0556339447
   0.0493813361
   0.0407238583
   0.0374636702
   0.0353929223
   0.0283789546
   0.0256890181
   0.0266409439
   0.0200406769
   0.0135753922
   0.0147434627
   0.0148599168
   0.0098617872
   0.0022719282
   0.0019726706
   0.0027049567
   0.0032159277
   0.0042649006
   0.0022981501
  -0.0028193128
  -0.0095153615
  -0.0100365030
  -0.0093590830
  -0.0060316200
  -0.0020927828
   0.0015670797
   0.0019252879
   0.0017282458
  -0.0010269173
  -0.0093064568
  -0.0103313448
  -0.0094172755
  -0.0100640055
  -0.0105391467
  -0.0144052284
  -0.0124594851
  -0.0094568490
  -0.0101920289
  -0.0108971287
  -0.0142381678
  -0.0118262057
  -0.0050241270
   0.0019291026
   0.0024570274
   0.0083662387
   0.0145594395
   0.0139864243
   0.0135163044
   0.0129411527
   0.0042270221
   0.0012878903
   0.0026448301
   0.0030306139
   0.0069364339
   0.0082634428
   0.0045342204
   0.0015738098
   0.0012698946
  -0.0040242338
  -0.0098215477
  -0.0100963822
  -0.0096300337
  -0.0114461231
  -0.0157953948
  -0.0175954601
  -0.0176264788
  -0.0122949546
  -0.0097678791
  -0.0085964049
   0.0000343720
   0.0029596308
   0.0072932915
   0.0142374109
   0.0142310100
   0.0134895372
   0.0141634583
   0.0154170940
   0.0232951387
   0.0204027590
   0.0135147518
   0.0141399045
   0.0148433695
   0.0135474356
   0.0065759002
   0.0040766494
   0.0040595126
   0.0022655173
   0.0017771746
   0.0048106984
   0.0057287597
   0.0021169485
   0.0020453266
   0.0024040149
   0.0019762676
   0.0018616724
   0.0020595285
   0.0024094968
   0.0053573140
   0.0059858186
   0.0059505182
   0.0027808258
   0.0017193113
   0.0023182945
   0.0012083399
  -0.0011417976
  -0.0012370992
  -0.0046808022
  -0.0099552239
  -0.0116826168
  -0.0187890350
  -0.0223481520
  -0.0215504114
  -0.0219449264
  -0.0224742681
  -0.0223104772
  -0.0223831886
  -0.0264891202
  -0.0287378882
  -0.0282375411
  -0.0307300773
  -0.0331741826
  -0.0344429903
  -0.0342371866
  -0.0361439706
  -0.0359447884
  -0.0340958552
  -0.0339206594
  -0.0281625547
  -0.0288842365
  -0.0359261910
  -0.0438586093
  -0.0431478351
  -0.0346905429
  -0.0394923621
  -0.0479709202
  -0.0468717724
  -0.0456445190
  -0.0466496852
  -0.0468120878
  -0.0464234028
  -0.0431260676
  -0.0356658322
  -0.0310464316
  -0.0237750893
  -0.0221087260
  -0.0227901336
  -0.0225380528
  -0.0222073483
  -0.0188977950
  -0.0109385403
  -0.0098419226
  -0.0108725889
  -0.0096066010
  -0.0021935074
   0.0024007128
   0.0014239509
  -0.0016132388
  -0.0073642426
  -0.0102761928
  -0.0098283595
  -0.0099670873
  -0.0103260381
  -0.0101573340
  -0.0098226635
  -0.0100563287
  -0.0100978181
  -0.0101684362
  -0.0101881667
  -0.0101853252
  -0.0099490911
  -0.0036635274
   0.0024720571
   0.0006565875
  -0.0072606942
  -0.0106108676
  -0.0139612270
  -0.0199115679
  -0.0120232470
  -0.0137366530
  -0.0230556608
  -0.0233180394
  -0.0241443422
  -0.0232672037
  -0.0219634719
  -0.0222166859
  -0.0193347467
  -0.0105336713
  -0.0093997118
  -0.0104472540
  -0.0093568254
  -0.0085598156
  -0.0037839748
   0.0034305664
   0.0036705801
   0.0032655074
   0.0041455098
   0.0045088890
   0.0044500435
   0.0044619977
   0.0048139897
   0.0049699784
   0.0049048313
   0.0050384383
   0.0053772305
   0.0055462589
   0.0055543899
   0.0115958925
   0.0162594856
   0.0076610783
   0.0129259677
   0.0196662902
   0.0221268693
   0.0277523270
   0.0307481470
   0.0365858051
   0.0423323751
   0.0444317975
   0.0499202273
   0.0481203047
   0.0422451102
   0.0428632175
   0.0390066118
   0.0306680659
   0.0309982817
   0.0317036929
   0.0245553484
   0.0216552789
   0.0261806979
   0.0201103132
   0.0119631040
   0.0082696102
   0.0089631234
   0.0086546925
   0.0081500031
   0.0083227943
   0.0084392528
   0.0085525929
   0.0087854363
   0.0075137266
  -0.0012463590
   0.0015360805
   0.0098619472
   0.0089257167
   0.0078546596
   0.0078947348
   0.0004617736
  -0.0039728371
  -0.0028892709
  -0.0019442201
   0.0008990090
  -0.0000359999
  -0.0027305142
  -0.0032374305
  -0.0027777771
  -0.0044566391
  -0.0123629431
  -0.0155292621
  -0.0143409983
  -0.0144199549
  -0.0148602974
  -0.0142523883
  -0.0105443972
  -0.0025727523
  -0.0097259053
  -0.0148129390
  -0.0129577562
  -0.0109258292
  -0.0056975031
  -0.0010112731
  -0.0022047610
  -0.0057997584
  -0.0114502707
  -0.0120329566
  -0.0115196562
  -0.0118323126
  -0.0118146624
  -0.0113941240
  -0.0111308458
  -0.0120020720
  -0.0204076073
  -0.0239593373
  -0.0226541436
  -0.0195072351
  -0.0117741547
  -0.0102313343
  -0.0111265986
  -0.0107937922
  -0.0101826740
  -0.0103282568
  -0.0105584620
  -0.0096713631
  -0.0025126538
   0.0022780584
   0.0013823433
   0.0013448104
   0.0019944939
   0.0018929415
   0.0017107807
   0.0017830332
   0.0018196012
   0.0017858137
   0.0017803898
   0.0017899043
   0.0017868768
   0.0018477737
   0.0019341584
   0.0017788086
   0.0017219119
  -0.0023950700
  -0.0088652969
  -0.0016598792
   0.0031366812
   0.0012476919
   0.0011732691
   0.0020535553
   0.0018948081
   0.0032829716
   0.0111696451
   0.0144035330
   0.0131928486
   0.0111040310
   0.0082836447
   0.0022602387
   0.0015831967
   0.0049605716
   0.0104592861
   0.0081019138
   0.0161499039
   0.0242827628
   0.0193040826
   0.0241057289
   0.0209916296
   0.0131631317
   0.0077106684
   0.0022434452
   0.0016666751
  -0.0038597950
  -0.0106954684
  -0.0103316260
  -0.0132736650
  -0.0188384521
  -0.0110374913
  -0.0093470250
  -0.0109421257
  -0.0106355070
  -0.0103215445
  -0.0163397398
  -0.0228611107
  -0.0223504313
  -0.0217803224
  -0.0222403738
  -0.0218510054
  -0.0196928412
  -0.0217881809
  -0.0227904061
  -0.0223905843
  -0.0222547629
  -0.0221771643
  -0.0222977921
  -0.0221424565
  -0.0175328951
  -0.0115177013
  -0.0103761905
  -0.0106325487
  -0.0103600107
  -0.0103330359
  -0.0082067813
  -0.0043785042
  -0.0021098776
   0.0013429935
   0.0017109225
   0.0014075852
   0.0016611197
   0.0062370215
   0.0138135639
   0.0137991055
   0.0182913996
   0.0293608568
   0.0323434813
   0.0296065627
   0.0354675886
   0.0389772020
   0.0376355531
   0.0375650605
   0.0381793273
   0.0374246157
   0.0322405384
   0.0265857270
   0.0259186307
   0.0263258136
   0.0258420615
   0.0257094622
   0.0265231144
   0.0315358841
   0.0372076882
   0.0379110753
   0.0347903545
   0.0310273282
   0.0269293718
   0.0258374813
   0.0260950808
   0.0258677085
   0.0257382319
   0.0259750240
   0.0196093174
   0.0130883141
   0.0140740871
   0.0102140690
   0.0017808270
   0.0013665057
   0.0027269185
   0.0020398521
   0.0017274478
   0.0020367554
   0.0018351543
   0.0025052884
   0.0102215771
   0.0146427428
   0.0136077862
   0.0136733354
   0.0142172652
   0.0136636432
   0.0097409000
   0.0050848150
   0.0038236080
   0.0021530958
   0.0042396164
   0.0126590738
   0.0066090813
   0.0000965418
   0.0020912284
   0.0024909425
   0.0012336046
   0.0012110066
  -0.0034192588
  -0.0105059439
  -0.0105532071
  -0.0097492861
  -0.0105392202
  -0.0138779368
  -0.0220407288
  -0.0229835852
  -0.0220367499
  -0.0225773451
  -0.0225575022
  -0.0224016216
  -0.0227134952
  -0.0229706060
  -0.0267648413
  -0.0249777768
  -0.0218286237
  -0.0224861012
  -0.0231280435
  -0.0227180753
  -0.0226550475
  -0.0247629556
  -0.0329479477
  -0.0353687284
  -0.0342555764
  -0.0346944267
  -0.0351550360
  -0.0349286108
  -0.0348542084
  -0.0351112413
  -0.0349809732
  -0.0347146200
  -0.0305595438
  -0.0244833030
  -0.0272107154
  -0.0327793258
  -0.0335597579
  -0.0345044308
  -0.0349816350
  -0.0349684222
  -0.0349283254
  -0.0349078207
  -0.0294159180
  -0.0227307215
  -0.0229572548
  -0.0234716148
  -0.0227795634
  -0.0208998797
  -0.0126855469
  -0.0102705488
  -0.0113969093
  -0.0109661120
  -0.0105133958
  -0.0107458240
  -0.0108380410
  -0.0107485790
  -0.0107438259
  -0.0081188115
  -0.0000787298
   0.0017122966
   0.0006749314
   0.0011913475
   0.0042254305
   0.0120202715
   0.0137403379
   0.0127986449
   0.0159700846
   0.0243550807
   0.0259049681
   0.0248449484
   0.0255852448
   0.0258103162
   0.0259063997
   0.0315172434
   0.0288411771
   0.0290674725
   0.0377762228
   0.0381950009
   0.0368014871
   0.0375629628
   0.0375013234
   0.0352257622
   0.0372342089
   0.0379836916
   0.0374544926
   0.0375031615
   0.0376879718
   0.0376251343
   0.0375772569
   0.0376488178
   0.0384163226
   0.0455554246
   0.0506320741
   0.0497439848
   0.0483263030
   0.0399387768
   0.0370997197
   0.0440392633
   0.0450978429
   0.0367854544
   0.0336119646
   0.0272120821
   0.0252334690
   0.0259787608
   0.0245195852
   0.0153211143
   0.0126614006
   0.0140655842
   0.0135711710
   0.0130671044
   0.0135992314
   0.0136386405
   0.0120379087
   0.0032273010
   0.0005828018
   0.0018718382
   0.0014156452
   0.0008976397
   0.0011894635
   0.0015989586
   0.0013628485
   0.0010830161
   0.0011619632
   0.0014112458
   0.0015446279
  -0.0026346158
  -0.0101555392
  -0.0106644713
  -0.0098826595
  -0.0105638898
  -0.0107684306
  -0.0105160686
  -0.0105162373
  -0.0105991945
  -0.0106521668
  -0.0109495647
  -0.0109630629
  -0.0125296664
  -0.0214496525
  -0.0235561679
  -0.0224076117
  -0.0239398057
  -0.0257562541
  -0.0233489759
  -0.0227440122
  -0.0233733774
  -0.0232642498
  -0.0230628576
  -0.0231183599
  -0.0304374110
  -0.0357194359
  -0.0342512254
  -0.0340149523
  -0.0346769149
  -0.0346614877
  -0.0391600401
  -0.0445377593
  -0.0365294421
  -0.0324219319
  -0.0338646942
  -0.0332401643
  -0.0324316545
  -0.0324411694
  -0.0323066499
  -0.0317652285
  -0.0249416504
  -0.0183855369
  -0.0191214176
  -0.0191481502
  -0.0182103454
  -0.0178419055
  -0.0135455931
  -0.0057751666
  -0.0050829639
  -0.0057491346
  -0.0038550972
   0.0041611649
   0.0081839412
   0.0073390108
   0.0075254170
   0.0091008737
   0.0167695985
   0.0209159037
   0.0199144699
   0.0200404606
   0.0207075396
   0.0207073320
   0.0204660939
   0.0140896051
   0.0079024116
   0.0086970469
   0.0092518670
   0.0095631697
   0.0151572758
   0.0105738199
   0.0074971706
   0.0077898975
   0.0025656607
  -0.0035320881
  -0.0038477746
  -0.0033178300
  -0.0038906004
  -0.0040232356
  -0.0028358679
  -0.0013172374
  -0.0034089761
  -0.0033898425
  -0.0019311742
   0.0056022068
   0.0095709806
   0.0086555834
   0.0091073698
   0.0097423618
   0.0034820763
  -0.0028149813
  -0.0018514910
  -0.0013313390
  -0.0019051608
  -0.0015191538
  -0.0011550065
  -0.0011042240
  -0.0009808906
  -0.0008802602
  -0.0006686265
  -0.0004964589
  -0.0027891163
  -0.0044379941
  -0.0027427907
   0.0002668810
  -0.0042695560
  -0.0120846357
  -0.0119852522
  -0.0109618519
  -0.0118000570
  -0.0119935561
  -0.0116800520
  -0.0116934205
  -0.0115634163
  -0.0113163480
  -0.0113267539
  -0.0113556144
  -0.0111170707
  -0.0038994108
   0.0014391860
   0.0001460223
  -0.0044661843
  -0.0017597160
  -0.0002817544
   0.0005995904
   0.0006143961
   0.0007095878
   0.0025255946
   0.0105755456
   0.0137825928
   0.0124836920
   0.0055845868
   0.0055795785
   0.0133580365
   0.0137819700
   0.0150919731
   0.0219598303
   0.0256038335
   0.0245074493
   0.0245875391
   0.0252836084
   0.0272511669
   0.0334331920
   0.0338427061
   0.0266006006
   0.0243406915
   0.0255887393
   0.0253077677
   0.0202871699
   0.0122986049
   0.0082337821
   0.0075237605
   0.0111651341
   0.0062893450
   0.0002424716
   0.0009358071
   0.0013022631
   0.0005406026
   0.0005159477
   0.0007473150
   0.0006952921
   0.0006324027
   0.0006601962
   0.0006691009
   0.0006544194
   0.0006514416
   0.0006529580
   0.0006496446
   0.0006462750
   0.0006445610
  -0.0003562631
  -0.0079509810
  -0.0119835654
  -0.0077234444
  -0.0079090764
  -0.0185934382
  -0.0244359749
  -0.0228456057
  -0.0230157543
  -0.0239412762
  -0.0237418951
  -0.0297994909
  -0.0335854526
  -0.0239718148
  -0.0224435954
  -0.0258238706
  -0.0271697407
  -0.0287629211
  -0.0298189403
  -0.0333688538
  -0.0346769668
  -0.0285733663
  -0.0236235639
  -0.0239248673
  -0.0238548114
  -0.0230689255
  -0.0213558699
  -0.0174981526
  -0.0173192935
  -0.0137539485
  -0.0110163162
  -0.0112828555
  -0.0113745102
  -0.0109932771
  -0.0031178737
   0.0013037444
   0.0000391242
   0.0023561509
   0.0112709402
   0.0132283609
   0.0119035881
   0.0124787096
   0.0133529373
   0.0195483613
   0.0252686051
   0.0247049967
   0.0242641828
   0.0249139576
   0.0275774210
   0.0345773541
   0.0281692931
   0.0238783349
   0.0256265699
   0.0253885408
   0.0244785456
   0.0246728924
   0.0248753832
   0.0249512042
   0.0251188271
   0.0248324838
   0.0247144467
   0.0247738156
   0.0247674881
   0.0275240032
   0.0312956017
   0.0280994707
   0.0241740201
   0.0248782895
   0.0251804319
   0.0246245393
   0.0246229650
   0.0247944889
   0.0247517972
   0.0247065753
   0.0247286240
   0.0247349687
   0.0247243423
   0.0247225820
   0.0247242298
   0.0232552063
   0.0153576862
   0.0121956706
   0.0182520467
   0.0249432030
   0.0231020548
   0.0170288761
   0.0129691958
   0.0129612248
   0.0129226764
   0.0124755307
   0.0125148231
   0.0099223498
   0.0013037842
   0.0000874337
   0.0010373237
  -0.0038195641
  -0.0104257676
  -0.0117321593
  -0.0110906711
  -0.0115837782
  -0.0153585166
  -0.0235042294
  -0.0240631279
  -0.0234522908
  -0.0241053699
  -0.0300623020
  -0.0361828218
  -0.0356747676
  -0.0357302050
  -0.0384020243
  -0.0390249151
  -0.0461900274
  -0.0458811814
  -0.0367901254
  -0.0353175813
  -0.0367824226
  -0.0361213683
  -0.0357698780
  -0.0352968388
  -0.0309652822
  -0.0301660278
  -0.0324544600
  -0.0273764223
  -0.0231503431
  -0.0236917255
  -0.0237945732
  -0.0234744995
  -0.0237266712
  -0.0247724186
  -0.0268852096
  -0.0291167209
  -0.0289383548
  -0.0243563219
  -0.0235046576
  -0.0242278055
  -0.0239042674
  -0.0239177700
  -0.0240072666
  -0.0224570850
  -0.0167879667
  -0.0119407482
  -0.0118893633
  -0.0121056118
  -0.0116151602
  -0.0115887649
  -0.0116314610
  -0.0113127064
  -0.0111826719
  -0.0033467671
   0.0013118580
   0.0001487159
  -0.0020249672
   0.0008608891
   0.0017720473
   0.0010197682
   0.0012702717
   0.0018520800
   0.0020668935
   0.0022640576
   0.0033808837
   0.0109879488
   0.0063061691
   0.0025513887
   0.0132632504
   0.0195435778
   0.0155156082
   0.0154671296
   0.0171379173
   0.0170153433
   0.0166686494
   0.0171918886
   0.0177120656
   0.0178748834
   0.0181026536
   0.0181601844
   0.0183042751
   0.0185861896
   0.0187527355
   0.0185871930
   0.0144106000
   0.0103479744
   0.0071801417
   0.0077080907
   0.0142838481
   0.0119110141
   0.0061566506
   0.0072234087
   0.0079759015
   0.0064192887
   0.0021119225
  -0.0016743177
  -0.0045963010
  -0.0046301309
  -0.0045795028
  -0.0048424264
  -0.0048309955
  -0.0047504213
  -0.0046221427
  -0.0032256402
   0.0054642229
   0.0024624500
  -0.0058577303
  -0.0076300466
  -0.0073521933
  -0.0051388598
  -0.0122429512
  -0.0172722897
  -0.0160275808
  -0.0161184614
  -0.0170859873
  -0.0166535509
  -0.0196957908
  -0.0249911929
  -0.0198879968
  -0.0156378837
  -0.0167751907
  -0.0169597069
  -0.0162767725
  -0.0163440993
  -0.0165354101
  -0.0137299190
  -0.0101812035
  -0.0104613924
  -0.0107334330
  -0.0075891194
  -0.0040582964
  -0.0044396463
  -0.0046876530
  -0.0042554622
  -0.0037480183
   0.0031825696
   0.0085155842
   0.0077137694
   0.0075109672
   0.0080085031
   0.0082069846
   0.0080185543
   0.0080215040
   0.0081674976
   0.0082430678
   0.0082109117
   0.0082144884
   0.0082300540
   0.0082537981
   0.0064340195
   0.0028326385
   0.0026412560
   0.0034885521
   0.0076366855
   0.0093532357
   0.0083808527
   0.0066159840
   0.0090766192
   0.0096336970
   0.0092902987
   0.0094844855
   0.0098046414
   0.0097609505
   0.0098420783
   0.0099893522
   0.0095650035
   0.0033509424
   0.0040690439
   0.0106412506
   0.0102768286
   0.0091464891
   0.0034043519
  -0.0021024158
  -0.0016567739
  -0.0012266228
  -0.0025098690
  -0.0070158490
  -0.0080103585
  -0.0073128923
  -0.0053580536
  -0.0063011608
  -0.0097920947
  -0.0106069233
  -0.0073586505
  -0.0032734286
  -0.0112206235
  -0.0109324767
  -0.0013603643
  -0.0006212607
  -0.0021748923
  -0.0010062539
  -0.0004707301
  -0.0010307419
  -0.0010020077
  -0.0007421094
  -0.0007922129
  -0.0008426338
  -0.0006573508
  -0.0005140412
  -0.0003898411
   0.0003076930
   0.0054389045
   0.0111758817
   0.0132621649
   0.0217273329
   0.0194439997
   0.0112478751
   0.0132988795
   0.0231189092
   0.0248871903
   0.0237136228
   0.0245935681
   0.0249910848
   0.0243424518
   0.0242082133
   0.0243731893
   0.0234278374
   0.0221646003
   0.0243497264
   0.0245612909
   0.0241065420
   0.0242767771
   0.0242437170
   0.0242508792
   0.0241038475
   0.0239211435
   0.0271736158
   0.0335007178
   0.0361650461
   0.0354153732
   0.0357421636
   0.0362172529
   0.0371625745
   0.0415738965
   0.0460412485
   0.0481276571
   0.0478736949
   0.0480167216
   0.0481467735
   0.0457195140
   0.0426757431
   0.0393218545
   0.0371309546
   0.0380130970
   0.0426495813
   0.0431717219
   0.0412892746
   0.0408964332
   0.0408086061
   0.0386681310
   0.0368062186
   0.0371542359
   0.0371202849
   0.0370357447
   0.0368695275
   0.0285160388
   0.0180766519
   0.0131169021
   0.0094162894
   0.0028270843
   0.0005111539
  -0.0011634233
  -0.0054481427
  -0.0113447242
  -0.0111039488
  -0.0107144463
  -0.0169448766
  -0.0177710885
  -0.0110271416
  -0.0110498088
  -0.0121077656
  -0.0111240469
  -0.0109561689
  -0.0115654014
  -0.0115726847
  -0.0114365736
  -0.0114908822
  -0.0137743797
  -0.0198329789
  -0.0236567062
  -0.0232784097
  -0.0232845036
  -0.0237392266
  -0.0235419820
  -0.0237182635
  -0.0303685272
  -0.0361366354
  -0.0350053618
  -0.0305556902
  -0.0317259146
  -0.0361766976
  -0.0337464366
  -0.0311450841
  -0.0326448322
  -0.0360973993
  -0.0357178010
  -0.0353102808
  -0.0357472973
  -0.0358031586
  -0.0356510624
  -0.0356671340
  -0.0357079877
  -0.0356850870
  -0.0322508361
  -0.0242663063
  -0.0260498849
  -0.0298667009
  -0.0245960204
  -0.0226879908
  -0.0240483149
  -0.0239899062
  -0.0178790484
  -0.0109993321
  -0.0116422648
  -0.0120573278
  -0.0090487708
  -0.0127044860
  -0.0129631884
  -0.0109706359
  -0.0112834264
  -0.0116630938
  -0.0114108486
  -0.0113431758
  -0.0114363227
  -0.0100723873
  -0.0043959295
   0.0004781769
   0.0005131079
   0.0002945050
   0.0007944900
   0.0008229263
   0.0020249837
   0.0062343184
   0.0046234964
   0.0043055536
   0.0032295764
   0.0049073355
   0.0037861131
   0.0067861975
   0.0128419465
   0.0085738112
   0.0017946332
   0.0048687308
   0.0080196918
   0.0107730886
   0.0128051497
   0.0127456770
   0.0127349727
   0.0129141562
   0.0128928903
   0.0129719118
   0.0107192125
   0.0067675050
   0.0090354628
   0.0128591426
   0.0060046971
  -0.0000797316
   0.0012364751
   0.0015103871
   0.0005304917
   0.0006059295
   0.0008867684
   0.0028901597
   0.0020045158
   0.0007604910
   0.0010463901
  -0.0045132832
  -0.0108132373
  -0.0054349429
   0.0008448365
  -0.0019027220
  -0.0056820543
  -0.0046890197
  -0.0016142331
  -0.0008808683
  -0.0010760957
  -0.0040226764
  -0.0050764332
  -0.0078199690
  -0.0110851914
  -0.0108455924
  -0.0105273784
  -0.0117482482
  -0.0171766084
  -0.0198837627
  -0.0223771726
  -0.0269466630
  -0.0235111623
  -0.0218774958
  -0.0228553239
  -0.0227940434
  -0.0224149987
  -0.0225167437
  -0.0226093413
  -0.0225533113
  -0.0225362795
  -0.0225481862
  -0.0223978243
  -0.0258063545
  -0.0285210039
  -0.0279885396
  -0.0279011103
  -0.0281629180
  -0.0245053561
  -0.0214641628
  -0.0218466934
  -0.0219663134
  -0.0214669611
  -0.0162594424
  -0.0092180631
  -0.0104289335
  -0.0149981991
  -0.0147435621
  -0.0124508135
  -0.0086706170
  -0.0083504741
  -0.0120288868
  -0.0128097082
  -0.0063083359
  -0.0011901391
   0.0023322870
   0.0050561664
   0.0063447002
   0.0082998936
   0.0108067974
   0.0127968544
   0.0169536390
   0.0164641908
   0.0151721623
   0.0173910534
   0.0175740213
   0.0138820671
   0.0137608642
   0.0147791220
   0.0133651338
   0.0165642792
   0.0176860336
   0.0170675500
   0.0171769458
   0.0174124577
   0.0173265032
   0.0172739808
   0.0185660871
   0.0206128704
   0.0229007015
   0.0235873812
   0.0211713364
   0.0229128287
   0.0205360849
   0.0172956273
   0.0177945515
   0.0183527234
   0.0182451787
   0.0231645246
   0.0290463147
   0.0213986611
   0.0174426416
   0.0192364444
   0.0177623694
   0.0126937038
   0.0124694196
   0.0121155765
   0.0097489185
   0.0073373716
   0.0069430468
   0.0071407715
   0.0056999770
   0.0049490844
   0.0083555776
   0.0090576932
   0.0065644520
   0.0068421150
   0.0074662125
   0.0070784833
   0.0068275572
   0.0069687717
   0.0068512839
   0.0029708701
   0.0005555233
  -0.0029462468
  -0.0053389675
  -0.0051920439
  -0.0091795751
  -0.0135738957
  -0.0172308825
  -0.0173276667
  -0.0211953011
  -0.0236261719
  -0.0189485053
  -0.0166557610
  -0.0179547051
  -0.0177254298
  -0.0170667758
  -0.0172411889
  -0.0173116167
  -0.0133765430
  -0.0150050628
  -0.0180358804
  -0.0173844968
  -0.0193191941
  -0.0177093409
  -0.0128033634
  -0.0107716051
  -0.0054671077
   0.0051263174
   0.0017690899
  -0.0059449692
  -0.0049957119
  -0.0024895049
   0.0006291425
   0.0009369074
   0.0047627907
   0.0051787187
   0.0024854442
   0.0012156140
   0.0038107650
  -0.0022155712
  -0.0055889637
  -0.0042143028
  -0.0039304023
  -0.0044992443
  -0.0044069668
  -0.0042265818
  -0.0042948510
  -0.0043221489
  -0.0040043285
  -0.0038275277
  -0.0051816943
  -0.0050381875
  -0.0027565086
  -0.0028972025
  -0.0029427617
  -0.0024197937
  -0.0046830728
  -0.0051994959
  -0.0058911796
  -0.0033997527
  -0.0007741371
  -0.0006846963
  -0.0006280137
  -0.0000819744
   0.0002733506
   0.0027733890
   0.0050284217
   0.0063572902
   0.0042388223
   0.0061683107
   0.0031514536
   0.0005210948
   0.0011542198
   0.0012676612
   0.0008881939
   0.0012229431
   0.0031269159
   0.0086223936
   0.0049716651
   0.0002810455
  -0.0005782420
  -0.0044383358
  -0.0050084533
  -0.0045239832
  -0.0050501633
  -0.0053210318
  -0.0051676165
  -0.0051585687
  -0.0056280052
  -0.0098178023
  -0.0115954816
  -0.0087012681
  -0.0050001883
  -0.0053119234
  -0.0055874370
  -0.0051313473
  -0.0051085850
  -0.0052573423
  -0.0052311633
  -0.0051958153
  -0.0074644392
  -0.0111766904
  -0.0089389728
  -0.0048528928
  -0.0052317731
  -0.0056647804
  -0.0047492146
  -0.0004927689
  -0.0013650063
  -0.0076700137
  -0.0034387760
   0.0019806220
   0.0011160273
   0.0003130853
   0.0009568515
   0.0013391088
   0.0012191653
   0.0034425824
   0.0073306203
   0.0070185867
   0.0060794845
   0.0023474478
   0.0009195534
   0.0014905104
   0.0010141063
   0.0006722573
   0.0035621229
   0.0070977596
   0.0040463876
   0.0002720281
   0.0015752517
   0.0068764034
   0.0093352265
   0.0065207006
   0.0037555247
   0.0015980421
   0.0038258068
   0.0061382132
   0.0061812899
   0.0016335501
   0.0010836774
   0.0070447831
   0.0127848439
   0.0134978282
   0.0132789241
   0.0137899193
   0.0139563614
   0.0141028222
   0.0144054187
   0.0146315671
   0.0146729397
   0.0149774133
   0.0150695567
   0.0150213809
   0.0151002424
   0.0154336327
   0.0157198375
   0.0158921703
   0.0158833474
   0.0158854450
   0.0159006213
   0.0159746734
   0.0162820058
   0.0162293147
   0.0125777384
   0.0099209139
   0.0103532378
   0.0065343761
   0.0033848216
   0.0041553003
   0.0043806320
   0.0036855739
   0.0039161294
   0.0041754546
   0.0005664244
  -0.0018563829
   0.0005049714
   0.0049037674
  -0.0008967877
  -0.0077929293
  -0.0068844781
  -0.0063383901
  -0.0069529207
  -0.0068717497
  -0.0103611785
  -0.0128152182
  -0.0145170462
  -0.0124471200
  -0.0116518532
  -0.0159485636
  -0.0179186305
  -0.0127325723
  -0.0064688312
  -0.0054362966
  -0.0059358479
  -0.0052512311
  -0.0047874776
  -0.0049852888
  -0.0031888871
  -0.0034616547
  -0.0054337405
  -0.0050266398
  -0.0025407255
  -0.0029833489
  -0.0017050574
   0.0008030638
   0.0015075880
   0.0055002672
   0.0042999718
  -0.0015660681
   0.0004211742
   0.0068329115
   0.0099428890
   0.0126953214
   0.0137314457
   0.0180480812
   0.0195604842
   0.0189179796
   0.0190761697
   0.0193436085
   0.0192336548
   0.0201978290
   0.0248952521
   0.0258345879
   0.0253017603
   0.0256167738
   0.0267780325
   0.0310448400
   0.0300482329
   0.0206670406
   0.0191845837
   0.0215503897
   0.0284629023
   0.0281914628
   0.0211210457
   0.0194584668
   0.0192815971
   0.0142334882
   0.0093308237
   0.0027112422
  -0.0036569958
  -0.0004651077
  -0.0007688862
  -0.0042638540
  -0.0035940706
  -0.0046991098
  -0.0093129918
  -0.0095267924
  -0.0126173292
  -0.0149928577
  -0.0146714562
  -0.0184715736
  -0.0207222099
  -0.0201915318
  -0.0239242142
  -0.0262175899
  -0.0251288134
  -0.0247748017
  -0.0251598494
  -0.0249502873
  -0.0245432644
  -0.0245619440
  -0.0243232705
  -0.0241489007
  -0.0241888072
  -0.0241999354
  -0.0241508729
  -0.0240164918
  -0.0234402588
  -0.0186834711
  -0.0173504549
  -0.0180474670
  -0.0175359831
  -0.0195785885
  -0.0217287558
  -0.0234249873
  -0.0200731228
  -0.0123584668
  -0.0140499322
  -0.0185997786
  -0.0177423145
  -0.0171670459
  -0.0176324905
  -0.0155167586
  -0.0134911893
  -0.0115974884
  -0.0117115378
  -0.0118607969
  -0.0125881962
  -0.0199343259
  -0.0233651124
  -0.0169025265
  -0.0115906073
  -0.0119510503
  -0.0085384200
  -0.0049050519
  -0.0019680035
   0.0003568934
   0.0016330048
   0.0072242045
   0.0123220765
   0.0123539212
   0.0138265518
   0.0184666431
   0.0187715751
   0.0181204293
   0.0185105545
   0.0186743930
   0.0167497383
   0.0125605423
   0.0143153988
   0.0229847832
   0.0248405931
   0.0194641368
   0.0179443468
   0.0192327596
   0.0193986351
   0.0229035430
   0.0248647827
   0.0243472741
   0.0243731893
   0.0246540572
   0.0245856361
   0.0245032239
   0.0218031237
   0.0182691477
   0.0210722730
   0.0240459318
   0.0185159867
   0.0127412439
   0.0098061335
   0.0067131228
   0.0036157417
   0.0024343801
   0.0014911349
   0.0013631223
   0.0056277024
   0.0046821819
   0.0015495008
  -0.0004983308
  -0.0023032505
  -0.0019686094
  -0.0031899285
  -0.0016617693
  -0.0025896729
  -0.0070453799
  -0.0095349060
  -0.0100689965
  -0.0142324935
  -0.0165006849
  -0.0201216879
  -0.0242675779
  -0.0243232792
  -0.0257233973
  -0.0272203082
  -0.0270395677
  -0.0270093621
  -0.0307987232
  -0.0337695060
  -0.0334741235
  -0.0287496824
  -0.0212886555
  -0.0219064904
  -0.0255782772
  -0.0322315251
  -0.0305818693
  -0.0286288384
  -0.0250858838
  -0.0276566760
  -0.0246603240
  -0.0233816684
  -0.0245639594
  -0.0248775543
  -0.0267999601
  -0.0249562861
  -0.0241772076
  -0.0227238405
  -0.0164177666
  -0.0219697431
  -0.0256270499
  -0.0241158752
  -0.0236437832
  -0.0214048761
  -0.0146512413
  -0.0115238558
  -0.0124332412
  -0.0113146829
  -0.0023088751
   0.0004326323
  -0.0095047739
  -0.0081276474
   0.0015368793
   0.0008588637
   0.0014932295
   0.0069898300
   0.0115920476
   0.0125540203
   0.0122875503
   0.0126363720
   0.0125698670
   0.0128277952
   0.0178477097
   0.0230007380
   0.0220221012
   0.0237145181
   0.0246142545
   0.0242655754
   0.0242097660
   0.0209788104
   0.0130827608
   0.0153095017
   0.0241309218
   0.0246314549
   0.0234028780
   0.0242647320
   0.0245864925
   0.0242450188
   0.0242219711
   0.0243299310
   0.0243071211
   0.0242756180
   0.0242870705
   0.0242906775
   0.0242828104
   0.0242832170
   0.0244452130
   0.0264264470
   0.0331274686
   0.0263200052
   0.0230734278
   0.0229179624
   0.0241324788
   0.0246256335
   0.0226875670
   0.0148296809
   0.0117016726
   0.0127261844
   0.0124191807
   0.0119084234
   0.0095986690
   0.0083585532
   0.0126023951
   0.0126653623
   0.0117229038
   0.0120732134
   0.0122840946
   0.0121034406
   0.0120738622
   0.0121341566
   0.0121258007
   0.0121063557
   0.0121110136
   0.0121133145
   0.0101720951
   0.0019720694
  -0.0004955909
   0.0006351823
   0.0002082402
  -0.0021952655
  -0.0101664857
  -0.0125430219
  -0.0115048562
  -0.0119375002
  -0.0125631936
  -0.0168319343
  -0.0231700217
  -0.0247994713
  -0.0242077895
  -0.0246005486
  -0.0248656909
  -0.0246957283
  -0.0246543426
  -0.0245827038
  -0.0242896179
  -0.0242621717
  -0.0242960232
  -0.0197791589
  -0.0129104583
  -0.0213367708
  -0.0256838411
  -0.0236030636
  -0.0237231291
  -0.0246105436
  -0.0243864713
  -0.0245694002
  -0.0270531049
  -0.0271616530
  -0.0246415104
  -0.0247527919
  -0.0336076267
  -0.0326910186
  -0.0235362558
  -0.0238811072
  -0.0246487158
  -0.0165309121
  -0.0113766122
  -0.0126671572
  -0.0127251464
  -0.0119470886
  -0.0120728588
  -0.0122881385
  -0.0121939276
  -0.0087732659
  -0.0008887423
   0.0005251002
  -0.0002950130
   0.0000718963
   0.0001227144
  -0.0013697542
  -0.0067607667
  -0.0015396832
   0.0016969724
   0.0054195287
   0.0111407932
   0.0121841402
   0.0116188840
   0.0120630887
   0.0177180946
   0.0225806624
   0.0239385472
   0.0241750279
   0.0245705247
   0.0246558347
   0.0245638383
   0.0245644827
   0.0245919852
   0.0264192892
   0.0288386037
   0.0242873733
   0.0237353817
   0.0249729588
   0.0246386862
   0.0240088841
   0.0241274056
   0.0242399846
   0.0244051422
   0.0245793217
   0.0259326220
   0.0288536330
   0.0251758994
   0.0254981010
   0.0342701645
   0.0373789051
   0.0359821043
   0.0363722035
   0.0369767694
   0.0367256876
   0.0363133796
   0.0362502091
   0.0343744136
   0.0261517163
   0.0239508603
   0.0252591075
   0.0247910117
   0.0243236035
   0.0244003588
   0.0217461465
   0.0152356831
   0.0116265003
   0.0124598138
   0.0123601795
   0.0118517490
   0.0119775364
   0.0121090285
   0.0120397857
   0.0120169542
   0.0122032177
   0.0106370164
   0.0083322963
   0.0019142882
   0.0014495516
   0.0018700230
  -0.0006110157
  -0.0049011767
  -0.0048540259
  -0.0080968968
  -0.0035299849
  -0.0019009803
  -0.0110080772
  -0.0150016547
  -0.0127683788
  -0.0115326571
  -0.0121073071
  -0.0127746413
  -0.0171066694
  -0.0206159325
  -0.0197746264
  -0.0227478873
  -0.0247420833
  -0.0241478757
  -0.0227911284
  -0.0143456217
  -0.0114438784
  -0.0127324945
  -0.0130892093
  -0.0161693403
  -0.0132779770
  -0.0115393219
  -0.0120425451
  -0.0142356291
  -0.0158908901
  -0.0199168573
  -0.0189604811
  -0.0177528198
  -0.0196382125
  -0.0182072487
  -0.0230998361
  -0.0224983582
  -0.0228959786
  -0.0243904849
  -0.0178893505
  -0.0114081715
  -0.0124125592
  -0.0126895519
  -0.0115401479
  -0.0115234622
  -0.0118186024
  -0.0117311991
  -0.0119117493
  -0.0121479705
  -0.0120111068
  -0.0083796936
  -0.0058370786
  -0.0087310758
  -0.0107742001
  -0.0117328772
  -0.0045232306
   0.0006090582
  -0.0060113489
  -0.0124064696
  -0.0093687709
  -0.0008352485
   0.0004461647
  -0.0007087388
  -0.0023520651
  -0.0002330056
  -0.0012038683
  -0.0019046150
  -0.0001413730
  -0.0081665808
  -0.0095177575
   0.0003140990
   0.0007791727
  -0.0009605494
  -0.0002250257
  -0.0020420798
  -0.0004896774
  -0.0012376299
  -0.0017810865
   0.0002377753
   0.0002399587
  -0.0001262538
   0.0000627071
   0.0001504901
   0.0000746073
   0.0000701789
  -0.0000260513
  -0.0003249637
  -0.0003455423
  -0.0003046001
  -0.0001789757
   0.0000963945
   0.0001167552
   0.0000910698
   0.0001182143
   0.0001287595
   0.0001231422
   0.0001265263
   0.0001328555
   0.0001357246
   0.0005443247
   0.0029058477
   0.0032243220
   0.0024923096
   0.0021572205
   0.0019945627
   0.0068959436
   0.0126169400
   0.0117375093
   0.0093871045
   0.0120963217
   0.0127720377
   0.0120527736
   0.0121801526
   0.0124158418
   0.0123271713
   0.0122810931
   0.0123262674
   0.0115193491
   0.0031105822
  -0.0000632656
   0.0072943209
   0.0104647485
   0.0068795173
   0.0036009403
   0.0043392897
   0.0026102632
   0.0017697218
   0.0051933630
   0.0109179059
   0.0097558947
   0.0090598557
   0.0120627037
   0.0123018270
   0.0116696591
   0.0100620506
   0.0059353202
  -0.0002922701
  -0.0004305666
  -0.0000025728
  -0.0006148022
  -0.0007018150
  -0.0004952713
  -0.0005114731
  -0.0005641378
  -0.0005385011
  -0.0005207294
  -0.0005255444
  -0.0006827626
  -0.0009484347
  -0.0009430860
  -0.0009120388
  -0.0009341134
  -0.0009338838
  -0.0009190366
  -0.0000972961
   0.0082759765
   0.0111601950
   0.0032588547
  -0.0023486670
   0.0013695073
   0.0092516637
   0.0076862410
  -0.0015114394
  -0.0033840297
  -0.0022964958
  -0.0032843768
  -0.0041678461
  -0.0078213357
  -0.0162566225
  -0.0169503303
  -0.0159481354
  -0.0127034610
  -0.0087700784
  -0.0087736551
  -0.0106858021
  -0.0154696078
  -0.0180725086
  -0.0182555802
  -0.0183491380
  -0.0185810342
  -0.0185486488
  -0.0184791206
  -0.0184958237
  -0.0184910662
  -0.0181868132
  -0.0178934116
  -0.0176267167
  -0.0173125812
  -0.0171398505
  -0.0168644538
  -0.0167035908
  -0.0166010415
  -0.0162832730
  -0.0159407181
  -0.0155255037
  -0.0150818310
  -0.0125433982
  -0.0142913736
  -0.0149011770
  -0.0143225047
  -0.0139402942
  -0.0137233926
  -0.0134377240
  -0.0131893410
  -0.0130411330
  -0.0108171427
  -0.0027527658
  -0.0060954003
  -0.0136079030
  -0.0126139427
  -0.0114221022
  -0.0123575802
  -0.0125086687
  -0.0121474558
  -0.0121716324
  -0.0121537487
  -0.0121014684
  -0.0122141036
  -0.0122116816
  -0.0121842786
  -0.0121848495
  -0.0095263901
  -0.0016076764
   0.0001836961
  -0.0010125762
  -0.0006343299
  -0.0002201080
  -0.0004461492
  -0.0005201866
  -0.0004217382
  -0.0004399623
  -0.0006009018
  -0.0004412680
  -0.0003800840
  -0.0004102182
   0.0021275949
   0.0097728918
   0.0051041173
  -0.0014288982
  -0.0002065974
   0.0049025218
   0.0116621640
   0.0112223794
   0.0084103317
   0.0073774035
   0.0086929728
   0.0110651711
   0.0124952180
   0.0125228027
   0.0126007213
   0.0127517233
   0.0127386143
   0.0146842538
   0.0165999862
   0.0210719962
   0.0253262353
   0.0251733130
   0.0249534835
   0.0254053044
   0.0254279672
   0.0252942435
   0.0253023917
   0.0250771430
   0.0248308014
   0.0208044146
   0.0171028591
   0.0196505084
   0.0186187955
   0.0124518948
   0.0125748839
   0.0135001377
   0.0128563313
   0.0125302459
   0.0128973018
   0.0126555749
   0.0124239209
   0.0125027218
   0.0125340606
   0.0125353321
   0.0128452811
   0.0129912099
   0.0111079148
   0.0092342211
   0.0048223628
   0.0004451337
   0.0006097200
   0.0011726290
   0.0004501697
  -0.0042187640
  -0.0100774389
  -0.0113835624
  -0.0108929292
  -0.0111159808
  -0.0112880411
  -0.0109838487
  -0.0130739162
  -0.0194704902
  -0.0214751136
  -0.0195336218
  -0.0217213471
  -0.0214681072
  -0.0166053232
  -0.0122518347
  -0.0111461043
  -0.0113837094
  -0.0110732199
  -0.0109280004
  -0.0128734409
  -0.0123871197
  -0.0105616149
  -0.0108000202
  -0.0107620167
  -0.0104983838
  -0.0104949455
  -0.0105433246
  -0.0105141959
  -0.0104909968
  -0.0108964151
  -0.0128393256
  -0.0107835291
  -0.0101265835
  -0.0083795725
  -0.0044468300
  -0.0020203456
   0.0013837745
   0.0017619053
   0.0017973056
   0.0021891695
   0.0022244508
   0.0021477864
   0.0021794988
   0.0022121372
   0.0022099237
   0.0022161244
   0.0022312013
   0.0022411543
   0.0020548238
   0.0007280965
  -0.0066552460
  -0.0008545323
   0.0031489503
   0.0015056898
   0.0017164892
   0.0025366060
   0.0021039062
   0.0019423763
   0.0019551588
   0.0019547894
   0.0019389440
   0.0019485571
   0.0019655378
   0.0019746912
   0.0019378589
   0.0016367895
   0.0015616272
   0.0070808663
   0.0086126365
   0.0012489535
   0.0011585850
   0.0030359038
   0.0067004939
   0.0050321455
   0.0032718115
   0.0056391247
   0.0073556143
   0.0056119596
   0.0095233886
   0.0112798453
   0.0053218536
   0.0056501793
   0.0143044955
   0.0148452379
   0.0134455306
   0.0142454857
   0.0146275794
   0.0143892304
   0.0197851231
   0.0228834924
   0.0215956505
   0.0175040951
   0.0165331697
   0.0194715238
   0.0159267354
   0.0142222043
   0.0151371863
   0.0151195404
   0.0145353322
   0.0133357715
   0.0114165403
   0.0095155820
   0.0125909036
   0.0154299046
   0.0119830508
   0.0031443477
   0.0022311645
   0.0032708989
   0.0025134868
   0.0022200437
   0.0025337350
   0.0025690207
   0.0024809933
   0.0025092190
   0.0025473366
   0.0025467510
   0.0026493043
   0.0061996840
   0.0129643172
   0.0053138480
   0.0016461003
   0.0035584397
   0.0035427353
   0.0023044991
   0.0000833722
   0.0022864709
   0.0013067969
  -0.0034483238
  -0.0053500480
  -0.0088177698
  -0.0112608414
  -0.0135056736
  -0.0096134648
  -0.0089331816
  -0.0097328080
  -0.0094468280
  -0.0091875980
  -0.0093187700
  -0.0093507747
  -0.0092843086
  -0.0092725533
  -0.0092781239
  -0.0092623291
  -0.0092463830
  -0.0092370626
  -0.0092236206
  -0.0073711713
  -0.0077188512
  -0.0076693347
  -0.0077477680
  -0.0116914613
  -0.0130510891
  -0.0088716676
  -0.0087766912
  -0.0074711732
  -0.0072820855
  -0.0043028029
  -0.0027247491
  -0.0032146462
  -0.0052600930
  -0.0041313369
  -0.0025793124
  -0.0030208871
  -0.0058911753
  -0.0091362606
  -0.0088821037
  -0.0086694277
  -0.0055398061
   0.0023884178
  -0.0007429926
  -0.0092065932
  -0.0081027399
   0.0005754800
   0.0037295857
   0.0015022518
  -0.0014753090
   0.0025859236
   0.0039236627
   0.0029022670
   0.0030050408
  -0.0029460876
  -0.0045426497
   0.0034546642
   0.0039589933
   0.0025305761
   0.0032537443
   0.0033860564
   0.0028945015
   0.0029007879
   0.0030243929
   0.0029078198
   0.0027469561
   0.0024436922
  -0.0000228340
  -0.0020825101
  -0.0031456776
  -0.0028603373
  -0.0015016593
  -0.0037494075
  -0.0037532999
  -0.0025976559
  -0.0003811531
   0.0016584274
   0.0031602947
   0.0030621707
   0.0031859829
   0.0033251288
   0.0033508498
   0.0036119919
   0.0036571900
   0.0036352802
   0.0036647406
   0.0036861950
   0.0040960257
   0.0066266493
   0.0096625315
   0.0127889094
   0.0149530464
   0.0162868757
   0.0162255433
   0.0140886104
   0.0120396516
   0.0100353050
   0.0099290967
   0.0127654421
   0.0153898899
   0.0138386012
   0.0160282295
   0.0167493966
   0.0142992840
   0.0054637731
   0.0046612317
   0.0122917325
   0.0123235989
   0.0143519188
   0.0153959319
   0.0139132112
   0.0126800369
   0.0068278988
   0.0068610368
   0.0074948265
   0.0039831721
   0.0060608741
   0.0051217459
   0.0037132382
   0.0040539545
   0.0042358563
   0.0040512904
   0.0040523759
   0.0040198387
  -0.0009479594
  -0.0065581591
  -0.0023070223
  -0.0012635559
  -0.0063562782
  -0.0045221667
  -0.0052385849
  -0.0083192306
  -0.0080484961
  -0.0075839468
  -0.0079021737
  -0.0079697687
  -0.0078355259
  -0.0078292850
  -0.0078552089
  -0.0078334889
  -0.0078134210
  -0.0069931343
  -0.0012409956
  -0.0056765703
  -0.0087579512
  -0.0074528483
  -0.0065353795
  -0.0013661515
  -0.0057061012
  -0.0086271381
  -0.0073903525
  -0.0073209670
  -0.0078639410
  -0.0077556178
  -0.0098405084
  -0.0114863194
  -0.0076568182
  -0.0049971435
   0.0000711107
   0.0003154596
   0.0021096800
   0.0025878867
   0.0043491117
   0.0046290496
   0.0044174548
   0.0045502920
   0.0046342223
   0.0066863512
   0.0064545718
   0.0065190960
   0.0047622025
   0.0045391681
   0.0048030994
   0.0046738217
   0.0046100198
   0.0046810055
   0.0047003943
   0.0046901831
   0.0048983439
   0.0051191985
   0.0047918112
   0.0019475412
  -0.0021056387
  -0.0035038041
  -0.0031948019
  -0.0022917076
  -0.0019452196
  -0.0064818234
  -0.0054274866
  -0.0059193741
  -0.0074701482
  -0.0009043166
   0.0055095702
  -0.0018838958
  -0.0082506236
  -0.0063221715
  -0.0060416972
  -0.0071106091
  -0.0041005842
   0.0001752378
   0.0018663650
   0.0029477739
   0.0029237076
   0.0030078296
  -0.0056159991
  -0.0068350869
   0.0021693650
   0.0057707984
   0.0042283261
   0.0046927997
   0.0056237105
   0.0051300887
   0.0048934740
   0.0050809268
   0.0051021192
   0.0050479273
   0.0050686482
   0.0050950695
   0.0037372872
   0.0007066231
   0.0020559556
   0.0012155816
  -0.0012040863
  -0.0023512750
  -0.0063028259
  -0.0071590747
  -0.0066516996
  -0.0068732029
  -0.0070389660
  -0.0069194152
  -0.0068817015
  -0.0069143463
  -0.0069046195
  -0.0068833666
  -0.0068781334
  -0.0068726536
  -0.0068622953
  -0.0068532951
  -0.0068455015
  -0.0068371197
  -0.0070540515
  -0.0067119810
  -0.0045817950
  -0.0065768257
  -0.0074141139
  -0.0068790978
  -0.0051568170
  -0.0013551311
  -0.0050829941
  -0.0077437285
  -0.0067402317
  -0.0066691422
  -0.0071400276
  -0.0074612171
  -0.0137505318
  -0.0149257428
  -0.0065878198
  -0.0060237313
  -0.0073242280
  -0.0065647980
  -0.0061868691
  -0.0064823511
  -0.0067020811
  -0.0068309566
  -0.0068111655
  -0.0068050846
  -0.0068050197
  -0.0067833862
  -0.0067615754
  -0.0067457071
  -0.0067277369
  -0.0067077555
  -0.0066881937
  -0.0057184663
  -0.0003859989
   0.0049324376
   0.0052632200
   0.0049268281
   0.0053824983
   0.0032186744
   0.0011742699
  -0.0005599460
  -0.0027853998
  -0.0036411435
  -0.0023064709
  -0.0035041307
  -0.0061682328
  -0.0065790833
  -0.0062029061
  -0.0063883954
  -0.0064792890
  -0.0036989195
   0.0035146940
   0.0013204145
  -0.0061066626
  -0.0065721807
  -0.0053445726
  -0.0019404422
   0.0039075872
   0.0057388715
   0.0051692557
   0.0054589551
   0.0057285737
   0.0054219809
   0.0000296028
  -0.0060829142
  -0.0041069160
   0.0040275432
   0.0021734287
   0.0008882740
  -0.0002063085
  -0.0023532580
   0.0012951745
   0.0032873493
   0.0011196949
   0.0020141064
   0.0047531244
   0.0036534572
   0.0013078864
  -0.0008992170
  -0.0054465338
  -0.0035910232
  -0.0015093219
   0.0010597421
  -0.0038708742
  -0.0059645397
  -0.0000726274
   0.0052957567
   0.0054433895
   0.0051395172
   0.0057079523
   0.0057576591
   0.0055545023
   0.0055645709
   0.0056047023
   0.0057822077
   0.0059624811
   0.0059630087
   0.0089097360
   0.0117777791
   0.0131589149
   0.0146496584
   0.0166063482
   0.0165382818
   0.0162886835
   0.0164021361
   0.0163596000
   0.0162183768
   0.0160477265
   0.0126788692
   0.0101577362
   0.0106912040
   0.0139863032
   0.0158197357
   0.0087223134
   0.0051845617
   0.0135864684
   0.0165119817
   0.0146883626
   0.0149726428
   0.0144439239
   0.0122659557
   0.0100555891
   0.0084677111
   0.0067507198
   0.0045736598
   0.0039555792
   0.0041263329
   0.0039786849
   0.0038517393
   0.0038648314
   0.0038408248
   0.0037810900
   0.0037408471
   0.0037063524
   0.0036638284
   0.0036208776
   0.0035800715
   0.0035383680
   0.0034956330
   0.0034529087
   0.0034210112
   0.0021053187
  -0.0027566712
  -0.0046420202
  -0.0060801462
  -0.0067067651
  -0.0066604360
  -0.0066485121
  -0.0067775432
  -0.0069965381
  -0.0068255720
  -0.0035241955
  -0.0050578574
  -0.0074772757
  -0.0068533383
  -0.0065780064
  -0.0069048746
  -0.0066424701
  -0.0063694477
  -0.0064197904
  -0.0066587147
  -0.0067274730
  -0.0070177001
  -0.0137860701
  -0.0149719335
  -0.0072082842
  -0.0058405818
  -0.0072038901
  -0.0065974990
  -0.0061209912
  -0.0063637301
  -0.0064045665
  -0.0061403454
  -0.0058908855
  -0.0058919408
  -0.0058743295
  -0.0059411157
  -0.0061263758
  -0.0057794008
  -0.0041843139
  -0.0057911085
  -0.0062689225
  -0.0058249946
  -0.0058536821
  -0.0059568024
  -0.0058658742
  -0.0043746030
  -0.0043392075
  -0.0040798784
  -0.0051939556
  -0.0054606375
  -0.0052357996
  -0.0052675103
  -0.0052988361
  -0.0052268902
  -0.0051798043
  -0.0068489355
  -0.0110751185
  -0.0123023287
  -0.0120730491
  -0.0106005310
  -0.0052728603
  -0.0051969657
  -0.0102203661
  -0.0105040928
  -0.0067151080
  -0.0043672765
  -0.0050407046
  -0.0093233934
  -0.0083073888
  -0.0037625731
  -0.0054325339
  -0.0063550283
  -0.0106498356
  -0.0127620903
  -0.0074167391
  -0.0049292285
  -0.0071129619
  -0.0082239688
  -0.0048030043
  -0.0032919796
  -0.0038785437
  -0.0037356433
  -0.0034019282
  -0.0031643580
  -0.0018585965
  -0.0031998184
  -0.0037857891
  -0.0019746665
   0.0006188115
   0.0020046087
   0.0043327676
   0.0045755281
   0.0043150097
   0.0041639748
   0.0015255998
   0.0004546473
   0.0006139948
  -0.0010029038
  -0.0011101553
  -0.0004796184
  -0.0015481324
  -0.0019516914
  -0.0021642793
  -0.0031177556
  -0.0030625629
  -0.0029904185
  -0.0032045625
  -0.0031804322
  -0.0030805764
  -0.0027967966
  -0.0014587578
  -0.0025091839
  -0.0028590186
  -0.0027667938
  -0.0041861667
  -0.0055271988
  -0.0059541122
  -0.0045014544
  -0.0031838221
  -0.0025055367
  -0.0025291904
  -0.0026750128
  -0.0063381609
  -0.0080005581
  -0.0028252276
  -0.0013413171
  -0.0010726158
  -0.0006828664
   0.0000714933
   0.0001086989
   0.0014987317
   0.0016857348
   0.0014106615
   0.0028952900
   0.0049867679
   0.0048328033
   0.0045980353
   0.0047862363
   0.0047683439
   0.0046449309
   0.0046098641
   0.0046109410
   0.0043839752
   0.0035151520
   0.0046022781
   0.0047787585
   0.0044802231
   0.0044977003
   0.0045251639
   0.0044373324
   0.0042729351
   0.0041124684
   0.0040764509
   0.0040353939
   0.0039759459
   0.0039302989
   0.0038883411
   0.0038639201
   0.0039705739
   0.0045990949
   0.0081595873
   0.0051165775
   0.0031132862
   0.0039068714
   0.0038992694
   0.0044757165
   0.0050533767
   0.0048977816
   0.0037191465
   0.0030496836
   0.0031817989
   0.0031127222
   0.0014515087
   0.0004668749
   0.0032277193
   0.0033462368
   0.0027713061
   0.0029625337
   0.0030467050
   0.0028906034
   0.0024359267
   0.0015353089
   0.0015040000
   0.0006270886
   0.0000400986
   0.0000843890
  -0.0007895747
  -0.0003196836
   0.0002698394
   0.0002357888
   0.0002184750
   0.0002904313
  -0.0000639902
  -0.0013787419
  -0.0012362926
  -0.0017559420
  -0.0018807559
  -0.0017419373
  -0.0017003303
  -0.0017322070
  -0.0016875573
  -0.0015591468
  -0.0015405676
  -0.0014682831
  -0.0013755471
  -0.0013272065
  -0.0012781561
  -0.0012198495
  -0.0011657324
  -0.0011014703
  -0.0000972768
  -0.0001535454
  -0.0014573461
  -0.0019300195
  -0.0012809501
  -0.0014179941
  -0.0016720934
  -0.0008345786
  -0.0005246391
  -0.0006368293
  -0.0005599707
  -0.0005104991
  -0.0023574514
  -0.0032633808
  -0.0008276314
   0.0012864246
   0.0013231648
  -0.0002548699
  -0.0001858704
   0.0001051132
  -0.0000069272
   0.0004881118
   0.0005241193
   0.0012392530
   0.0014020812
   0.0012560192
   0.0013484006
   0.0014271172
   0.0013711663
   0.0008966981
   0.0005365787
   0.0002209810
   0.0002565417
   0.0002840944
   0.0005239865
   0.0010930141
   0.0008597996
   0.0004226000
   0.0007879870
   0.0006023437
   0.0004039718
   0.0005030662
   0.0005962183
   0.0005974855
   0.0006381731
   0.0006873095
   0.0007102396
   0.0007329677
   0.0007608266
   0.0008002729
   0.0011158443
   0.0009551903
   0.0008550755
   0.0009327684
   0.0009812059
   0.0018112999
   0.0018783214
   0.0009732129
   0.0009819857
   0.0011594474
   0.0010968166
   0.0010498829
   0.0003958159
   0.0004021531
   0.0012131959
   0.0012450338
   0.0011126348
   0.0011781550
   0.0012117306
   0.0012852378
   0.0014446977
   0.0017948430
   0.0016792261
   0.0015549987
   0.0016853019
   0.0017240769
   0.0016114612
   0.0018563977
   0.0018915873
   0.0018060628
   0.0017836612
   0.0017649531
   0.0017133830
   0.0016686736
   0.0016329334
   0.0016012288
   0.0015685415
   0.0015366777
   0.0015062209
   0.0014874228
   0.0014691758
   0.0014493315
   0.0014194563
   0.0013978596
   0.0013745056
   0.0013413154
   0.0013094832
   0.0012799484
   0.0012552909
   0.0012352485
   0.0012809994
   0.0011853064
   0.0010693241
   0.0008677563
   0.0007958468
   0.0007607228
   0.0007907022
   0.0008822190
   0.0008694102
   0.0008395882
   0.0008305412
   0.0007742020
   0.0006620257
   0.0006478554
   0.0006500192
   0.0006320697
   0.0006199018
   0.0006132855
   0.0006034423
   0.0005901521
   0.0005776637
   0.0005677457
   0.0005816133
   0.0005680316
   0.0005561626
   0.0005239567
   0.0005087989
   0.0004998030
   0.0004869189
   0.0004760213
   0.0004673727
   0.0004551788
   0.0004205242
   0.0003444187
   0.0003632165
   0.0004238428
   0.0004091947
   0.0003925856
   0.0003896195
   0.0003790150
   0.0003647961
   0.0003380560
   0.0003105118
   0.0003071358
   0.0003196297
   0.0003122636
   0.0002975093
   0.0002884935
   0.0002778190
   0.0002649607
   0.0002536116
   0.0002427503
   0.0002249310
   0.0002107876
   0.0002017874
   0.0002029992
   0.0001950717
   0.0001725047
   0.0001508813
   0.0001313649
   0.0001204929
   0.0001118213
   0.0001007288
   0.0000869347
   0.0000836775
   0.0000767425
   0.0000663274
   0.0000577089
   0.0000496047
   0.0000412863
   0.0000359339
   0.0000272113
   0.0000179530
   0.0000094935
  -0.0000013805
  -0.0000114681
  -0.0000207797
  -0.0000287959
  -0.0000384213
  -0.0000491850
  -0.0000571143
  -0.0000635103
  -0.0000713793
  -0.0000785646
  -0.0000866657
  -0.0000950753
  -0.0001031024
  -0.0001117304
  -0.0001199628
  -0.0001268573
  -0.0001338342
  -0.0001409665
  -0.0001481175
  -0.0001550569
  -0.0001618575
  -0.0001685160
  -0.0001750012
  -0.0001813177
  -0.0001874732
  -0.0001933444
  -0.0001987959
  -0.0002046439
  -0.0002105144
  -0.0002159036
  -0.0002210547
  -0.0002261076
  -0.0002309870
  -0.0002356911
  -0.0002402460
  -0.0002446481
  -0.0002489140
  -0.0002530000
  -0.0002569713
  -0.0002607699
  -0.0002643462
  -0.0002678039
  -0.0002711485
  -0.0002743383
  -0.0002773788
  -0.0002802768
  -0.0002830306
  -0.0002856399
  -0.0002881072
  -0.0002904330
  -0.0002926185
  -0.0002946652
  -0.0002965739
  -0.0002983458
  -0.0002999821
  -0.0003014841
  -0.0003028531
  -0.0003040901
  -0.0003051963
  -0.0003061730
  -0.0003070212
  -0.0003077424
  -0.0003083381
  -0.0003088092
  -0.0003091571
  -0.0003093830
  -0.0003094882
  -0.0003094740
  -0.0003093416
  -0.0003090924
  -0.0003087276
  -0.0003082486
  -0.0003076567
