     0.000   -0.0037612682
     0.020   -0.0025887921
     0.040    0.0039714869
     0.060   -0.0016892196
     0.080   -0.0011387739
     0.100    0.0034202223
     0.120    0.0026184479
     0.140    0.0050003768
     0.160   -0.0000368296
     0.180    0.0034764407
     0.200    0.0012984019
     0.220   -0.0002170577
     0.240    0.0026756871
     0.260   -0.0019168109
     0.280    0.0001480720
     0.300    0.0016976083
     0.320   -0.0011670752
     0.340   -0.0042646443
     0.360   -0.0032635160
     0.380    0.0012518572
     0.400    0.0030763261
     0.420    0.0004625330
     0.440   -0.0000448188
     0.460    0.0030642387
     0.480    0.0027071253
     0.500    0.0006477258
     0.520   -0.0029291590
     0.540   -0.0026883048
     0.560    0.0005454390
     0.580   -0.0006680922
     0.600   -0.0097214468
     0.620   -0.0070000496
     0.640    0.0052063518
     0.660    0.0045652432
     0.680   -0.0006583622
     0.700    0.0013613732
     0.720    0.0042420131
     0.740   -0.0008584013
     0.760   -0.0086632414
     0.780   -0.0046212126
     0.800    0.0007985658
     0.820    0.0042546293
     0.840    0.0031041584
     0.860   -0.0007522416
     0.880    0.0064479350
     0.900    0.0070943921
     0.920    0.0017415360
     0.940    0.0051179499
     0.960   -0.0004392469
     0.980   -0.0051295306
     1.000    0.0010519626
     1.020    0.0002410171
     1.040   -0.0077546792
     1.060   -0.0097014891
     1.080   -0.0048962594
     1.100    0.0015196011
     1.120    0.0038502770
     1.140    0.0026246345
     1.160    0.0088331457
     1.180    0.0076014890
     1.200   -0.0008855358
     1.220   -0.0070392490
     1.240   -0.0184365450
     1.260   -0.0159481229
     1.280   -0.0020740946
     1.300    0.0039826464
     1.320    0.0034135525
     1.340    0.0053265145
     1.360    0.0125221118
     1.380    0.0087903345
     1.400   -0.0061152145
     1.420   -0.0162669826
     1.440   -0.0043221412
     1.460    0.0021312262
     1.480   -0.0083345730
     1.500   -0.0213560544
     1.520   -0.0093646383
     1.540    0.0090062051
     1.560    0.0056154620
     1.580    0.0066088879
     1.600    0.0176657699
     1.620    0.0165121776
     1.640    0.0056992829
     1.660   -0.0038951179
     1.680   -0.0126601640
     1.700   -0.0128146328
     1.720   -0.0023752812
     1.740   -0.0007538514
     1.760   -0.0024408354
     1.780    0.0199790968
     1.800    0.0185715746
     1.820    0.0028426189
     1.840    0.0024837954
     1.860   -0.0000671112
     1.880    0.0042872695
     1.900   -0.0002859499
     1.920   -0.0209760359
     1.940   -0.0177169418
     1.960   -0.0006292515
     1.980    0.0013887970
     2.000   -0.0075595896
     2.020   -0.0073865611
     2.040    0.0172028954
     2.060    0.0114111554
     2.080   -0.0061282888
     2.100    0.0046265316
     2.120    0.0090725342
     2.140   -0.0035869375
     2.160   -0.0143983888
     2.180   -0.0139399155
     2.200   -0.0004491315
     2.220    0.0023877280
     2.240   -0.0098510661
     2.260   -0.0162573344
     2.280    0.0014057698
     2.300    0.0094185839
     2.320    0.0027944608
     2.340    0.0063524863
     2.360    0.0022690133
     2.380    0.0083361388
     2.400    0.0189737323
     2.420    0.0124292305
     2.440   -0.0091473565
     2.460   -0.0086768931
     2.480   -0.0044878504
     2.500    0.0016078071
     2.520    0.0095229369
     2.540   -0.0030359129
     2.560   -0.0218164395
     2.580   -0.0143730871
     2.600    0.0037993098
     2.620    0.0091181838
     2.640    0.0121968932
     2.660    0.0187823310
     2.680    0.0127922138
     2.700    0.0013722087
     2.720    0.0050774351
     2.740    0.0023281055
     2.760   -0.0079800875
     2.780   -0.0122198602
     2.800   -0.0022493944
     2.820   -0.0112414397
     2.840   -0.0247859424
     2.860   -0.0191350401
     2.880   -0.0057014187
     2.900    0.0012040246
     2.920    0.0016218565
     2.940   -0.0067061146
     2.960   -0.0041367690
     2.980    0.0097220374
     3.000    0.0037919816
     3.020   -0.0026128520
     3.040    0.0057755031
     3.060    0.0043648316
     3.080   -0.0010498880
     3.100   -0.0032989327
     3.120    0.0025517654
     3.140   -0.0000548684
     3.160   -0.0061892709
     3.180    0.0002849404
     3.200    0.0210024320
     3.220    0.0243290040
     3.240    0.0022385016
     3.260    0.0015249539
     3.280   -0.0080816374
     3.300   -0.0109001301
     3.320    0.0136531348
     3.340    0.0258952564
     3.360    0.0186685567
     3.380    0.0289695041
     3.400    0.0202643722
     3.420   -0.0314335333
     3.440   -0.0522289356
     3.460   -0.0283067144
     3.480   -0.0024057722
     3.500   -0.0047675342
     3.520   -0.0156422257
     3.540    0.0034901646
     3.560    0.0207114267
     3.580    0.0077077495
     3.600    0.0089819257
     3.620   -0.0022638725
     3.640   -0.0093493692
     3.660   -0.0060769298
     3.680   -0.0239095093
     3.700   -0.0208383991
     3.720    0.0005461543
     3.740    0.0104293971
     3.760    0.0007927201
     3.780   -0.0155764711
     3.800   -0.0187270347
     3.820    0.0204105229
     3.840    0.0455211728
     3.860    0.0199779774
     3.880    0.0080921104
     3.900    0.0079689811
     3.920   -0.0117702264
     3.940   -0.0100603627
     3.960    0.0055547377
     3.980    0.0099104264
     4.000   -0.0016854708
     4.020   -0.0038068766
     4.040    0.0066007039
     4.060    0.0057699057
     4.080    0.0129532123
     4.100    0.0008389604
     4.120   -0.0135770575
     4.140   -0.0056440278
     4.160   -0.0031288620
     4.180   -0.0093474764
     4.200   -0.0114208139
     4.220   -0.0073791548
     4.240    0.0134073844
     4.260    0.0393819131
     4.280    0.0498540669
     4.300    0.0543449693
     4.320    0.0517247288
     4.340    0.0324392367
     4.360    0.0129449017
     4.380    0.0051276599
     4.400    0.0109917888
     4.420    0.0178475377
     4.440   -0.0236562863
     4.460   -0.0481928651
     4.480    0.0057919373
     4.500    0.0157006742
     4.520   -0.0460051996
     4.540   -0.0757012152
     4.560   -0.0517430086
     4.580   -0.0218005164
     4.600   -0.0001666139
     4.620    0.0111814710
     4.640    0.0247096117
     4.660    0.0494130368
     4.680    0.0315067855
     4.700   -0.0013008363
     4.720   -0.0425988500
     4.740   -0.0815575269
     4.760   -0.0277875714
     4.780    0.0671031112
     4.800    0.0675268188
     4.820    0.0233861682
     4.840    0.0111126055
     4.860    0.0119269548
     4.880    0.0336164411
     4.900    0.0454287569
     4.920    0.0150175424
     4.940   -0.0063638991
     4.960   -0.0049485715
     4.980   -0.0323593855
     5.000   -0.0485663729
     5.020   -0.0282907029
     5.040   -0.0100779179
     5.060   -0.0022936830
     5.080    0.0566537152
     5.100    0.0675044734
     5.120   -0.0024078521
     5.140   -0.0388724771
     5.160   -0.0580332947
     5.180   -0.0487421162
     5.200   -0.0131549142
     5.220    0.0169798689
     5.240   -0.0228758042
     5.260   -0.0925898024
     5.280   -0.0812492581
     5.300   -0.0542891869
     5.320   -0.0130602668
     5.340    0.0574364953
     5.360    0.0700751624
     5.380    0.0160618383
     5.400   -0.0074756538
     5.420    0.0261012403
     5.440    0.0667306639
     5.460    0.0908210572
     5.480    0.0985707297
     5.500    0.0971028146
     5.520    0.0817071392
     5.540    0.0711298134
     5.560    0.0179728898
     5.580   -0.0419195627
     5.600   -0.0610233164
     5.620   -0.0686347776
     5.640   -0.0953274261
     5.660   -0.1183285677
     5.680   -0.1379371616
     5.700   -0.1413612755
     5.720   -0.1016318088
     5.740   -0.0838111974
     5.760   -0.0529958220
     5.780   -0.0109540904
     5.800    0.0049253570
     5.820    0.0080850046
     5.840   -0.0007164091
     5.860   -0.0163720367
     5.880    0.0042807191
     5.900    0.0760876265
     5.920    0.0768763868
     5.940    0.0176885719
     5.960   -0.0348208223
     5.980   -0.0211169280
     6.000    0.0203283149
     6.020    0.0233572385
     6.040    0.0044518003
     6.060   -0.0079735444
     6.080    0.0113089589
     6.100   -0.0164098927
     6.120   -0.0880696021
     6.140   -0.0890402187
     6.160   -0.0391782123
     6.180   -0.0255810072
     6.200   -0.0522811975
     6.220   -0.0630553451
     6.240    0.0265331083
     6.260    0.1140346638
     6.280    0.1132728887
     6.300    0.0980905327
     6.320    0.0834099825
     6.340    0.0184827824
     6.360   -0.0408627905
     6.380   -0.0129516907
     6.400    0.0288135579
     6.420    0.0597085488
     6.440    0.0687878662
     6.460    0.0504533409
     6.480    0.0066341542
     6.500   -0.0686479756
     6.520   -0.0924439316
     6.540   -0.0523764562
     6.560    0.0090529566
     6.580    0.0343437775
     6.600    0.0172938529
     6.620    0.0038272923
     6.640    0.0433478836
     6.660    0.0323603725
     6.680   -0.0363395116
     6.700   -0.0393519818
     6.720   -0.0527434092
     6.740   -0.0838683644
     6.760   -0.0768969941
     6.780   -0.0374815850
     6.800    0.0216790973
     6.820    0.0283544689
     6.840    0.0081343677
     6.860    0.0428395671
     6.880    0.0559154050
     6.900    0.0026051924
     6.920   -0.0202337044
     6.940    0.0446768951
     6.960    0.0728734441
     6.980    0.0315964173
     7.000    0.0295710613
     7.020    0.0863037734
     7.040    0.1033085359
     7.060    0.0523316329
     7.080   -0.0075338077
     7.100    0.0111657203
     7.120    0.0879622501
     7.140    0.1022550632
     7.160    0.0386199612
     7.180   -0.0304254732
     7.200   -0.0361994738
     7.220   -0.0311692924
     7.240   -0.0547999928
     7.260   -0.0760688163
     7.280   -0.0300786708
     7.300    0.0284765362
     7.320    0.0356912751
     7.340    0.0127562226
     7.360   -0.0687205649
     7.380   -0.0995915902
     7.400   -0.0835769615
     7.420   -0.0999748051
     7.440   -0.1033869583
     7.460   -0.0385259399
     7.480    0.0303646384
     7.500   -0.0032032940
     7.520   -0.0451594636
     7.540   -0.0265981558
     7.560    0.0166755477
     7.580    0.0582289529
     7.600    0.0386293295
     7.620    0.0500569722
     7.640    0.1726153536
     7.660    0.2451763603
     7.680    0.1563406525
     7.700   -0.0092587372
     7.720   -0.0514913471
     7.740   -0.0275091897
     7.760   -0.0385117254
     7.780   -0.0434068035
     7.800   -0.0141420004
     7.820    0.0188774424
     7.840   -0.0271909487
     7.860   -0.0186330133
     7.880    0.0752915305
     7.900    0.1036443203
     7.920    0.0367563992
     7.940   -0.0294809728
     7.960   -0.0332942672
     7.980   -0.0410815600
     8.000   -0.0521006376
     8.020   -0.0705854085
     8.040   -0.0313758655
     8.060    0.0209110914
     8.080   -0.0027181094
     8.100    0.0301991619
     8.120    0.0706662613
     8.140    0.0822621791
     8.160    0.0444272516
     8.180   -0.0094343803
     8.200   -0.0206953416
     8.220   -0.0578571832
     8.240   -0.1161029724
     8.260   -0.0874586913
     8.280    0.0275452928
     8.300    0.0881858952
     8.320    0.0939582902
     8.340    0.0707001844
     8.360    0.0281235178
     8.380   -0.0446224973
     8.400   -0.1043557189
     8.420   -0.1379988065
     8.440   -0.1409782374
     8.460   -0.1252400754
     8.480   -0.0732265656
     8.500    0.0102423633
     8.520    0.0968964919
     8.540    0.1693584101
     8.560    0.1167889176
     8.580   -0.0124014012
     8.600   -0.0732659830
     8.620   -0.0187388776
     8.640    0.0404037752
     8.660    0.0153201991
     8.680   -0.0304251638
     8.700   -0.0427258370
     8.720   -0.0303261195
     8.740    0.0049409885
     8.760    0.0331300281
     8.780    0.0138384231
     8.800    0.0409141392
     8.820    0.0417028701
     8.840   -0.0553348674
     8.860   -0.1030334243
     8.880   -0.0613117587
     8.900   -0.0208867134
     8.920   -0.0491840447
     8.940   -0.0689819777
     8.960   -0.0468823987
     8.980   -0.0209019736
     9.000   -0.0372968418
     9.020   -0.0667195133
     9.040   -0.0790427234
     9.060   -0.0748088589
     9.080   -0.0230027029
     9.100    0.0193154381
     9.120    0.0798854250
     9.140    0.1347385782
     9.160    0.1293612115
     9.180    0.0928889976
     9.200    0.0384834881
     9.220   -0.0102818087
     9.240   -0.0226410821
     9.260   -0.0063875569
     9.280   -0.0131456667
     9.300    0.0132419256
     9.320    0.0689154130
     9.340    0.0299927067
     9.360   -0.0416144461
     9.380   -0.0688946142
     9.400   -0.0749991554
     9.420    0.0026732979
     9.440    0.1472591846
     9.460    0.2254408530
     9.480    0.1927579973
     9.500    0.1124936439
     9.520    0.0599346391
     9.540    0.0415294984
     9.560    0.0159185599
     9.580    0.0417547491
     9.600    0.0756275801
     9.620    0.0755614130
     9.640    0.1157220260
     9.660    0.1845165795
     9.680    0.1723630292
     9.700   -0.0124452184
     9.720   -0.1702768237
     9.740   -0.2290635416
     9.760   -0.2355361846
     9.780   -0.2054240032
     9.800   -0.2164219874
     9.820   -0.1699496711
     9.840   -0.0597429580
     9.860   -0.0105059944
     9.880   -0.1244974640
     9.900   -0.2060780138
     9.920   -0.1947870505
     9.940   -0.0951110576
     9.960    0.0892733793
     9.980    0.1515276351
    10.000    0.0610150676
    10.020   -0.1064413057
    10.040   -0.1664614671
    10.060   -0.1307977517
    10.080   -0.0622256649
    10.100    0.0254651708
    10.120    0.0881310850
    10.140    0.1143909817
    10.160    0.1221391076
    10.180    0.0961360131
    10.200    0.0599673249
    10.220    0.0594969970
    10.240    0.0575482515
    10.260    0.0368082929
    10.280   -0.0225192653
    10.300   -0.0932219391
    10.320   -0.0330696205
    10.340    0.0756390694
    10.360   -0.0324477212
    10.380   -0.1572178222
    10.400   -0.1674389478
    10.420    0.0255229270
    10.440    0.1928379810
    10.460    0.1749406265
    10.480    0.1380973500
    10.500    0.0451312852
    10.520   -0.1170304302
    10.540   -0.2424555877
    10.560   -0.2470981794
    10.580   -0.1152111022
    10.600    0.1149577173
    10.620    0.1394957838
    10.640   -0.0109347484
    10.660   -0.1347162181
    10.680   -0.1508210385
    10.700   -0.0858639217
    10.720    0.0406083303
    10.740    0.1554409460
    10.760    0.1851956311
    10.780    0.2107178068
    10.800    0.2431739683
    10.820    0.2452863932
    10.840    0.1385892573
    10.860   -0.0094208066
    10.880   -0.0660619675
    10.900   -0.0906722698
    10.920   -0.0618596988
    10.940    0.0275755040
    10.960    0.0439432248
    10.980   -0.0250451457
    11.000   -0.1123919924
    11.020   -0.1370398855
    11.040   -0.0391187917
    11.060    0.0321291709
    11.080   -0.0220224234
    11.100   -0.0716411054
    11.120   -0.0351359553
    11.140    0.0274848852
    11.160    0.0619271621
    11.180    0.0595472262
    11.200    0.0507517996
    11.220    0.0585825605
    11.240   -0.0015653362
    11.260   -0.0945253793
    11.280   -0.1609626223
    11.300   -0.1083330462
    11.320   -0.0116590151
    11.340    0.0172467023
    11.360    0.0605835385
    11.380    0.0242315358
    11.400   -0.0735408737
    11.420   -0.1544331215
    11.440   -0.1872978923
    11.460   -0.1858240116
    11.480   -0.1311858128
    11.500   -0.0780559628
    11.520   -0.0617168034
    11.540   -0.0072377501
    11.560    0.0493913101
    11.580    0.0712369887
    11.600    0.0898043211
    11.620    0.1523155411
    11.640    0.2068997988
    11.660    0.1495329027
    11.680    0.0065770565
    11.700   -0.0166870224
    11.720    0.0200284717
    11.740    0.0046342619
    11.760   -0.0076678932
    11.780    0.0089642645
    11.800    0.0098446644
    11.820   -0.0120446649
    11.840    0.0241765194
    11.860    0.0939400693
    11.880    0.1271007504
    11.900    0.0765956189
    11.920    0.0127652152
    11.940   -0.0071318578
    11.960    0.0165272906
    11.980    0.0395944813
    12.000    0.0178088126
    12.020   -0.0224149918
    12.040   -0.0756681169
    12.060   -0.0753811771
    12.080   -0.0201283703
    12.100    0.0497358441
    12.120    0.0893555873
    12.140    0.0983898309
    12.160    0.1140919781
    12.180    0.1563770356
    12.200    0.1676229251
    12.220    0.0717105572
    12.240    0.0111269687
    12.260    0.0639713430
    12.280    0.0881758935
    12.300    0.0386954523
    12.320   -0.0068590735
    12.340   -0.0345704128
    12.360   -0.0716540972
    12.380   -0.0859154472
    12.400   -0.0017793980
    12.420    0.0799512237
    12.440    0.0967546570
    12.460    0.0826240356
    12.480    0.0592472651
    12.500    0.0424798171
    12.520    0.0264711098
    12.540    0.0287533123
    12.560   -0.0007519658
    12.580   -0.0708220749
    12.600   -0.1256693067
    12.620   -0.1260118963
    12.640   -0.0752378840
    12.660    0.0079711493
    12.680    0.0709796414
    12.700    0.1036866100
    12.720    0.1056382720
    12.740    0.0822509991
    12.760    0.0554516466
    12.780    0.0169391405
    12.800   -0.0394721194
    12.820   -0.0777066858
    12.840   -0.1072375048
    12.860   -0.1494925425
    12.880   -0.1696421093
    12.900   -0.1844832898
    12.920   -0.1826938931
    12.940   -0.1644901553
    12.960   -0.1448666841
    12.980   -0.1169585627
    13.000   -0.1015313798
    13.020   -0.1127592547
    13.040   -0.0764313797
    13.060    0.0026714464
    13.080    0.0624992446
    13.100    0.0770670516
    13.120    0.0782314262
    13.140    0.0697154712
    13.160    0.0264462014
    13.180    0.0024729777
    13.200   -0.0030365537
    13.220    0.0092850700
    13.240    0.0137022710
    13.260   -0.0167029602
    13.280   -0.0541547318
    13.300   -0.0418436297
    13.320    0.0378692042
    13.340    0.0804923733
    13.360    0.0628925642
    13.380    0.0375295900
    13.400    0.0285749177
    13.420    0.0288873992
    13.440    0.0011370084
    13.460   -0.0165694625
    13.480    0.0130108831
    13.500    0.0487588200
    13.520    0.0406770751
    13.540   -0.0180810077
    13.560   -0.0536952746
    13.580   -0.0167513923
    13.600    0.0325817786
    13.620    0.0388815508
    13.640    0.0318695551
    13.660    0.0570507321
    13.680    0.0913367682
    13.700    0.0678789092
    13.720    0.0196995957
    13.740    0.0385253507
    13.760    0.0585500957
    13.780    0.0095279112
    13.800   -0.0408720115
    13.820   -0.0218659617
    13.840    0.0100747554
    13.860   -0.0162813590
    13.880   -0.0676744131
    13.900   -0.1023766739
    13.920   -0.1129013989
    13.940   -0.0961520245
    13.960   -0.0716680023
    13.980   -0.0668436281
    14.000   -0.0605333240
    14.020   -0.0583307370
    14.040   -0.0512466676
    14.060   -0.0113113805
    14.080    0.0399749711
    14.100    0.0655783237
    14.120    0.0440496047
    14.140    0.0185664339
    14.160    0.0421910361
    14.180    0.0751008364
    14.200    0.0750091865
    14.220    0.0433794352
    14.240    0.0336585394
    14.260    0.0531799466
    14.280    0.0559880237
    14.300    0.0293404342
    14.320   -0.0138371784
    14.340   -0.0470940683
    14.360   -0.0331888448
    14.380    0.0105491665
    14.400    0.0161533114
    14.420   -0.0052972652
    14.440   -0.0311320256
    14.460   -0.0434461620
    14.480   -0.0689563917
    14.500   -0.1071803967
    14.520   -0.1065508967
    14.540   -0.0893071993
    14.560   -0.1042987433
    14.580   -0.1045015603
    14.600   -0.0534556032
    14.620    0.0033552896
    14.640    0.0325435102
    14.660    0.0354838035
    14.680    0.0361223477
    14.700    0.0207476919
    14.720   -0.0105575007
    14.740   -0.0302321718
    14.760   -0.0283045344
    14.780   -0.0405255184
    14.800   -0.0837286801
    14.820   -0.0959827183
    14.840   -0.0701630119
    14.860   -0.0250111784
    14.880    0.0332165225
    14.900    0.0780077516
    14.920    0.1026149900
    14.940    0.1152190859
    14.960    0.1108799905
    14.980    0.1000457741
    15.000    0.0916064739
    15.020    0.0769124458
    15.040    0.0681771469
    15.060    0.0573384231
    15.080    0.0352703368
    15.100    0.0102243736
    15.120   -0.0037034044
    15.140    0.0032529679
    15.160    0.0125095987
    15.180    0.0220907558
    15.200    0.0225189560
    15.220    0.0117192990
    15.240    0.0051791014
    15.260    0.0204590876
    15.280    0.0576193384
    15.300    0.0446351209
    15.320   -0.0092820547
    15.340   -0.0312930536
    15.360   -0.0318129037
    15.380   -0.0350266589
    15.400   -0.0358530102
    15.420    0.0013147645
    15.440    0.0514832898
    15.460    0.0730645949
    15.480    0.0798707097
    15.500    0.0901955933
    15.520    0.0964398187
    15.540    0.0846184734
    15.560    0.0672215254
    15.580    0.0437937304
    15.600    0.0158344959
    15.620   -0.0204843937
    15.640   -0.0693773301
    15.660   -0.0915791351
    15.680   -0.0633765174
    15.700   -0.0469216099
    15.720   -0.0625065949
    15.740   -0.0740965471
    15.760   -0.0782463329
    15.780   -0.0690557896
    15.800   -0.0341657511
    15.820    0.0037592708
    15.840    0.0266296779
    15.860    0.0314886087
    15.880    0.0067671968
    15.900   -0.0146518282
    15.920   -0.0021874417
    15.940    0.0206393824
    15.960    0.0142239020
    15.980   -0.0017111540
    16.000   -0.0144069100
    16.020   -0.0358049021
    16.040   -0.0631420899
    16.060   -0.0800327099
    16.080   -0.0705311580
    16.100   -0.0505244572
    16.120   -0.0396797089
    16.140   -0.0332161395
    16.160   -0.0398194226
    16.180   -0.0423255354
    16.200   -0.0336127734
    16.220   -0.0290753536
    16.240   -0.0179947196
    16.260   -0.0183177478
    16.280   -0.0333017501
    16.300   -0.0511509228
    16.320   -0.0579194910
    16.340   -0.0526834141
    16.360   -0.0491856945
    16.380   -0.0457525806
    16.400   -0.0216411382
    16.420    0.0091817657
    16.440    0.0175339367
    16.460    0.0216416537
    16.480    0.0355063256
    16.500    0.0444519685
    16.520    0.0389139125
    16.540    0.0318719119
    16.560    0.0301576087
    16.580    0.0302402585
    16.600    0.0487475221
    16.620    0.0764663487
    16.640    0.0778095599
    16.660    0.0565783567
    16.680    0.0414396014
    16.700    0.0349835590
    16.720    0.0171869723
    16.740    0.0058689647
    16.760    0.0164192315
    16.780    0.0270130696
    16.800    0.0368721915
    16.820    0.0440929991
    16.840    0.0440344181
    16.860    0.0285245559
    16.880    0.0015900309
    16.900   -0.0199356582
    16.920   -0.0324571336
    16.940   -0.0260716772
    16.960    0.0035222288
    16.980    0.0364981534
    17.000    0.0382815844
    17.020    0.0209011782
    17.040    0.0302855237
    17.060    0.0477531019
    17.080    0.0587706328
    17.100    0.0630842011
    17.120    0.0546268715
    17.140    0.0442569290
    17.160    0.0352001338
    17.180    0.0284225509
    17.200    0.0309346735
    17.220    0.0406495742
    17.240    0.0416667523
    17.260    0.0375830745
    17.280    0.0433510211
    17.300    0.0496403203
    17.320    0.0289349623
    17.340   -0.0111415484
    17.360   -0.0361153657
    17.380   -0.0367028116
    17.400   -0.0222777233
    17.420   -0.0121556596
    17.440   -0.0022379286
    17.460    0.0215039138
    17.480    0.0434082323
    17.500    0.0411335274
    17.520    0.0249926481
    17.540    0.0173481476
    17.560    0.0133245946
    17.580    0.0090651397
    17.600    0.0085588250
    17.620    0.0067303483
    17.640   -0.0127339671
    17.660   -0.0365268621
    17.680   -0.0479274900
    17.700   -0.0580750689
    17.720   -0.0794009268
    17.740   -0.1043537156
    17.760   -0.1151743804
    17.780   -0.1240944815
    17.800   -0.1314099292
    17.820   -0.1205531465
    17.840   -0.0974693846
    17.860   -0.0770750352
    17.880   -0.0639675868
    17.900   -0.0501074076
    17.920   -0.0372027909
    17.940   -0.0348409140
    17.960   -0.0399252133
    17.980   -0.0307076257
    18.000   -0.0186458873
    18.020   -0.0182176724
    18.040   -0.0170457413
    18.060   -0.0105160491
    18.080   -0.0024553548
    18.100    0.0055061789
    18.120    0.0072144885
    18.140   -0.0007184699
    18.160   -0.0047540548
    18.180    0.0006833523
    18.200   -0.0000032555
    18.220   -0.0112491302
    18.240   -0.0273629653
    18.260   -0.0405379947
    18.280   -0.0358938711
    18.300   -0.0177982807
    18.320   -0.0011059670
    18.340   -0.0020389783
    18.360   -0.0112895890
    18.380   -0.0121910469
    18.400   -0.0003336421
    18.420    0.0218366343
    18.440    0.0432000684
    18.460    0.0529194766
    18.480    0.0595889120
    18.500    0.0654154544
    18.520    0.0708919244
    18.540    0.0692572661
    18.560    0.0553565500
    18.580    0.0426983657
    18.600    0.0351725740
    18.620    0.0309071284
    18.640    0.0393268967
    18.660    0.0629891045
    18.680    0.0730465801
    18.700    0.0516681215
    18.720    0.0136469762
    18.740   -0.0077840508
    18.760   -0.0079763490
    18.780   -0.0102044763
    18.800   -0.0136330652
    18.820   -0.0193664332
    18.840   -0.0311441631
    18.860   -0.0385557680
    18.880   -0.0384851378
    18.900   -0.0334068189
    18.920   -0.0218604085
    18.940   -0.0064527061
    18.960    0.0061243765
    18.980    0.0182807756
    19.000    0.0244588929
    19.020    0.0218927113
    19.040    0.0062611678
    19.060   -0.0129702623
    19.080   -0.0009776345
    19.100    0.0217365147
    19.120    0.0200793343
    19.140   -0.0020878995
    19.160   -0.0240087303
    19.180   -0.0334486373
    19.200   -0.0370410117
    19.220   -0.0393472535
    19.240   -0.0463276533
    19.260   -0.0559628944
    19.280   -0.0559643674
    19.300   -0.0466912037
    19.320   -0.0369838005
    19.340   -0.0207437295
    19.360   -0.0116688739
    19.380   -0.0096285198
    19.400   -0.0101333276
    19.420   -0.0036802578
    19.440    0.0144814569
    19.460    0.0278007547
    19.480    0.0356901704
    19.500    0.0433572224
    19.520    0.0493114737
    19.540    0.0363137489
    19.560    0.0209466349
    19.580    0.0289607545
    19.600    0.0453180318
    19.620    0.0399197190
    19.640    0.0233942107
    19.660    0.0141195622
    19.680    0.0079865495
    19.700    0.0024830677
    19.720    0.0081503542
    19.740    0.0128590716
    19.760    0.0092306545
    19.780    0.0052747048
    19.800    0.0010332861
    19.820    0.0029910057
    19.840    0.0086462710
    19.860    0.0229526799
    19.880    0.0368714550
    19.900    0.0404788834
    19.920    0.0413668501
    19.940    0.0447458903
    19.960    0.0413007714
    19.980    0.0424681952
    20.000    0.0557589580
    20.020    0.0515520935
    20.040    0.0349469550
    20.060    0.0183312994
    20.080    0.0027613625
    20.100   -0.0095497513
    20.120   -0.0169688656
    20.140   -0.0170544762
    20.160   -0.0223806710
    20.180   -0.0330646417
    20.200   -0.0430394234
    20.220   -0.0483010126
    20.240   -0.0446184761
    20.260   -0.0297230893
    20.280   -0.0211635779
    20.300   -0.0233902042
    20.320   -0.0258016180
    20.340   -0.0208239784
    20.360   -0.0106102531
    20.380   -0.0062080368
    20.400   -0.0100122399
    20.420   -0.0069967913
    20.440    0.0080037556
    20.460    0.0133044411
    20.480    0.0115856452
    20.500    0.0089022778
    20.520    0.0069160475
    20.540    0.0094371878
    20.560    0.0112671980
    20.580    0.0129289329
    20.600    0.0082788466
    20.620    0.0059365341
    20.640    0.0021924307
    20.660   -0.0090910026
    20.680   -0.0105618902
    20.700   -0.0090579132
    20.720   -0.0161389644
    20.740   -0.0239442131
    20.760   -0.0215432723
    20.780   -0.0170749508
    20.800   -0.0166016622
    20.820   -0.0173002752
    20.840   -0.0164183183
    20.860   -0.0112829134
    20.880   -0.0097188381
    20.900   -0.0099336718
    20.920   -0.0100283089
    20.940   -0.0066372475
    20.960    0.0056062911
    20.980    0.0173780641
    21.000    0.0159492424
    21.020    0.0076797331
    21.040   -0.0013379962
    21.060   -0.0194035233
    21.080   -0.0377409798
    21.100   -0.0489087269
    21.120   -0.0523899047
    21.140   -0.0423189217
    21.160   -0.0286600716
    21.180   -0.0243164541
    21.200   -0.0288944254
    21.220   -0.0338254741
    21.240   -0.0364352122
    21.260   -0.0328638575
    21.280   -0.0225614961
    21.300   -0.0113771925
    21.320   -0.0013242370
    21.340    0.0043806089
    21.360    0.0035197158
    21.380    0.0022621771
    21.400    0.0063819300
    21.420    0.0071962793
    21.440    0.0067665929
    21.460    0.0107255814
    21.480    0.0197974321
    21.500    0.0275080702
    21.520    0.0282172298
    21.540    0.0370411737
    21.560    0.0447382749
    21.580    0.0409971721
    21.600    0.0296446375
    21.620    0.0181628769
    21.640    0.0113011697
    21.660    0.0052703241
    21.680    0.0029851034
    21.700    0.0020460826
    21.720    0.0053680309
    21.740    0.0147208425
    21.760    0.0153624152
    21.780    0.0002311791
    21.800   -0.0118155034
    21.820   -0.0140977206
    21.840   -0.0158330377
    21.860   -0.0187733310
    21.880   -0.0179980633
    21.900   -0.0140781268
    21.920   -0.0087639207
    21.940   -0.0057710119
    21.960   -0.0048184381
    21.980    0.0057994378
    22.000    0.0170979296
    22.020    0.0206106885
    22.040    0.0245336180
    22.060    0.0339149734
    22.080    0.0446635792
    22.100    0.0447807709
    22.120    0.0362528405
    22.140    0.0338203923
    22.160    0.0341764745
    22.180    0.0407512405
    22.200    0.0521999765
    22.220    0.0612943626
    22.240    0.0670457822
    22.260    0.0656860734
    22.280    0.0601375150
    22.300    0.0540150180
    22.320    0.0515690330
    22.340    0.0498231928
    22.360    0.0403412023
    22.380    0.0232748096
    22.400    0.0025153764
    22.420   -0.0147643637
    22.440   -0.0238932768
    22.460   -0.0321342380
    22.480   -0.0346673802
    22.500   -0.0361698076
    22.520   -0.0407853551
    22.540   -0.0443010747
    22.560   -0.0456998620
    22.580   -0.0389297620
    22.600   -0.0327576692
    22.620   -0.0338003595
    22.640   -0.0343397268
    22.660   -0.0307909090
    22.680   -0.0280789596
    22.700   -0.0344989430
    22.720   -0.0356618299
    22.740   -0.0215267158
    22.760   -0.0056367099
    22.780   -0.0021690263
    22.800   -0.0045699391
    22.820   -0.0036444124
    22.840   -0.0060408178
    22.860   -0.0121843536
    22.880   -0.0147580445
    22.900   -0.0073584357
    22.920    0.0052622152
    22.940    0.0144752939
    22.960    0.0184748429
    22.980    0.0290641736
    23.000    0.0441743970
    23.020    0.0518474441
    23.040    0.0536308899
    23.060    0.0516671788
    23.080    0.0444448834
    23.100    0.0351807344
    23.120    0.0223287479
    23.140    0.0098884110
    23.160   -0.0071178849
    23.180   -0.0275482830
    23.200   -0.0343994715
    23.220   -0.0291588873
    23.240   -0.0271636246
    23.260   -0.0321697961
    23.280   -0.0361467847
    23.300   -0.0374494001
    23.320   -0.0436304928
    23.340   -0.0517046960
    23.360   -0.0583079792
    23.380   -0.0667292351
    23.400   -0.0687470347
    23.420   -0.0638610303
    23.440   -0.0553480950
    23.460   -0.0486110637
    23.480   -0.0418394759
    23.500   -0.0332679595
    23.520   -0.0337712678
    23.540   -0.0392912943
    23.560   -0.0375844886
    23.580   -0.0284540435
    23.600   -0.0212813145
    23.620   -0.0192604953
    23.640   -0.0212722850
    23.660   -0.0231879028
    23.680   -0.0133167450
    23.700    0.0030976065
    23.720    0.0182994679
    23.740    0.0306421657
    23.760    0.0365948998
    23.780    0.0381980360
    23.800    0.0374813788
    23.820    0.0341639541
    23.840    0.0219805461
    23.860    0.0046647441
    23.880    0.0015636820
    23.900    0.0102599111
    23.920    0.0115640525
    23.940    0.0057345287
    23.960    0.0051500818
    23.980    0.0120719109
    24.000    0.0164080073
    24.020    0.0159001916
    24.040    0.0123318610
    24.060    0.0043883775
    24.080    0.0034538581
    24.100    0.0146306435
    24.120    0.0300368376
    24.140    0.0290797874
    24.160    0.0156373206
    24.180    0.0139560728
    24.200    0.0094622303
    24.220   -0.0020285524
    24.240   -0.0085627300
    24.260   -0.0057786700
    24.280   -0.0066786328
    24.300   -0.0108900121
    24.320   -0.0100546387
    24.340   -0.0029945865
    24.360    0.0027057407
    24.380    0.0027718561
    24.400    0.0021393277
    24.420   -0.0011029665
    24.440   -0.0003457217
    24.460   -0.0034197421
    24.480   -0.0052422149
    24.500   -0.0042836415
    24.520   -0.0061271502
    24.540   -0.0095797887
    24.560   -0.0106164780
    24.580   -0.0021366056
    24.600    0.0003965424
    24.620   -0.0010413028
    24.640   -0.0010608288
    24.660    0.0020402480
    24.680    0.0117581434
    24.700    0.0191787734
    24.720    0.0217014132
    24.740    0.0187250609
    24.760    0.0172601655
    24.780    0.0181631420
    24.800    0.0256363625
    24.820    0.0276812210
    24.840    0.0207008211
    24.860    0.0120271303
    24.880    0.0113540355
    24.900    0.0194793237
    24.920    0.0271508832
    24.940    0.0317558987
    24.960    0.0362722988
    24.980    0.0424759431
    25.000    0.0431866199
    25.020    0.0434134762
    25.040    0.0398947370
    25.060    0.0323434035
    25.080    0.0276437185
    25.100    0.0242015898
    25.120    0.0199240951
    25.140    0.0118964770
    25.160    0.0004086954
    25.180   -0.0082514621
    25.200   -0.0113705596
    25.220   -0.0081688196
    25.240   -0.0051413676
    25.260   -0.0073214281
    25.280   -0.0070299485
    25.300   -0.0016661760
    25.320    0.0064861578
    25.340    0.0077497270
    25.360    0.0028562294
    25.380   -0.0027614553
    25.400   -0.0062892225
    25.420   -0.0071260881
    25.440   -0.0139848022
    25.460   -0.0218351319
    25.480   -0.0191111776
    25.500   -0.0139171842
    25.520   -0.0144580687
    25.540   -0.0119805129
    25.560   -0.0081312170
    25.580   -0.0099311573
    25.600   -0.0189684295
    25.620   -0.0229664672
    25.640   -0.0181751322
    25.660   -0.0167297687
    25.680   -0.0186829627
    25.700   -0.0194251763
    25.720   -0.0170047183
    25.740   -0.0184485794
    25.760   -0.0221235889
    25.780   -0.0227065421
    25.800   -0.0187806076
    25.820   -0.0192103103
    25.840   -0.0250338478
    25.860   -0.0280582935
    25.880   -0.0272559668
    25.900   -0.0214955472
    25.920   -0.0149628795
    25.940   -0.0101444944
    25.960   -0.0099702080
    25.980   -0.0092745704
    26.000   -0.0114245877
    26.020   -0.0131689416
    26.040   -0.0073439149
    26.060   -0.0018644562
    26.080    0.0034016551
    26.100    0.0057770365
    26.120    0.0080938250
    26.140    0.0092131553
    26.160    0.0094355160
    26.180    0.0071217324
    26.200    0.0006190981
    26.220   -0.0021153753
    26.240   -0.0039453678
    26.260   -0.0075963394
    26.280   -0.0095104724
    26.300   -0.0095855952
    26.320   -0.0055064278
    26.340    0.0041543669
    26.360    0.0124208830
    26.380    0.0116471148
    26.400    0.0027375442
    26.420   -0.0031941585
    26.440   -0.0028591121
    26.460   -0.0030784737
    26.480   -0.0021078881
    26.500   -0.0006910749
    26.520   -0.0010261256
    26.540    0.0001097289
    26.560    0.0040581831
    26.580    0.0107290871
    26.600    0.0144536762
    26.620    0.0176959811
    26.640    0.0195109342
    26.660    0.0208045496
    26.680    0.0230071513
    26.700    0.0200232720
    26.720    0.0116846261
    26.740    0.0042174111
    26.760   -0.0015685546
    26.780   -0.0048799740
    26.800   -0.0022852339
    26.820   -0.0002629316
    26.840   -0.0004943143
    26.860   -0.0023152963
    26.880   -0.0041753438
    26.900   -0.0044277610
    26.920   -0.0025977729
    26.940    0.0072388077
    26.960    0.0156435514
    26.980    0.0217525262
    27.000    0.0212927744
    27.020    0.0192569454
    27.040    0.0209336725
    27.060    0.0170948952
    27.080    0.0147931313
    27.100    0.0113074181
    27.120    0.0126476023
    27.140    0.0184185303
    27.160    0.0200366616
    27.180    0.0159364568
    27.200    0.0071561004
    27.220   -0.0017579835
    27.240   -0.0076416105
    27.260   -0.0072494766
    27.280   -0.0047133353
    27.300   -0.0039020160
    27.320   -0.0078174259
    27.340   -0.0159682588
    27.360   -0.0199092031
    27.380   -0.0171762488
    27.400   -0.0112325383
    27.420   -0.0041830181
    27.440    0.0017381570
    27.460    0.0040729676
    27.480    0.0070913960
    27.500    0.0110097962
    27.520    0.0091227015
    27.540    0.0052794095
    27.560   -0.0001084093
    27.580    0.0008095836
    27.600    0.0021362447
    27.620   -0.0056179440
    27.640   -0.0111019189
    27.660   -0.0145560760
    27.680   -0.0160134651
    27.700   -0.0184985434
    27.720   -0.0191205753
    27.740   -0.0182761946
    27.760   -0.0208724547
    27.780   -0.0279805781
    27.800   -0.0299773433
    27.820   -0.0259552958
    27.840   -0.0226679201
    27.860   -0.0203571562
    27.880   -0.0137974399
    27.900   -0.0108165729
    27.920   -0.0138139861
    27.940   -0.0151001039
    27.960   -0.0168730030
    27.980   -0.0195609130
    28.000   -0.0224200884
    28.020   -0.0216478403
    28.040   -0.0168685398
    28.060   -0.0108962870
    28.080   -0.0055144983
    28.100   -0.0012715709
    28.120    0.0002263674
    28.140    0.0041612914
    28.160    0.0051859552
    28.180    0.0069107639
    28.200    0.0133367601
    28.220    0.0197417087
    28.240    0.0241934883
    28.260    0.0256313248
    28.280    0.0278985322
    28.300    0.0313827149
    28.320    0.0302768772
    28.340    0.0241979368
    28.360    0.0151125654
    28.380    0.0058363850
    28.400   -0.0000171992
    28.420    0.0003959635
    28.440    0.0034459378
    28.460    0.0011351461
    28.480   -0.0005956975
    28.500   -0.0003643325
    28.520   -0.0005671776
    28.540   -0.0004304677
    28.560   -0.0004905797
    28.580   -0.0011411574
    28.600   -0.0039222196
    28.620   -0.0064673948
    28.640   -0.0101754730
    28.660   -0.0142125893
    28.680   -0.0180077998
    28.700   -0.0186854226
    28.720   -0.0137649014
    28.740   -0.0073103600
    28.760   -0.0004787041
    28.780    0.0061486176
    28.800    0.0122590949
    28.820    0.0198930591
    28.840    0.0301262780
    28.860    0.0376640894
    28.880    0.0332874178
    28.900    0.0191703184
    28.920    0.0080911853
    28.940    0.0034996610
    28.960    0.0035236841
    28.980    0.0076358923
    29.000    0.0119043560
    29.020    0.0089580219
    29.040    0.0010550815
    29.060   -0.0036791766
    29.080   -0.0005135172
    29.100    0.0067222984
    29.120    0.0088332326
    29.140    0.0085582653
    29.160    0.0091051419
    29.180    0.0086558896
    29.200    0.0098368031
    29.220    0.0126508871
    29.240    0.0126839249
    29.260    0.0091050535
    29.280    0.0075710259
    29.300    0.0094205312
    29.320    0.0067912140
    29.340    0.0007017374
    29.360   -0.0021860040
    29.380   -0.0012740314
    29.400    0.0044683391
    29.420    0.0112038341
    29.440    0.0163001397
    29.460    0.0148457468
    29.480    0.0090011734
    29.500    0.0050782394
    29.520    0.0031746074
    29.540    0.0030784295
    29.560    0.0003334201
    29.580   -0.0038539462
    29.600   -0.0077032613
    29.620   -0.0088331309
    29.640   -0.0105639819
    29.660   -0.0127696092
    29.680   -0.0124526114
    29.700   -0.0130896767
    29.720   -0.0170411603
    29.740   -0.0216071414
    29.760   -0.0243296227
    29.780   -0.0253017270
    29.800   -0.0239856043
    29.820   -0.0178916540
    29.840   -0.0117766811
    29.860   -0.0090272071
    29.880   -0.0085013693
    29.900   -0.0082850406
    29.920   -0.0061801206
    29.940   -0.0080852595
    29.960   -0.0118684694
    29.980   -0.0114493075
    30.000   -0.0083377429
    30.020   -0.0087794888
    30.040   -0.0087975419
    30.060   -0.0114433920
    30.080   -0.0131396893
    30.100   -0.0153919046
    30.120   -0.0153243087
    30.140   -0.0100341846
    30.160   -0.0052999681
    30.180   -0.0016279886
    30.200   -0.0054502639
    30.220   -0.0085198098
    30.240   -0.0083650818
    30.260   -0.0088038242
    30.280   -0.0128785152
    30.300   -0.0137995463
    30.320   -0.0105076883
    30.340   -0.0078663957
    30.360   -0.0040396646
    30.380    0.0028520785
    30.400    0.0101825375
    30.420    0.0105866719
    30.440    0.0049569395
    30.460   -0.0009282125
    30.480   -0.0004083902
    30.500    0.0016965227
    30.520    0.0010880010
    30.540    0.0004614484
    30.560    0.0013148158
    30.580    0.0023469746
    30.600    0.0077062088
    30.620    0.0157713633
    30.640    0.0207594906
    30.660    0.0233061403
    30.680    0.0259233906
    30.700    0.0299078620
    30.720    0.0338262401
    30.740    0.0327699982
    30.760    0.0220709587
    30.780    0.0116243511
    30.800    0.0035726539
    30.820    0.0046904508
    30.840    0.0109211085
    30.860    0.0127600862
    30.880    0.0120238500
    30.900    0.0151399042
    30.920    0.0182604924
    30.940    0.0180741583
    30.960    0.0191679027
    30.980    0.0217716310
    31.000    0.0238074306
    31.020    0.0193375772
    31.040    0.0152508651
    31.060    0.0107569857
    31.080    0.0069121662
    31.100    0.0047756387
    31.120    0.0019780301
    31.140    0.0025339053
    31.160    0.0002636595
    31.180   -0.0039447565
    31.200   -0.0079323108
    31.220   -0.0092244591
    31.240   -0.0119634748
    31.260   -0.0174970528
    31.280   -0.0240357893
    31.300   -0.0267732951
    31.320   -0.0233582402
    31.340   -0.0159256303
    31.360   -0.0093028358
    31.380   -0.0082691838
    31.400   -0.0063971593
    31.420   -0.0046543462
    31.440   -0.0015262693
    31.460   -0.0024367950
    31.480    0.0003562344
    31.500    0.0049341817
    31.520    0.0086211726
    31.540    0.0135717296
    31.560    0.0144611473
    31.580    0.0167358228
    31.600    0.0180023497
    31.620    0.0154256067
    31.640    0.0113749403
    31.660    0.0045221963
    31.680   -0.0026535774
    31.700   -0.0102455317
    31.720   -0.0112792618
    31.740   -0.0088152753
    31.760   -0.0082879542
    31.780   -0.0099452053
    31.800   -0.0144225695
    31.820   -0.0161354145
    31.840   -0.0163307633
    31.860   -0.0137435857
    31.880   -0.0101797992
    31.900   -0.0085331507
    31.920   -0.0087089809
    31.940   -0.0099635751
    31.960   -0.0135139233
    31.980   -0.0141119483
    32.000   -0.0143298473
    32.020   -0.0130873596
    32.040   -0.0091344413
    32.060   -0.0059177254
    32.080   -0.0040667456
    32.100   -0.0028633234
    32.120   -0.0044604792
    32.140   -0.0092969350
    32.160   -0.0135098697
    32.180   -0.0151746375
    32.200   -0.0150710122
    32.220   -0.0120060532
    32.240   -0.0079134079
    32.260   -0.0043631509
    32.280   -0.0050092545
    32.300   -0.0057154593
    32.320   -0.0066785813
    32.340   -0.0100561544
    32.360   -0.0122167374
    32.380   -0.0132039002
    32.400   -0.0108991829
    32.420   -0.0087807688
    32.440   -0.0061289826
    32.460   -0.0064535648
    32.480   -0.0050398045
    32.500   -0.0040587517
    32.520   -0.0058797810
    32.540   -0.0065544356
    32.560   -0.0088171887
    32.580   -0.0110423803
    32.600   -0.0133111447
    32.620   -0.0106353221
    32.640   -0.0014989364
    32.660    0.0044372162
    32.680    0.0030218473
    32.700   -0.0024711895
    32.720   -0.0091571770
    32.740   -0.0129975142
    32.760   -0.0161091509
    32.780   -0.0199419773
    32.800   -0.0197767660
    32.820   -0.0184937267
    32.840   -0.0184907807
    32.860   -0.0164204541
    32.880   -0.0093349221
    32.900   -0.0041635230
    32.920   -0.0018963760
    32.940   -0.0021533536
    32.960   -0.0037385060
    32.980   -0.0006615343
    33.000    0.0054624191
    33.020    0.0128243988
    33.040    0.0186974422
    33.060    0.0171934093
    33.080    0.0122773174
    33.100    0.0113081723
    33.120    0.0128000501
    33.140    0.0154848654
    33.160    0.0131364738
    33.180    0.0107204598
    33.200    0.0126089862
    33.220    0.0176211086
    33.240    0.0220758343
    33.260    0.0257177161
    33.280    0.0294813116
    33.300    0.0347398369
    33.320    0.0396212604
    33.340    0.0422429739
    33.360    0.0452057599
    33.380    0.0431578376
    33.400    0.0377849782
    33.420    0.0339596641
    33.440    0.0301478574
    33.460    0.0275260113
    33.480    0.0256628911
    33.500    0.0237456973
    33.520    0.0226037564
    33.540    0.0203559926
    33.560    0.0196903453
    33.580    0.0170729918
    33.600    0.0153150583
    33.620    0.0133227136
    33.640    0.0106197215
    33.660    0.0105069622
    33.680    0.0116833122
    33.700    0.0126928881
    33.720    0.0137009630
    33.740    0.0148127074
    33.760    0.0158628364
    33.780    0.0156073598
    33.800    0.0133460783
    33.820    0.0109240398
    33.840    0.0076380885
    33.860    0.0053362466
    33.880    0.0043310234
    33.900    0.0045007229
    33.920    0.0042572439
    33.940    0.0046613253
    33.960    0.0023880270
    33.980   -0.0018715192
    34.000   -0.0055120546
    34.020   -0.0081279130
    34.040   -0.0099459698
    34.060   -0.0130801788
    34.080   -0.0159725010
    34.100   -0.0190270695
    34.120   -0.0200443064
    34.140   -0.0212358431
    34.160   -0.0232852826
    34.180   -0.0265051360
    34.200   -0.0316601539
    34.220   -0.0362848045
    34.240   -0.0387789713
    34.260   -0.0387850695
    34.280   -0.0362956016
    34.300   -0.0351853743
    34.320   -0.0332968597
    34.340   -0.0298803612
    34.360   -0.0242822953
    34.380   -0.0223081701
    34.400   -0.0252155125
    34.420   -0.0282580760
    34.440   -0.0317814405
    34.460   -0.0333455864
    34.480   -0.0336161171
    34.500   -0.0324052547
    34.520   -0.0288655547
    34.540   -0.0221601928
    34.560   -0.0158559722
    34.580   -0.0097320553
    34.600   -0.0069886663
    34.620   -0.0069016225
    34.640   -0.0065200986
    34.660   -0.0091990794
    34.680   -0.0095823060
    34.700   -0.0064212384
    34.720   -0.0016931083
    34.740    0.0007978619
    34.760    0.0008383251
    34.780   -0.0003021435
    34.800   -0.0033913000
    34.820   -0.0062085112
    34.840   -0.0076059021
    34.860   -0.0082685916
    34.880   -0.0089057394
    34.900   -0.0071990559
    34.920   -0.0025761052
    34.940    0.0026598465
    34.960    0.0047150985
    34.980    0.0077634730
    35.000    0.0122076284
    35.020    0.0147797270
    35.040    0.0171985795
    35.060    0.0200876714
    35.080    0.0233554120
    35.100    0.0230442856
    35.120    0.0197177430
    35.140    0.0176757716
    35.160    0.0182495922
    35.180    0.0178648454
    35.200    0.0188894032
    35.220    0.0189704327
    35.240    0.0164086112
    35.260    0.0158676089
    35.280    0.0177245278
    35.300    0.0223023960
    35.320    0.0238828480
    35.340    0.0244115950
    35.360    0.0225529380
    35.380    0.0184480933
    35.400    0.0148315471
    35.420    0.0116086593
    35.440    0.0082640622
    35.460    0.0053221249
    35.480    0.0044460630
    35.500    0.0049177063
    35.520    0.0038703627
    35.540    0.0018704616
    35.560    0.0025148845
    35.580    0.0045941522
    35.600    0.0041703268
    35.620    0.0030914287
    35.640    0.0044555240
    35.660    0.0070170775
    35.680    0.0086320816
    35.700    0.0077079336
    35.720    0.0089954007
    35.740    0.0120572678
    35.760    0.0124612918
    35.780    0.0126324304
    35.800    0.0122025849
    35.820    0.0097218857
    35.840    0.0079924150
    35.860    0.0053269137
    35.880    0.0048459816
    35.900    0.0048788899
    35.920    0.0031208680
    35.940    0.0034993399
    35.960    0.0048423875
    35.980    0.0079598367
    36.000    0.0096475495
    36.020    0.0084879842
    36.040    0.0085984251
    36.060    0.0078308346
    36.080    0.0060933095
    36.100    0.0017328984
    36.120   -0.0025985050
    36.140   -0.0059222313
    36.160   -0.0103157907
    36.180   -0.0123584692
    36.200   -0.0135885527
    36.220   -0.0154054414
    36.240   -0.0153836116
    36.260   -0.0172205860
    36.280   -0.0231486032
    36.300   -0.0273451273
    36.320   -0.0289740851
    36.340   -0.0294142902
    36.360   -0.0290409592
    36.380   -0.0262763207
    36.400   -0.0192030631
    36.420   -0.0108792931
    36.440   -0.0039527077
    36.460   -0.0036538027
    36.480   -0.0044286713
    36.500   -0.0037008635
    36.520   -0.0051408064
    36.540   -0.0055540233
    36.560   -0.0037137655
    36.580   -0.0015853291
    36.600   -0.0015606933
    36.620    0.0001264010
    36.640    0.0037649242
    36.660    0.0040210356
    36.680    0.0015230994
    36.700   -0.0013548153
    36.720   -0.0057072577
    36.740   -0.0115589103
    36.760   -0.0144521576
    36.780   -0.0146117244
    36.800   -0.0129666137
    36.820   -0.0121497691
    36.840   -0.0119774388
    36.860   -0.0113074668
    36.880   -0.0104532272
    36.900   -0.0090652753
    36.920   -0.0095799713
    36.940   -0.0077366512
    36.960   -0.0084374192
    36.980   -0.0077131495
    37.000   -0.0050572389
    37.020   -0.0017186059
    37.040    0.0025635140
    37.060    0.0055465905
    37.080    0.0084898475
    37.100    0.0089393782
    37.120    0.0088719282
    37.140    0.0085645830
    37.160    0.0077646720
    37.180    0.0057892005
    37.200    0.0068961812
    37.220    0.0078633157
    37.240    0.0089991480
    37.260    0.0097546260
    37.280    0.0076417946
    37.300    0.0072106838
    37.320    0.0059659631
    37.340    0.0062542124
    37.360    0.0064542159
    37.380    0.0062527703
    37.400    0.0062904437
    37.420    0.0064311988
    37.440    0.0074921366
    37.460    0.0083862561
    37.480    0.0085831678
    37.500    0.0079096959
    37.520    0.0063568714
    37.540    0.0045720175
    37.560    0.0031927606
    37.580    0.0026001297
    37.600    0.0021073077
    37.620    0.0019599093
    37.640    0.0019075855
    37.660    0.0012020405
    37.680    0.0016880029
    37.700    0.0023278801
    37.720    0.0027240176
    37.740    0.0027169561
    37.760    0.0019158579
    37.780    0.0014595563
    37.800    0.0011468837
    37.820    0.0011251947
    37.840    0.0004268175
    37.860   -0.0004009367
    37.880   -0.0011778549
    37.900   -0.0015490080
    37.920   -0.0014640949
    37.940   -0.0014331669
    37.960   -0.0016946417
    37.980   -0.0024256194
    38.000   -0.0018591490
    38.020   -0.0012717686
    38.040   -0.0010757114
    38.060   -0.0011700430
    38.080   -0.0008275802
    38.100   -0.0002856246
    38.120   -0.0008660462
    38.140   -0.0011540474
    38.160   -0.0015935190
    38.180   -0.0018083792
    38.200   -0.0015169968
    38.220   -0.0013951621
    38.240   -0.0012521643
    38.260   -0.0013194069
    38.280   -0.0012815284
    38.300   -0.0010826648
    38.320   -0.0006761714
    38.340   -0.0001308042
    38.360    0.0002404852
    38.380    0.0004360831
    38.400    0.0004062151
    38.420    0.0006735021
    38.440    0.0004174121
    38.460   -0.0000806580
    38.480   -0.0004697396
    38.500   -0.0006694129
    38.520   -0.0005992269
    38.540   -0.0003583779
    38.560   -0.0003026265
    38.580   -0.0003208480
    38.600   -0.0003473772
    38.620   -0.0005773020
    38.640   -0.0005139360
    38.660   -0.0004841110
    38.680   -0.0004519508
    38.700   -0.0004895240
    38.720   -0.0004644074
    38.740   -0.0003641262
    38.760   -0.0003562361
    38.780   -0.0003884448
    38.800   -0.0003616723
    38.820   -0.0003372485
    38.840   -0.0003816045
    38.860   -0.0004138086
    38.880   -0.0003553143
    38.900   -0.0002926135
    38.920   -0.0003059403
    38.940   -0.0003065302
    38.960   -0.0002308432
    38.980   -0.0000314583
    39.000    0.0000914177
    39.020    0.0001216670
    39.040    0.0001261769
    39.060    0.0001338984
    39.080    0.0002018193
    39.100    0.0002228849
    39.120    0.0002392076
    39.140    0.0002917808
    39.160    0.0003181962
    39.180    0.0003229970
    39.200    0.0003214362
    39.220    0.0003149203
    39.240    0.0002888165
    39.260    0.0002532076
    39.280    0.0002244572
    39.300    0.0002026097
    39.320    0.0001759074
    39.340    0.0001587617
    39.360    0.0001370197
    39.380    0.0001126576
    39.400    0.0000913372
    39.420    0.0000769762
    39.440    0.0000661885
    39.460    0.0000556066
    39.480    0.0000470373
    39.500    0.0000409648
    39.520    0.0000350370
    39.540    0.0000269630
    39.560    0.0000181114
    39.580    0.0000104728
    39.600    0.0000032438
    39.620   -0.0000017585
    39.640   -0.0000053300
    39.660   -0.0000087548
    39.680   -0.0000116272
    39.700   -0.0000137573
    39.720   -0.0000151111
    39.740   -0.0000166669
    39.760   -0.0000182211
    39.780   -0.0000196599
    39.800   -0.0000210804
    39.820   -0.0000224994
    39.840   -0.0000237847
    39.860   -0.0000249201
    39.880   -0.0000260174
    39.900   -0.0000271514
    39.920   -0.0000283511
    39.940   -0.0000296298
    39.960   -0.0000309970
    39.980   -0.0000324542
