  -0.0000859838
  -0.0000861041
  -0.0000862232
  -0.0000863401
  -0.0000864436
  -0.0000865489
  -0.0000866478
  -0.0000867452
  -0.0000868381
  -0.0000869266
  -0.0000870053
  -0.0000870802
  -0.0000871421
  -0.0000871888
  -0.0000872221
  -0.0000872419
  -0.0000872825
  -0.0000873978
  -0.0000874824
  -0.0000875297
  -0.0000875265
  -0.0000874506
  -0.0000871508
  -0.0000868377
  -0.0000866827
  -0.0000865778
  -0.0000865677
  -0.0000864545
  -0.0000863196
  -0.0000862619
  -0.0000862949
  -0.0000869636
  -0.0000881226
  -0.0000897982
  -0.0000908119
  -0.0000905470
  -0.0000891947
  -0.0000878036
  -0.0000864225
  -0.0000861018
  -0.0000870470
  -0.0000897931
  -0.0000916440
  -0.0000934276
  -0.0000976033
  -0.0001010392
  -0.0001018378
  -0.0000989612
  -0.0000942474
  -0.0000906595
  -0.0000900230
  -0.0000915091
  -0.0000903755
  -0.0000853189
  -0.0000772636
  -0.0000727833
  -0.0000659915
  -0.0000520878
  -0.0000353380
  -0.0000195550
  -0.0000109353
  -0.0000074459
  -0.0000032846
  -0.0000060733
  -0.0000184501
  -0.0000478395
  -0.0000699104
  -0.0000775509
  -0.0000679237
  -0.0000484310
  -0.0000453715
  -0.0000608447
  -0.0000960416
  -0.0001297836
  -0.0001533729
  -0.0001518537
  -0.0001344913
  -0.0001400465
  -0.0001931520
  -0.0002530708
  -0.0002696596
  -0.0002500089
  -0.0001916484
  -0.0001119049
  -0.0000616887
  -0.0000533538
  -0.0000924834
  -0.0001866345
  -0.0002710670
  -0.0002881714
  -0.0002702431
  -0.0002321849
  -0.0001994273
  -0.0001683223
  -0.0000323594
   0.0001595420
   0.0002544510
   0.0002616566
   0.0002617295
   0.0002833872
   0.0002564410
   0.0002144333
   0.0002534778
   0.0004159531
   0.0005957252
   0.0006562561
   0.0005846623
   0.0004356827
   0.0002373250
   0.0000489955
  -0.0001623894
  -0.0004411949
  -0.0007049820
  -0.0008992070
  -0.0009541460
  -0.0010277174
  -0.0011125758
  -0.0010263656
  -0.0008264446
  -0.0006084855
  -0.0004105852
  -0.0002647060
  -0.0002977867
  -0.0004177473
  -0.0004952105
  -0.0005437956
  -0.0005834881
  -0.0005580540
  -0.0004370274
  -0.0002715592
   0.0000015661
   0.0004287735
   0.0010627734
   0.0017037958
   0.0022159972
   0.0024865025
   0.0022252960
   0.0015871074
   0.0008719132
   0.0003491089
   0.0001076719
   0.0000584865
   0.0001990912
   0.0005439601
   0.0008841395
   0.0010079397
   0.0008911738
   0.0003978645
  -0.0003889281
  -0.0011782852
  -0.0018188117
  -0.0024317929
  -0.0030278201
  -0.0035234902
  -0.0039110769
  -0.0041256343
  -0.0042858740
  -0.0041049667
  -0.0036229034
  -0.0029443202
  -0.0020379472
  -0.0008069650
   0.0002341936
   0.0010621891
   0.0019017116
   0.0028651203
   0.0037644586
   0.0043054608
   0.0046567860
   0.0051187377
   0.0054878182
   0.0058610347
   0.0057912662
   0.0051541944
   0.0045649997
   0.0044213724
   0.0044959323
   0.0039546646
   0.0026881084
   0.0012316472
   0.0002039538
  -0.0004269289
  -0.0012635821
  -0.0023257401
  -0.0034899397
  -0.0046556328
  -0.0052289576
  -0.0051716137
  -0.0049852139
  -0.0050288202
  -0.0049526445
  -0.0050664175
  -0.0055455645
  -0.0060281671
  -0.0062508616
  -0.0062737692
  -0.0059946539
  -0.0050668842
  -0.0036295534
  -0.0022300625
  -0.0009406688
   0.0009034674
   0.0027381573
   0.0037126093
   0.0040129128
   0.0040296642
   0.0043471236
   0.0055280228
   0.0070523589
   0.0078799769
   0.0077847909
   0.0075259531
   0.0075619678
   0.0075431194
   0.0067048689
   0.0042107291
   0.0007097328
  -0.0026186967
  -0.0046543115
  -0.0057964144
  -0.0066838758
  -0.0073103504
  -0.0074452805
  -0.0066070383
  -0.0051838060
  -0.0038257228
  -0.0027681256
  -0.0022866307
  -0.0022481518
  -0.0023415788
  -0.0023714206
  -0.0017036039
   0.0003469351
   0.0023526863
   0.0028864972
   0.0029604286
   0.0030482200
   0.0030717666
   0.0024939158
   0.0010467131
   0.0006227533
   0.0021584916
   0.0051805971
   0.0087050975
   0.0111280729
   0.0121684084
   0.0119889946
   0.0108582708
   0.0085081586
   0.0057078183
   0.0026834871
  -0.0003315342
  -0.0030675704
  -0.0046740166
  -0.0054424882
  -0.0057980116
  -0.0067506366
  -0.0080852023
  -0.0085997292
  -0.0084984969
  -0.0088574013
  -0.0081813030
  -0.0065783166
  -0.0052506809
  -0.0040835359
  -0.0038061961
  -0.0046759456
  -0.0060187812
  -0.0065677174
  -0.0057093096
  -0.0034995019
  -0.0009824996
   0.0013047090
   0.0032603629
   0.0050739656
   0.0072983241
   0.0096922044
   0.0111265940
   0.0111148829
   0.0105406703
   0.0105960976
   0.0111682091
   0.0127170147
   0.0144032437
   0.0153851235
   0.0153966417
   0.0138248744
   0.0123373412
   0.0121000587
   0.0119382342
   0.0112299067
   0.0088354747
   0.0049500704
  -0.0000986951
  -0.0049070200
  -0.0094301972
  -0.0132241761
  -0.0159212036
  -0.0174778561
  -0.0169197104
  -0.0146522912
  -0.0127089584
  -0.0117342637
  -0.0116354168
  -0.0111390414
  -0.0102652989
  -0.0086238565
  -0.0057562347
  -0.0027936302
  -0.0012518072
  -0.0014763214
  -0.0022623747
  -0.0022665128
  -0.0010551033
   0.0028126736
   0.0080473021
   0.0116023744
   0.0130280482
   0.0135527533
   0.0143210050
   0.0150751458
   0.0153672188
   0.0143648768
   0.0111159532
   0.0066812934
   0.0030376767
  -0.0001155383
  -0.0040533332
  -0.0080355061
  -0.0109339051
  -0.0133721696
  -0.0147870615
  -0.0148404437
  -0.0143450992
  -0.0129637494
  -0.0096609272
  -0.0052994562
  -0.0023840340
  -0.0017230621
  -0.0021547123
  -0.0024346864
  -0.0022680602
  -0.0020389157
  -0.0019604811
  -0.0012845237
   0.0009899423
   0.0033332822
   0.0042630347
   0.0033527985
   0.0003021983
  -0.0038318334
  -0.0069599337
  -0.0081704092
  -0.0074859788
  -0.0053118974
  -0.0028421773
  -0.0000804870
   0.0024451467
   0.0039124003
   0.0051173915
   0.0067332816
   0.0097730969
   0.0133422054
   0.0152811906
   0.0152125608
   0.0134206089
   0.0104394048
   0.0061231020
   0.0007772294
  -0.0040853840
  -0.0066066899
  -0.0068856082
  -0.0043793218
  -0.0004405988
   0.0025745262
   0.0047244803
   0.0061609068
   0.0058131202
   0.0040952179
   0.0012664493
  -0.0016912326
  -0.0031867924
  -0.0022949275
   0.0008067559
   0.0041815117
   0.0052346389
   0.0040743906
   0.0022546089
  -0.0006442602
  -0.0042150933
  -0.0071321085
  -0.0079803754
  -0.0063844538
  -0.0040010670
  -0.0027719588
  -0.0028008174
  -0.0031542106
  -0.0032335951
  -0.0030355444
  -0.0021274384
  -0.0009046232
   0.0009970718
   0.0025870732
   0.0038185107
   0.0050414315
   0.0055763397
   0.0049405311
   0.0043715621
   0.0053162200
   0.0068132345
   0.0078852433
   0.0085561975
   0.0088052035
   0.0076812417
   0.0049592405
   0.0008301384
  -0.0044026920
  -0.0083069841
  -0.0108410859
  -0.0123638725
  -0.0120604639
  -0.0103067149
  -0.0088977179
  -0.0085872217
  -0.0088635742
  -0.0090502208
  -0.0090265519
  -0.0090053450
  -0.0081809006
  -0.0057591386
  -0.0027810356
   0.0003147208
   0.0021005503
   0.0029362495
   0.0047912370
   0.0073889675
   0.0095629701
   0.0104001772
   0.0110489414
   0.0111392861
   0.0097331495
   0.0081166081
   0.0063021342
   0.0035922693
   0.0001349340
  -0.0035829913
  -0.0066456188
  -0.0088577352
  -0.0105536550
  -0.0112176025
  -0.0094602257
  -0.0061330189
  -0.0017442215
   0.0028544858
   0.0057104484
   0.0060730179
   0.0035161413
  -0.0008978693
  -0.0057953504
  -0.0098801266
  -0.0117946256
  -0.0119524489
  -0.0111964910
  -0.0088610332
  -0.0064238785
  -0.0053351307
  -0.0054584182
  -0.0056385621
  -0.0044062182
  -0.0019269341
  -0.0004593962
  -0.0006078670
  -0.0008216743
  -0.0012450504
  -0.0030995943
  -0.0046824027
  -0.0045168197
  -0.0020721810
   0.0018321775
   0.0051628937
   0.0064698079
   0.0062516021
   0.0043442820
   0.0005958594
  -0.0036032855
  -0.0060023824
  -0.0061017376
  -0.0051825220
  -0.0040298468
  -0.0020389908
  -0.0003014396
   0.0003907829
   0.0003707702
   0.0011892438
   0.0027793886
   0.0040455839
   0.0041112889
   0.0023688424
   0.0005192545
  -0.0008429502
  -0.0019171496
  -0.0035730309
  -0.0054155607
  -0.0064923236
  -0.0067207450
  -0.0064987910
  -0.0057376124
  -0.0038209002
  -0.0008143108
   0.0028756241
   0.0061356469
   0.0091908031
   0.0118573770
   0.0132073562
   0.0133794688
   0.0124427468
   0.0092459960
   0.0046519946
   0.0007572461
  -0.0024092523
  -0.0049745566
  -0.0069812837
  -0.0073802122
  -0.0055619156
  -0.0019880519
   0.0012146606
   0.0023314940
   0.0010909176
  -0.0020909985
  -0.0064280767
  -0.0100800420
  -0.0128169195
  -0.0146630750
  -0.0146250110
  -0.0132115918
  -0.0112447644
  -0.0098049942
  -0.0086773258
  -0.0064817181
  -0.0042420146
  -0.0023159664
  -0.0003011083
   0.0007996349
  -0.0002283625
  -0.0021351919
  -0.0028799323
  -0.0016674471
   0.0011289789
   0.0042187647
   0.0067254348
   0.0085323129
   0.0111297717
   0.0140786262
   0.0165117984
   0.0183206180
   0.0195925920
   0.0199321584
   0.0181893758
   0.0142341159
   0.0093856906
   0.0051393637
   0.0010458660
  -0.0028700134
  -0.0059117286
  -0.0071186925
  -0.0064340256
  -0.0051432321
  -0.0039778004
  -0.0034642941
  -0.0034483267
  -0.0041023740
  -0.0064022630
  -0.0092658484
  -0.0117885129
  -0.0123929199
  -0.0108658230
  -0.0076242214
  -0.0032950439
   0.0010886030
   0.0050678882
   0.0076722624
   0.0084544073
   0.0077741709
   0.0063294185
   0.0050438957
   0.0051758202
   0.0063510796
   0.0082039991
   0.0110828321
   0.0135844225
   0.0145746655
   0.0142330062
   0.0120229848
   0.0093179093
   0.0079260266
   0.0074640418
   0.0069237676
   0.0061041789
   0.0044091138
   0.0024144607
   0.0014584246
   0.0006681959
  -0.0013924713
  -0.0033403884
  -0.0040562371
  -0.0038462679
  -0.0034039052
  -0.0027351580
  -0.0012623432
   0.0009272417
   0.0028365272
   0.0043816013
   0.0047096766
   0.0035486235
   0.0023697571
   0.0020178854
   0.0022482431
   0.0036986892
   0.0066926393
   0.0107539313
   0.0137043663
   0.0139953960
   0.0107718152
   0.0056165111
   0.0007671171
  -0.0025130629
  -0.0037094835
  -0.0036794176
  -0.0034685586
  -0.0034399427
  -0.0028181558
  -0.0016093914
  -0.0011635052
  -0.0011056116
  -0.0006788541
   0.0002533894
   0.0013797009
   0.0020346264
   0.0016671984
  -0.0006508652
  -0.0043232950
  -0.0071511353
  -0.0088926858
  -0.0097771333
  -0.0100459792
  -0.0093571722
  -0.0081694924
  -0.0063108252
  -0.0043285718
  -0.0017133287
   0.0008354913
   0.0030205748
   0.0058780309
   0.0092949082
   0.0123602654
   0.0143663744
   0.0159353312
   0.0173233267
   0.0183381824
   0.0180228367
   0.0156554214
   0.0131969146
   0.0119245382
   0.0098268544
   0.0054677377
  -0.0001178938
  -0.0051997090
  -0.0082605714
  -0.0091767420
  -0.0076618436
  -0.0040330639
   0.0006877479
   0.0059763551
   0.0109620212
   0.0144967537
   0.0169377043
   0.0178798316
   0.0162791020
   0.0126266970
   0.0082537617
   0.0044501833
   0.0003190684
  -0.0038865348
  -0.0062597185
  -0.0062262012
  -0.0036530066
  -0.0001982980
   0.0031710823
   0.0057265962
   0.0072064776
   0.0067888562
   0.0046641723
   0.0012783469
  -0.0022503650
  -0.0051591227
  -0.0066901855
  -0.0067868525
  -0.0053182341
  -0.0028323331
  -0.0009976113
  -0.0005078852
  -0.0009563978
  -0.0028494267
  -0.0056307361
  -0.0079350931
  -0.0085719346
  -0.0081024349
  -0.0071117749
  -0.0059474239
  -0.0055548570
  -0.0059064684
  -0.0068653576
  -0.0092397070
  -0.0120029105
  -0.0137861321
  -0.0138689453
  -0.0129140822
  -0.0110869038
  -0.0083988327
  -0.0060720804
  -0.0035927878
  -0.0013198252
  -0.0001747120
  -0.0001065410
  -0.0004413393
  -0.0006704286
  -0.0007643391
  -0.0012510084
  -0.0021173287
  -0.0024050666
  -0.0016978701
  -0.0009684887
  -0.0012453076
  -0.0016010157
  -0.0009107575
   0.0009274027
   0.0013081461
  -0.0010556457
  -0.0051546839
  -0.0094566684
  -0.0123351964
  -0.0129477862
  -0.0108891746
  -0.0077775125
  -0.0041746460
  -0.0001695803
   0.0042106275
   0.0083857153
   0.0111984159
   0.0122608460
   0.0122380877
   0.0115647834
   0.0099380928
   0.0066277453
   0.0012000212
  -0.0053535332
  -0.0116895000
  -0.0167095504
  -0.0195113925
  -0.0200176287
  -0.0194580995
  -0.0205988314
  -0.0233412616
  -0.0269208678
  -0.0311487092
  -0.0358040060
  -0.0401900689
  -0.0427224014
  -0.0421079759
  -0.0389242761
  -0.0335654039
  -0.0268799434
  -0.0191540375
  -0.0110804073
  -0.0038094318
   0.0017434963
   0.0053200490
   0.0066812892
   0.0066655438
   0.0052817963
   0.0027998404
   0.0005423036
  -0.0009562447
  -0.0031962467
  -0.0070683988
  -0.0128869618
  -0.0193958294
  -0.0258246009
  -0.0324471088
  -0.0379467998
  -0.0409587957
  -0.0415648828
  -0.0404321927
  -0.0371488059
  -0.0322942595
  -0.0279063920
  -0.0247933402
  -0.0232508464
  -0.0232915426
  -0.0238559793
  -0.0242073315
  -0.0246764371
  -0.0247699015
  -0.0234603633
  -0.0200612869
  -0.0144605461
  -0.0068910675
   0.0024058154
   0.0121507630
   0.0197800704
   0.0238776342
   0.0246423577
   0.0236344734
   0.0228221050
   0.0224450118
   0.0207346431
   0.0178191089
   0.0157699038
   0.0158495373
   0.0179393929
   0.0216258401
   0.0263071268
   0.0311735791
   0.0352439251
   0.0376150491
   0.0386560587
   0.0385609142
   0.0380713360
   0.0378022474
   0.0374621791
   0.0359638039
   0.0323466958
   0.0236626828
   0.0077055930
  -0.0125588492
  -0.0304574546
  -0.0396037076
  -0.0383425611
  -0.0283431191
  -0.0127678020
   0.0048305518
   0.0209085125
   0.0332578593
   0.0401019353
   0.0419629464
   0.0412340032
   0.0407854946
   0.0411687275
   0.0417355289
   0.0431930212
   0.0437973452
   0.0409847027
   0.0336892970
   0.0244038639
   0.0133716345
  -0.0008973860
  -0.0159964439
  -0.0270750653
  -0.0315625162
  -0.0306430144
  -0.0247131716
  -0.0138451457
  -0.0000117386
   0.0135713258
   0.0236815789
   0.0294465419
   0.0301089649
   0.0265356021
   0.0200884675
   0.0108903548
   0.0005266327
  -0.0076917850
  -0.0111738654
  -0.0111436233
  -0.0091367967
  -0.0052140045
  -0.0002065727
   0.0046173219
   0.0083816540
   0.0113355115
   0.0124987196
   0.0107473830
   0.0076543204
   0.0041877260
   0.0005822772
  -0.0028835103
  -0.0060113617
  -0.0092342331
  -0.0117556116
  -0.0140069121
  -0.0165827139
  -0.0202990112
  -0.0247336649
  -0.0278957098
  -0.0288141537
  -0.0274676530
  -0.0236129637
  -0.0172686212
  -0.0093653467
  -0.0028843628
   0.0001128008
   0.0004588588
  -0.0004974963
  -0.0001545022
   0.0026486008
   0.0071985873
   0.0136782872
   0.0218500425
   0.0308809067
   0.0409218538
   0.0518702515
   0.0597543831
   0.0620732368
   0.0587958652
   0.0511313728
   0.0409594802
   0.0289648251
   0.0167785348
   0.0069532278
   0.0005501622
  -0.0031288553
  -0.0049961928
  -0.0067974144
  -0.0090120551
  -0.0112347168
  -0.0143679425
  -0.0184124126
  -0.0230578609
  -0.0271893134
  -0.0305179596
  -0.0335024928
  -0.0353979566
  -0.0358143771
  -0.0330484252
  -0.0245782850
  -0.0105682450
   0.0077320995
   0.0284667633
   0.0471604028
   0.0601222875
   0.0667609950
   0.0674785715
   0.0639455938
   0.0580552649
   0.0508779239
   0.0426975522
   0.0341842267
   0.0243233219
   0.0100949225
  -0.0089709503
  -0.0306301957
  -0.0527684096
  -0.0723199673
  -0.0855765364
  -0.0912043520
  -0.0917088231
  -0.0896010836
  -0.0850054414
  -0.0771516972
  -0.0655269170
  -0.0515404298
  -0.0395814928
  -0.0311117881
  -0.0270181072
  -0.0253232827
  -0.0239640255
  -0.0215551714
  -0.0156160298
  -0.0037065194
   0.0132131786
   0.0297835198
   0.0414474819
   0.0470250184
   0.0483027173
   0.0492456993
   0.0516601123
   0.0547308085
   0.0579558475
   0.0598436575
   0.0597226682
   0.0578506431
   0.0541603358
   0.0499503534
   0.0466255444
   0.0455296717
   0.0468925795
   0.0499547092
   0.0531602090
   0.0560454285
   0.0569237363
   0.0560627483
   0.0541756643
   0.0517798363
   0.0487123758
   0.0453930220
   0.0425017251
   0.0392176953
   0.0330719469
   0.0237595488
   0.0137604698
   0.0020140165
  -0.0125008851
  -0.0275653695
  -0.0393697149
  -0.0459173227
  -0.0494071358
  -0.0525242531
  -0.0546570078
  -0.0545482357
  -0.0521360836
  -0.0484197656
  -0.0445734562
  -0.0415886119
  -0.0396476811
  -0.0368592862
  -0.0339133336
  -0.0319036009
  -0.0300926408
  -0.0274134743
  -0.0243262673
  -0.0212487261
  -0.0189331186
  -0.0180812488
  -0.0173185415
  -0.0151740654
  -0.0111648447
  -0.0066155904
  -0.0037864308
  -0.0045742404
  -0.0097831091
  -0.0181876376
  -0.0271074439
  -0.0350725945
  -0.0416880707
  -0.0468743471
  -0.0502980756
  -0.0528669351
  -0.0549877422
  -0.0557969370
  -0.0552294926
  -0.0533240517
  -0.0490321791
  -0.0414102704
  -0.0297988482
  -0.0151712009
   0.0004274540
   0.0151812692
   0.0280176324
   0.0372476839
   0.0420616793
   0.0425994001
   0.0390310155
   0.0326605046
   0.0255960634
   0.0200672669
   0.0158785058
   0.0115366071
   0.0062797990
   0.0003814184
  -0.0046735934
  -0.0085075197
  -0.0110733238
  -0.0114645944
  -0.0095596389
  -0.0054896228
  -0.0002351025
   0.0053587623
   0.0100975941
   0.0135957083
   0.0157838612
   0.0168859068
   0.0187215709
   0.0216690875
   0.0257226738
   0.0312784310
   0.0383534922
   0.0457957526
   0.0527144799
   0.0568804888
   0.0554819459
   0.0486086441
   0.0353623008
   0.0152557150
  -0.0105779233
  -0.0377661975
  -0.0601001556
  -0.0728251229
  -0.0746369542
  -0.0665957212
  -0.0531242421
  -0.0391106240
  -0.0279041933
  -0.0224867659
  -0.0212374838
  -0.0206515892
  -0.0197585088
  -0.0164609676
  -0.0080342823
   0.0060070391
   0.0238362328
   0.0417417723
   0.0560804414
   0.0659873732
   0.0719958289
   0.0748587090
   0.0744400692
   0.0706760648
   0.0656256499
   0.0582572525
   0.0451071945
   0.0252421807
   0.0010606718
  -0.0241207950
  -0.0472105989
  -0.0668191769
  -0.0826457463
  -0.0929651160
  -0.0968311098
  -0.0954366738
  -0.0919568376
  -0.0867690678
  -0.0782727717
  -0.0651579962
  -0.0460121975
  -0.0216711410
   0.0054129928
   0.0296160265
   0.0466837055
   0.0567346712
   0.0611390287
   0.0616532901
   0.0608599217
   0.0611576345
   0.0633287830
   0.0664417726
   0.0684777856
   0.0673281491
   0.0632646481
   0.0552802280
   0.0414290836
   0.0221003179
  -0.0021194485
  -0.0286903643
  -0.0529805401
  -0.0712791443
  -0.0814834363
  -0.0856007426
  -0.0862715869
  -0.0859673817
  -0.0861309755
  -0.0860782488
  -0.0852987361
  -0.0825946790
  -0.0766009710
  -0.0684643654
  -0.0607666647
  -0.0543690853
  -0.0477976655
  -0.0390222830
  -0.0269577059
  -0.0124154107
   0.0040904306
   0.0214244955
   0.0368468824
   0.0489757603
   0.0565319576
   0.0583682855
   0.0569979519
   0.0564772604
   0.0578465361
   0.0615455759
   0.0677870080
   0.0751067443
   0.0808377523
   0.0827338177
   0.0812689827
   0.0770074767
   0.0712561412
   0.0668764047
   0.0660522755
   0.0668162938
   0.0681866480
   0.0694304542
   0.0699075248
   0.0685515034
   0.0648328207
   0.0588230790
   0.0508174811
   0.0414533935
   0.0311832243
   0.0208339235
   0.0099029514
  -0.0027093775
  -0.0169914266
  -0.0307568476
  -0.0435410131
  -0.0540728659
  -0.0615885122
  -0.0665768665
  -0.0700080208
  -0.0715589774
  -0.0715783506
  -0.0705012288
  -0.0669806550
  -0.0609183317
  -0.0534329690
  -0.0467820028
  -0.0422898227
  -0.0392913716
  -0.0354133059
  -0.0293188115
  -0.0202632662
  -0.0090596626
   0.0019880539
   0.0104485501
   0.0130607690
   0.0085503068
  -0.0014725461
  -0.0128368756
  -0.0225748165
  -0.0287692468
  -0.0304629306
  -0.0288651173
  -0.0258737600
  -0.0224524790
  -0.0195672035
  -0.0204095713
  -0.0251683177
  -0.0303366313
  -0.0329701234
  -0.0329291576
  -0.0300028685
  -0.0248187286
  -0.0184902892
  -0.0118884737
  -0.0056255651
   0.0015379724
   0.0122080073
   0.0266034291
   0.0439904136
   0.0611669892
   0.0759910673
   0.0871429045
   0.0940052337
   0.0973619027
   0.0992922965
   0.0983061707
   0.0928591234
   0.0832327092
   0.0700636099
   0.0546672752
   0.0375035390
   0.0213250989
   0.0083282594
  -0.0024682432
  -0.0125392955
  -0.0236086908
  -0.0346922447
  -0.0441120666
  -0.0513955040
  -0.0573487855
  -0.0630515012
  -0.0684643654
  -0.0730727018
  -0.0769359368
  -0.0804755935
  -0.0832022389
  -0.0847436956
  -0.0845349668
  -0.0820670182
  -0.0779461857
  -0.0732583445
  -0.0696058295
  -0.0668925421
  -0.0632027326
  -0.0583094606
  -0.0516551549
  -0.0428334551
  -0.0315598819
  -0.0194986298
  -0.0081799734
   0.0029796919
   0.0127696875
   0.0211666492
   0.0287883089
   0.0357404104
   0.0423005257
   0.0480818336
   0.0524417199
   0.0549395788
   0.0574570391
   0.0619907243
   0.0684318209
   0.0751096897
   0.0807968072
   0.0846461657
   0.0866760391
   0.0878923618
   0.0871100696
   0.0838411609
   0.0781617802
   0.0711006162
   0.0628532472
   0.0528384560
   0.0400805916
   0.0248336423
   0.0089353671
  -0.0061535371
  -0.0217946194
  -0.0385722395
  -0.0551203678
  -0.0668373263
  -0.0710550456
  -0.0694972026
  -0.0635795769
  -0.0550034440
  -0.0471825347
  -0.0414957490
  -0.0396464781
  -0.0416459433
  -0.0461852912
  -0.0493569397
  -0.0494524990
  -0.0464208189
  -0.0383528492
  -0.0249157814
  -0.0092433763
   0.0050722088
   0.0165147687
   0.0243393763
   0.0274213149
   0.0279783674
   0.0277114153
   0.0271509195
   0.0274723614
   0.0281170083
   0.0286212927
   0.0282056812
   0.0250531985
   0.0178014552
   0.0075200001
  -0.0054610213
  -0.0202709366
  -0.0357907517
  -0.0507026730
  -0.0644894128
  -0.0779686495
  -0.0911186868
  -0.1009593472
  -0.1060374737
  -0.1045020945
  -0.0954349522
  -0.0774307213
  -0.0511867752
  -0.0191101263
   0.0112953214
   0.0314737395
   0.0395513543
   0.0398982262
   0.0364919211
   0.0326168423
   0.0306091216
   0.0288212061
   0.0276357270
   0.0307518072
   0.0358266357
   0.0407016131
   0.0459830340
   0.0514455550
   0.0546581694
   0.0540639260
   0.0498139319
   0.0432065866
   0.0331249640
   0.0214767451
   0.0108265725
   0.0021566932
  -0.0034206359
  -0.0071287669
  -0.0110090251
  -0.0163601729
  -0.0232201064
  -0.0304598400
  -0.0361326039
  -0.0396030232
  -0.0401871443
  -0.0370929886
  -0.0303747347
  -0.0195097870
  -0.0059395294
   0.0078505499
   0.0207575300
   0.0336698616
   0.0474354651
   0.0602957131
   0.0711262951
   0.0803121657
   0.0885272391
   0.0951821670
   0.1000617907
   0.1024801239
   0.1028252119
   0.1004058830
   0.0958042671
   0.0881662003
   0.0749655729
   0.0555776711
   0.0315604834
   0.0071225111
  -0.0148822807
  -0.0340109464
  -0.0483712288
  -0.0559352252
  -0.0581291901
  -0.0579837873
  -0.0580400609
  -0.0600613677
  -0.0638629361
  -0.0694126573
  -0.0756972955
  -0.0809656902
  -0.0842166155
  -0.0853218637
  -0.0842578925
  -0.0812344677
  -0.0765841076
  -0.0690357508
  -0.0584019915
  -0.0456363281
  -0.0300935534
  -0.0126452239
   0.0048689310
   0.0204228380
   0.0327154092
   0.0413639531
   0.0465177264
   0.0483785923
   0.0462491979
   0.0401252288
   0.0304625987
   0.0196379344
   0.0087438647
  -0.0033004597
  -0.0140149601
  -0.0206288164
  -0.0242477166
  -0.0270072176
  -0.0304059932
  -0.0333791596
  -0.0347785530
  -0.0344369912
  -0.0323995262
  -0.0281799402
  -0.0215119861
  -0.0137939187
  -0.0071531888
  -0.0028761386
  -0.0007544847
  -0.0001425873
   0.0007438900
   0.0038459858
   0.0094377971
   0.0164617392
   0.0253238842
   0.0370226725
   0.0503520468
   0.0627662544
   0.0726663828
   0.0797594482
   0.0841219481
   0.0858000337
   0.0857731725
   0.0845472669
   0.0823542977
   0.0791544397
   0.0744748953
   0.0678619289
   0.0592291490
   0.0491125551
   0.0396193265
   0.0319154862
   0.0252407702
   0.0178423360
   0.0097353398
   0.0028392672
  -0.0016209226
  -0.0048349367
  -0.0086455259
  -0.0127137478
  -0.0162228824
  -0.0191310884
  -0.0222305789
  -0.0262828584
  -0.0306854114
  -0.0337605258
  -0.0350033777
  -0.0359026766
  -0.0367129500
  -0.0363768641
  -0.0343123098
  -0.0318951796
  -0.0304042924
  -0.0285649362
  -0.0263352739
  -0.0244844888
  -0.0240831894
  -0.0254443756
  -0.0289825804
  -0.0339691923
  -0.0388669861
  -0.0426252449
  -0.0437851073
  -0.0423552437
  -0.0394366085
  -0.0343965646
  -0.0272389702
  -0.0198770173
  -0.0130454530
  -0.0072138743
  -0.0018498327
   0.0037815253
   0.0097240436
   0.0154728340
   0.0206655923
   0.0244634769
   0.0260158855
   0.0259566873
   0.0250375796
   0.0231639573
   0.0198105925
   0.0160257837
   0.0130817456
   0.0111071357
   0.0098271718
   0.0099593432
   0.0107604692
   0.0112654734
   0.0108493641
   0.0083047232
   0.0038737244
  -0.0009619194
  -0.0045366451
  -0.0070775793
  -0.0087408923
  -0.0095460092
  -0.0105676414
  -0.0113476955
  -0.0107813255
  -0.0092548550
  -0.0074325780
  -0.0058402344
  -0.0033592555
   0.0003981279
   0.0055616646
   0.0118920828
   0.0182899942
   0.0244909189
   0.0297119384
   0.0331456439
   0.0346167431
   0.0330047214
   0.0268731400
   0.0171326685
   0.0069764632
  -0.0005173404
  -0.0041335557
  -0.0050766746
  -0.0039390436
  -0.0018655030
  -0.0008547548
  -0.0011400829
  -0.0039973458
  -0.0112564360
  -0.0211874121
  -0.0305891261
  -0.0373036879
  -0.0405885681
  -0.0410752424
  -0.0390816472
  -0.0376211888
  -0.0371557338
  -0.0365063369
  -0.0343799501
  -0.0307853266
  -0.0255935950
  -0.0193895009
  -0.0133847311
  -0.0089083337
  -0.0069078169
  -0.0083366372
  -0.0120699016
  -0.0163415506
  -0.0199577169
  -0.0221756536
  -0.0213657536
  -0.0181969260
  -0.0125363211
  -0.0051128261
   0.0036073696
   0.0124523629
   0.0210770844
   0.0293774289
   0.0362992675
   0.0409894526
   0.0423331325
   0.0407379949
   0.0370973030
   0.0329778188
   0.0294698354
   0.0270255952
   0.0265165608
   0.0286535468
   0.0319739999
   0.0354223910
   0.0375550211
   0.0380831591
   0.0371849388
   0.0347539113
   0.0323742415
   0.0299967288
   0.0265888474
   0.0208392335
   0.0138131364
   0.0074070070
   0.0035408556
   0.0025218908
   0.0034964756
   0.0053412828
   0.0070992923
   0.0064978784
   0.0027439983
  -0.0030391764
  -0.0091672918
  -0.0139733367
  -0.0166908949
  -0.0187113616
  -0.0201580866
  -0.0214875518
  -0.0228155920
  -0.0236328762
  -0.0246636807
  -0.0263275993
  -0.0275017324
  -0.0281836945
  -0.0281379165
  -0.0276769003
  -0.0271619544
  -0.0256869557
  -0.0230672156
  -0.0198237534
  -0.0157147316
  -0.0106247385
  -0.0048675870
   0.0017839399
   0.0084016018
   0.0135841964
   0.0160430143
   0.0155098630
   0.0125012419
   0.0072315238
   0.0013704557
  -0.0038036365
  -0.0071316252
  -0.0085330845
  -0.0085276355
  -0.0079884856
  -0.0090190556
  -0.0119955678
  -0.0153634375
  -0.0194455339
  -0.0231412860
  -0.0249003699
  -0.0249773857
  -0.0236532658
  -0.0211315119
  -0.0185690722
  -0.0179928870
  -0.0211376309
  -0.0261360036
  -0.0303170714
  -0.0320983494
  -0.0317428074
  -0.0297016295
  -0.0249851018
  -0.0178052448
  -0.0102314539
  -0.0043453025
   0.0003457495
   0.0057116017
   0.0122119069
   0.0189625787
   0.0248911811
   0.0296333047
   0.0319791440
   0.0318326626
   0.0305494048
   0.0289240044
   0.0275338413
   0.0266093614
   0.0264232209
   0.0277490831
   0.0295273951
   0.0303918470
   0.0293992497
   0.0261004307
   0.0215159686
   0.0176977981
   0.0149230370
   0.0133953884
   0.0138959724
   0.0163438364
   0.0203356979
   0.0235439751
   0.0239214210
   0.0200980110
   0.0117180703
   0.0004332251
  -0.0115378973
  -0.0212833241
  -0.0280609007
  -0.0313529577
  -0.0315446156
  -0.0294121306
  -0.0265351458
  -0.0229351500
  -0.0181555453
  -0.0133774692
  -0.0092653299
  -0.0060531822
  -0.0034372960
  -0.0007699213
   0.0019548857
   0.0036869699
   0.0041208013
   0.0038787606
   0.0032936438
   0.0035002092
   0.0053880088
   0.0091594637
   0.0145002550
   0.0203300581
   0.0246265729
   0.0257811875
   0.0246048765
   0.0217921303
   0.0183568152
   0.0146876276
   0.0117273296
   0.0101710505
   0.0098684114
   0.0099418741
   0.0090053720
   0.0065187429
   0.0033337841
   0.0007161695
  -0.0010219038
  -0.0017371758
  -0.0017481164
  -0.0014067886
  -0.0011154202
  -0.0023159041
  -0.0052197792
  -0.0086543123
  -0.0111664003
  -0.0125829039
  -0.0125689444
  -0.0109209682
  -0.0074373819
  -0.0023866558
   0.0033141703
   0.0095863922
   0.0147601423
   0.0185238791
   0.0216410648
   0.0252064419
   0.0294112595
   0.0339377264
   0.0368796965
   0.0371182734
   0.0356048394
   0.0330397343
   0.0288778738
   0.0233211417
   0.0159870684
   0.0066169780
  -0.0033751731
  -0.0133779131
  -0.0240469113
  -0.0348519597
  -0.0444949677
  -0.0517701912
  -0.0566883953
  -0.0604175735
  -0.0638028667
  -0.0662224030
  -0.0672362404
  -0.0676284547
  -0.0675219849
  -0.0668588982
  -0.0657564087
  -0.0634397537
  -0.0609376427
  -0.0581352676
  -0.0549972214
  -0.0515587659
  -0.0485638409
  -0.0454739581
  -0.0417346162
  -0.0365337581
  -0.0293660207
  -0.0213126328
  -0.0140002912
  -0.0078468308
  -0.0021227756
   0.0025275617
   0.0058226326
   0.0082129784
   0.0095303530
   0.0098787556
   0.0101316362
   0.0112307115
   0.0125013311
   0.0139316034
   0.0152902342
   0.0172706602
   0.0204944546
   0.0244641199
   0.0277208738
   0.0304561064
   0.0335524607
   0.0363630083
   0.0394243291
   0.0424205401
   0.0446734336
   0.0461365262
   0.0483934022
   0.0505755441
   0.0519765968
   0.0539296203
   0.0556845972
   0.0567903225
   0.0568281977
   0.0550758343
   0.0514622732
   0.0465654957
   0.0409187217
   0.0350594854
   0.0296302141
   0.0247314869
   0.0204965786
   0.0167862841
   0.0130490725
   0.0092805090
   0.0063094977
   0.0044253342
   0.0033051599
   0.0032991280
   0.0045872042
   0.0073804943
   0.0116457381
   0.0165012552
   0.0209502251
   0.0236952065
   0.0244634562
   0.0238313376
   0.0211449321
   0.0159116166
   0.0089487935
   0.0023300980
  -0.0031214690
  -0.0078331223
  -0.0117879985
  -0.0150564177
  -0.0179427967
  -0.0208332598
  -0.0244107088
  -0.0287435058
  -0.0331143232
  -0.0369430847
  -0.0401224701
  -0.0424930963
  -0.0435313057
  -0.0422937223
  -0.0385154680
  -0.0323335453
  -0.0244644726
  -0.0172120780
  -0.0120707603
  -0.0081283108
  -0.0056151483
  -0.0047754169
  -0.0059357398
  -0.0089680236
  -0.0122262853
  -0.0147201596
  -0.0169886782
  -0.0188418342
  -0.0189569721
  -0.0177519788
  -0.0164900150
  -0.0160128406
  -0.0164994879
  -0.0170064045
  -0.0163048224
  -0.0148787545
  -0.0138040119
  -0.0119208668
  -0.0094758528
  -0.0066856388
  -0.0039094694
  -0.0018180085
   0.0007992926
   0.0054623157
   0.0122684231
   0.0188088728
   0.0230517834
   0.0244101487
   0.0235430625
   0.0209743690
   0.0180498679
   0.0150002706
   0.0128830809
   0.0122063977
   0.0127586360
   0.0134187421
   0.0145944038
   0.0157140056
   0.0154509904
   0.0137390597
   0.0112650668
   0.0079526451
   0.0039455422
   0.0008414827
  -0.0020090446
  -0.0042881058
  -0.0053397769
  -0.0053976249
  -0.0061151806
  -0.0077897359
  -0.0103716089
  -0.0139786239
  -0.0178567642
  -0.0223737624
  -0.0273359607
  -0.0309831865
  -0.0322660294
  -0.0320642493
  -0.0317139757
  -0.0317321666
  -0.0319068160
  -0.0319614302
  -0.0318847877
  -0.0317716805
  -0.0304438892
  -0.0278163294
  -0.0256588708
  -0.0240606634
  -0.0224633687
  -0.0201217235
  -0.0171469143
  -0.0145387235
  -0.0118635976
  -0.0087042263
  -0.0052281735
  -0.0017289957
   0.0009817968
   0.0041058047
   0.0079927232
   0.0125773388
   0.0170820347
   0.0222684127
   0.0275873355
   0.0317452549
   0.0346946923
   0.0365478006
   0.0373258406
   0.0378596204
   0.0383861404
   0.0386955933
   0.0384138935
   0.0368765645
   0.0341649987
   0.0305930879
   0.0258776388
   0.0208076639
   0.0158225973
   0.0106079560
   0.0057905797
   0.0013356474
  -0.0029533016
  -0.0072158344
  -0.0113538269
  -0.0148859790
  -0.0181460350
  -0.0215944364
  -0.0246074693
  -0.0261196588
  -0.0262702057
  -0.0259556917
  -0.0260046225
  -0.0276059827
  -0.0300165169
  -0.0316317744
  -0.0315914100
  -0.0313226119
  -0.0315182938
  -0.0318584659
  -0.0319588374
  -0.0318088298
  -0.0307017770
  -0.0283750620
  -0.0260126497
  -0.0225170080
  -0.0171043160
  -0.0101835871
  -0.0027148762
   0.0041321411
   0.0106431617
   0.0153917776
   0.0178166032
   0.0183744129
   0.0191182697
   0.0214108679
   0.0239059058
   0.0265711543
   0.0291665015
   0.0321956926
   0.0356936367
   0.0390435645
   0.0408937896
   0.0408426393
   0.0397866124
   0.0381816223
   0.0366152957
   0.0357473590
   0.0355897183
   0.0351575338
   0.0329823198
   0.0296329106
   0.0253315796
   0.0206381856
   0.0158038069
   0.0114914742
   0.0083711335
   0.0075204793
   0.0072935368
   0.0067402966
   0.0055297880
   0.0033414898
   0.0010708670
  -0.0003410101
  -0.0017880139
  -0.0032028822
  -0.0042957659
  -0.0053196404
  -0.0067244268
  -0.0090062515
  -0.0119825977
  -0.0150648535
  -0.0174922698
  -0.0193773854
  -0.0212561103
  -0.0227666404
  -0.0233949839
  -0.0233582080
  -0.0236615212
  -0.0248260299
  -0.0260257173
  -0.0273496506
  -0.0290197504
  -0.0307378062
  -0.0316683014
  -0.0320204003
  -0.0329328912
  -0.0340822373
  -0.0353429483
  -0.0364970237
  -0.0359299111
  -0.0343037225
  -0.0324015382
  -0.0297526139
  -0.0269702550
  -0.0255415529
  -0.0250630095
  -0.0240561208
  -0.0220829982
  -0.0192828777
  -0.0159376149
  -0.0123747020
  -0.0092825397
  -0.0065156876
  -0.0046084111
  -0.0037571096
  -0.0039387885
  -0.0049194176
  -0.0063763228
  -0.0077786284
  -0.0083675099
  -0.0071614255
  -0.0039792773
   0.0004310375
   0.0053571942
   0.0099372320
   0.0152134735
   0.0208277009
   0.0251733166
   0.0284524097
   0.0307322888
   0.0334442694
   0.0359992523
   0.0379009388
   0.0399480697
   0.0420160879
   0.0436213476
   0.0460518358
   0.0483155360
   0.0483251811
   0.0454866316
   0.0408540476
   0.0346127399
   0.0272268567
   0.0197016565
   0.0129329473
   0.0069407285
   0.0011608218
  -0.0046767898
  -0.0097008331
  -0.0135866149
  -0.0159645486
  -0.0176761287
  -0.0195941393
  -0.0226582624
  -0.0264647468
  -0.0301690343
  -0.0336573541
  -0.0358468594
  -0.0364511834
  -0.0358673112
  -0.0335414466
  -0.0296428047
  -0.0246217192
  -0.0195404482
  -0.0142031375
  -0.0090626018
  -0.0042968881
   0.0003929726
   0.0056462409
   0.0108211941
   0.0156947154
   0.0190778908
   0.0217919644
   0.0242720679
   0.0268413007
   0.0296400459
   0.0314009966
   0.0317869883
   0.0313170737
   0.0292318394
   0.0260653142
   0.0219461411
   0.0170920055
   0.0117070997
   0.0061769550
   0.0021443558
   0.0008365693
   0.0014273549
   0.0021273824
   0.0021389337
   0.0018246521
   0.0015720730
   0.0001411918
  -0.0023559760
  -0.0041104281
  -0.0048847387
  -0.0047684247
  -0.0042633853
  -0.0034794690
  -0.0019252911
   0.0003887045
   0.0019560713
   0.0022779148
   0.0019987667
   0.0018205922
   0.0018820702
   0.0019835464
   0.0019952448
   0.0019533981
   0.0019297304
   0.0019374309
   0.0019500824
   0.0019507570
   0.0016655399
   0.0002210735
  -0.0021762842
  -0.0039169739
  -0.0043692950
  -0.0033944426
  -0.0007229850
   0.0019437698
   0.0042268479
   0.0062374414
   0.0067572845
   0.0063366596
   0.0063327103
   0.0070872659
   0.0077139293
   0.0074022778
   0.0068484672
   0.0064316361
   0.0067010316
   0.0074806584
   0.0080230545
   0.0086142093
   0.0106254811
   0.0128519490
   0.0125941089
   0.0099040611
   0.0066756183
   0.0036777977
   0.0020469101
   0.0017405095
   0.0019353258
   0.0019712136
   0.0018253650
   0.0024085160
   0.0047572177
   0.0075090316
   0.0097274039
   0.0118026425
   0.0131486496
   0.0135244257
   0.0133499506
   0.0131432089
   0.0131277663
   0.0132634286
   0.0133371588
   0.0128981460
   0.0108717885
   0.0093054702
   0.0084057502
   0.0078657685
   0.0061890249
   0.0035212252
   0.0018103655
   0.0015795780
   0.0019720847
   0.0022488570
   0.0036677481
   0.0068238815
   0.0111207447
   0.0155864826
   0.0189391815
   0.0213393695
   0.0236724938
   0.0255428181
   0.0263202151
   0.0259025087
   0.0256553446
   0.0254240898
   0.0246457801
   0.0225451344
   0.0193304230
   0.0161782555
   0.0135255561
   0.0104388635
   0.0056447350
   0.0003871872
  -0.0042070868
  -0.0081454729
  -0.0115185365
  -0.0130973977
  -0.0129899489
  -0.0124401582
  -0.0121007805
  -0.0112299150
  -0.0095521178
  -0.0081233348
  -0.0073268384
  -0.0069439518
  -0.0061359975
  -0.0052309447
  -0.0047072083
  -0.0046023813
  -0.0032616946
  -0.0000622615
   0.0037995357
   0.0071220983
   0.0080751465
   0.0074392673
   0.0064891666
   0.0056629799
   0.0051736527
   0.0045375599
   0.0036766237
   0.0028332499
   0.0012188705
  -0.0012030450
  -0.0044452135
  -0.0077989018
  -0.0122887235
  -0.0157739900
  -0.0181883740
  -0.0207221625
  -0.0230681905
  -0.0246965778
  -0.0251377437
  -0.0248766823
  -0.0252105488
  -0.0261230605
  -0.0267420493
  -0.0266414496
  -0.0256067456
  -0.0252472625
  -0.0252140750
  -0.0239907414
  -0.0222323835
  -0.0211749668
  -0.0191930432
  -0.0159153543
  -0.0129443389
  -0.0100094169
  -0.0064642200
  -0.0032718562
  -0.0004602616
   0.0017954174
   0.0034451739
   0.0046026447
   0.0050913497
   0.0051112062
   0.0049686181
   0.0044509881
   0.0030671846
   0.0005852576
  -0.0021647516
  -0.0039170341
  -0.0049398777
  -0.0056044412
  -0.0066238209
  -0.0074182347
  -0.0084599765
  -0.0094068228
  -0.0107949220
  -0.0128149926
  -0.0143738250
  -0.0151022538
  -0.0147264860
  -0.0134597141
  -0.0124803628
  -0.0114512447
  -0.0102607834
  -0.0090382173
  -0.0079677579
  -0.0067468802
  -0.0051509814
  -0.0028063701
  -0.0013333720
  -0.0008423418
   0.0005557794
   0.0034931029
   0.0062712594
   0.0082522766
   0.0099070355
   0.0111112862
   0.0122174595
   0.0128847839
   0.0128393750
   0.0115011670
   0.0102054618
   0.0105922915
   0.0121543203
   0.0137120617
   0.0145234489
   0.0146481967
   0.0138959620
   0.0124930342
   0.0113069287
   0.0093847738
   0.0062221461
   0.0033081405
   0.0017516055
   0.0006376609
  -0.0009444254
  -0.0034581938
  -0.0056772194
  -0.0067667160
  -0.0079864632
  -0.0093923178
  -0.0110861322
  -0.0125778553
  -0.0145575740
  -0.0168802131
  -0.0187304278
  -0.0192275811
  -0.0196159850
  -0.0202570062
  -0.0200313974
  -0.0189688097
  -0.0181394182
  -0.0181903839
  -0.0196957471
  -0.0216024429
  -0.0223631424
  -0.0211867484
  -0.0198246744
  -0.0194316408
  -0.0192961216
  -0.0177908787
  -0.0153143905
  -0.0124898669
  -0.0101115412
  -0.0081395012
  -0.0062131294
  -0.0048166337
  -0.0041985701
  -0.0028824380
  -0.0010843764
  -0.0007650319
  -0.0013695771
  -0.0017156489
  -0.0023134358
  -0.0039273596
  -0.0059745008
  -0.0079395983
  -0.0091252889
  -0.0090429880
  -0.0083750020
  -0.0065804095
  -0.0042497369
  -0.0023892527
  -0.0012427113
   0.0000110168
   0.0018293537
   0.0041973629
   0.0069195321
   0.0098155997
   0.0132019093
   0.0155556970
   0.0167694062
   0.0182639295
   0.0195973129
   0.0208509322
   0.0215993938
   0.0218754310
   0.0222723330
   0.0222660896
   0.0219327209
   0.0211905235
   0.0197120940
   0.0172241167
   0.0139351358
   0.0114318217
   0.0099902574
   0.0089951067
   0.0079881039
   0.0069597927
   0.0061016297
   0.0059496578
   0.0052825596
   0.0042616284
   0.0034735720
   0.0024708546
   0.0008369194
  -0.0009192212
  -0.0018069961
  -0.0015594047
  -0.0014596943
  -0.0011549909
  -0.0003605812
   0.0017234158
   0.0052422492
   0.0095539493
   0.0124440639
   0.0139673567
   0.0160711905
   0.0176803332
   0.0172422682
   0.0155658088
   0.0143967908
   0.0143069833
   0.0132713729
   0.0102289648
   0.0062242804
   0.0028272596
   0.0006584129
  -0.0001187681
  -0.0010126911
  -0.0035033661
  -0.0056886255
  -0.0070042183
  -0.0087631508
  -0.0097734516
  -0.0109573086
  -0.0119487547
  -0.0117690505
  -0.0112865475
  -0.0109839540
  -0.0122179242
  -0.0125681479
  -0.0111689516
  -0.0090529214
  -0.0081246581
  -0.0074753131
  -0.0061383890
  -0.0046529840
  -0.0024230003
   0.0006175323
   0.0038419618
   0.0064130801
   0.0083757383
   0.0101851096
   0.0113155658
   0.0106562023
   0.0082474457
   0.0063443404
   0.0047986772
   0.0034304822
   0.0023723416
   0.0026014102
   0.0034209594
   0.0041902213
   0.0046239179
   0.0061401874
   0.0077162027
   0.0084509267
   0.0083278570
   0.0070212933
   0.0050749675
   0.0032870955
   0.0007892049
  -0.0016209020
  -0.0020781197
  -0.0002989883
   0.0015837198
   0.0028458591
   0.0029839607
   0.0014919316
  -0.0002515654
  -0.0006062244
  -0.0001720509
  -0.0003271570
  -0.0002656616
  -0.0000763405
  -0.0004183534
  -0.0014192571
  -0.0024083521
  -0.0027796147
  -0.0022593630
  -0.0021003491
  -0.0027584888
  -0.0034185492
  -0.0051014677
  -0.0072982784
  -0.0089102337
  -0.0109743358
  -0.0130181915
  -0.0145697372
  -0.0156869060
  -0.0164813115
  -0.0165156648
  -0.0165013796
  -0.0178145124
  -0.0183368135
  -0.0184550544
  -0.0174939417
  -0.0152082257
  -0.0122900158
  -0.0093230015
  -0.0064679391
  -0.0036699094
  -0.0011929599
   0.0014530053
   0.0041309048
   0.0064073594
   0.0079816614
   0.0090763580
   0.0095982546
   0.0100808510
   0.0107606455
   0.0110676426
   0.0109105287
   0.0104152630
   0.0092628843
   0.0064115867
   0.0032794520
   0.0000929293
  -0.0025014058
  -0.0044147017
  -0.0059922851
  -0.0068935151
  -0.0070899687
  -0.0065709822
  -0.0054210117
  -0.0042079144
  -0.0030211307
  -0.0018153880
  -0.0001162060
   0.0021867549
   0.0041660961
   0.0054612889
   0.0058760375
   0.0060941376
   0.0052235169
   0.0039412672
   0.0032261736
   0.0025841278
   0.0016697373
   0.0012226798
   0.0006696472
  -0.0007523190
  -0.0022142279
  -0.0028010248
  -0.0022303757
  -0.0018035429
  -0.0013239502
  -0.0004246373
  -0.0003762525
  -0.0009903142
  -0.0013352122
  -0.0009822146
   0.0001414440
   0.0004452533
  -0.0012302001
  -0.0030683711
  -0.0041250058
  -0.0048438081
  -0.0057426465
  -0.0056466039
  -0.0055488791
  -0.0056481036
  -0.0055317357
  -0.0051476357
  -0.0045064839
  -0.0036373525
  -0.0027874636
  -0.0023610267
  -0.0014578055
   0.0005910308
   0.0024097211
   0.0033374389
   0.0034514505
   0.0029361623
   0.0024816405
   0.0019343603
   0.0020725786
   0.0025803693
   0.0033596579
   0.0042364951
   0.0055371701
   0.0078878071
   0.0108593763
   0.0139980593
   0.0157478590
   0.0163885462
   0.0165085211
   0.0163072699
   0.0167637000
   0.0168511429
   0.0168939984
   0.0176104485
   0.0171272569
   0.0158473552
   0.0146568980
   0.0125913025
   0.0094802709
   0.0061352155
   0.0035852771
   0.0021643782
   0.0009901178
  -0.0008439981
  -0.0024157633
  -0.0029768793
  -0.0028253015
  -0.0026138825
  -0.0026158364
  -0.0032982984
  -0.0044352469
  -0.0055754893
  -0.0062355082
  -0.0060506869
  -0.0053083981
  -0.0047325137
  -0.0041967282
  -0.0043954944
  -0.0060587950
  -0.0080651010
  -0.0099430834
  -0.0112721337
  -0.0124525662
  -0.0140617151
  -0.0160998417
  -0.0166309437
  -0.0156269900
  -0.0149595371
  -0.0146896375
  -0.0148386951
  -0.0146219163
  -0.0143186238
  -0.0140360362
  -0.0132345513
  -0.0125149110
  -0.0116344315
  -0.0114837373
  -0.0109811393
  -0.0096948697
  -0.0083937716
  -0.0076994699
  -0.0079955151
  -0.0087763055
  -0.0096353811
  -0.0098464869
  -0.0090063510
  -0.0079812175
  -0.0075640752
  -0.0065736890
  -0.0051638561
  -0.0050509916
  -0.0064571365
  -0.0076092497
  -0.0077350345
  -0.0081470576
  -0.0096297143
  -0.0106854426
  -0.0112768526
  -0.0118805357
  -0.0124228758
  -0.0122874997
  -0.0117840720
  -0.0113058024
  -0.0099142704
  -0.0083228436
  -0.0065562594
  -0.0049728225
  -0.0040703853
  -0.0033995825
  -0.0019039426
   0.0005269668
   0.0030618663
   0.0049104383
   0.0060774236
   0.0057180753
   0.0043859385
   0.0032617319
   0.0026973677
   0.0023983191
   0.0018672010
   0.0003900805
  -0.0012709228
  -0.0023919762
  -0.0023420808
  -0.0021424599
  -0.0023397390
  -0.0026658915
  -0.0027360437
  -0.0021449448
  -0.0007839436
   0.0016856503
   0.0037146068
   0.0045350563
   0.0049008035
   0.0052155934
   0.0058623705
   0.0067204816
   0.0079143467
   0.0087964794
   0.0097482394
   0.0124499444
   0.0153808880
   0.0162892387
   0.0163496587
   0.0164584889
   0.0166291433
   0.0169384468
   0.0173459378
   0.0175962111
   0.0176767033
   0.0183215638
   0.0191437930
   0.0198721388
   0.0203863110
   0.0210760058
   0.0217251952
   0.0216022977
   0.0217872144
   0.0223388740
   0.0222089033
   0.0219659914
   0.0216552318
   0.0211277161
   0.0207158320
   0.0205857576
   0.0201915065
   0.0188978257
   0.0169818022
   0.0155914690
   0.0139520344
   0.0123838265
   0.0116245790
   0.0109844974
   0.0092602999
   0.0070382086
   0.0055927488
   0.0045730560
   0.0036125116
   0.0029791671
   0.0015226143
  -0.0012650725
  -0.0038266873
  -0.0056157644
  -0.0070453688
  -0.0078723562
  -0.0084230056
  -0.0085967776
  -0.0089772352
  -0.0099303435
  -0.0115121002
  -0.0137644005
  -0.0161673721
  -0.0175714179
  -0.0177499025
  -0.0174005374
  -0.0175801359
  -0.0178487785
  -0.0179118493
  -0.0174723366
  -0.0170844906
  -0.0168894517
  -0.0168465361
  -0.0161971973
  -0.0142588386
  -0.0119322169
  -0.0096957388
  -0.0082703700
  -0.0069914349
  -0.0052926009
  -0.0033859985
  -0.0023754529
  -0.0018651921
  -0.0017907973
  -0.0008998685
   0.0005151071
   0.0008171446
   0.0000620453
   0.0001456017
   0.0012338901
   0.0018975204
   0.0020869891
   0.0024797572
   0.0037004336
   0.0056038936
   0.0076312094
   0.0092033853
   0.0097313553
   0.0086756705
   0.0083866798
   0.0083147002
   0.0085996047
   0.0088831921
   0.0091557716
   0.0095382163
   0.0100254631
   0.0107636677
   0.0114876037
   0.0115802404
   0.0106427925
   0.0103763527
   0.0108124824
   0.0095723248
   0.0065334035
   0.0038237315
   0.0027000642
   0.0027784054
   0.0030112740
   0.0025212208
   0.0016909292
   0.0003078259
  -0.0009564916
  -0.0016831834
  -0.0024159106
  -0.0029713950
  -0.0031790929
  -0.0032044876
  -0.0036057745
  -0.0038294647
  -0.0045311567
  -0.0053279414
  -0.0063088402
  -0.0061444250
  -0.0044745699
  -0.0025436224
  -0.0012759930
  -0.0001408640
   0.0008571648
   0.0014489114
   0.0019120427
   0.0021105418
   0.0021065407
   0.0019811908
   0.0019091398
   0.0021082996
   0.0025555699
   0.0026692994
   0.0016786471
   0.0003984546
  -0.0002120890
  -0.0008013694
  -0.0015222237
  -0.0022759837
  -0.0028795029
  -0.0031248687
  -0.0030944253
  -0.0023897650
  -0.0014427120
   0.0000796894
   0.0022336883
   0.0052024947
   0.0081389827
   0.0104851642
   0.0126599446
   0.0149417859
   0.0168223112
   0.0184673089
   0.0199399782
   0.0207745801
   0.0208664473
   0.0197207663
   0.0178815927
   0.0161250974
   0.0146480805
   0.0134489800
   0.0116625351
   0.0086642354
   0.0058863111
   0.0035507828
   0.0010942078
  -0.0015134184
  -0.0042063276
  -0.0065995753
  -0.0079797427
  -0.0083572259
  -0.0089109742
  -0.0096107601
  -0.0096631342
  -0.0093469380
  -0.0092371142
  -0.0098387065
  -0.0108989048
  -0.0118757961
  -0.0121562783
  -0.0115986740
  -0.0114146347
  -0.0115418031
  -0.0121765476
  -0.0129879867
  -0.0130627125
  -0.0138682401
  -0.0160192230
  -0.0179262942
  -0.0190370100
  -0.0192926722
  -0.0188122392
  -0.0185997312
  -0.0183721354
  -0.0180962350
  -0.0180509154
  -0.0184816480
  -0.0188966724
  -0.0186786864
  -0.0176694124
  -0.0168698648
  -0.0171797658
  -0.0187289572
  -0.0191686131
  -0.0184668214
  -0.0177677615
  -0.0174913655
  -0.0166597567
  -0.0154634357
  -0.0141626632
  -0.0127612786
  -0.0113585519
  -0.0097165661
  -0.0071867538
  -0.0036578520
   0.0002390161
   0.0028974636
   0.0044203851
   0.0049760521
   0.0052823854
   0.0047174902
   0.0036731390
   0.0030231157
   0.0031082002
   0.0037414451
   0.0039594685
   0.0041904723
   0.0045179585
   0.0055396592
   0.0065258181
   0.0070269995
   0.0070565571
   0.0073973702
   0.0078443916
   0.0086132822
   0.0100593351
   0.0110653049
   0.0108614153
   0.0096195838
   0.0077224025
   0.0062209928
   0.0058575853
   0.0066160819
   0.0072736097
   0.0075816190
   0.0086447543
   0.0097640263
   0.0098973302
   0.0083173179
   0.0064750765
   0.0056064781
   0.0052088397
   0.0046511545
   0.0042110797
   0.0036901289
   0.0033033574
   0.0025691581
   0.0017378951
   0.0008462924
  -0.0003386003
  -0.0016327114
  -0.0023569986
  -0.0021713538
  -0.0021636273
  -0.0024960979
  -0.0034154275
  -0.0047660746
  -0.0056379295
  -0.0055888617
  -0.0045374997
  -0.0042261344
  -0.0040495498
  -0.0029681987
  -0.0022643494
  -0.0024985973
  -0.0034861937
  -0.0042314050
  -0.0042494963
  -0.0032987858
  -0.0023965643
  -0.0022725944
  -0.0025671441
  -0.0027910478
  -0.0034813483
  -0.0044102940
  -0.0041651357
  -0.0038827099
  -0.0042458125
  -0.0039580746
  -0.0031174077
  -0.0025103353
  -0.0024273935
  -0.0025833665
  -0.0026612182
  -0.0023613399
  -0.0018665275
  -0.0019362872
  -0.0018799342
  -0.0019615923
  -0.0022305023
  -0.0020547602
  -0.0019943650
  -0.0022505517
  -0.0025283458
  -0.0026122376
  -0.0021731086
  -0.0008312166
   0.0004586700
   0.0017182124
   0.0028952525
   0.0038951822
   0.0051951416
   0.0062291486
   0.0065970448
   0.0068737146
   0.0083136050
   0.0107199099
   0.0122053565
   0.0126950944
   0.0126776398
   0.0126185432
   0.0138850641
   0.0160066594
   0.0165336877
   0.0150299818
   0.0134218223
   0.0117779800
   0.0111486720
   0.0115657188
   0.0112028382
   0.0091856383
   0.0066917370
   0.0050456878
   0.0037444050
   0.0024653330
   0.0019108423
   0.0020023264
   0.0022352875
   0.0018491391
   0.0002678372
  -0.0010716326
  -0.0019855203
  -0.0032118220
  -0.0044956565
  -0.0051530474
  -0.0051633044
  -0.0046386739
  -0.0042524044
  -0.0045092882
  -0.0049297140
  -0.0044820848
  -0.0021952779
  -0.0000638845
   0.0016340899
   0.0039850872
   0.0061786331
   0.0077056656
   0.0097163441
   0.0109939040
   0.0116451303
   0.0122158728
   0.0126374124
   0.0126876292
   0.0121955330
   0.0116286030
   0.0102779351
   0.0081875505
   0.0058581100
   0.0038559649
   0.0029866240
   0.0027561802
   0.0010684443
  -0.0012328632
  -0.0024712155
  -0.0025663455
  -0.0031137674
  -0.0045048701
  -0.0051730988
  -0.0050792570
  -0.0052184496
  -0.0060006422
  -0.0070627051
  -0.0069021750
  -0.0061810101
  -0.0061100988
  -0.0057283738
  -0.0042617052
  -0.0025816491
  -0.0016677692
  -0.0012600684
  -0.0011483953
  -0.0012565012
  -0.0016674604
  -0.0018645447
  -0.0013140948
  -0.0006044775
   0.0001192068
   0.0006215409
   0.0003178879
  -0.0002796491
  -0.0010003016
  -0.0016750904
  -0.0020231018
  -0.0025912092
  -0.0036069319
  -0.0041346654
  -0.0040539513
  -0.0038257663
  -0.0030504726
  -0.0021233916
  -0.0016358319
  -0.0018184985
  -0.0030087289
  -0.0038470146
  -0.0041507510
  -0.0043416269
  -0.0045209827
  -0.0043464122
  -0.0032076985
  -0.0019381268
  -0.0006492118
   0.0013006918
   0.0033074519
   0.0043247677
   0.0043688635
   0.0038474710
   0.0029159159
   0.0026384101
   0.0020891214
   0.0022125893
   0.0027446454
   0.0026122272
   0.0020768959
   0.0018564102
   0.0027415984
   0.0034342116
   0.0035286654
   0.0033260805
   0.0027359192
   0.0017023730
   0.0016045105
   0.0019045091
   0.0028862898
   0.0039257271
   0.0048432439
   0.0060657208
   0.0070115901
   0.0068145682
   0.0054216713
   0.0042176259
   0.0034891059
   0.0029800736
   0.0020137270
   0.0000381162
  -0.0021732828
  -0.0045718218
  -0.0066267642
  -0.0076098968
  -0.0082993780
  -0.0093534012
  -0.0101548218
  -0.0103978167
  -0.0107056310
  -0.0107251307
  -0.0101031779
  -0.0089842564
  -0.0079923851
  -0.0074387903
  -0.0068165221
  -0.0063414428
  -0.0050694957
  -0.0037899922
  -0.0032440471
  -0.0028218168
  -0.0020076858
  -0.0011059068
   0.0003475159
   0.0009984174
   0.0012154758
   0.0021600555
   0.0038085005
   0.0050096959
   0.0048007411
   0.0036259505
   0.0024948471
   0.0020515856
   0.0020378705
   0.0014312532
   0.0000088178
  -0.0011035507
  -0.0014324676
  -0.0013128084
  -0.0012036540
  -0.0011941628
  -0.0005649329
   0.0002449303
   0.0009817357
   0.0014832437
   0.0016709001
   0.0016719540
   0.0016431854
   0.0016473477
   0.0016650014
   0.0016436023
   0.0016321916
   0.0016544544
   0.0016159857
   0.0007407067
  -0.0006571300
  -0.0018138808
  -0.0026315113
  -0.0035221731
  -0.0049483426
  -0.0056679414
  -0.0051747043
  -0.0045444629
  -0.0039839111
  -0.0039474857
  -0.0044506376
  -0.0050028178
  -0.0053073859
  -0.0049622772
  -0.0047597026
  -0.0048216222
  -0.0046465705
  -0.0042545512
  -0.0035120986
  -0.0029895756
  -0.0033527010
  -0.0039342854
  -0.0037935350
  -0.0036928731
  -0.0037749293
  -0.0035843271
  -0.0031470193
  -0.0021863504
  -0.0013869466
  -0.0011358712
  -0.0012320258
  -0.0013316587
  -0.0013264515
  -0.0018021922
  -0.0025158424
  -0.0022463223
  -0.0017987701
  -0.0010165759
   0.0005067021
   0.0015862134
   0.0011016828
   0.0002914501
   0.0003260058
   0.0002476302
  -0.0003662100
  -0.0005386395
  -0.0001124916
  -0.0001346581
  -0.0007347578
  -0.0010352551
  -0.0001896524
   0.0001072565
  -0.0003080872
  -0.0000521882
   0.0001483052
   0.0005373576
   0.0003808117
   0.0006525351
   0.0007510826
   0.0005868788
   0.0003785823
  -0.0003295525
  -0.0009386371
  -0.0011024787
  -0.0009886878
  -0.0008880865
  -0.0009139099
  -0.0016236427
  -0.0029415657
  -0.0038697979
  -0.0040671973
  -0.0038778002
  -0.0034640617
  -0.0023457086
  -0.0012153323
  -0.0007295092
  -0.0007872373
  -0.0009423143
  -0.0009994157
  -0.0016666521
  -0.0029335924
  -0.0038254656
  -0.0039911958
  -0.0038057128
  -0.0034536346
  -0.0030828699
  -0.0032171258
  -0.0025954924
  -0.0003537329
   0.0017459516
   0.0024706472
   0.0022207327
   0.0019202228
   0.0019337363
   0.0020754958
   0.0021290854
   0.0020907206
   0.0020540807
   0.0020589825
   0.0020802727
   0.0020899054
   0.0020874163
   0.0020846390
   0.0017735188
   0.0010683621
   0.0008484270
   0.0009851106
  -0.0001007173
  -0.0016320238
  -0.0026814149
  -0.0025643210
  -0.0022487554
  -0.0018986675
  -0.0014059483
  -0.0009280067
   0.0000682854
   0.0008970351
   0.0011096798
   0.0006804730
   0.0008899560
   0.0007947383
   0.0004139021
  -0.0003047457
  -0.0010367178
  -0.0022177707
  -0.0034152657
  -0.0039557328
  -0.0038632620
  -0.0036340690
  -0.0035726140
  -0.0036459916
  -0.0041288493
  -0.0048681221
  -0.0049402718
  -0.0043328385
  -0.0038021700
  -0.0036989298
  -0.0038255133
  -0.0037617600
  -0.0031296228
  -0.0024859197
  -0.0023943076
  -0.0029219415
  -0.0026016736
  -0.0011410298
   0.0000543295
   0.0005016203
   0.0009733220
   0.0015047579
   0.0015471245
   0.0017198355
   0.0022085384
   0.0028799821
   0.0034668225
   0.0038991336
   0.0041629827
   0.0040112410
   0.0032832022
   0.0024701369
   0.0020997102
   0.0021145057
   0.0015650609
   0.0006544156
   0.0000383363
   0.0004344002
   0.0004124883
  -0.0002933916
  -0.0009284139
  -0.0010713791
  -0.0009237788
  -0.0008171845
  -0.0007790931
  -0.0003054474
  -0.0000424657
  -0.0003678418
  -0.0008191983
  -0.0009785598
  -0.0002475540
   0.0007697522
   0.0013637413
   0.0013737776
   0.0016266188
   0.0020558065
   0.0023157776
   0.0023218945
   0.0022388800
   0.0022086856
   0.0022339745
   0.0022582139
   0.0022576870
   0.0022475399
   0.0022841935
   0.0032604708
   0.0050168603
   0.0064793369
   0.0070903545
   0.0073915354
   0.0077600019
   0.0080536513
   0.0082192923
   0.0096364618
   0.0121973686
   0.0139627187
   0.0142810597
   0.0139202346
   0.0140099861
   0.0153195242
   0.0169615806
   0.0179130959
   0.0176158415
   0.0162741509
   0.0153809377
   0.0151522653
   0.0146651949
   0.0140781159
   0.0137752570
   0.0134773305
   0.0118000704
   0.0098817072
   0.0086970371
   0.0083075960
   0.0079721386
   0.0060802590
   0.0039168370
   0.0025896431
   0.0014948784
   0.0006719326
  -0.0000745940
  -0.0006577298
  -0.0009026336
  -0.0008967049
  -0.0008373745
  -0.0008275601
  -0.0007828632
   0.0000244447
   0.0006056708
   0.0009678131
   0.0015991343
   0.0021585932
   0.0020525873
   0.0012852965
   0.0002392240
  -0.0013706362
  -0.0026973366
  -0.0035184831
  -0.0037919731
  -0.0038770680
  -0.0043116856
  -0.0043694443
  -0.0041418028
  -0.0051024758
  -0.0066602442
  -0.0072609238
  -0.0069617777
  -0.0061335063
  -0.0048385209
  -0.0038851098
  -0.0031717585
  -0.0020407047
  -0.0010603252
  -0.0006982118
  -0.0007868268
  -0.0008860994
  -0.0008022901
  -0.0006727221
  -0.0004777277
   0.0005054292
   0.0021408960
   0.0036129244
   0.0052232722
   0.0070497226
   0.0082123188
   0.0086026953
   0.0087721674
   0.0085155138
   0.0081547571
   0.0079760153
   0.0079862910
   0.0080417536
   0.0080525624
   0.0078448624
   0.0071962206
   0.0067746312
   0.0064567175
   0.0053035465
   0.0037895421
   0.0025641427
   0.0020935477
   0.0021380958
   0.0021890739
   0.0013983712
   0.0001652598
  -0.0010620443
  -0.0018060536
  -0.0017299498
  -0.0020751287
  -0.0030816419
  -0.0038731996
  -0.0040402158
  -0.0038724383
  -0.0037617414
  -0.0037966277
  -0.0038613703
  -0.0038742118
  -0.0038529324
  -0.0036992099
  -0.0032342506
  -0.0028655600
  -0.0023321287
  -0.0020739901
  -0.0023095715
  -0.0035434193
  -0.0048658819
  -0.0053805499
  -0.0052447279
  -0.0051427260
  -0.0060207579
  -0.0078452814
  -0.0092362182
  -0.0095728185
  -0.0100658606
  -0.0115056245
  -0.0135361450
  -0.0147907142
  -0.0148749940
  -0.0144270433
  -0.0141356942
  -0.0140592343
  -0.0140010400
  -0.0138782855
  -0.0136693950
  -0.0134983133
  -0.0134086427
  -0.0133376442
  -0.0132848781
  -0.0132530326
  -0.0131819242
  -0.0126829934
  -0.0120135098
  -0.0115104014
  -0.0109208127
  -0.0104896487
  -0.0104120791
  -0.0106002191
  -0.0115258191
  -0.0122961347
  -0.0117015865
  -0.0098960981
  -0.0085321179
  -0.0083560291
  -0.0088085306
  -0.0091614716
  -0.0092517624
  -0.0092794802
  -0.0093724488
  -0.0095215334
  -0.0096354703
  -0.0086325600
  -0.0064665348
  -0.0048347977
  -0.0044883220
  -0.0042743289
  -0.0034529252
  -0.0026162077
  -0.0014312772
  -0.0006508729
  -0.0004086375
   0.0004455956
   0.0015817939
   0.0029497215
   0.0050662661
   0.0071033453
   0.0084211057
   0.0100124183
   0.0120263036
   0.0125782743
   0.0121233397
   0.0124259394
   0.0132585086
   0.0137783766
   0.0137444900
   0.0135284870
   0.0134500400
   0.0134963449
   0.0126770383
   0.0105669777
   0.0084577343
   0.0075557846
   0.0076690723
   0.0079720577
   0.0080193230
   0.0079054193
   0.0078382187
   0.0078415831
   0.0071937045
   0.0055187739
   0.0033330457
   0.0019668521
   0.0021976051
   0.0026578725
   0.0025126170
   0.0020976651
   0.0018982045
   0.0019574216
   0.0020542784
   0.0020359773
   0.0019056373
   0.0017977187
   0.0017722716
   0.0020821706
   0.0027532182
   0.0029516236
   0.0023894622
   0.0017931807
   0.0019552499
   0.0023866081
   0.0022755813
   0.0018744985
   0.0016412514
   0.0015600562
   0.0011401414
   0.0009803119
   0.0002984956
  -0.0007658151
  -0.0013943476
  -0.0019422985
  -0.0028763937
  -0.0033537755
  -0.0033079414
  -0.0033060891
  -0.0037029829
  -0.0041105007
  -0.0042593655
  -0.0046597833
  -0.0050462789
  -0.0057147607
  -0.0059948509
  -0.0053965131
  -0.0044892305
  -0.0040284965
  -0.0040761040
  -0.0044946961
  -0.0050682885
  -0.0049510930
  -0.0044385262
  -0.0039108571
  -0.0028292135
  -0.0017047543
  -0.0012047836
  -0.0008573256
  -0.0008662980
  -0.0016600718
  -0.0022231015
  -0.0024831672
  -0.0029215619
  -0.0037734980
  -0.0044443112
  -0.0046254383
  -0.0045222189
  -0.0044226667
  -0.0038245736
  -0.0030077250
  -0.0022880162
  -0.0017873754
  -0.0015951126
  -0.0015971842
  -0.0013560774
  -0.0001710629
   0.0011200998
   0.0016835335
   0.0022680602
   0.0033234835
   0.0044376094
   0.0053436993
   0.0058831728
   0.0050299880
   0.0046972478
   0.0057460109
   0.0064592896
   0.0059812586
   0.0045558337
   0.0027586236
   0.0020027369
   0.0021103904
   0.0023536508
   0.0019968439
   0.0015177741
   0.0014201341
   0.0020167483
   0.0023281483
   0.0016411761
   0.0011681925
   0.0014953059
   0.0018274427
   0.0016801384
   0.0017893117
   0.0019054935
   0.0018952013
   0.0021466851
   0.0024496084
   0.0018601202
   0.0006498148
   0.0002026998
   0.0006007116
   0.0007204727
  -0.0002934387
  -0.0018206472
  -0.0027095683
  -0.0034789650
  -0.0048288550
  -0.0067347937
  -0.0080011943
  -0.0082161291
  -0.0079540825
  -0.0078030793
  -0.0078092916
  -0.0073911185
  -0.0053815517
  -0.0036381573
  -0.0028040677
  -0.0022712524
  -0.0018923438
  -0.0014206058
  -0.0002055526
   0.0019668745
   0.0032849528
   0.0037566056
   0.0040674648
   0.0056408707
   0.0080018788
   0.0097118991
   0.0101318125
   0.0098736800
   0.0095748450
   0.0091127316
   0.0091610318
   0.0095559841
   0.0098397644
   0.0098630869
   0.0097719229
   0.0092535047
   0.0078358313
   0.0057719532
   0.0041049439
   0.0035113975
   0.0036238825
   0.0037993387
   0.0037869286
   0.0037061751
   0.0038449487
   0.0045158262
   0.0057342480
   0.0071460182
   0.0079043656
   0.0076635362
   0.0060508694
   0.0044087487
   0.0041649864
   0.0045879261
   0.0045750058
   0.0042021564
   0.0039418770
   0.0039466145
   0.0040434122
   0.0040728454
   0.0038509059
   0.0033542027
   0.0027939932
   0.0025036854
   0.0026597559
   0.0025507888
   0.0018197631
   0.0013321822
   0.0019984518
   0.0024423175
   0.0023196751
   0.0017726509
   0.0022360259
   0.0033269890
   0.0039778668
   0.0039835315
   0.0037761365
   0.0036865198
   0.0037128167
   0.0037406901
   0.0037256437
   0.0036980628
   0.0036726266
   0.0033788714
   0.0021774396
   0.0001786690
  -0.0017504769
  -0.0026763040
  -0.0027561988
  -0.0030892004
  -0.0042868945
  -0.0065765141
  -0.0084162333
  -0.0090744746
  -0.0093843714
  -0.0094079636
  -0.0101950244
  -0.0124923974
  -0.0145613428
  -0.0152585401
  -0.0150191709
  -0.0147725005
  -0.0148563903
  -0.0150654302
  -0.0151377292
  -0.0153547071
  -0.0161825616
  -0.0164680614
  -0.0162003854
  -0.0159358974
  -0.0155894176
  -0.0151711822
  -0.0148599185
  -0.0147214145
  -0.0147113940
  -0.0147351625
  -0.0147224185
  -0.0146355149
  -0.0145494845
  -0.0145207794
  -0.0145118644
  -0.0144448194
  -0.0143621907
  -0.0142974854
  -0.0142737149
  -0.0142276734
  -0.0141151719
  -0.0132929427
  -0.0117275412
  -0.0102156027
  -0.0094119025
  -0.0092789886
  -0.0089508055
  -0.0080764781
  -0.0077539016
  -0.0081399659
  -0.0085639779
  -0.0086446527
  -0.0084998845
  -0.0083738902
  -0.0083632598
  -0.0084032093
  -0.0084217341
  -0.0083891378
  -0.0083262350
  -0.0082491113
  -0.0081666631
  -0.0080913005
  -0.0080336704
  -0.0080103893
  -0.0079884213
  -0.0079425623
  -0.0078729868
  -0.0078240974
  -0.0078105403
  -0.0073463174
  -0.0060191401
  -0.0045227520
  -0.0033280406
  -0.0022452749
  -0.0006647006
   0.0008294582
   0.0020206955
   0.0032534330
   0.0051246471
   0.0079126106
   0.0098922878
   0.0103802419
   0.0106087296
   0.0114972696
   0.0117238740
   0.0119710380
   0.0133583428
   0.0150254828
   0.0158441215
   0.0164206634
   0.0174912804
   0.0185762407
   0.0197236578
   0.0203588027
   0.0208767147
   0.0212638679
   0.0220019584
   0.0226124429
   0.0221933674
   0.0209518430
   0.0196501246
   0.0186514395
   0.0181801041
   0.0174338162
   0.0162746362
   0.0154875381
   0.0152801721
   0.0142544537
   0.0118482629
   0.0098945860
   0.0093358160
   0.0096393014
   0.0099676193
   0.0095208841
   0.0076402406
   0.0052870503
   0.0043636655
   0.0042732005
   0.0042006567
   0.0039848901
   0.0038361851
   0.0038910213
   0.0040065823
   0.0040782860
   0.0040876491
   0.0040862614
   0.0041544784
   0.0042498012
   0.0042988441
   0.0043102959
   0.0041695476
   0.0031702796
   0.0020211525
   0.0015450161
   0.0017039779
   0.0017943678
   0.0022198594
   0.0032652954
   0.0042262298
   0.0038902227
   0.0029345942
   0.0024036851
   0.0025146704
   0.0028679703
   0.0030677654
   0.0030664441
   0.0030682632
   0.0030882359
   0.0023395814
   0.0010550307
   0.0002267141
  -0.0004216956
  -0.0023923620
  -0.0046796045
  -0.0058134894
  -0.0058361441
  -0.0055881461
  -0.0055598932
  -0.0056833259
  -0.0057529906
  -0.0057186416
  -0.0051378039
  -0.0038582113
  -0.0028530276
  -0.0024449186
  -0.0021396120
  -0.0021253310
  -0.0014690353
  -0.0004078224
   0.0008339836
   0.0018567595
   0.0025454767
   0.0029953087
   0.0025755281
   0.0012878385
  -0.0003806283
  -0.0019982983
  -0.0028351914
  -0.0029273448
  -0.0027732635
  -0.0027170127
  -0.0027683662
  -0.0028126923
  -0.0028065734
  -0.0027832425
  -0.0025191590
  -0.0018086163
  -0.0007756557
   0.0000526105
   0.0006504642
   0.0014932939
   0.0022578280
   0.0029456229
   0.0040958754
   0.0054648856
   0.0063683246
   0.0081049302
   0.0105379158
   0.0120150468
   0.0117741012
   0.0110490430
   0.0107834433
   0.0105921753
   0.0102893412
   0.0093508022
   0.0083883807
   0.0074197033
   0.0064697540
   0.0059387391
   0.0058568137
   0.0059535657
   0.0060353833
   0.0060932416
   0.0060758119
   0.0060404236
   0.0060824266
   0.0062869551
   0.0067914904
   0.0068047841
   0.0064338140
   0.0060259103
   0.0055208709
   0.0052027685
   0.0053266430
   0.0058333874
   0.0062159939
   0.0062860196
   0.0062036233
   0.0061567729
   0.0061782763
   0.0061939346
   0.0055630377
   0.0044353962
   0.0039228523
   0.0036574081
   0.0038436980
   0.0052366115
   0.0063694924
   0.0065766904
   0.0062724231
   0.0056340196
   0.0048262768
   0.0038883663
   0.0029288009
   0.0023680106
   0.0015752823
   0.0007507298
   0.0000349505
  -0.0012341299
  -0.0031279655
  -0.0049247981
  -0.0057487613
  -0.0057378032
  -0.0056551974
  -0.0066854999
  -0.0079824600
  -0.0081648337
  -0.0082236046
  -0.0087529788
  -0.0092662238
  -0.0090683080
  -0.0085830462
  -0.0082552282
  -0.0073599056
  -0.0060657934
  -0.0052585173
  -0.0051589962
  -0.0054056355
  -0.0055836140
  -0.0055842839
  -0.0055263323
  -0.0055084629
  -0.0055263219
  -0.0055391033
  -0.0055336170
  -0.0055228559
  -0.0055180665
  -0.0055180686
  -0.0055269421
  -0.0059125832
  -0.0063318557
  -0.0070858098
  -0.0079751172
  -0.0084860785
  -0.0087485255
  -0.0076898995
  -0.0060295215
  -0.0050843160
  -0.0050475442
  -0.0053065148
  -0.0053912757
  -0.0053050483
  -0.0052319818
  -0.0052457194
  -0.0048779103
  -0.0040577367
  -0.0030212593
  -0.0019753502
  -0.0020217318
  -0.0036127730
  -0.0052178149
  -0.0057379754
  -0.0050827500
  -0.0046802994
  -0.0049975597
  -0.0057390145
  -0.0061860463
  -0.0061364870
  -0.0059962821
  -0.0059692799
  -0.0061011796
  -0.0061686229
  -0.0062473084
  -0.0067988498
  -0.0082094585
  -0.0093352290
  -0.0103266772
  -0.0110057541
  -0.0112648553
  -0.0111559629
  -0.0105198161
  -0.0098833396
  -0.0092934749
  -0.0086762555
  -0.0082935619
  -0.0078695187
  -0.0074756035
  -0.0070894771
  -0.0065834316
  -0.0063071372
  -0.0059002458
  -0.0055010994
  -0.0051693694
  -0.0047099047
  -0.0046182947
  -0.0039881425
  -0.0024060166
  -0.0002524869
   0.0019200770
   0.0033290694
   0.0037534051
   0.0042818500
   0.0054747091
   0.0064594327
   0.0067306639
   0.0065677775
   0.0064288048
   0.0064537099
   0.0065276704
   0.0065335425
   0.0058761516
   0.0047586738
   0.0048531193
   0.0054048535
   0.0055433492
   0.0057173970
   0.0056989655
   0.0058473635
   0.0057544654
   0.0051421100
   0.0044362301
   0.0045286780
   0.0054763208
   0.0064110266
   0.0067358101
   0.0066282701
   0.0065009710
   0.0065117819
   0.0066154099
   0.0071805353
   0.0085295106
   0.0094569505
   0.0098294431
   0.0095163644
   0.0091744956
   0.0080656279
   0.0069132098
   0.0063470494
   0.0055798638
   0.0043818129
   0.0027739397
   0.0013179923
   0.0006013778
   0.0000539127
  -0.0008007263
  -0.0018211188
  -0.0023912274
  -0.0024339833
  -0.0022942078
  -0.0022404274
  -0.0022807980
  -0.0023215958
  -0.0027596441
  -0.0038851077
  -0.0043853598
  -0.0037663129
  -0.0026965754
  -0.0025668931
  -0.0037307795
  -0.0041711655
  -0.0038408812
  -0.0037741929
  -0.0039020499
  -0.0039113362
  -0.0035489119
  -0.0036945760
  -0.0041680209
  -0.0045132085
  -0.0044809254
  -0.0044373066
  -0.0043705934
  -0.0044451886
  -0.0042754655
  -0.0033195985
  -0.0023850130
  -0.0020535674
  -0.0023069808
  -0.0030596635
  -0.0040500040
  -0.0047382842
  -0.0046162101
  -0.0044625561
  -0.0042850028
  -0.0045657610
  -0.0049989929
  -0.0052140149
  -0.0052010655
  -0.0055228248
  -0.0061668785
  -0.0063707743
  -0.0066279714
  -0.0068861475
  -0.0068575481
  -0.0060638395
  -0.0052444893
  -0.0049466002
  -0.0048437708
  -0.0038863626
  -0.0026450331
  -0.0020159833
  -0.0018467840
  -0.0015509699
  -0.0012316595
  -0.0011373522
  -0.0006897242
  -0.0002861750
   0.0004650227
   0.0019506076
   0.0029989220
   0.0029435196
   0.0023096275
   0.0014754737
   0.0013472701
   0.0015283391
   0.0018867791
   0.0022859026
   0.0020100695
   0.0022948612
   0.0032000114
   0.0038925209
   0.0041718935
   0.0045521727
   0.0044649953
   0.0040542728
   0.0015270108
  -0.0043667333
  -0.0080750220
  -0.0066159098
  -0.0004359536
   0.0051062778
   0.0072753044
   0.0071074253
   0.0066511798
   0.0068434849
   0.0076224230
   0.0077750504
   0.0074245010
   0.0076089593
   0.0077194530
   0.0074267204
   0.0066618247
   0.0065053974
   0.0069842539
   0.0073662859
   0.0066440901
   0.0053708757
   0.0050737790
   0.0052334151
   0.0052867039
   0.0052500296
   0.0052963324
   0.0054561801
   0.0056191868
   0.0050600725
   0.0035845407
   0.0016993368
   0.0011976497
   0.0018717495
   0.0021985572
   0.0016225894
   0.0009916919
   0.0006679192
  -0.0008259084
  -0.0027643464
  -0.0040696967
  -0.0045186720
  -0.0044733690
  -0.0043911469
  -0.0044150564
  -0.0044673682
  -0.0044678764
  -0.0043960026
  -0.0039427503
  -0.0031261609
  -0.0025737857
  -0.0027004770
  -0.0023497139
  -0.0015662627
  -0.0005962636
  -0.0004333396
  -0.0008585228
  -0.0008068378
  -0.0002966050
  -0.0005853850
  -0.0020080957
  -0.0025496563
  -0.0020152040
  -0.0010259188
  -0.0007722614
  -0.0009054896
  -0.0012315738
  -0.0018326241
  -0.0016898157
  -0.0013242805
  -0.0022656250
  -0.0026011447
  -0.0007815149
   0.0009183060
   0.0015930616
   0.0011137876
   0.0002623799
  -0.0001838805
  -0.0005294758
  -0.0012328992
  -0.0014148567
  -0.0014058944
  -0.0016330607
  -0.0019272953
  -0.0020621855
  -0.0020487137
  -0.0024284327
  -0.0032400335
  -0.0042659760
  -0.0049395437
  -0.0051182523
  -0.0050659674
  -0.0050373308
  -0.0050508381
  -0.0049026724
  -0.0038756513
  -0.0027838254
  -0.0030348454
  -0.0034893963
  -0.0039135183
  -0.0035227082
  -0.0026065459
  -0.0022038859
  -0.0028083136
  -0.0034137329
  -0.0030769148
  -0.0023874025
  -0.0019046305
  -0.0014836175
  -0.0014764604
  -0.0008233331
   0.0002825608
   0.0009783341
   0.0011887856
   0.0014718544
   0.0013934746
   0.0014580874
   0.0015075895
   0.0016212798
   0.0015785039
   0.0013614716
   0.0020261138
   0.0031929446
   0.0038977770
   0.0039390955
   0.0036008171
   0.0032133881
   0.0039770558
   0.0036544938
   0.0014729355
  -0.0011995070
  -0.0025518322
  -0.0021380812
  -0.0016259880
  -0.0022653035
  -0.0027842734
  -0.0020918033
  -0.0003815377
   0.0001869680
  -0.0007873437
  -0.0013812983
  -0.0008603247
  -0.0001876832
  -0.0000193441
   0.0005100107
   0.0017318637
   0.0031176670
   0.0038313439
   0.0038521483
   0.0036723072
   0.0036212130
   0.0036821411
   0.0037266227
   0.0037148744
   0.0036875341
   0.0034486482
   0.0024309591
   0.0005741253
  -0.0013393588
  -0.0023738931
  -0.0025031067
  -0.0023211768
  -0.0022555485
  -0.0023225188
  -0.0023810990
  -0.0023769650
  -0.0023514542
  -0.0023452772
  -0.0023601286
  -0.0027129389
  -0.0030391743
  -0.0027279500
  -0.0018357541
  -0.0014035244
  -0.0003626056
   0.0010461327
   0.0022408941
   0.0031294465
   0.0035749371
   0.0036788099
   0.0040556874
   0.0044932690
   0.0058426135
   0.0074800818
   0.0077487534
   0.0077059996
   0.0082454607
   0.0094217032
   0.0100650330
   0.0099509032
   0.0096191607
   0.0097805309
   0.0109588912
   0.0117289309
   0.0113397180
   0.0108344484
   0.0105777118
   0.0098918522
   0.0087105921
   0.0081719441
   0.0076180962
   0.0066222590
   0.0057159762
   0.0053030259
   0.0054165521
   0.0063876273
   0.0077575253
   0.0080915764
   0.0078402970
   0.0078774048
   0.0078681310
   0.0077574963
   0.0071825494
   0.0065085481
   0.0061655468
   0.0061307207
   0.0050751293
   0.0028173427
   0.0010960717
   0.0010337803
   0.0006767865
  -0.0000620087
  -0.0003780254
  -0.0002324610
  -0.0006492689
  -0.0014982754
  -0.0023228071
  -0.0028675181
  -0.0032613067
  -0.0038960616
  -0.0046564604
  -0.0054860738
  -0.0060578263
  -0.0061594113
  -0.0067346547
  -0.0073969263
  -0.0073605050
  -0.0070740034
  -0.0070792574
  -0.0073260709
  -0.0078400398
  -0.0082027629
  -0.0078891906
  -0.0072772334
  -0.0069212682
  -0.0074261105
  -0.0083067622
  -0.0079659471
  -0.0071403618
  -0.0062109245
  -0.0054862770
  -0.0047368157
  -0.0044074731
  -0.0046919212
  -0.0046648734
  -0.0049983064
  -0.0057249347
  -0.0063219679
  -0.0069158503
  -0.0072673062
  -0.0077760502
  -0.0082643154
  -0.0088311292
  -0.0085314791
  -0.0080550805
  -0.0080534647
  -0.0086697134
  -0.0094247523
  -0.0100782084
  -0.0104310810
  -0.0101733031
  -0.0098308432
  -0.0097630991
  -0.0094735090
  -0.0087257215
  -0.0079288165
  -0.0067978687
  -0.0057088263
  -0.0053165872
  -0.0050615784
  -0.0047537890
  -0.0043912278
  -0.0033834907
  -0.0022253955
  -0.0012595961
  -0.0011646877
  -0.0020234793
  -0.0024140853
  -0.0022046824
  -0.0019400596
  -0.0018557967
  -0.0019001232
  -0.0017586724
  -0.0014190242
  -0.0012730649
  -0.0007927356
  -0.0007356033
  -0.0007391004
  -0.0001727429
   0.0009535254
   0.0010737943
   0.0002624552
  -0.0005570540
  -0.0008495226
  -0.0007680375
  -0.0013839697
  -0.0021438019
  -0.0016020667
  -0.0004524679
   0.0006777274
   0.0016990340
   0.0018444990
   0.0015278440
   0.0014244228
   0.0016970462
   0.0018655407
   0.0030361999
   0.0043447507
   0.0049431072
   0.0052866022
   0.0048958046
   0.0050571458
   0.0058215934
   0.0066974743
   0.0079004702
   0.0084485538
   0.0079598800
   0.0074087597
   0.0081730849
   0.0085935273
   0.0082392256
   0.0082590448
   0.0094098636
   0.0091207422
   0.0063097922
   0.0044578351
   0.0047853545
   0.0050232427
   0.0041904536
   0.0032271008
   0.0027666239
   0.0020935394
   0.0014721728
   0.0008007850
   0.0003498807
   0.0002225304
   0.0002670766
   0.0002917432
  -0.0003683840
  -0.0006542978
   0.0006014210
   0.0019890649
   0.0027836449
   0.0028229493
   0.0024672662
   0.0028616543
   0.0035634978
   0.0032571147
   0.0033128801
   0.0042932458
   0.0048978270
   0.0042611410
   0.0031402200
   0.0026593535
   0.0032345202
   0.0042052470
   0.0042122972
   0.0033039879
   0.0021404936
   0.0017544432
   0.0014489214
   0.0012380166
   0.0009187072
   0.0006680740
   0.0008433115
   0.0007373166
   0.0006462210
   0.0008217718
   0.0004685717
  -0.0001134749
  -0.0009356550
  -0.0012516068
   0.0000617273
   0.0020773916
   0.0025089290
   0.0018009707
   0.0016730434
   0.0031910487
   0.0039452559
   0.0028284522
   0.0016870182
   0.0008045429
   0.0007814772
   0.0014509483
   0.0018259959
   0.0022160367
   0.0018740888
   0.0009132142
  -0.0001842727
  -0.0007848976
  -0.0002823132
   0.0007386356
   0.0013406046
   0.0011146428
   0.0008982935
   0.0007411253
   0.0007026732
   0.0008639567
   0.0006568452
   0.0002936393
  -0.0001322293
  -0.0004729251
  -0.0002871944
   0.0000106735
  -0.0005828965
  -0.0014741995
  -0.0024344458
  -0.0038496323
  -0.0052565323
  -0.0056243205
  -0.0053353858
  -0.0053759762
  -0.0057011331
  -0.0055404868
  -0.0047326361
  -0.0036182427
  -0.0029483567
  -0.0032389031
  -0.0036428284
  -0.0034742731
  -0.0034960296
  -0.0037079071
  -0.0037423142
  -0.0029610924
  -0.0025674552
  -0.0032163563
  -0.0041759216
  -0.0043451739
  -0.0031621237
  -0.0020543392
  -0.0021640899
  -0.0027637179
  -0.0022625158
  -0.0011151368
  -0.0008155379
  -0.0008971127
  -0.0001063289
   0.0009142123
   0.0009079642
   0.0005761271
   0.0005061771
   0.0008503927
   0.0014938390
   0.0015266669
   0.0016600934
   0.0017082165
   0.0013329094
   0.0011166185
   0.0007275344
   0.0001113087
  -0.0003165515
  -0.0003889105
   0.0001257207
   0.0003676856
   0.0006091414
   0.0014487841
   0.0022598276
   0.0022963276
   0.0016715055
   0.0008385761
  -0.0000593819
   0.0001237412
   0.0015626629
   0.0031799579
   0.0032041723
   0.0026066662
   0.0022956307
   0.0030685494
   0.0039906025
   0.0042979086
   0.0045389060
   0.0050574320
   0.0058792069
   0.0071849908
   0.0072631847
   0.0060343192
   0.0057691405
   0.0057415741
   0.0056242957
   0.0051164706
   0.0041760191
   0.0036455871
   0.0046966463
   0.0056918364
   0.0053394700
   0.0043816926
   0.0038143311
   0.0034782121
   0.0032526468
   0.0030519536
   0.0025713651
   0.0022250118
   0.0023382974
   0.0026847005
   0.0016713336
   0.0001925975
  -0.0003189744
  -0.0006345967
  -0.0005532171
   0.0003021969
   0.0011320208
   0.0014567192
   0.0011009695
   0.0008786876
   0.0006543725
  -0.0000285550
  -0.0011831470
  -0.0016275136
  -0.0006021610
   0.0001575331
  -0.0006539263
  -0.0016226452
  -0.0017150911
  -0.0008008381
   0.0000503561
   0.0002360695
  -0.0006419921
  -0.0021578859
  -0.0031125748
  -0.0032019425
  -0.0027166559
  -0.0021734488
  -0.0016122780
  -0.0007126545
  -0.0000820119
  -0.0010575787
  -0.0029203900
  -0.0037152954
  -0.0034145563
  -0.0029600677
  -0.0028851054
  -0.0030409810
  -0.0031337546
  -0.0031182685
  -0.0034997363
  -0.0039129686
  -0.0047547390
  -0.0063581796
  -0.0082027276
  -0.0091665679
  -0.0087633271
  -0.0084265380
  -0.0091469666
  -0.0093441938
  -0.0083166106
  -0.0065304872
  -0.0053297647
  -0.0042579757
  -0.0034165725
  -0.0033690459
  -0.0035302460
  -0.0033170618
  -0.0029998036
  -0.0026896682
  -0.0018468923
  -0.0017788668
  -0.0025023205
  -0.0031361421
  -0.0032608359
  -0.0031702464
  -0.0036095330
  -0.0042191297
  -0.0040426862
  -0.0033861893
  -0.0029632122
  -0.0029564876
  -0.0030956719
  -0.0031454947
  -0.0031141989
  -0.0031193761
  -0.0031561624
  -0.0031737477
  -0.0029806855
  -0.0021681927
  -0.0023154893
  -0.0027907616
  -0.0036233494
  -0.0039861077
  -0.0032854216
  -0.0013324566
  -0.0002452865
   0.0001623037
   0.0007215706
   0.0011766140
   0.0015002561
   0.0012039265
   0.0017997880
   0.0025758039
   0.0027228018
   0.0023655755
   0.0016050011
   0.0014806331
   0.0026519423
   0.0034882886
   0.0030901877
   0.0026420462
   0.0026078568
   0.0030568778
   0.0034050294
   0.0026901515
   0.0016963980
   0.0012139523
   0.0012092438
   0.0013083287
   0.0012690170
   0.0011189298
   0.0011594364
   0.0016050992
   0.0017740629
   0.0024590813
   0.0028241130
   0.0032938429
   0.0047159718
   0.0057833987
   0.0063652444
   0.0059302846
   0.0046119435
   0.0036436934
   0.0040989660
   0.0044476092
   0.0044214575
   0.0043600294
   0.0051430351
   0.0061822982
   0.0064110536
   0.0059116602
   0.0055938191
   0.0052612553
   0.0047737285
   0.0043645678
   0.0033541488
   0.0020716498
   0.0013956851
   0.0009902939
   0.0006350603
   0.0003967892
   0.0002999013
   0.0002378909
  -0.0003040572
  -0.0008590476
  -0.0009417808
  -0.0014745121
  -0.0023235062
  -0.0031944753
  -0.0040278825
  -0.0046688995
  -0.0049537003
  -0.0045992949
  -0.0041104281
  -0.0038516173
  -0.0037304746
  -0.0029599765
  -0.0019084947
  -0.0024521949
  -0.0037979738
  -0.0052492144
  -0.0059913165
  -0.0061014078
  -0.0061184952
  -0.0065863563
  -0.0067846497
  -0.0069337674
  -0.0066547350
  -0.0056909549
  -0.0040496307
  -0.0029284587
  -0.0029930582
  -0.0029088760
  -0.0025072074
  -0.0020735705
  -0.0022902606
  -0.0026214264
  -0.0018259283
  -0.0001301706
   0.0003536979
  -0.0001677129
  -0.0004736521
  -0.0001120792
   0.0007813409
   0.0011500729
   0.0006054983
  -0.0000485142
  -0.0000182756
   0.0007485881
   0.0016933711
   0.0027626953
   0.0035389494
   0.0045959097
   0.0050890369
   0.0053859325
   0.0056913593
   0.0059086712
   0.0059697259
   0.0059359597
   0.0058991298
   0.0054285121
   0.0044757813
   0.0036626476
   0.0030659795
   0.0028013048
   0.0026270745
   0.0020556974
   0.0014576630
   0.0009607203
   0.0008107511
   0.0008406455
   0.0010546621
   0.0003555574
  -0.0004851279
  -0.0003980702
   0.0008225088
   0.0012363008
   0.0011753517
   0.0012835911
   0.0018053483
   0.0017708258
   0.0012677698
   0.0011966724
   0.0016191176
   0.0016118323
   0.0007453868
   0.0001676888
   0.0013543218
   0.0028239055
   0.0022639636
   0.0008063603
   0.0003435014
   0.0004022100
   0.0002106174
  -0.0001265094
  -0.0002863032
  -0.0002212956
   0.0002998271
   0.0005338184
   0.0001778249
  -0.0009018969
  -0.0018236664
  -0.0016788232
  -0.0007593824
  -0.0000908375
  -0.0000117146
  -0.0001875417
  -0.0002712198
  -0.0001288106
   0.0003917519
   0.0003703630
  -0.0001056379
  -0.0005261141
  -0.0012528495
  -0.0018863410
  -0.0015320389
  -0.0008647911
  -0.0006030038
  -0.0007315492
  -0.0009122592
  -0.0009918066
  -0.0009882047
  -0.0009994095
  -0.0010046048
  -0.0010988235
  -0.0020030738
  -0.0033248940
  -0.0040003244
  -0.0035741447
  -0.0029444654
  -0.0028163471
  -0.0029688520
  -0.0032825177
  -0.0032653577
  -0.0032625658
  -0.0024526035
  -0.0013397884
  -0.0007415532
  -0.0007381666
  -0.0009132376
  -0.0009681226
  -0.0012066604
  -0.0015337738
  -0.0014493572
  -0.0015951213
  -0.0015100648
  -0.0011714183
  -0.0008985418
  -0.0008406547
  -0.0009016591
  -0.0009448963
  -0.0009473080
  -0.0009616278
  -0.0006029551
   0.0004816190
   0.0006968305
   0.0000219306
   0.0000356906
   0.0006512848
   0.0011802255
   0.0009984653
   0.0014031282
   0.0021700782
   0.0030536565
   0.0040152069
   0.0046615961
   0.0048208942
   0.0047033253
   0.0045745349
   0.0045189935
   0.0044813153
   0.0044505194
   0.0049620698
   0.0060395442
   0.0057688958
   0.0037930165
   0.0027731390
   0.0032648412
   0.0040263455
   0.0038208255
   0.0033803047
   0.0031511947
   0.0029423726
   0.0027300367
   0.0025454290
   0.0021533434
   0.0022020875
   0.0025533173
   0.0031151551
   0.0034994023
   0.0035648668
   0.0031581723
   0.0027285184
   0.0028954371
   0.0033460075
   0.0036012154
   0.0032149998
   0.0024275615
   0.0018531713
   0.0012540627
   0.0007636546
   0.0005450418
   0.0003928942
  -0.0005835287
  -0.0018583393
  -0.0025134197
  -0.0023538914
  -0.0016927831
  -0.0016503313
  -0.0022048753
  -0.0030812208
  -0.0036988863
  -0.0038922969
  -0.0044725082
  -0.0055411049
  -0.0060854778
  -0.0066842616
  -0.0067797255
  -0.0072118747
  -0.0079886660
  -0.0082477361
  -0.0072099001
  -0.0063882662
  -0.0067255199
  -0.0074517147
  -0.0078498530
  -0.0073441125
  -0.0063168529
  -0.0061076512
  -0.0065283570
  -0.0070344439
  -0.0067544698
  -0.0065382966
  -0.0063608035
  -0.0050815034
  -0.0035440084
  -0.0028058640
  -0.0028643632
  -0.0031135393
  -0.0032224732
  -0.0031726525
  -0.0030835398
  -0.0030516300
  -0.0030666246
  -0.0030521175
  -0.0029649401
  -0.0028835726
  -0.0028601359
  -0.0028760058
  -0.0028920997
  -0.0027864721
  -0.0017985349
  -0.0003194156
   0.0010332033
   0.0017020659
   0.0017575890
   0.0016417890
   0.0019934185
   0.0023562913
   0.0024892612
   0.0023851458
   0.0026643316
   0.0031218030
   0.0033726861
   0.0033611618
   0.0032730219
   0.0032450925
   0.0032693526
   0.0032877032
   0.0032807629
   0.0032661500
   0.0032596598
   0.0032455261
   0.0031974456
   0.0036170375
   0.0038793517
   0.0040233731
   0.0051835322
   0.0060188227
   0.0062509632
   0.0069593882
   0.0082038145
   0.0090767438
   0.0092062353
   0.0087106502
   0.0076942740
   0.0077001378
   0.0084623453
   0.0089896349
   0.0089881601
   0.0087431760
   0.0081946008
   0.0078086341
   0.0070781705
   0.0054769202
   0.0044896869
   0.0037651846
   0.0032271132
   0.0026602786
   0.0025375553
   0.0031128029
   0.0033607096
   0.0031650318
   0.0029089237
   0.0025032353
   0.0019285524
   0.0018802163
   0.0024436906
   0.0025497911
   0.0018079002
   0.0009806247
   0.0007078621
   0.0004426736
  -0.0000818944
  -0.0001970278
  -0.0005057689
  -0.0014213123
  -0.0019153160
  -0.0022082106
  -0.0022851103
  -0.0019340356
  -0.0019531510
  -0.0022970184
  -0.0025677497
  -0.0026235234
  -0.0032548538
  -0.0037608889
  -0.0043231021
  -0.0049007931
  -0.0048072666
  -0.0046253056
  -0.0044117107
  -0.0043409590
  -0.0043051518
  -0.0040103968
  -0.0032609022
  -0.0035428863
  -0.0043595192
  -0.0045874137
  -0.0045562569
  -0.0047569522
  -0.0047793953
  -0.0046974407
  -0.0052331040
  -0.0056420551
  -0.0054851279
  -0.0053769698
  -0.0059127533
  -0.0067585767
  -0.0069573741
  -0.0064778704
  -0.0064551474
  -0.0068256425
  -0.0074708764
  -0.0078895473
  -0.0079307330
  -0.0078228363
  -0.0080732548
  -0.0092844666
  -0.0100498518
  -0.0095952263
  -0.0084366519
  -0.0076635237
  -0.0071631990
  -0.0071837587
  -0.0074895381
  -0.0076520242
  -0.0069675254
  -0.0060984935
  -0.0060543333
  -0.0061889357
  -0.0056236402
  -0.0048942822
  -0.0045832591
  -0.0047296202
  -0.0055674537
  -0.0052385094
  -0.0041120730
  -0.0033298120
  -0.0028990608
  -0.0027974385
  -0.0024951002
  -0.0027906745
  -0.0033161201
  -0.0033027621
  -0.0034963262
  -0.0038173823
  -0.0034893465
  -0.0027686421
  -0.0023674817
  -0.0023470071
  -0.0024990578
  -0.0022156052
  -0.0017976044
  -0.0013136768
  -0.0009802335
  -0.0004534424
   0.0016375194
   0.0038024687
   0.0046877044
   0.0045185683
   0.0042250392
   0.0042215047
   0.0043790168
   0.0044924331
   0.0045059197
   0.0044815248
   0.0044733793
   0.0044816949
   0.0044868390
   0.0045503578
   0.0050507883
   0.0051593385
   0.0048652763
   0.0053794423
   0.0067146572
   0.0084599226
   0.0099518781
   0.0105876473
   0.0105750982
   0.0104280028
   0.0104063521
   0.0104646045
   0.0109726267
   0.0118922716
   0.0116466507
   0.0111278987
   0.0114047448
   0.0125297355
   0.0135132477
   0.0130504912
   0.0115299510
   0.0104708293
   0.0103132611
   0.0105436427
   0.0106467086
   0.0105661791
   0.0104759775
   0.0104634762
   0.0104857554
   0.0101951073
   0.0098026815
   0.0099393394
   0.0102473383
   0.0099690381
   0.0098221522
   0.0100568668
   0.0103466353
   0.0104295398
   0.0103502196
   0.0102689060
   0.0102491677
   0.0102532830
   0.0102388381
   0.0099147620
   0.0091649231
   0.0078617549
   0.0063413764
   0.0050146429
   0.0043288954
   0.0041157589
   0.0032846251
   0.0019287176
   0.0006812177
   0.0001126935
  -0.0005834062
  -0.0012833080
  -0.0016449366
  -0.0021277288
  -0.0037853709
  -0.0061297914
  -0.0075951844
  -0.0078093932
  -0.0075126221
  -0.0082331606
  -0.0106561816
  -0.0123860293
  -0.0119618492
  -0.0105383493
  -0.0108698781
  -0.0119453177
  -0.0127458090
  -0.0122920713
  -0.0120173657
  -0.0125329173
  -0.0127677896
  -0.0119367242
  -0.0102852758
  -0.0098751132
  -0.0109577172
  -0.0112223483
  -0.0105407699
  -0.0098829185
  -0.0097579717
  -0.0101526709
  -0.0106295424
  -0.0104514083
  -0.0099845284
  -0.0097680959
  -0.0101875344
  -0.0104152070
  -0.0106240291
  -0.0110952401
  -0.0113760003
  -0.0113125333
  -0.0111934108
  -0.0104313403
  -0.0092512023
  -0.0088002399
  -0.0083499869
  -0.0078045313
  -0.0062694445
  -0.0045295845
  -0.0037181101
  -0.0036330733
  -0.0029222692
  -0.0016968803
  -0.0008778448
  -0.0001749116
   0.0008587946
   0.0016644721
   0.0019099143
   0.0019922824
   0.0026860301
   0.0030371022
   0.0028888452
   0.0029212362
   0.0036877498
   0.0044887265
   0.0047706503
   0.0046536975
   0.0045090829
   0.0044944845
   0.0045366265
   0.0042760090
   0.0039071919
   0.0040254079
   0.0043207769
   0.0041485876
   0.0040642560
   0.0042221415
   0.0044088151
   0.0044556531
   0.0043934638
   0.0040269781
   0.0037272678
   0.0039736271
   0.0043891328
   0.0045617432
   0.0044612265
   0.0042944633
   0.0042058257
   0.0041940669
   0.0041933721
   0.0041718583
   0.0039762593
   0.0035565761
   0.0034197149
   0.0029677029
   0.0028668253
   0.0024925095
   0.0018654518
   0.0014438893
   0.0012141721
   0.0009059472
   0.0006181369
   0.0008029497
   0.0016620311
   0.0020998451
   0.0018633800
   0.0020469386
   0.0024298079
   0.0025715227
   0.0028218749
   0.0030050804
   0.0017683536
   0.0005702006
   0.0012546916
   0.0023119756
   0.0022853301
   0.0022573219
   0.0025645160
   0.0029176810
   0.0031314958
   0.0030355880
   0.0024834762
   0.0022686949
   0.0027971605
   0.0034404405
   0.0035099062
   0.0022544450
   0.0009941188
   0.0002616716
  -0.0004608291
  -0.0007617381
  -0.0010244928
  -0.0012890488
  -0.0014363838
  -0.0014470851
  -0.0014036546
  -0.0013838558
  -0.0014303905
  -0.0014529267
  -0.0014175878
  -0.0014162033
  -0.0014445869
  -0.0014185984
  -0.0010746954
  -0.0006806251
  -0.0004500317
  -0.0003956185
  -0.0001411012
  -0.0001000314
   0.0000723609
   0.0008815504
   0.0017341935
   0.0022668115
   0.0023169703
   0.0016479839
   0.0009593345
   0.0007182083
   0.0009614877
   0.0004492885
  -0.0006430869
  -0.0011133231
  -0.0012347049
  -0.0012056645
  -0.0005763129
   0.0001541620
  -0.0001492886
  -0.0011080507
  -0.0017337091
  -0.0017628469
  -0.0015666411
  -0.0012313345
  -0.0011217474
  -0.0013491468
  -0.0010973940
   0.0004674850
   0.0013744434
   0.0002107389
  -0.0014064262
  -0.0019484453
  -0.0013996730
  -0.0010958854
  -0.0013284629
  -0.0016365572
  -0.0016966793
  -0.0015895942
  -0.0015080248
  -0.0015059376
  -0.0015240951
  -0.0014901884
  -0.0014082478
  -0.0016162153
  -0.0018777253
  -0.0020025718
  -0.0017154079
  -0.0013452149
  -0.0015263786
  -0.0020250559
  -0.0018958242
  -0.0013916306
  -0.0010654107
  -0.0012684033
  -0.0014994853
  -0.0013289323
  -0.0010220396
  -0.0008775544
  -0.0009031540
  -0.0009520519
  -0.0009450195
  -0.0009068980
  -0.0009691912
  -0.0012419192
  -0.0013817735
  -0.0019247514
  -0.0018945043
  -0.0012716220
  -0.0007263320
  -0.0005971288
  -0.0009122138
  -0.0011417145
  -0.0009864340
  -0.0007293611
  -0.0006281809
  -0.0008696363
  -0.0011108287
  -0.0011900643
  -0.0009414439
  -0.0006544026
  -0.0005406376
  -0.0006437378
  -0.0009379933
  -0.0009147390
  -0.0006659686
  -0.0004824497
  -0.0005539508
  -0.0008652323
  -0.0008525161
  -0.0005972933
  -0.0004112936
  -0.0007197368
  -0.0013886921
  -0.0013734146
  -0.0008434439
  -0.0006109124
  -0.0005273342
  -0.0004460888
  -0.0005726461
  -0.0006591005
  -0.0005021828
  -0.0002944831
  -0.0002042711
  -0.0002179205
  -0.0002415241
  -0.0002306444
  -0.0002028791
  -0.0001834260
  -0.0001747323
  -0.0001668002
  -0.0001545493
  -0.0001402458
  -0.0000521479
   0.0003674404
   0.0004868970
   0.0002733747
   0.0004747525
   0.0010990479
   0.0019084325
   0.0021408628
   0.0019959453
   0.0019805316
   0.0020878499
   0.0023251344
   0.0024945215
   0.0025130359
   0.0024565840
   0.0025936090
   0.0026562090
   0.0025047826
   0.0023382290
   0.0022653222
   0.0022635176
   0.0022616882
   0.0022270632
   0.0021760851
   0.0021302677
   0.0020924629
   0.0020552452
   0.0020146253
   0.0019723009
   0.0019307055
   0.0018901018
   0.0018495693
   0.0018085984
   0.0017674171
   0.0017263419
   0.0016908611
   0.0016784890
   0.0016582266
   0.0016195370
   0.0015546429
   0.0014871822
   0.0014463662
   0.0014115516
   0.0013670050
   0.0013183387
   0.0012799668
   0.0012506815
   0.0012097267
   0.0011665609
   0.0011310986
   0.0011053752
   0.0010073081
   0.0006933097
   0.0004411812
   0.0006101870
   0.0008950596
   0.0009868451
   0.0007807684
   0.0006380096
   0.0006181840
   0.0005850012
   0.0005999790
   0.0006230947
   0.0006168982
   0.0005810980
   0.0005371239
   0.0004080827
  -0.0000150254
  -0.0006177403
  -0.0010046097
  -0.0010697525
  -0.0009993058
  -0.0009651446
  -0.0009878326
  -0.0010084491
  -0.0010641699
  -0.0011207053
  -0.0011281547
  -0.0012292094
  -0.0012886920
  -0.0012372833
  -0.0012153086
  -0.0011431681
  -0.0012115161
  -0.0014647701
  -0.0017379814
  -0.0017727710
  -0.0015316985
  -0.0014300068
  -0.0015331891
  -0.0014817604
  -0.0011656615
  -0.0009451987
  -0.0010125113
  -0.0011969841
  -0.0012688965
  -0.0012188630
  -0.0011377981
  -0.0009858376
  -0.0008251283
  -0.0007221808
  -0.0008217251
  -0.0010540019
  -0.0011791883
  -0.0009768222
  -0.0006089056
  -0.0004394300
  -0.0004607527
  -0.0004782413
  -0.0004715681
  -0.0004097589
  -0.0003483705
  -0.0003233983
  -0.0003237312
  -0.0003237181
  -0.0002747890
  -0.0002462336
  -0.0002690228
  -0.0002999994
  -0.0003069277
  -0.0002951117
  -0.0002830566
  -0.0002779299
  -0.0002755417
  -0.0002713516
  -0.0002653280
  -0.0002593868
  -0.0002543085
  -0.0002495946
  -0.0002447074
  -0.0002396438
  -0.0002356327
  -0.0002823650
  -0.0003845733
  -0.0004570272
  -0.0004818893
  -0.0004949081
  -0.0005011457
  -0.0004908957
  -0.0004678455
  -0.0004449665
  -0.0004260896
  -0.0004084071
  -0.0003875243
  -0.0003644778
  -0.0003441793
  -0.0003269664
  -0.0003104359
  -0.0002936245
  -0.0002757543
  -0.0002588486
  -0.0002439615
  -0.0002287933
  -0.0002132661
  -0.0001982772
  -0.0001842278
  -0.0001708368
  -0.0001577456
  -0.0001443527
  -0.0001234873
  -0.0000913112
  -0.0000441258
  -0.0000062539
   0.0000253969
   0.0000466410
   0.0000551976
   0.0000565296
   0.0000577866
   0.0000603657
   0.0000629738
   0.0000654556
   0.0000672979
   0.0000683518
   0.0000692161
   0.0000704540
   0.0000720277
   0.0000732955
   0.0000739377
   0.0000742174
   0.0000744861
   0.0000748482
   0.0000752327
   0.0000755760
   0.0000758835
   0.0000761835
   0.0000764881
   0.0000816193
   0.0000985613
   0.0001128805
   0.0001186420
   0.0001168924
   0.0001127111
   0.0001092606
   0.0001066583
   0.0001064423
   0.0001126057
   0.0001153520
   0.0001133948
   0.0001115966
   0.0001085293
   0.0001039758
   0.0001009371
   0.0000977501
   0.0000927905
   0.0000900402
   0.0000901305
   0.0000896891
   0.0000869843
   0.0000821401
   0.0000770519
   0.0000745655
   0.0000744166
   0.0000731922
   0.0000690847
   0.0000648404
   0.0000630009
   0.0000613127
   0.0000580363
   0.0000550570
   0.0000536507
   0.0000532254
   0.0000527958
   0.0000520691
   0.0000512798
   0.0000506272
   0.0000500917
   0.0000492507
   0.0000481325
   0.0000469902
   0.0000457155
   0.0000449417
   0.0000448072
   0.0000449591
   0.0000450512
   0.0000450359
   0.0000450133
   0.0000450291
   0.0000450462
   0.0000449413
   0.0000447390
   0.0000445220
   0.0000443317
   0.0000441408
   0.0000440622
   0.0000441057
   0.0000441801
   0.0000442182
   0.0000442142
   0.0000441660
   0.0000440271
   0.0000438288
   0.0000436355
   0.0000435072
   0.0000434202
   0.0000433198
   0.0000431822
   0.0000430111
   0.0000428151
   0.0000425969
   0.0000423563
   0.0000420931
   0.0000418087
   0.0000415050
   0.0000411902
   0.0000408638
   0.0000405182
   0.0000401442
   0.0000397406
   0.0000393210
   0.0000388947
   0.0000384574
   0.0000380082
   0.0000375460
   0.0000370721
   0.0000365876
   0.0000360935
   0.0000355903
   0.0000350775
   0.0000345552
   0.0000340236
   0.0000334835
   0.0000329354
   0.0000323801
   0.0000318177
   0.0000312486
   0.0000306729
   0.0000300911
   0.0000295034
   0.0000289100
   0.0000283113
   0.0000277076
   0.0000270991
   0.0000264862
   0.0000258690
   0.0000252479
   0.0000246233
   0.0000239952
   0.0000233641
   0.0000227302
   0.0000220937
