   0.0001530801
   0.0001537911
   0.0001545096
   0.0001552157
   0.0001559249
   0.0001566215
   0.0001573164
   0.0001580000
   0.0001586813
   0.0001593456
   0.0001600183
   0.0001606887
   0.0001613714
   0.0001620360
   0.0001626886
   0.0001632473
   0.0001637696
   0.0001644734
   0.0001652804
   0.0001660204
   0.0001665349
   0.0001670307
   0.0001675149
   0.0001675125
   0.0001674858
   0.0001677779
   0.0001683040
   0.0001693121
   0.0001707778
   0.0001723838
   0.0001736282
   0.0001733312
   0.0001718120
   0.0001703893
   0.0001712534
   0.0001739765
   0.0001777802
   0.0001823044
   0.0001866687
   0.0001855634
   0.0001772751
   0.0001665349
   0.0001597021
   0.0001621937
   0.0001714256
   0.0001823887
   0.0001941371
   0.0002045169
   0.0002055655
   0.0001962624
   0.0001805948
   0.0001642925
   0.0001459270
   0.0001385013
   0.0001557061
   0.0001933962
   0.0002126662
   0.0002012404
   0.0001973751
   0.0002063598
   0.0002073367
   0.0001917340
   0.0001686438
   0.0001649497
   0.0001768940
   0.0001966428
   0.0002056646
   0.0001891191
   0.0001594047
   0.0001284993
   0.0000961216
   0.0000709400
   0.0000888729
   0.0001409365
   0.0001654948
   0.0001369439
   0.0001067093
   0.0001299345
   0.0001592302
   0.0001626139
   0.0001826314
   0.0002069757
   0.0001795046
   0.0001253339
   0.0000977315
   0.0001089757
   0.0001182014
   0.0001596172
   0.0002815935
   0.0003636101
   0.0003533972
   0.0002779102
   0.0002360092
   0.0002708581
   0.0002638788
   0.0001570715
   0.0000807964
   0.0000976883
   0.0002559482
   0.0004053136
   0.0004097409
   0.0002032544
  -0.0001857125
  -0.0006051871
  -0.0007386647
  -0.0004714974
  -0.0000786800
   0.0000685567
   0.0000214782
   0.0000661874
   0.0002968596
   0.0004958343
   0.0004987006
   0.0002972505
   0.0000452722
   0.0000742654
   0.0003975466
   0.0006000048
   0.0006851563
   0.0007888641
   0.0006882188
   0.0002910803
  -0.0002105406
  -0.0006935131
  -0.0009604782
  -0.0009264795
  -0.0008720352
  -0.0008459826
  -0.0004947223
   0.0001625899
   0.0010984961
   0.0016051787
   0.0015877378
   0.0012725106
   0.0008462058
   0.0004199505
   0.0003279792
   0.0007609044
   0.0014455245
   0.0015333874
   0.0010119795
   0.0004753228
  -0.0001252490
  -0.0009064311
  -0.0015040992
  -0.0010368080
   0.0003897673
   0.0015647187
   0.0012992340
   0.0000450349
  -0.0016327020
  -0.0032449538
  -0.0040989628
  -0.0036595400
  -0.0021111290
   0.0000286717
   0.0015043210
   0.0017585084
   0.0015694264
   0.0015939615
   0.0020851745
   0.0025470101
   0.0024711148
   0.0019462329
   0.0018458419
   0.0022529358
   0.0020024910
   0.0006181972
  -0.0015781852
  -0.0031669026
  -0.0038491826
  -0.0038355554
  -0.0033374218
  -0.0028651274
  -0.0021479821
  -0.0013108411
  -0.0009424773
  -0.0004652150
   0.0009219510
   0.0028245704
   0.0036989008
   0.0027772584
   0.0013309199
   0.0009423063
   0.0012171447
   0.0013499271
   0.0012618301
   0.0012097127
   0.0012258360
   0.0012290243
   0.0014961635
   0.0014849903
   0.0003378520
  -0.0014972750
  -0.0028905326
  -0.0032053115
  -0.0025517890
  -0.0027139837
  -0.0037574475
  -0.0037682093
  -0.0025118320
  -0.0013694730
   0.0000403816
   0.0009082805
   0.0014609540
   0.0024246081
   0.0018611302
   0.0007780153
   0.0004920808
   0.0007253329
   0.0008319456
   0.0007217926
   0.0004801142
  -0.0011117509
  -0.0032218744
  -0.0049743213
  -0.0059314291
  -0.0065080654
  -0.0056524048
  -0.0033213202
  -0.0006325387
   0.0011196744
   0.0029836593
   0.0042955107
   0.0041609417
   0.0017004419
  -0.0019086290
  -0.0029924294
  -0.0013902245
  -0.0000356352
   0.0003514518
   0.0014166792
   0.0039884308
   0.0062560883
   0.0059751974
   0.0033966545
   0.0000286179
  -0.0034124356
  -0.0057885962
  -0.0064284095
  -0.0062732102
  -0.0062393397
  -0.0056650567
  -0.0045553413
  -0.0024877324
   0.0001160966
   0.0023768427
   0.0042450891
   0.0049520570
   0.0040007777
   0.0025790315
   0.0013232946
  -0.0008702998
  -0.0037722591
  -0.0039866991
  -0.0012951545
   0.0003541993
   0.0003730956
   0.0011687054
   0.0025152623
   0.0041303646
   0.0057845405
   0.0079443066
   0.0099187321
   0.0113962046
   0.0107976089
   0.0072034682
   0.0007808291
  -0.0058694873
  -0.0116074469
  -0.0151509001
  -0.0158710593
  -0.0125084316
  -0.0050538951
   0.0035703635
   0.0079797759
   0.0069562661
   0.0024078048
  -0.0035665287
  -0.0089023271
  -0.0133826370
  -0.0156776035
  -0.0136953499
  -0.0089698179
  -0.0035729220
   0.0006923860
   0.0028852593
   0.0044404780
   0.0062795214
   0.0065788066
   0.0040118327
   0.0011773439
  -0.0012142443
  -0.0030421962
  -0.0044771884
  -0.0036188345
  -0.0015634027
  -0.0021769955
  -0.0045608394
  -0.0044732148
  -0.0021505934
   0.0006659794
   0.0025652167
   0.0035445146
   0.0046919782
   0.0062760306
   0.0058420806
   0.0043714236
   0.0022839584
   0.0000040365
  -0.0019588302
  -0.0033238865
  -0.0039599960
  -0.0051528385
  -0.0051511733
  -0.0033727953
  -0.0017398656
  -0.0035242341
  -0.0060323310
  -0.0056857143
  -0.0022626421
  -0.0002649845
  -0.0015144339
  -0.0033904175
  -0.0035218417
  -0.0016624293
   0.0015624862
   0.0044933976
   0.0052404416
   0.0030329805
  -0.0013392126
  -0.0049517169
  -0.0059462583
  -0.0042159975
  -0.0011564163
   0.0031317871
   0.0090315876
   0.0137921257
   0.0131578770
   0.0059637457
  -0.0019696525
  -0.0055650695
  -0.0057080647
  -0.0042659618
  -0.0013226849
   0.0024493938
   0.0059236441
   0.0075183624
   0.0059366595
   0.0018771515
  -0.0021406623
  -0.0030609306
  -0.0011550264
   0.0011467083
   0.0040844111
   0.0089505088
   0.0123160899
   0.0111334755
   0.0065944313
   0.0026779456
   0.0023095279
   0.0048434503
   0.0084905613
   0.0117506414
   0.0136649097
   0.0111660989
   0.0049539471
   0.0002891072
   0.0005263189
   0.0037014339
   0.0040164278
   0.0010639443
  -0.0011708540
  -0.0016521980
  -0.0030987982
  -0.0069795331
  -0.0109453126
  -0.0111093367
  -0.0075292845
  -0.0057396229
  -0.0063919376
  -0.0060078619
  -0.0028512969
   0.0013047185
   0.0045343689
   0.0053917788
   0.0051202620
   0.0050357178
   0.0046740335
   0.0016363945
  -0.0038630208
  -0.0092108632
  -0.0114533030
  -0.0097776134
  -0.0051374797
  -0.0007096466
   0.0027612624
   0.0055460928
   0.0059832834
   0.0046721688
   0.0028816942
   0.0005270974
  -0.0010945580
   0.0002354872
   0.0055368262
   0.0120415474
   0.0176577324
   0.0201350099
   0.0187088855
   0.0130056916
   0.0045088288
  -0.0030575629
  -0.0054793624
  -0.0048638676
  -0.0045390833
  -0.0058918513
  -0.0076078693
  -0.0091844181
  -0.0129648297
  -0.0186253772
  -0.0233947557
  -0.0248869402
  -0.0236187867
  -0.0202610590
  -0.0157745181
  -0.0097712689
  -0.0039224021
  -0.0008609472
  -0.0001186962
  -0.0007340011
  -0.0022674835
  -0.0030415473
  -0.0010398016
   0.0029806532
   0.0044409119
   0.0027075434
  -0.0005581306
  -0.0045957282
  -0.0081799808
  -0.0104500854
  -0.0103545526
  -0.0064367868
   0.0013260626
   0.0096492832
   0.0153858492
   0.0181028312
   0.0169125491
   0.0133532249
   0.0075789595
   0.0017128060
   0.0012508275
   0.0040755023
   0.0043907444
   0.0023564606
   0.0013556598
   0.0008080998
  -0.0012692142
  -0.0033251198
  -0.0026826854
  -0.0005846656
   0.0011685656
   0.0021626217
   0.0032707480
   0.0037893634
   0.0038472866
   0.0049323317
   0.0061886112
   0.0064508146
   0.0067777938
   0.0081948041
   0.0085461351
   0.0053415507
  -0.0003953880
  -0.0057137778
  -0.0078328149
  -0.0065022995
  -0.0031753365
   0.0013944724
   0.0071925345
   0.0122437010
   0.0140442378
   0.0115418267
   0.0087955987
   0.0092942405
   0.0121322543
   0.0148100436
   0.0147705733
   0.0108647380
   0.0027286956
  -0.0063368993
  -0.0148654356
  -0.0212704296
  -0.0241879527
  -0.0243818640
  -0.0238803450
  -0.0221619211
  -0.0209959126
  -0.0211394941
  -0.0203010688
  -0.0181900551
  -0.0143005247
  -0.0103503679
  -0.0067081746
  -0.0025855500
   0.0006230669
   0.0006101239
  -0.0035993339
  -0.0075100966
  -0.0069994128
  -0.0034060188
   0.0014158771
   0.0050825313
   0.0055479007
   0.0032424383
   0.0002602027
  -0.0023225863
  -0.0048226441
  -0.0070881261
  -0.0075024915
  -0.0058034352
  -0.0039768501
  -0.0042014381
  -0.0066587380
  -0.0101627054
  -0.0121193386
  -0.0089273083
  -0.0017759803
   0.0049123581
   0.0067718637
   0.0048664671
   0.0019500540
  -0.0005229140
  -0.0003354370
   0.0027901800
   0.0061494693
   0.0087396340
   0.0096478134
   0.0084317449
   0.0047090728
   0.0012316979
   0.0022483035
   0.0074593076
   0.0134297867
   0.0186181238
   0.0218897495
   0.0226368580
   0.0217798449
   0.0189186091
   0.0126444431
   0.0041192960
  -0.0050366364
  -0.0129061442
  -0.0175796480
  -0.0200693955
  -0.0213162444
  -0.0217192538
  -0.0228552990
  -0.0241413170
  -0.0244859635
  -0.0236695660
  -0.0201371990
  -0.0127577564
  -0.0023598498
   0.0070175433
   0.0131851509
   0.0179644937
   0.0214287875
   0.0217450539
   0.0179129815
   0.0108287664
   0.0020527836
  -0.0063521565
  -0.0124972027
  -0.0157350615
  -0.0156405295
  -0.0123995923
  -0.0073299513
  -0.0020288677
   0.0012106996
   0.0026677057
   0.0031491220
   0.0047856424
   0.0088171535
   0.0135573311
   0.0172732014
   0.0203170765
   0.0227054824
   0.0256328564
   0.0281007540
   0.0295407714
   0.0275793768
   0.0208412878
   0.0099899776
  -0.0029980253
  -0.0133194756
  -0.0198369209
  -0.0233893025
  -0.0246558533
  -0.0245389710
  -0.0231195351
  -0.0210399291
  -0.0180514518
  -0.0154261932
  -0.0123698303
  -0.0083483851
  -0.0012749145
   0.0072103600
   0.0141914840
   0.0187903982
   0.0219759844
   0.0238632036
   0.0223613246
   0.0182813933
   0.0121936469
   0.0064103749
   0.0031192135
   0.0031455257
   0.0047407737
   0.0070021981
   0.0107662579
   0.0146723375
   0.0153869574
   0.0133144368
   0.0098105652
   0.0057912583
   0.0017823140
  -0.0023385941
  -0.0062206151
  -0.0098134755
  -0.0142386494
  -0.0196623011
  -0.0241654362
  -0.0264143261
  -0.0272607260
  -0.0259470314
  -0.0208258273
  -0.0111230284
   0.0003549002
   0.0113741475
   0.0196932612
   0.0244314119
   0.0259628242
   0.0243218982
   0.0212707033
   0.0174008630
   0.0132558451
   0.0103576115
   0.0094742256
   0.0082332854
   0.0029928789
  -0.0048385620
  -0.0122266163
  -0.0165503332
  -0.0186615051
  -0.0186807067
  -0.0170096533
  -0.0139452787
  -0.0088978649
  -0.0026178607
   0.0028410903
   0.0068315773
   0.0102839620
   0.0148060524
   0.0192735189
   0.0229846122
   0.0248824838
   0.0245227677
   0.0212508450
   0.0169993801
   0.0137784302
   0.0102326784
   0.0055325692
   0.0016302863
  -0.0004524682
   0.0008452485
   0.0039445921
   0.0090547549
   0.0165446474
   0.0251602258
   0.0328485406
   0.0376789462
   0.0371424017
   0.0321922406
   0.0257750502
   0.0188333202
   0.0119749988
   0.0065973826
   0.0029147867
   0.0006101178
  -0.0002122956
  -0.0001881145
   0.0003296839
   0.0017378030
   0.0041941574
   0.0082084411
   0.0118052595
   0.0143525373
   0.0155385937
   0.0144560055
   0.0112253415
   0.0062305540
  -0.0008832923
  -0.0082548031
  -0.0135699243
  -0.0162924044
  -0.0158190643
  -0.0163226081
  -0.0192352800
  -0.0225442904
  -0.0267888967
  -0.0320844274
  -0.0361983132
  -0.0366958839
  -0.0327289219
  -0.0262516681
  -0.0195856826
  -0.0142891375
  -0.0120159388
  -0.0119219111
  -0.0110634438
  -0.0093582913
  -0.0065060776
  -0.0014885354
   0.0050997607
   0.0113974497
   0.0149950890
   0.0156454608
   0.0149574111
   0.0121438566
   0.0070446373
   0.0025636902
   0.0016648874
   0.0039774325
   0.0067609592
   0.0086105260
   0.0097209352
   0.0090768512
   0.0075307367
   0.0070200080
   0.0078882402
   0.0084064158
   0.0101457614
   0.0125492075
   0.0155005483
   0.0181585555
   0.0206413956
   0.0215358775
   0.0207167046
   0.0188741606
   0.0177696247
   0.0166908734
   0.0137719763
   0.0097731570
   0.0078919187
   0.0103292959
   0.0158875948
   0.0202814255
   0.0227580208
   0.0250430503
   0.0276202466
   0.0289237774
   0.0288660790
   0.0278947245
   0.0255445497
   0.0209766407
   0.0126986937
   0.0017052257
  -0.0095041010
  -0.0180520069
  -0.0205710512
  -0.0178041363
  -0.0138697782
  -0.0108661160
  -0.0093898280
  -0.0105428719
  -0.0142752992
  -0.0213304735
  -0.0307175299
  -0.0392647147
  -0.0453631955
  -0.0496012346
  -0.0533226656
  -0.0566443708
  -0.0594019527
  -0.0608782857
  -0.0610307409
  -0.0608380805
  -0.0603823177
  -0.0584054431
  -0.0552702805
  -0.0509970790
  -0.0457006101
  -0.0395294199
  -0.0312409007
  -0.0189416630
  -0.0057980797
   0.0046278005
   0.0114318713
   0.0155936241
   0.0176658145
   0.0180891317
   0.0179394149
   0.0180524643
   0.0194287261
   0.0206876013
   0.0197662052
   0.0157860480
   0.0116446401
   0.0096824892
   0.0096687271
   0.0100123298
   0.0108108119
   0.0120872605
   0.0117623023
   0.0090077030
   0.0042034434
  -0.0015628548
  -0.0063163784
  -0.0075449190
  -0.0086091030
  -0.0126937800
  -0.0198133881
  -0.0281101359
  -0.0359666986
  -0.0421435376
  -0.0469997433
  -0.0510130477
  -0.0541086307
  -0.0550131394
  -0.0546678675
  -0.0524854130
  -0.0473986090
  -0.0403026608
  -0.0310538304
  -0.0210965525
  -0.0097513363
   0.0039314341
   0.0159876699
   0.0220796148
   0.0222034749
   0.0173123843
   0.0086548689
  -0.0014048866
  -0.0103902545
  -0.0170296014
  -0.0210492132
  -0.0217399134
  -0.0218100428
  -0.0242585512
  -0.0279508593
  -0.0322432154
  -0.0383147821
  -0.0441551641
  -0.0471271411
  -0.0471653722
  -0.0441095449
  -0.0376060218
  -0.0309797333
  -0.0273083780
  -0.0248095985
  -0.0215805195
  -0.0189283858
  -0.0171200621
  -0.0141007732
  -0.0088678586
  -0.0017539820
   0.0059387118
   0.0127334711
   0.0179717119
   0.0231434002
   0.0310215803
   0.0417881215
   0.0536051572
   0.0659427296
   0.0774358370
   0.0861086800
   0.0899492019
   0.0869206602
   0.0766411937
   0.0627749845
   0.0479914642
   0.0363206487
   0.0303678603
   0.0314685671
   0.0389710430
   0.0500640533
   0.0612097194
   0.0688845673
   0.0731763956
   0.0751240888
   0.0747587827
   0.0736008856
   0.0754657643
   0.0807467727
   0.0878874411
   0.0940896697
   0.0999139071
   0.1049487395
   0.1073399404
   0.1047339145
   0.0979221193
   0.0902030594
   0.0828819075
   0.0759901710
   0.0712492644
   0.0672267540
   0.0593102451
   0.0480309462
   0.0359777614
   0.0220719920
   0.0085473040
  -0.0029988266
  -0.0147520207
  -0.0261720005
  -0.0364546725
  -0.0466463991
  -0.0554092102
  -0.0627673422
  -0.0686672209
  -0.0727099610
  -0.0769395172
  -0.0825756876
  -0.0897752076
  -0.0964735801
  -0.1008625302
  -0.1029313079
  -0.1033350600
  -0.1025575386
  -0.1032585002
  -0.1044428424
  -0.1039358703
  -0.1024705610
  -0.1033601370
  -0.1061057180
  -0.1076228229
  -0.1085140603
  -0.1110469467
  -0.1155191608
  -0.1190282882
  -0.1184354330
  -0.1101274270
  -0.0941476222
  -0.0735715868
  -0.0508573480
  -0.0282498083
  -0.0087061896
   0.0064098315
   0.0160496606
   0.0207211219
   0.0228992960
   0.0240534208
   0.0260193890
   0.0289407234
   0.0328814358
   0.0383359890
   0.0445125347
   0.0499192795
   0.0555273238
   0.0624996075
   0.0706401864
   0.0805596632
   0.0915313544
   0.1024468913
   0.1110684664
   0.1174774867
   0.1214387024
   0.1208008338
   0.1143809070
   0.1038973265
   0.0910573166
   0.0752988845
   0.0571530433
   0.0389107059
   0.0215933805
   0.0046880711
  -0.0104864225
  -0.0240899905
  -0.0353061377
  -0.0428337882
  -0.0480600104
  -0.0520623108
  -0.0551422572
  -0.0572743039
  -0.0578295144
  -0.0576122853
  -0.0570135664
  -0.0540571086
  -0.0486645734
  -0.0423502707
  -0.0359741650
  -0.0289440071
  -0.0219326910
  -0.0150578810
  -0.0086107097
  -0.0033793313
  -0.0004858428
  -0.0015030232
  -0.0067779560
  -0.0153265617
  -0.0231799699
  -0.0272290817
  -0.0276415707
  -0.0250898619
  -0.0174831263
  -0.0048754053
   0.0103655020
   0.0226446567
   0.0299239421
   0.0322146007
   0.0300198911
   0.0218546652
   0.0076773888
  -0.0066960329
  -0.0180610233
  -0.0299421976
  -0.0435489007
  -0.0558546138
  -0.0664611163
  -0.0767675165
  -0.0856470340
  -0.0900508974
  -0.0889581455
  -0.0813549516
  -0.0678632544
  -0.0509619362
  -0.0327131487
  -0.0137645763
   0.0049744542
   0.0228695867
   0.0396386794
   0.0557478952
   0.0701635881
   0.0826610429
   0.0907397211
   0.0935743321
   0.0923953649
   0.0907629608
   0.0905813046
   0.0916528690
   0.0958072923
   0.1052110210
   0.1185822004
   0.1308908259
   0.1385881707
   0.1434358545
   0.1465254370
   0.1460970966
   0.1414780173
   0.1345324720
   0.1237046945
   0.1099913314
   0.0950206822
   0.0750877145
   0.0507328429
   0.0261780010
   0.0037368035
  -0.0193448894
  -0.0433740659
  -0.0663217566
  -0.0880217971
  -0.1088967619
  -0.1273384638
  -0.1419136677
  -0.1531315350
  -0.1611166292
  -0.1639671893
  -0.1629586005
  -0.1601475029
  -0.1550586271
  -0.1469001249
  -0.1384551829
  -0.1290162526
  -0.1163548302
  -0.1022730338
  -0.0884195097
  -0.0744963839
  -0.0596650943
  -0.0419680773
  -0.0227353871
  -0.0041580509
   0.0123845852
   0.0251062606
   0.0357177471
   0.0461456229
   0.0551255849
   0.0636868620
   0.0733060216
   0.0814818412
   0.0880972429
   0.0934750798
   0.0961755888
   0.0960715088
   0.0939228290
   0.0901665678
   0.0837286592
   0.0745084239
   0.0631799094
   0.0495268834
   0.0292987976
   0.0048519956
  -0.0173133283
  -0.0324425603
  -0.0451402005
  -0.0572258505
  -0.0643892308
  -0.0664489003
  -0.0680446174
  -0.0709877256
  -0.0729639943
  -0.0728262373
  -0.0691799199
  -0.0612849697
  -0.0500636624
  -0.0380822293
  -0.0298451345
  -0.0247170894
  -0.0194943053
  -0.0128393004
  -0.0042789596
   0.0083186837
   0.0236294585
   0.0392341259
   0.0543304334
   0.0662748082
   0.0725442344
   0.0713126897
   0.0623874552
   0.0486364474
   0.0326745267
   0.0166343047
   0.0001196536
  -0.0152906292
  -0.0242935572
  -0.0261990124
  -0.0223102912
  -0.0159559945
  -0.0092851128
  -0.0032522365
   0.0003210366
   0.0001141497
  -0.0021811685
  -0.0058256526
  -0.0102668870
  -0.0131169662
  -0.0147398380
  -0.0164244580
  -0.0193361740
  -0.0226446958
  -0.0249771819
  -0.0265950636
  -0.0288053706
  -0.0322622723
  -0.0348340935
  -0.0350436607
  -0.0321019402
  -0.0262035470
  -0.0191937985
  -0.0116878963
  -0.0007797084
   0.0149674516
   0.0334667464
   0.0536353746
   0.0730450105
   0.0889862325
   0.0981517207
   0.0989411649
   0.0915129230
   0.0778736179
   0.0634497551
   0.0526603651
   0.0450421406
   0.0380519728
   0.0303732353
   0.0206496438
   0.0087343919
  -0.0049820887
  -0.0198515410
  -0.0320932034
  -0.0400561525
  -0.0437830562
  -0.0415711465
  -0.0352065727
  -0.0268832626
  -0.0166934045
  -0.0056554481
   0.0034009897
   0.0086761814
   0.0096650174
   0.0069632692
   0.0030182412
  -0.0013070217
  -0.0053743891
  -0.0101406131
  -0.0151679184
  -0.0191771203
  -0.0225629173
  -0.0261429949
  -0.0294929630
  -0.0322401663
  -0.0341541433
  -0.0362569498
  -0.0389684239
  -0.0418459568
  -0.0445808464
  -0.0479081416
  -0.0520570726
  -0.0582137405
  -0.0656749948
  -0.0742110386
  -0.0820109975
  -0.0877912184
  -0.0916917451
  -0.0931621558
  -0.0905955728
  -0.0833165416
  -0.0704643157
  -0.0529459644
  -0.0335766118
  -0.0143810660
   0.0044462479
   0.0216335661
   0.0354361546
   0.0447953586
   0.0525081249
   0.0623781515
   0.0744737110
   0.0874980549
   0.1001903983
   0.1124725591
   0.1224676576
   0.1287392533
   0.1318584276
   0.1314858702
   0.1279510013
   0.1214230268
   0.1138732703
   0.1065470953
   0.0984764698
   0.0882274943
   0.0759194748
   0.0606256987
   0.0446914350
   0.0291158319
   0.0118967189
  -0.0060089232
  -0.0225365699
  -0.0364265465
  -0.0472729117
  -0.0544791163
  -0.0591409221
  -0.0609484542
  -0.0576821606
  -0.0484032691
  -0.0341871558
  -0.0176356733
  -0.0015832754
   0.0091660492
   0.0139794150
   0.0156395718
   0.0141285025
   0.0084984636
  -0.0001480283
  -0.0086836947
  -0.0152174703
  -0.0196524501
  -0.0220587011
  -0.0225423554
  -0.0224142735
  -0.0213595377
  -0.0185859499
  -0.0160541502
  -0.0146252249
  -0.0144460901
  -0.0154649695
  -0.0169962743
  -0.0172779392
  -0.0156740403
  -0.0143734999
  -0.0143205862
  -0.0148639482
  -0.0161668497
  -0.0173772364
  -0.0196960758
  -0.0221370005
  -0.0227491081
  -0.0212452550
  -0.0176739415
  -0.0127538669
  -0.0056982567
   0.0033160761
   0.0116204486
   0.0182357975
   0.0211499509
   0.0194730065
   0.0140641957
   0.0074449611
  -0.0006337677
  -0.0106965116
  -0.0194929332
  -0.0251661872
  -0.0276669017
  -0.0269330060
  -0.0239871419
  -0.0212559268
  -0.0180787569
  -0.0137679421
  -0.0097978625
  -0.0052607318
   0.0020682187
   0.0122558192
   0.0239601495
   0.0346778269
   0.0431416304
   0.0486729975
   0.0485314488
   0.0430834042
   0.0350500716
   0.0236151317
   0.0124863432
   0.0054900264
   0.0038111645
   0.0057186818
   0.0085969359
   0.0112531645
   0.0140087841
   0.0178927518
   0.0211684996
   0.0236261749
   0.0263284234
   0.0299749950
   0.0332470546
   0.0356522891
   0.0367451192
   0.0357475150
   0.0337763477
   0.0307569533
   0.0247765665
   0.0163868562
   0.0063674470
  -0.0062577399
  -0.0219033141
  -0.0398131819
  -0.0589375703
  -0.0752452711
  -0.0893933269
  -0.1009393050
  -0.1071238645
  -0.1067381333
  -0.1014773937
  -0.0935965553
  -0.0853897170
  -0.0758812828
  -0.0665549348
  -0.0597985512
  -0.0535387805
  -0.0448557348
  -0.0360471871
  -0.0275550817
  -0.0177770794
  -0.0051907979
   0.0091711252
   0.0251778364
   0.0425926354
   0.0574989798
   0.0655172819
   0.0682034835
   0.0672885765
   0.0647423209
   0.0630528243
   0.0642898027
   0.0672928179
   0.0693556929
   0.0688444794
   0.0662694527
   0.0622688333
   0.0552991102
   0.0469256071
   0.0358837083
   0.0225382704
   0.0099660284
  -0.0008295270
  -0.0096144394
  -0.0144855369
  -0.0163100130
  -0.0175360400
  -0.0170118072
  -0.0144593263
  -0.0108903955
  -0.0072847132
  -0.0038704579
  -0.0009579852
   0.0017006848
   0.0044405972
   0.0071668594
   0.0086838706
   0.0072457218
   0.0036507015
  -0.0004953730
  -0.0051166676
  -0.0091510871
  -0.0126079458
  -0.0161651649
  -0.0199278077
  -0.0236454468
  -0.0263529531
  -0.0280327942
  -0.0301772131
  -0.0319655906
  -0.0309686705
  -0.0268682321
  -0.0206948527
  -0.0147751704
  -0.0089702068
  -0.0041379815
  -0.0023970294
  -0.0036399417
  -0.0072064665
  -0.0132586167
  -0.0210865061
  -0.0282873357
  -0.0354521624
  -0.0451429369
  -0.0557241474
  -0.0645675252
  -0.0708431082
  -0.0739625757
  -0.0742506965
  -0.0719971743
  -0.0678636062
  -0.0601867451
  -0.0480713273
  -0.0327402388
  -0.0162776983
   0.0006880842
   0.0190226441
   0.0387758808
   0.0581715026
   0.0734438177
   0.0833253957
   0.0885596316
   0.0896393661
   0.0881564463
   0.0867870665
   0.0866762042
   0.0870365848
   0.0882219629
   0.0905163157
   0.0906618126
   0.0858690322
   0.0765377392
   0.0638830210
   0.0484856145
   0.0319886348
   0.0167089276
   0.0045013917
  -0.0055722955
  -0.0159662519
  -0.0255643298
  -0.0332737538
  -0.0396765586
  -0.0447477457
  -0.0471160001
  -0.0468343099
  -0.0440364446
  -0.0402695702
  -0.0363519998
  -0.0320407627
  -0.0277093546
  -0.0232657357
  -0.0181423894
  -0.0132025620
  -0.0076540397
  -0.0016495875
   0.0041404267
   0.0095798243
   0.0142929430
   0.0177713174
   0.0186229985
   0.0157482723
   0.0112013356
   0.0062782158
  -0.0000023939
  -0.0067908971
  -0.0143837672
  -0.0232299478
  -0.0313186333
  -0.0381199326
  -0.0434516617
  -0.0462927421
  -0.0474348660
  -0.0487585874
  -0.0507723249
  -0.0528248212
  -0.0551690346
  -0.0569617512
  -0.0573814525
  -0.0574210322
  -0.0582022868
  -0.0593666144
  -0.0600617514
  -0.0598865843
  -0.0582363156
  -0.0548837871
  -0.0497162405
  -0.0428688333
  -0.0353232205
  -0.0263792223
  -0.0181140034
  -0.0094842622
   0.0009235543
   0.0122130478
   0.0232808248
   0.0339868531
   0.0433492626
   0.0497104355
   0.0531630958
   0.0540648877
   0.0512960671
   0.0450587347
   0.0387736917
   0.0349470667
   0.0354494456
   0.0381250535
   0.0392207177
   0.0396528890
   0.0421571999
   0.0455384995
   0.0467319890
   0.0461896785
   0.0440845461
   0.0407665155
   0.0366198323
   0.0327573998
   0.0304690280
   0.0300527471
   0.0304727612
   0.0319144986
   0.0343547978
   0.0360314921
   0.0372961274
   0.0384702277
   0.0388350451
   0.0376480252
   0.0356372586
   0.0322364722
   0.0271475378
   0.0214433685
   0.0164485850
   0.0137320936
   0.0122517675
   0.0116983982
   0.0127138396
   0.0141995270
   0.0156390929
   0.0171721900
   0.0189074701
   0.0191967557
   0.0164715471
   0.0136576095
   0.0110030598
   0.0064909123
  -0.0002787475
  -0.0089425342
  -0.0172392195
  -0.0251515672
  -0.0312837641
  -0.0359412113
  -0.0387013537
  -0.0391487901
  -0.0362886722
  -0.0305029395
  -0.0230069723
  -0.0151980948
  -0.0070758378
   0.0023235616
   0.0099767570
   0.0153538102
   0.0187268107
   0.0217508980
   0.0243336256
   0.0266339202
   0.0291652625
   0.0318970444
   0.0342718270
   0.0348076874
   0.0328586652
   0.0289480335
   0.0237071130
   0.0174817874
   0.0110441739
   0.0044025206
  -0.0018182438
  -0.0068808750
  -0.0122441017
  -0.0181428780
  -0.0232793784
  -0.0282968544
  -0.0333655005
  -0.0374729167
  -0.0406631000
  -0.0427665515
  -0.0443913329
  -0.0461741007
  -0.0471290956
  -0.0467726242
  -0.0442233781
  -0.0418049893
  -0.0400587130
  -0.0372016833
  -0.0332871425
  -0.0294417537
  -0.0262155675
  -0.0231323765
  -0.0200303435
  -0.0167664911
  -0.0141861227
  -0.0113505599
  -0.0078328403
  -0.0031542488
   0.0035816218
   0.0113940487
   0.0170773434
   0.0196082968
   0.0205942518
   0.0205502939
   0.0191400131
   0.0177409084
   0.0162216711
   0.0153965543
   0.0153510621
   0.0144448196
   0.0115380212
   0.0060700890
  -0.0005526842
  -0.0073672637
  -0.0139684441
  -0.0195173494
  -0.0238024952
  -0.0278886849
  -0.0307185072
  -0.0312646095
  -0.0308208281
  -0.0292085168
  -0.0265352543
  -0.0237713591
  -0.0210019717
  -0.0188402198
  -0.0171508991
  -0.0154665527
  -0.0142019233
  -0.0122904657
  -0.0098782944
  -0.0067359370
  -0.0035939530
   0.0001107925
   0.0051580083
   0.0102554275
   0.0141876218
   0.0175562715
   0.0212416781
   0.0256956563
   0.0302017428
   0.0335691845
   0.0355936525
   0.0366808730
   0.0368225781
   0.0354663915
   0.0327395743
   0.0298362999
   0.0284181931
   0.0282921830
   0.0265915064
   0.0228464644
   0.0174500376
   0.0112030869
   0.0045875132
  -0.0031948684
  -0.0115237783
  -0.0203591581
  -0.0303382879
  -0.0386361107
  -0.0449540293
  -0.0501186440
  -0.0530883146
  -0.0535401683
  -0.0531802177
  -0.0527835606
  -0.0513639488
  -0.0493075238
  -0.0477444673
  -0.0471076346
  -0.0457951519
  -0.0437166991
  -0.0408263248
  -0.0369013466
  -0.0325160711
  -0.0284813642
  -0.0243938258
  -0.0204671081
  -0.0168215138
  -0.0143861732
  -0.0126798460
  -0.0107138055
  -0.0066798941
  -0.0010642671
   0.0044189818
   0.0071626845
   0.0088977613
   0.0118940333
   0.0159775747
   0.0205530694
   0.0251782077
   0.0302564703
   0.0345674533
   0.0379934730
   0.0396715354
   0.0407967329
   0.0396187234
   0.0357220276
   0.0330580688
   0.0314782422
   0.0294857702
   0.0279234760
   0.0264789436
   0.0253165119
   0.0237818551
   0.0218111178
   0.0192792965
   0.0161794586
   0.0129562785
   0.0119863958
   0.0140859108
   0.0191457614
   0.0252225566
   0.0308053089
   0.0359618122
   0.0394137494
   0.0411647167
   0.0415044767
   0.0401237019
   0.0374789172
   0.0352223069
   0.0329305732
   0.0289033719
   0.0232531483
   0.0167789592
   0.0100892982
   0.0036659314
  -0.0009741960
  -0.0042776735
  -0.0066780901
  -0.0102053283
  -0.0153288564
  -0.0215805586
  -0.0288967655
  -0.0367807898
  -0.0446618040
  -0.0524830284
  -0.0601884846
  -0.0653543503
  -0.0665015560
  -0.0659367682
  -0.0644778307
  -0.0611310486
  -0.0560270837
  -0.0500676302
  -0.0440701802
  -0.0372934692
  -0.0309735178
  -0.0239577845
  -0.0147165416
  -0.0042526826
   0.0042191463
   0.0104094502
   0.0149771247
   0.0183757260
   0.0193555339
   0.0176025534
   0.0141412892
   0.0099916233
   0.0060341800
   0.0022434190
  -0.0008749993
  -0.0039837516
  -0.0058264442
  -0.0060505083
  -0.0057607477
  -0.0051030893
  -0.0031131641
  -0.0006423631
   0.0029064681
   0.0080219160
   0.0137193343
   0.0191545765
   0.0251562581
   0.0328928504
   0.0407509377
   0.0464653097
   0.0494425053
   0.0519399362
   0.0531209947
   0.0518635327
   0.0496300447
   0.0479488159
   0.0462318383
   0.0447810122
   0.0429383177
   0.0374797772
   0.0296849783
   0.0227058147
   0.0178814389
   0.0128241018
   0.0074961333
   0.0037683969
   0.0004511288
  -0.0040845636
  -0.0096881046
  -0.0161612069
  -0.0238187571
  -0.0298064929
  -0.0345618437
  -0.0393417632
  -0.0426156991
  -0.0427248609
  -0.0405994989
  -0.0371202175
  -0.0329390560
  -0.0291117860
  -0.0256675693
  -0.0232422224
  -0.0209717934
  -0.0186592359
  -0.0154007429
  -0.0122250311
  -0.0091702847
  -0.0076902381
  -0.0076527419
  -0.0078452830
  -0.0078545867
  -0.0078054023
  -0.0069582362
  -0.0045307764
  -0.0024095424
  -0.0001750273
   0.0025854464
   0.0042961987
   0.0054520475
   0.0072977090
   0.0084538372
   0.0084886146
   0.0082398546
   0.0086869021
   0.0107286542
   0.0137017589
   0.0172846374
   0.0211620887
   0.0241866822
   0.0251091534
   0.0265879295
   0.0292787635
   0.0305587615
   0.0303319356
   0.0298212889
   0.0283610419
   0.0256636993
   0.0221223023
   0.0184311610
   0.0144028123
   0.0096869807
   0.0057241682
   0.0031615862
   0.0018293967
  -0.0006387243
  -0.0031067766
  -0.0050313982
  -0.0077149417
  -0.0103835387
  -0.0129739692
  -0.0160305450
  -0.0191110095
  -0.0202644991
  -0.0207131668
  -0.0232049295
  -0.0261685214
  -0.0294152499
  -0.0325531685
  -0.0351240515
  -0.0362653349
  -0.0361739204
  -0.0359205321
  -0.0356365941
  -0.0339906645
  -0.0313923005
  -0.0288129933
  -0.0258644124
  -0.0224415004
  -0.0175914965
  -0.0123752522
  -0.0063472565
  -0.0001940803
   0.0055168077
   0.0109337787
   0.0164187780
   0.0220018236
   0.0262224866
   0.0305730493
   0.0347716650
   0.0363181469
   0.0359853451
   0.0356619251
   0.0358598236
   0.0361242747
   0.0361389143
   0.0359999651
   0.0351211978
   0.0328330410
   0.0293997894
   0.0252628399
   0.0203465512
   0.0155505790
   0.0135682551
   0.0128047517
   0.0106880757
   0.0086249095
   0.0082000247
   0.0076246569
   0.0047581751
   0.0027960085
   0.0021964394
   0.0011508855
   0.0003341466
   0.0002214050
  -0.0001564346
  -0.0015677537
  -0.0032308556
  -0.0062171790
  -0.0106486211
  -0.0152074415
  -0.0183795960
  -0.0219100964
  -0.0268821680
  -0.0321040512
  -0.0379054790
  -0.0437024504
  -0.0487296600
  -0.0514220772
  -0.0511958767
  -0.0495974818
  -0.0464995926
  -0.0427091072
  -0.0388477106
  -0.0350893582
  -0.0312482108
  -0.0264173165
  -0.0222111954
  -0.0179901473
  -0.0138224936
  -0.0109494484
  -0.0079281737
  -0.0042043445
  -0.0010082184
   0.0019737258
   0.0036069547
   0.0037324703
   0.0034862884
   0.0038254914
   0.0064666680
   0.0090616193
   0.0114451642
   0.0137277447
   0.0145632323
   0.0143913567
   0.0142201749
   0.0153553171
   0.0183345103
   0.0206276747
   0.0233389923
   0.0252517380
   0.0256450529
   0.0253703403
   0.0240414980
   0.0212046393
   0.0196742043
   0.0198187240
   0.0205534798
   0.0229419443
   0.0257309750
   0.0288017156
   0.0312633195
   0.0334592214
   0.0357452282
   0.0367491455
   0.0355217836
   0.0328273533
   0.0305487738
   0.0277350179
   0.0233942085
   0.0171067868
   0.0097760282
   0.0022516809
  -0.0053487552
  -0.0125787213
  -0.0174570467
  -0.0197127286
  -0.0200041134
  -0.0187392319
  -0.0179840315
  -0.0179427923
  -0.0168604602
  -0.0142942388
  -0.0124219973
  -0.0110217884
  -0.0102940084
  -0.0114271432
  -0.0127759592
  -0.0129791761
  -0.0126930197
  -0.0140577085
  -0.0172087480
  -0.0187422165
  -0.0184625961
  -0.0180298169
  -0.0180955856
  -0.0168649928
  -0.0134474304
  -0.0087656862
  -0.0026721856
   0.0041778818
   0.0106943107
   0.0166817300
   0.0215902532
   0.0251268030
   0.0273284708
   0.0282126522
   0.0282506292
   0.0281834121
   0.0282452346
   0.0285632600
   0.0299284766
   0.0310895987
   0.0312729554
   0.0310468917
   0.0302990209
   0.0274339190
   0.0243278401
   0.0217472039
   0.0189777050
   0.0151441745
   0.0104453886
   0.0060080241
   0.0010724475
  -0.0056060018
  -0.0120085194
  -0.0180752700
  -0.0239505722
  -0.0289637285
  -0.0331045481
  -0.0347685182
  -0.0345938788
  -0.0336841905
  -0.0309931806
  -0.0264857845
  -0.0211677178
  -0.0170269784
  -0.0127888162
  -0.0082532316
  -0.0042007071
  -0.0016563892
  -0.0012225676
  -0.0015280327
  -0.0015694460
  -0.0019467301
  -0.0044821178
  -0.0068661123
  -0.0072779035
  -0.0068198069
  -0.0071475074
  -0.0098053016
  -0.0121853850
  -0.0125974400
  -0.0136801728
  -0.0160036074
  -0.0155939075
  -0.0129639579
  -0.0106135466
  -0.0077096448
  -0.0039256642
  -0.0000731572
   0.0035104780
   0.0050853204
   0.0045649538
   0.0018309639
  -0.0012802846
  -0.0044684614
  -0.0063227620
  -0.0081390134
  -0.0102734953
  -0.0111698634
  -0.0110246987
  -0.0122472603
  -0.0151189823
  -0.0160047078
  -0.0131139054
  -0.0094450128
  -0.0055216628
  -0.0015528408
   0.0021543872
   0.0050969070
   0.0060231465
   0.0052660639
   0.0025283890
   0.0003123312
  -0.0006402564
  -0.0029329035
  -0.0055624817
  -0.0084783395
  -0.0105694187
  -0.0131401160
  -0.0155657600
  -0.0141360216
  -0.0111722323
  -0.0113582765
  -0.0139574380
  -0.0142266152
  -0.0118914924
  -0.0098186785
  -0.0070689813
  -0.0033608510
   0.0016755555
   0.0059946413
   0.0100981093
   0.0144322069
   0.0183833507
   0.0218566393
   0.0253681317
   0.0271418305
   0.0273844883
   0.0284775724
   0.0304065995
   0.0304331424
   0.0278563371
   0.0263897573
   0.0266395884
   0.0269779998
   0.0261799555
   0.0253461234
   0.0241845909
   0.0250754959
   0.0263107347
   0.0246635738
   0.0217167128
   0.0206964554
   0.0197124940
   0.0169628319
   0.0153131222
   0.0150815076
   0.0128463309
   0.0094076261
   0.0059643516
   0.0031770761
   0.0002829310
  -0.0016017461
  -0.0035838734
  -0.0056668764
  -0.0062585451
  -0.0036642818
  -0.0008305965
  -0.0001950378
   0.0009225147
   0.0040805059
   0.0080370247
   0.0107528477
   0.0133584083
   0.0152901132
   0.0162525354
   0.0185910376
   0.0208426756
   0.0213407740
   0.0209654411
   0.0208343296
   0.0209876057
   0.0203965292
   0.0167775676
   0.0112580783
   0.0063343818
   0.0027774265
  -0.0010470618
  -0.0048727471
  -0.0075084587
  -0.0105803935
  -0.0149667441
  -0.0196469383
  -0.0249113721
  -0.0286866510
  -0.0316142009
  -0.0330818166
  -0.0333779901
  -0.0351927540
  -0.0379508637
  -0.0389671925
  -0.0385325975
  -0.0381989552
  -0.0382892556
  -0.0381769469
  -0.0357093816
  -0.0329975753
  -0.0323926215
  -0.0329505097
  -0.0326661026
  -0.0298869228
  -0.0273822601
  -0.0269681488
  -0.0271936652
  -0.0258462546
  -0.0230991100
  -0.0202413571
  -0.0177392666
  -0.0170091900
  -0.0190144350
  -0.0183709686
  -0.0164269226
  -0.0158347281
  -0.0162404250
  -0.0165105267
  -0.0183494059
  -0.0211873806
  -0.0222408655
  -0.0214322276
  -0.0184768839
  -0.0163929505
  -0.0147778912
  -0.0123795620
  -0.0112781867
  -0.0116448141
  -0.0127018073
  -0.0139397551
  -0.0137558395
  -0.0132711336
  -0.0123089264
  -0.0112563837
  -0.0100524119
  -0.0080176942
  -0.0064044643
  -0.0052752092
  -0.0033159061
  -0.0008903299
   0.0026811218
   0.0071224324
   0.0122536321
   0.0180152750
   0.0242303470
   0.0299535731
   0.0348087624
   0.0390117172
   0.0431099861
   0.0469655190
   0.0494665658
   0.0499223677
   0.0496435116
   0.0490523764
   0.0482677795
   0.0472951154
   0.0462534752
   0.0446824245
   0.0427390510
   0.0399132551
   0.0357675101
   0.0305293846
   0.0246548760
   0.0198482964
   0.0162801630
   0.0112362557
   0.0041514621
  -0.0024245886
  -0.0084689459
  -0.0135901129
  -0.0175362745
  -0.0201231066
  -0.0209496874
  -0.0204927518
  -0.0189229677
  -0.0179463242
  -0.0178875410
  -0.0170686651
  -0.0163290503
  -0.0158405214
  -0.0151138164
  -0.0135060846
  -0.0114571535
  -0.0090097631
  -0.0070295677
  -0.0053920876
  -0.0042230066
  -0.0039892224
  -0.0045827734
  -0.0037742997
  -0.0023603404
  -0.0013508178
   0.0004842868
   0.0032688717
   0.0057707237
   0.0075222852
   0.0083426427
   0.0084567827
   0.0083510492
   0.0076208553
   0.0054428865
   0.0030455581
   0.0012926065
   0.0016129037
   0.0026930406
   0.0032607349
   0.0043841106
   0.0054391415
   0.0056593533
   0.0054521315
   0.0053679235
   0.0045254366
   0.0040580852
   0.0049583917
   0.0056414300
   0.0056007343
   0.0054782072
   0.0055814194
   0.0057348694
   0.0058412597
   0.0058731306
   0.0059497179
   0.0052037566
   0.0024598643
  -0.0008631107
  -0.0041605195
  -0.0072507704
  -0.0094718117
  -0.0099896629
  -0.0096936340
  -0.0095351510
  -0.0095812355
  -0.0096166578
  -0.0095872262
  -0.0095620984
  -0.0095754852
  -0.0096722629
  -0.0097658430
  -0.0097828281
  -0.0098108388
  -0.0099206496
  -0.0093651576
  -0.0072350988
  -0.0050592037
  -0.0046078074
  -0.0048313731
  -0.0037145959
  -0.0016206967
  -0.0000311763
   0.0006152378
   0.0032817502
   0.0069982460
   0.0077355524
   0.0076743143
   0.0098085246
   0.0131078092
   0.0149064578
   0.0162317351
   0.0186543437
   0.0210000758
   0.0216415993
   0.0213137034
   0.0202823050
   0.0175922138
   0.0156905113
   0.0145271747
   0.0118877709
   0.0085632551
   0.0056294799
   0.0032650427
   0.0014217192
  -0.0000249157
  -0.0003977870
  -0.0005861077
  -0.0019761710
  -0.0030998653
  -0.0032179966
  -0.0030423565
  -0.0027112239
  -0.0013436266
  -0.0003373945
  -0.0002455187
   0.0006006865
   0.0023823233
   0.0047495418
   0.0073331450
   0.0102319865
   0.0137392003
   0.0163338898
   0.0179378805
   0.0185262715
   0.0196772143
   0.0209471074
   0.0211719201
   0.0208595043
   0.0207622261
   0.0207850162
   0.0206274401
   0.0193715280
   0.0179880754
   0.0155608228
   0.0114107524
   0.0068240327
   0.0020415195
  -0.0019883615
  -0.0054814537
  -0.0084266122
  -0.0108527508
  -0.0128497944
  -0.0151356175
  -0.0173311715
  -0.0205647771
  -0.0246825525
  -0.0276386389
  -0.0293055604
  -0.0314472821
  -0.0343291345
  -0.0368951898
  -0.0371271171
  -0.0362645531
  -0.0359629654
  -0.0352227955
  -0.0338610776
  -0.0323030052
  -0.0309842092
  -0.0306404423
  -0.0308177985
  -0.0308954138
  -0.0302314129
  -0.0302408534
  -0.0298239666
  -0.0286278189
  -0.0277185801
  -0.0260452868
  -0.0233572088
  -0.0203947310
  -0.0167161927
  -0.0119606523
  -0.0075056930
  -0.0028752363
   0.0013888735
   0.0051566284
   0.0082109957
   0.0096806851
   0.0097423395
   0.0090759716
   0.0071606948
   0.0048253414
   0.0038950931
   0.0040846848
   0.0037561438
   0.0010825934
  -0.0018831868
  -0.0049097917
  -0.0079389198
  -0.0107166102
  -0.0122749328
  -0.0124381908
  -0.0121973019
  -0.0117161220
  -0.0103667412
  -0.0098967864
  -0.0111878316
  -0.0107121030
  -0.0077577835
  -0.0049295054
  -0.0024924233
   0.0004461806
   0.0036098103
   0.0060534792
   0.0083115164
   0.0102699205
   0.0125489495
   0.0148868712
   0.0170049643
   0.0194603820
   0.0221378605
   0.0248470282
   0.0270473669
   0.0298811569
   0.0318060990
   0.0320401959
   0.0317096613
   0.0316547970
   0.0315982713
   0.0298348535
   0.0270183809
   0.0252008415
   0.0227816905
   0.0202179025
   0.0170288841
   0.0133679172
   0.0102362161
   0.0075533705
   0.0049511462
   0.0039244915
   0.0040170123
   0.0036922084
   0.0038146417
   0.0041374382
   0.0041636175
   0.0022872421
  -0.0007404867
  -0.0030880325
  -0.0035076028
  -0.0020168863
  -0.0009732661
   0.0006845994
   0.0032517947
   0.0044267766
   0.0042317669
   0.0038719941
   0.0028447668
   0.0015779152
   0.0016180930
   0.0032952230
   0.0049053471
   0.0068029900
   0.0092671973
   0.0119668365
   0.0143524552
   0.0152648682
   0.0151831092
   0.0150414295
   0.0141141600
   0.0117438845
   0.0097390324
   0.0083006002
   0.0057639258
   0.0035602565
   0.0006553997
  -0.0021644805
  -0.0047301820
  -0.0067610335
  -0.0086109188
  -0.0096419576
  -0.0097433461
  -0.0094407558
  -0.0081718850
  -0.0068455406
  -0.0053345768
  -0.0042972542
  -0.0035139747
  -0.0029061476
  -0.0038693477
  -0.0060812241
  -0.0092930483
  -0.0123276960
  -0.0144845576
  -0.0156725001
  -0.0170289564
  -0.0182878238
  -0.0187097474
  -0.0186059606
  -0.0185301709
  -0.0185189107
  -0.0174723977
  -0.0165292807
  -0.0175968266
  -0.0184282780
  -0.0171164305
  -0.0155235534
  -0.0165143635
  -0.0149585134
  -0.0104873391
  -0.0073334030
  -0.0056313523
  -0.0034559967
  -0.0005225126
   0.0021773610
   0.0039227617
   0.0052796246
   0.0058275055
   0.0064938011
   0.0079084503
   0.0086546324
   0.0085679753
   0.0089522210
   0.0104866003
   0.0114081821
   0.0125359283
   0.0149286987
   0.0156471633
   0.0161486079
   0.0166968015
   0.0169120839
   0.0168514400
   0.0164459698
   0.0149944420
   0.0139343078
   0.0129031987
   0.0113243494
   0.0093622864
   0.0081545892
   0.0065795024
   0.0042306586
   0.0026489264
   0.0010204762
  -0.0012016300
  -0.0026330847
  -0.0041506001
  -0.0066020462
  -0.0092571587
  -0.0101315322
  -0.0103495744
  -0.0100026353
  -0.0087381231
  -0.0074004051
  -0.0059671564
  -0.0048468180
  -0.0034704663
  -0.0033308916
  -0.0044618257
  -0.0040079334
  -0.0018603832
   0.0008890748
   0.0029444353
   0.0055645809
   0.0087121764
   0.0115064317
   0.0129901822
   0.0141292530
   0.0153238430
   0.0153479465
   0.0137212712
   0.0131823637
   0.0131828347
   0.0128246334
   0.0120927411
   0.0102075389
   0.0077307755
   0.0062622627
   0.0043459167
   0.0004649461
  -0.0033618224
  -0.0055998586
  -0.0071428849
  -0.0089684751
  -0.0102259997
  -0.0112276126
  -0.0116719921
  -0.0107752859
  -0.0100892454
  -0.0101346341
  -0.0105971010
  -0.0120074209
  -0.0139046005
  -0.0164795158
  -0.0198180008
  -0.0218033387
  -0.0239541294
  -0.0281207295
  -0.0319218477
  -0.0329541061
  -0.0325204297
  -0.0322621941
  -0.0318077408
  -0.0302853586
  -0.0281915821
  -0.0263171652
  -0.0241421380
  -0.0220237341
  -0.0211536059
  -0.0194329538
  -0.0154345235
  -0.0116382272
  -0.0095548920
  -0.0076471284
  -0.0054321052
  -0.0027554769
   0.0000387665
   0.0017183184
   0.0025054895
   0.0037627131
   0.0056219001
   0.0064686929
   0.0063660495
   0.0067229901
   0.0088264357
   0.0112846739
   0.0120963902
   0.0117994759
   0.0116074059
   0.0116948076
   0.0117355151
   0.0116373320
   0.0114874432
   0.0113854546
   0.0112083290
   0.0109523157
   0.0096680352
   0.0081444138
   0.0065278846
   0.0054197172
   0.0058099810
   0.0067365215
   0.0067649250
   0.0069478849
   0.0083909475
   0.0103532157
   0.0114423829
   0.0104260443
   0.0099989548
   0.0125100774
   0.0145090482
   0.0156921082
   0.0165120610
   0.0168021207
   0.0166608358
   0.0153965523
   0.0149743316
   0.0150643349
   0.0136208189
   0.0132152236
   0.0142844993
   0.0149383737
   0.0146260536
   0.0130872336
   0.0112034407
   0.0095784854
   0.0081756945
   0.0054762820
   0.0035827964
   0.0025483411
   0.0000915431
  -0.0027261781
  -0.0057996726
  -0.0081011908
  -0.0103515035
  -0.0126728624
  -0.0150439548
  -0.0174125473
  -0.0188166772
  -0.0210179013
  -0.0234571060
  -0.0242453188
  -0.0237054125
  -0.0221449164
  -0.0202517749
  -0.0187064579
  -0.0180382742
  -0.0167944374
  -0.0147851993
  -0.0127719465
  -0.0106287726
  -0.0083431782
  -0.0069425373
  -0.0055158050
  -0.0039572850
  -0.0028274690
  -0.0020344988
  -0.0018001462
  -0.0015169203
  -0.0000582152
   0.0019990744
   0.0038506543
   0.0055199917
   0.0068170491
   0.0083528337
   0.0091729155
   0.0095525934
   0.0103970329
   0.0103941793
   0.0114639573
   0.0136278729
   0.0146678713
   0.0144998442
   0.0135927730
   0.0113899813
   0.0095854866
   0.0088323815
   0.0087344212
   0.0074950388
   0.0049057204
   0.0032230218
   0.0031584629
   0.0034963055
   0.0034907721
   0.0033406487
   0.0033153861
   0.0033689155
   0.0035523719
   0.0041380890
   0.0038600421
   0.0033502202
   0.0030680354
   0.0017546561
  -0.0006489149
  -0.0023003923
  -0.0038351547
  -0.0060385621
  -0.0077068381
  -0.0100226499
  -0.0124116617
  -0.0131441345
  -0.0126121363
  -0.0107696080
  -0.0082427337
  -0.0061495123
  -0.0036519994
  -0.0006651305
  -0.0003943525
  -0.0016243623
  -0.0020945720
  -0.0018363743
  -0.0030113162
  -0.0060950604
  -0.0077890838
  -0.0076001038
  -0.0072358786
  -0.0074350711
  -0.0080356566
  -0.0091622554
  -0.0086103755
  -0.0066177647
  -0.0046033510
  -0.0028686846
  -0.0006877415
   0.0026387471
   0.0065001299
   0.0102074158
   0.0147685777
   0.0192487860
   0.0230461807
   0.0255199614
   0.0281796984
   0.0301603649
   0.0305451187
   0.0303532793
   0.0314756231
   0.0334939342
   0.0349317820
   0.0352399370
   0.0330364905
   0.0319818720
   0.0328439083
   0.0323859564
   0.0308199681
   0.0289563794
   0.0266860286
   0.0240635454
   0.0207514370
   0.0173634529
   0.0127989037
   0.0088478615
   0.0055079829
   0.0031785244
   0.0006797924
  -0.0019578627
  -0.0028913966
  -0.0028179972
  -0.0047108182
  -0.0076613752
  -0.0087210853
  -0.0083167135
  -0.0080208508
  -0.0081701123
  -0.0084941616
  -0.0104756255
  -0.0132162165
  -0.0142210232
  -0.0147064952
  -0.0172176373
  -0.0185495209
  -0.0172509253
  -0.0152984650
  -0.0147095248
  -0.0151680142
  -0.0151586793
  -0.0145419062
  -0.0139108238
  -0.0138411772
  -0.0146515176
  -0.0146055406
  -0.0126273232
  -0.0103693818
  -0.0079533073
  -0.0046876333
  -0.0014057495
   0.0011225404
   0.0019893544
   0.0027705739
   0.0043888133
   0.0063444615
   0.0071799198
   0.0073888576
   0.0096125689
   0.0121614456
   0.0127652267
   0.0122886557
   0.0120661826
   0.0112630135
   0.0098860403
   0.0089094007
   0.0075550396
   0.0066188534
   0.0065043342
   0.0066675570
   0.0066865064
   0.0065413749
   0.0063476278
   0.0047113694
   0.0017614148
   0.0003845303
   0.0006180342
   0.0009218679
   0.0007184015
  -0.0000383838
  -0.0016855472
  -0.0037538316
  -0.0052103825
  -0.0066014677
  -0.0094141211
  -0.0110923224
  -0.0111435532
  -0.0112924002
  -0.0116089128
  -0.0118424351
  -0.0135688180
  -0.0158875245
  -0.0167457651
  -0.0164855983
  -0.0168512543
  -0.0184661573
  -0.0194054708
  -0.0193050067
  -0.0190553496
  -0.0190854478
  -0.0190194367
  -0.0177007287
  -0.0163321033
  -0.0160579401
  -0.0155765218
  -0.0135017612
  -0.0112513761
  -0.0106229754
  -0.0109462214
  -0.0111007347
  -0.0109616331
  -0.0099972016
  -0.0072136397
  -0.0052958474
  -0.0052932576
  -0.0058231527
  -0.0059208667
  -0.0055509088
  -0.0042092055
  -0.0032270090
  -0.0031458579
  -0.0025264286
  -0.0011531368
  -0.0005335001
  -0.0006844137
  -0.0008585570
  -0.0010980367
  -0.0033454902
  -0.0060672452
  -0.0068527490
  -0.0067320748
  -0.0079441424
  -0.0085625163
  -0.0078165433
  -0.0066113382
  -0.0058576076
  -0.0036041089
  -0.0011974178
  -0.0002342488
   0.0008808681
   0.0027443555
   0.0043956875
   0.0047602019
   0.0045353188
   0.0050910043
   0.0051944666
   0.0047438619
   0.0044677440
   0.0045664021
   0.0047031075
   0.0047307331
   0.0047224224
   0.0047288665
   0.0047414675
   0.0047663627
   0.0047979796
   0.0047686222
   0.0047381038
   0.0047373337
   0.0047468797
   0.0047210796
   0.0034035776
   0.0005044361
  -0.0010460781
  -0.0022357826
  -0.0048176990
  -0.0068073330
  -0.0092495340
  -0.0113904035
  -0.0119418828
  -0.0116624148
  -0.0115589310
  -0.0117272904
  -0.0122536380
  -0.0127158918
  -0.0121974387
  -0.0117028760
  -0.0116184120
  -0.0106225513
  -0.0081554511
  -0.0062834735
  -0.0056468207
  -0.0044640226
  -0.0029212954
  -0.0027647728
  -0.0022255388
  -0.0009276652
   0.0008166618
   0.0024990844
   0.0040724903
   0.0047574441
   0.0054724765
   0.0076309799
   0.0099181301
   0.0105663813
   0.0102493156
   0.0100927343
   0.0102234021
   0.0103104208
   0.0102735520
   0.0102101287
   0.0093262346
   0.0078746326
   0.0072970112
   0.0065670245
   0.0055682222
   0.0064481310
   0.0086257148
   0.0097227295
   0.0100567588
   0.0098452116
   0.0085214511
   0.0071436999
   0.0056365261
   0.0048979061
   0.0042281764
   0.0016357253
  -0.0005486280
  -0.0008377088
  -0.0003970447
   0.0003902200
   0.0017263800
   0.0023975258
   0.0030383008
   0.0041613736
   0.0043707493
   0.0046656367
   0.0050066086
   0.0050935569
   0.0050524585
   0.0050179098
   0.0051119356
   0.0047598208
   0.0021916312
   0.0002525664
   0.0019022965
   0.0037630571
   0.0034553048
   0.0026876441
   0.0034297353
   0.0051280235
   0.0048739531
   0.0048374088
   0.0056523755
   0.0061485448
   0.0060719244
   0.0058934287
   0.0048889562
   0.0036249738
   0.0032381520
   0.0028758930
   0.0014977244
   0.0005866710
   0.0004743424
   0.0006137120
   0.0006076989
   0.0005033353
   0.0004541231
   0.0004262649
   0.0006980964
   0.0024705616
   0.0049176451
   0.0063547092
   0.0080298300
   0.0101243492
   0.0110870626
   0.0116047008
   0.0129008513
   0.0138634025
   0.0151357348
   0.0161082385
   0.0162757360
   0.0161201750
   0.0157171109
   0.0133404988
   0.0107832547
   0.0086525274
   0.0061467564
   0.0044108919
   0.0028737215
   0.0010607274
  -0.0002763412
  -0.0011327410
  -0.0031037862
  -0.0061001520
  -0.0084394771
  -0.0084043440
  -0.0080527589
  -0.0095159710
  -0.0098941966
  -0.0089774465
  -0.0084255353
  -0.0079841990
  -0.0080783381
  -0.0086009526
  -0.0088452757
  -0.0087697283
  -0.0096505146
  -0.0111322109
  -0.0116502419
  -0.0113426655
  -0.0116753813
  -0.0144312491
  -0.0169183365
  -0.0187450271
  -0.0211067358
  -0.0223689474
  -0.0223451800
  -0.0220838171
  -0.0221048285
  -0.0222177822
  -0.0222217890
  -0.0214675854
  -0.0192294320
  -0.0167431088
  -0.0145764197
  -0.0123019799
  -0.0099944867
  -0.0070440275
  -0.0044124634
  -0.0013345086
   0.0023381914
   0.0049800384
   0.0054678950
   0.0050999659
   0.0050459772
   0.0062134008
   0.0087093795
   0.0106168361
   0.0108880520
   0.0105661937
   0.0105183540
   0.0106150008
   0.0091317194
   0.0062411320
   0.0059313587
   0.0075663976
   0.0083218384
   0.0084000362
   0.0085865651
   0.0093279019
   0.0104245960
   0.0104207201
   0.0098822660
   0.0102241761
   0.0106973110
   0.0107510456
   0.0106158217
   0.0105814470
   0.0106290228
   0.0106492192
   0.0106276214
   0.0105649936
   0.0105293738
   0.0105787712
   0.0106294723
   0.0101752732
   0.0082171994
   0.0057823690
   0.0048280660
   0.0050334075
   0.0052716969
   0.0047405939
   0.0031485220
   0.0017602413
   0.0003316596
  -0.0003944406
  -0.0004771089
  -0.0019098242
  -0.0047762176
  -0.0061540860
  -0.0059285559
  -0.0060282284
  -0.0086308572
  -0.0111208315
  -0.0115239034
  -0.0111079959
  -0.0110916676
  -0.0112447932
  -0.0100948570
  -0.0074691370
  -0.0056221620
  -0.0054357054
  -0.0062134751
  -0.0073349765
  -0.0067486827
  -0.0053260237
  -0.0036974818
  -0.0036124372
  -0.0036169425
  -0.0031418061
  -0.0021365128
  -0.0012120754
  -0.0005090852
  -0.0003203617
  -0.0002925670
   0.0008232666
   0.0022107409
   0.0026232826
   0.0024649755
   0.0022786635
   0.0010956278
  -0.0002221307
  -0.0005539240
  -0.0003312063
  -0.0000432542
   0.0011552755
   0.0025144277
   0.0023361978
   0.0005519057
  -0.0004821968
  -0.0003562573
  -0.0000509834
  -0.0000750176
  -0.0002321374
  -0.0002715874
  -0.0003106016
  -0.0003894958
  -0.0004301531
  -0.0004253584
  -0.0004159186
  -0.0004193362
  -0.0004258988
  -0.0004612256
  -0.0004050306
   0.0007810402
   0.0026349181
   0.0044128230
   0.0051218960
   0.0062904435
   0.0087157728
   0.0105293835
   0.0117643604
   0.0115358672
   0.0104480389
   0.0105303901
   0.0116675357
   0.0112150195
   0.0102760480
   0.0100669244
   0.0103072720
   0.0104848100
   0.0104552297
   0.0103247672
   0.0103159443
   0.0103651229
   0.0104479998
   0.0097979759
   0.0070659830
   0.0048951815
   0.0046658635
   0.0039475376
   0.0009806097
  -0.0008737631
  -0.0013481385
  -0.0028127101
  -0.0040971157
  -0.0049504641
  -0.0056819694
  -0.0060619503
  -0.0061678460
  -0.0061535641
  -0.0061069324
  -0.0061341183
  -0.0061785531
  -0.0061876320
  -0.0061795147
  -0.0067562644
  -0.0088501914
  -0.0111999596
  -0.0113842857
  -0.0097069348
  -0.0098803506
  -0.0113799154
  -0.0120079819
  -0.0116996197
  -0.0113516212
  -0.0102407273
  -0.0096019205
  -0.0106029823
  -0.0105376591
  -0.0104465202
  -0.0111377755
  -0.0116276296
  -0.0116769977
  -0.0109704462
  -0.0095458717
  -0.0094877257
  -0.0106448175
  -0.0115905048
  -0.0116477928
  -0.0109481408
  -0.0107533187
  -0.0112027507
  -0.0101613411
  -0.0075780447
  -0.0060020569
  -0.0060306813
  -0.0056899108
  -0.0041983733
  -0.0033524230
  -0.0035351522
  -0.0040788915
  -0.0054376072
  -0.0064755495
  -0.0066031799
  -0.0064559101
  -0.0064394586
  -0.0065430441
  -0.0066541468
  -0.0066775858
  -0.0066607297
  -0.0066584898
  -0.0066475932
  -0.0060555823
  -0.0060156137
  -0.0052443761
  -0.0032036404
  -0.0015555315
  -0.0010778611
  -0.0008933051
   0.0001598542
  -0.0001681059
  -0.0011322795
  -0.0014414563
  -0.0009762739
   0.0009102989
   0.0033060434
   0.0042156164
   0.0039726478
   0.0037223672
   0.0038662419
   0.0050651573
   0.0060177031
   0.0059880760
   0.0073630712
   0.0090110218
   0.0089100750
   0.0080933941
   0.0071779945
   0.0062368946
   0.0058297395
   0.0062098142
   0.0062134106
   0.0062009093
   0.0074460381
   0.0087085468
   0.0089307014
   0.0086778056
   0.0086046310
   0.0094592850
   0.0111978311
   0.0131519293
   0.0141789280
   0.0141942771
   0.0140389409
   0.0140130372
   0.0141197070
   0.0141177075
   0.0140750923
   0.0150648548
   0.0169427645
   0.0189458673
   0.0197861416
   0.0196113068
   0.0184229792
   0.0177259366
   0.0183446466
   0.0193988155
   0.0197642702
   0.0196274709
   0.0195393264
   0.0194529391
   0.0176861243
   0.0148223143
   0.0135717498
   0.0131095448
   0.0111904292
   0.0088425471
   0.0072203634
   0.0047238844
   0.0027879616
   0.0010526346
  -0.0015477842
  -0.0043485006
  -0.0056267298
  -0.0055486356
  -0.0061543968
  -0.0077087047
  -0.0084571482
  -0.0083629231
  -0.0090725199
  -0.0106870496
  -0.0120235088
  -0.0128224912
  -0.0135730007
  -0.0139113027
  -0.0138930902
  -0.0138297919
  -0.0139116213
  -0.0140461532
  -0.0140837608
  -0.0140375884
  -0.0139903878
  -0.0139784377
  -0.0139450989
  -0.0139173950
  -0.0139987748
  -0.0140744591
  -0.0140818570
  -0.0140650518
  -0.0140635253
  -0.0140717149
  -0.0140751099
  -0.0140738238
  -0.0140736206
  -0.0140754402
  -0.0140778952
  -0.0146558293
  -0.0162775107
  -0.0176416308
  -0.0167457827
  -0.0167743739
  -0.0186910502
  -0.0198894593
  -0.0197557874
  -0.0187069915
  -0.0165234209
  -0.0144249183
  -0.0131243760
  -0.0111634310
  -0.0088852815
  -0.0062573255
  -0.0044987237
  -0.0050643246
  -0.0038569167
   0.0002497450
   0.0030514100
   0.0043391891
   0.0048778446
   0.0050055238
   0.0057664061
   0.0071966625
   0.0078185741
   0.0073978799
   0.0052777736
   0.0044347238
   0.0045439638
   0.0057905410
   0.0073266891
   0.0069784033
   0.0061264408
   0.0068781230
   0.0077391762
   0.0078210622
   0.0085105447
   0.0099181770
   0.0107545911
   0.0106934410
   0.0099839478
   0.0115664013
   0.0132013052
   0.0133962270
   0.0130065770
   0.0129240929
   0.0130723790
   0.0131293093
   0.0130796695
   0.0130483907
   0.0130624811
   0.0130770582
   0.0130739172
   0.0124143081
   0.0095237110
   0.0073889339
   0.0072637095
   0.0073112228
   0.0054136952
   0.0027827996
   0.0018885182
   0.0018050774
   0.0005320619
  -0.0007286058
  -0.0020003801
  -0.0031043080
  -0.0033403673
  -0.0031557441
  -0.0030855658
  -0.0031510531
  -0.0031923431
  -0.0032496741
  -0.0033303737
  -0.0029073027
  -0.0018011239
  -0.0012378698
  -0.0008071753
  -0.0001202698
   0.0014803474
   0.0023886678
   0.0022755675
   0.0020246556
   0.0020558444
   0.0022375691
   0.0022732416
   0.0007089445
  -0.0021241189
  -0.0024724419
  -0.0020407025
  -0.0027652340
  -0.0034461341
  -0.0033039794
  -0.0023904347
  -0.0024528201
  -0.0030856225
  -0.0033156266
  -0.0031850487
  -0.0024871675
  -0.0014892043
   0.0004315633
   0.0020513216
   0.0024387962
   0.0022803699
   0.0022356028
   0.0022501192
   0.0021895379
   0.0021320916
   0.0021281649
   0.0021451871
   0.0021495887
   0.0021451245
   0.0025367409
   0.0030176373
   0.0036338279
   0.0042132494
   0.0046970718
   0.0065454834
   0.0082629887
   0.0097436667
   0.0097865457
   0.0107257908
   0.0126018632
   0.0134135189
   0.0132013854
   0.0129762403
   0.0130511056
   0.0131044376
   0.0120117209
   0.0104356392
   0.0091236275
   0.0078493641
   0.0073432559
   0.0069034052
   0.0042284871
   0.0018792073
   0.0012474630
  -0.0005177495
  -0.0030652443
  -0.0047632256
  -0.0054577411
  -0.0057279425
  -0.0069438683
  -0.0088103419
  -0.0095128730
  -0.0093299072
  -0.0092066394
  -0.0093107839
  -0.0093894996
  -0.0093628551
  -0.0093249446
  -0.0087499364
  -0.0071413896
  -0.0050908714
  -0.0038336399
  -0.0037299118
  -0.0039320771
  -0.0039291218
  -0.0044110639
  -0.0058720693
  -0.0062468530
  -0.0057239317
  -0.0060243564
  -0.0075051673
  -0.0074370178
  -0.0053664888
  -0.0063358341
  -0.0088014937
  -0.0089876414
  -0.0084903854
  -0.0087129172
  -0.0091527954
  -0.0102017515
  -0.0125404120
  -0.0144917387
  -0.0149006293
  -0.0146831540
  -0.0146477218
  -0.0147687458
  -0.0148092324
  -0.0146064319
  -0.0133568193
  -0.0115059782
  -0.0098019906
  -0.0085809985
  -0.0065395630
  -0.0043983398
  -0.0037133489
  -0.0038545185
  -0.0026968149
  -0.0000972453
   0.0016305123
   0.0017158668
   0.0013741561
   0.0013760265
   0.0016308758
   0.0028611010
   0.0046550333
   0.0058891462
   0.0067194054
   0.0071473413
   0.0072151897
   0.0072022036
   0.0078393080
   0.0078573856
   0.0073136953
   0.0069824023
   0.0069148491
   0.0068895962
   0.0068302110
   0.0067984515
   0.0067479517
   0.0066555775
   0.0066115668
   0.0065651227
   0.0064716892
   0.0065461694
   0.0079173826
   0.0103421725
   0.0117067285
   0.0115823231
   0.0112107136
   0.0112194485
   0.0112733238
   0.0111871397
   0.0110638074
   0.0109978412
   0.0109697914
   0.0109641232
   0.0109571669
   0.0108388324
   0.0106839477
   0.0105911084
   0.0099591660
   0.0082417173
   0.0061346812
   0.0048788668
   0.0047070713
   0.0048166846
   0.0047510507
   0.0040346208
   0.0023767294
   0.0009403197
  -0.0006755715
  -0.0015744652
  -0.0016897214
  -0.0017344846
  -0.0034314749
  -0.0060622415
  -0.0051102840
  -0.0038719511
  -0.0060803934
  -0.0069892921
  -0.0043020038
  -0.0025410624
  -0.0035240269
  -0.0052608335
  -0.0056347924
  -0.0040045246
  -0.0027997905
  -0.0028398003
  -0.0031980367
  -0.0031929568
  -0.0030168085
  -0.0029922085
  -0.0031433209
  -0.0031862762
  -0.0030528270
  -0.0019399943
   0.0008565401
   0.0023674531
   0.0010500665
   0.0003916867
   0.0016873040
   0.0017762373
  -0.0006276945
  -0.0029609005
  -0.0033480389
  -0.0028057656
  -0.0026218890
  -0.0037778824
  -0.0067701163
  -0.0086737890
  -0.0086082958
  -0.0081131214
  -0.0081091927
  -0.0082998242
  -0.0083259742
  -0.0082508295
  -0.0082248280
  -0.0080747515
  -0.0066023492
  -0.0040373103
  -0.0025722414
  -0.0025976154
  -0.0028965488
  -0.0028105210
  -0.0025657034
  -0.0025529969
  -0.0027202598
  -0.0027959479
  -0.0026523937
  -0.0012979802
   0.0012337594
   0.0028519517
   0.0029284314
   0.0025775832
   0.0025089217
   0.0026096301
   0.0026033833
   0.0026521827
   0.0039616632
   0.0065219486
   0.0081622061
   0.0082231315
   0.0078158396
   0.0072618742
   0.0070867618
   0.0076241018
   0.0080448254
   0.0080892856
   0.0080119869
   0.0080180108
   0.0081021094
   0.0080982414
   0.0074717190
   0.0059458518
   0.0050136274
   0.0039933758
   0.0035061193
   0.0030971466
   0.0043568544
   0.0057770604
   0.0044760822
   0.0025876589
   0.0023113906
   0.0039437165
   0.0054209349
   0.0057687438
   0.0067573199
   0.0079803798
   0.0083052657
   0.0080857185
   0.0079780813
   0.0080555774
   0.0076544306
   0.0056951998
   0.0033175010
   0.0024548411
   0.0026215235
   0.0022317054
  -0.0003823416
  -0.0027030773
  -0.0030355898
  -0.0031048709
  -0.0055954433
  -0.0081488643
  -0.0087807637
  -0.0094476144
  -0.0110845980
  -0.0120566698
  -0.0114829653
  -0.0108954968
  -0.0109291953
  -0.0116661324
  -0.0131626598
  -0.0139556789
  -0.0138908659
  -0.0137127142
  -0.0137438190
  -0.0138230956
  -0.0138229471
  -0.0137904233
  -0.0137840691
  -0.0137950732
  -0.0137987458
  -0.0137943559
  -0.0137915179
  -0.0137921472
  -0.0137928294
  -0.0137921414
  -0.0137912618
  -0.0137909296
  -0.0137907849
  -0.0137904800
  -0.0137901536
  -0.0137899015
  -0.0137201278
  -0.0121665821
  -0.0092877573
  -0.0079383882
  -0.0081677082
  -0.0084978850
  -0.0084068752
  -0.0082551666
  -0.0082657134
  -0.0077422272
  -0.0056153993
  -0.0032590266
  -0.0025298980
  -0.0028273732
  -0.0029909635
  -0.0019888599
   0.0007507528
   0.0013828248
   0.0009303038
   0.0017105634
   0.0025875592
   0.0027147909
   0.0036477736
   0.0065296163
   0.0083903904
   0.0084028664
   0.0080095027
   0.0079903383
   0.0082766452
   0.0104910880
   0.0132152686
   0.0140036593
   0.0141703983
   0.0160443031
   0.0180810887
   0.0181921093
   0.0181462809
   0.0187611346
   0.0191765085
   0.0191322867
   0.0190006906
   0.0192746056
   0.0215737763
   0.0242474102
   0.0249450881
   0.0245091249
   0.0242820449
   0.0243703712
   0.0244343828
   0.0233143650
   0.0206897122
   0.0191390260
   0.0186815804
   0.0187015520
   0.0186929422
   0.0186170000
   0.0185241430
   0.0173675222
   0.0144567092
   0.0126813432
   0.0127155107
   0.0127741493
   0.0109466045
   0.0082560931
   0.0071355573
   0.0074190008
   0.0077870432
   0.0075235459
   0.0049621816
   0.0011621744
  -0.0024009619
  -0.0036907367
  -0.0053069668
  -0.0077890798
  -0.0094253559
  -0.0119959809
  -0.0140109282
  -0.0143461244
  -0.0140416245
  -0.0151201511
  -0.0169109131
  -0.0158989645
  -0.0143464899
  -0.0141281174
  -0.0146607176
  -0.0149833030
  -0.0150249898
  -0.0150911494
  -0.0153047274
  -0.0156205520
  -0.0167995857
  -0.0172644293
  -0.0165443679
  -0.0161509924
  -0.0164271865
  -0.0167540739
  -0.0168651570
  -0.0169640477
  -0.0171174606
  -0.0172773548
  -0.0174215090
  -0.0175536407
  -0.0164868766
  -0.0135240861
  -0.0119653609
  -0.0122702614
  -0.0127562807
  -0.0126610920
  -0.0125393409
  -0.0126703996
  -0.0127678967
  -0.0127762758
  -0.0127330157
  -0.0124865875
  -0.0103030169
  -0.0076810614
  -0.0069293694
  -0.0073266090
  -0.0075312742
  -0.0073599517
  -0.0059840730
  -0.0030949692
  -0.0015280415
  -0.0006627713
   0.0014092836
   0.0033610582
   0.0037638350
   0.0034127131
   0.0033616797
   0.0035564608
   0.0036298230
   0.0035699374
   0.0035263822
   0.0034683788
   0.0033995434
   0.0033924679
   0.0034338829
   0.0034631778
   0.0034224918
   0.0034133660
   0.0034845547
   0.0034574470
   0.0033421186
   0.0032874966
   0.0032987314
   0.0033099153
   0.0036657457
   0.0057842453
   0.0078080390
   0.0087379453
   0.0086549745
   0.0084585535
   0.0084952581
   0.0085743687
   0.0085646115
   0.0085247015
   0.0085155952
   0.0085237711
   0.0084986239
   0.0083846519
   0.0083020446
   0.0082950805
   0.0083077930
   0.0083031235
   0.0082904991
   0.0089592379
   0.0118820636
   0.0136205883
   0.0116324456
   0.0110871017
   0.0130203253
   0.0141924965
   0.0139448878
   0.0135482737
   0.0135970105
   0.0137569751
   0.0137575966
   0.0136876353
   0.0130457345
   0.0115357832
   0.0123925735
   0.0138779424
   0.0141955925
   0.0137757505
   0.0135354889
   0.0130905407
   0.0105887140
   0.0082189898
   0.0077828995
   0.0082141640
   0.0083282747
   0.0080102141
   0.0057355476
   0.0030023820
   0.0022281071
   0.0026370016
   0.0028364775
   0.0026688980
   0.0023312078
  -0.0000984151
  -0.0026999910
  -0.0021683310
  -0.0004048285
  -0.0004976915
  -0.0024184825
  -0.0034423618
  -0.0031529236
  -0.0028482928
  -0.0029958420
  -0.0031421892
  -0.0031129941
  -0.0037331270
  -0.0059124621
  -0.0077470472
  -0.0084747451
  -0.0082524146
  -0.0063335316
  -0.0056625763
  -0.0075395635
  -0.0088311736
  -0.0086960064
  -0.0083187170
  -0.0083399024
  -0.0084005189
  -0.0071533945
  -0.0060077661
  -0.0053270577
  -0.0054685283
  -0.0075510230
  -0.0088269537
  -0.0087225101
  -0.0083951107
  -0.0084337991
  -0.0086325264
  -0.0099992695
  -0.0128433229
  -0.0143648627
  -0.0143033041
  -0.0143302280
  -0.0161731590
  -0.0188358259
  -0.0200169744
  -0.0198393836
  -0.0195945563
  -0.0196655652
  -0.0197678861
  -0.0197892103
  -0.0186197930
  -0.0156436021
  -0.0140982342
  -0.0142073198
  -0.0128200031
  -0.0099161248
  -0.0086085831
  -0.0089162983
  -0.0084040391
  -0.0054824017
  -0.0033552844
  -0.0031109672
  -0.0015909079
   0.0011365493
   0.0022708160
   0.0019438100
   0.0016182725
   0.0017226112
   0.0021185524
   0.0031734641
   0.0028069618
   0.0018150952
   0.0014473583
   0.0016754682
   0.0011714113
  -0.0018129489
  -0.0040678678
  -0.0042603229
  -0.0038060807
  -0.0037419831
  -0.0038378149
  -0.0038258198
  -0.0037625274
  -0.0025991712
   0.0003943023
   0.0020493084
   0.0018989483
   0.0016634477
   0.0031966920
   0.0059213162
   0.0073778750
   0.0073268533
   0.0071005258
   0.0071071635
   0.0071495401
   0.0071355475
   0.0077135637
   0.0087272988
   0.0097402032
   0.0110360390
   0.0124131862
   0.0124367249
   0.0103992064
   0.0081305169
   0.0085809125
   0.0098390724
   0.0096213605
   0.0077863005
   0.0067174822
   0.0068472665
   0.0071254639
   0.0064962599
   0.0047425621
   0.0026833558
   0.0014764246
   0.0013789874
   0.0015442772
   0.0014344963
   0.0012601808
   0.0019937620
   0.0028001072
   0.0020408667
   0.0012591311
   0.0012524082
   0.0014824378
   0.0014601524
   0.0022591942
   0.0037095375
   0.0040201806
   0.0030877256
   0.0025107492
   0.0019594087
   0.0014649923
   0.0012785796
   0.0012208982
   0.0011880510
   0.0012131248
   0.0012767865
   0.0013357292
   0.0007682875
  -0.0007586299
  -0.0021805880
  -0.0036180429
  -0.0042543596
  -0.0041819766
  -0.0040455311
  -0.0040312316
  -0.0040105466
  -0.0040673322
  -0.0052876402
  -0.0072314750
  -0.0089692628
  -0.0093725810
  -0.0090449548
  -0.0088341562
  -0.0088394745
  -0.0088034384
  -0.0086800025
  -0.0085572898
  -0.0084981567
  -0.0075841136
  -0.0060119684
  -0.0052828965
  -0.0053104029
  -0.0053684962
  -0.0052672991
  -0.0051760234
  -0.0051961260
  -0.0042126396
  -0.0026555660
  -0.0021000545
  -0.0023158372
  -0.0024482015
  -0.0023474677
  -0.0023085741
  -0.0023618591
  -0.0024002055
  -0.0023898620
  -0.0023348140
  -0.0023174927
  -0.0025069808
  -0.0048125136
  -0.0074671922
  -0.0082105520
  -0.0077795299
  -0.0075254008
  -0.0076630580
  -0.0077810896
  -0.0077466445
  -0.0076569853
  -0.0075674100
  -0.0075793934
  -0.0075691789
  -0.0074880200
  -0.0074035266
  -0.0073559508
  -0.0073548132
  -0.0073652232
  -0.0073187556
  -0.0072617022
  -0.0073211851
  -0.0073870731
  -0.0073950985
  -0.0073315814
  -0.0072245090
  -0.0071827636
  -0.0071979662
  -0.0072564972
  -0.0066396166
  -0.0044309945
  -0.0021715149
  -0.0015350742
  -0.0018369211
  -0.0020008159
  -0.0018631192
  -0.0018212007
  -0.0019675651
  -0.0018074670
   0.0004195139
   0.0031434832
   0.0039298353
   0.0035162146
   0.0033025037
   0.0034588132
   0.0035082595
   0.0033540941
   0.0035099913
   0.0049318626
   0.0069536665
   0.0085606223
   0.0089235223
   0.0079538038
   0.0072632912
   0.0081634277
   0.0089392838
   0.0089097505
   0.0086759742
   0.0086659102
   0.0090659194
   0.0095675262
   0.0091276969
   0.0089917108
   0.0104291052
   0.0116147960
   0.0117061636
   0.0120877863
   0.0130318220
   0.0140536978
   0.0143415039
   0.0141959932
   0.0140961702
   0.0131764199
   0.0117573123
   0.0113036174
   0.0112496033
   0.0099632334
   0.0088248506
   0.0086535555
   0.0089070493
   0.0089915935
   0.0089091896
   0.0088667777
   0.0088933577
   0.0089140857
   0.0085927200
   0.0072000380
   0.0061171156
   0.0056926784
   0.0057585860
   0.0073132555
   0.0069359211
   0.0044757284
   0.0031163227
   0.0036970284
   0.0045277879
   0.0039492205
   0.0032786327
   0.0035681373
   0.0045970632
   0.0056840217
   0.0061734615
   0.0051815001
   0.0039106709
   0.0051267218
   0.0078477067
   0.0090977239
   0.0088292131
   0.0085091491
   0.0086147634
   0.0087660537
   0.0087258759
   0.0085591916
   0.0084803273
   0.0082637334
   0.0074864387
   0.0064281476
   0.0057552808
   0.0057018941
   0.0050159494
   0.0035104447
   0.0028098565
   0.0029582384
   0.0028761198
   0.0008543307
  -0.0006715229
  -0.0015398394
  -0.0023380175
  -0.0036869859
  -0.0034779210
  -0.0023988432
  -0.0019838543
  -0.0021780803
  -0.0023176588
  -0.0022509069
  -0.0021814519
  -0.0021940216
  -0.0022213521
  -0.0022186412
  -0.0019767808
   0.0000651474
   0.0021574656
   0.0028734108
   0.0029227026
   0.0019093854
   0.0020519490
   0.0030903213
   0.0035215251
   0.0033422319
   0.0031969656
   0.0032687700
   0.0033957027
   0.0034613639
   0.0034372877
   0.0035618651
   0.0047626393
   0.0047604834
   0.0037350483
   0.0033045736
   0.0035032266
   0.0036328545
   0.0035156438
   0.0033398122
   0.0033002090
   0.0033725959
   0.0034102094
   0.0033644024
   0.0033329615
   0.0033428242
   0.0033584450
   0.0033609585
   0.0033596001
   0.0033351506
   0.0032802335
   0.0032102292
   0.0031758193
   0.0031806783
   0.0031917860
   0.0031945420
   0.0031932774
   0.0031294495
   0.0030985206
   0.0031253508
   0.0031796932
   0.0032186377
   0.0032253848
   0.0032234635
   0.0028902121
   0.0014348091
   0.0003855932
   0.0000878161
  -0.0010783249
  -0.0030525827
  -0.0047752755
  -0.0060135321
  -0.0073201336
  -0.0079570268
  -0.0079365763
  -0.0078095753
  -0.0080760689
  -0.0095123081
  -0.0108316084
  -0.0122456927
  -0.0132507867
  -0.0128174505
  -0.0112520934
  -0.0104972038
  -0.0099539024
  -0.0088074531
  -0.0086225269
  -0.0083828029
  -0.0080641774
  -0.0080243162
  -0.0080459453
  -0.0068858396
  -0.0054916506
  -0.0046297863
  -0.0039249782
  -0.0030076573
  -0.0024441106
  -0.0024001586
  -0.0025245425
  -0.0025504618
  -0.0028567208
  -0.0032034020
  -0.0027665397
  -0.0023238841
  -0.0022039605
  -0.0022742580
  -0.0023636514
  -0.0023405174
  -0.0022472734
  -0.0021917582
  -0.0022193213
  -0.0032028781
  -0.0046526038
  -0.0051690027
  -0.0058557703
  -0.0071494405
  -0.0061273301
  -0.0041429735
  -0.0056076006
  -0.0077676853
  -0.0081928359
  -0.0077350892
  -0.0076043237
  -0.0072174218
  -0.0053348583
  -0.0039129538
  -0.0046738498
  -0.0044997811
  -0.0034441443
  -0.0036782275
  -0.0043203179
  -0.0041854791
  -0.0039694912
  -0.0040104665
  -0.0038148391
  -0.0036034072
  -0.0027290709
  -0.0021740031
  -0.0011890224
  -0.0002269643
  -0.0001502858
  -0.0005380268
  -0.0008001127
  -0.0008635314
  -0.0009349828
  -0.0006147452
  -0.0003203621
  -0.0002362025
  -0.0009310968
  -0.0015773023
  -0.0016527293
  -0.0015073400
  -0.0014746423
  -0.0015227190
  -0.0014858986
  -0.0012653704
  -0.0010235286
   0.0000905394
   0.0014580913
   0.0019452734
   0.0023092054
   0.0037236963
   0.0047373669
   0.0047787037
   0.0044828156
   0.0034176699
   0.0031181443
   0.0039967709
   0.0034609926
   0.0014060206
  -0.0008071396
  -0.0016085892
  -0.0014923992
  -0.0015071354
  -0.0013726937
  -0.0001465143
   0.0005815360
   0.0003942096
   0.0000288416
  -0.0008138978
  -0.0030172385
  -0.0038940532
  -0.0035590955
  -0.0033893895
  -0.0047430058
  -0.0063362191
  -0.0067460343
  -0.0064872396
  -0.0064078320
  -0.0065265105
  -0.0070453292
  -0.0072974744
  -0.0067711952
  -0.0064356355
  -0.0065692351
  -0.0066483144
  -0.0065345379
  -0.0063332521
  -0.0051246969
  -0.0038223934
  -0.0035102004
  -0.0037207664
  -0.0032285746
  -0.0017117472
  -0.0009151208
  -0.0010376985
  -0.0007499612
   0.0007150273
   0.0016221458
   0.0020601210
   0.0032495920
   0.0040385808
   0.0040024665
   0.0048753388
   0.0066596332
   0.0089828450
   0.0104268340
   0.0094583546
   0.0082260887
   0.0079718228
   0.0076981755
   0.0067773071
   0.0055165888
   0.0049256764
   0.0048078579
   0.0036326493
   0.0027150802
   0.0025855246
   0.0022352197
   0.0011999954
  -0.0002113553
   0.0003717344
   0.0017235074
   0.0021050132
   0.0018268245
   0.0016967003
   0.0020595679
   0.0035254772
   0.0046713147
   0.0056156749
   0.0068789126
   0.0075473602
   0.0075471921
   0.0074546225
   0.0075353358
   0.0076449472
   0.0076258707
   0.0076482523
   0.0076987814
   0.0076868450
   0.0076936468
   0.0071181363
   0.0056437266
   0.0048704485
   0.0043152165
   0.0029120347
   0.0020571227
   0.0020865817
   0.0022707183
   0.0022651752
   0.0022313399
   0.0022253140
   0.0023199554
   0.0023737702
   0.0024036690
   0.0032876198
   0.0055609982
   0.0067608459
   0.0048579492
   0.0024655365
   0.0028699160
   0.0047943910
   0.0055028893
   0.0051064062
   0.0048462688
   0.0049784415
   0.0046531159
   0.0035440631
   0.0027665729
   0.0023416608
   0.0022977439
   0.0023149928
   0.0023319212
   0.0023783223
   0.0014425894
  -0.0014655184
  -0.0033624674
  -0.0033682021
  -0.0033021147
  -0.0057214338
  -0.0083739976
  -0.0089745225
  -0.0084727651
  -0.0082691436
  -0.0084720712
  -0.0085168501
  -0.0084457825
  -0.0084542828
  -0.0084994741
  -0.0085082500
  -0.0084886165
  -0.0084752435
  -0.0084732596
  -0.0084492186
  -0.0075067934
  -0.0060253454
  -0.0054809612
  -0.0056667102
  -0.0057739703
  -0.0055903009
  -0.0054722673
  -0.0055069724
  -0.0055182384
  -0.0054847765
  -0.0054604247
  -0.0054597210
  -0.0054535798
  -0.0046821879
  -0.0031844447
  -0.0033603643
  -0.0057978549
  -0.0073990233
  -0.0068435215
  -0.0056323492
  -0.0054234660
  -0.0058304295
  -0.0060659513
  -0.0055569835
  -0.0040741634
  -0.0033465202
  -0.0045511898
  -0.0051752846
  -0.0043633474
  -0.0037328592
  -0.0028694997
  -0.0018508319
  -0.0015263713
  -0.0017747659
  -0.0020645930
  -0.0021889104
  -0.0022288576
  -0.0023242066
  -0.0019631771
  -0.0011593386
  -0.0002177508
  -0.0002320198
  -0.0007024361
  -0.0016048187
  -0.0025388870
  -0.0028341535
  -0.0027391075
  -0.0026768139
  -0.0026132401
  -0.0019384391
  -0.0008800720
  -0.0000370398
   0.0000458928
  -0.0000780383
   0.0000404758
   0.0002118924
   0.0013814382
   0.0020955492
   0.0013961335
   0.0017649314
   0.0025701403
   0.0029133423
   0.0039142399
   0.0050439640
   0.0053093142
   0.0050258786
   0.0048709802
   0.0048537586
   0.0048287618
   0.0049064084
   0.0060093826
   0.0071302467
   0.0079810248
   0.0091904010
   0.0097768355
   0.0094085037
   0.0072707518
   0.0064380592
   0.0081071502
   0.0093559380
   0.0092071574
   0.0087758069
   0.0086605137
   0.0078083674
   0.0069903457
   0.0063352946
   0.0058943395
   0.0055457449
   0.0041916184
   0.0029619364
   0.0027340745
   0.0029790837
   0.0030061191
   0.0029079516
   0.0028711454
   0.0021102025
  -0.0001223003
  -0.0022742834
  -0.0028128157
  -0.0026134669
  -0.0037025930
  -0.0051550765
  -0.0061050697
  -0.0073420988
  -0.0080530404
  -0.0080742981
  -0.0079335194
  -0.0079309609
  -0.0079842381
  -0.0079226892
  -0.0078637848
  -0.0075823076
  -0.0058315201
  -0.0041194367
  -0.0044889920
  -0.0053116577
  -0.0050820446
  -0.0034587429
  -0.0023026674
  -0.0020779231
  -0.0003838974
   0.0023698083
   0.0035320132
   0.0032023797
   0.0027363790
   0.0018016155
   0.0018521491
   0.0028300842
   0.0033655400
   0.0032420278
   0.0031128827
   0.0031743065
   0.0032073247
   0.0032138158
   0.0032185439
   0.0031470150
   0.0029329582
   0.0018055625
   0.0010073492
   0.0004993023
   0.0000951263
  -0.0001709304
  -0.0002757087
  -0.0006903651
  -0.0022190633
  -0.0033819113
  -0.0035626450
  -0.0034875589
  -0.0036130881
  -0.0031812158
  -0.0023254126
  -0.0011342726
   0.0005091634
   0.0013806781
   0.0011807232
   0.0008234116
   0.0007246242
   0.0010112002
   0.0026382701
   0.0050494954
   0.0062378269
   0.0061308307
   0.0058049695
   0.0057160901
   0.0058141950
   0.0058486166
   0.0057269808
   0.0056128994
   0.0051135696
   0.0049570489
   0.0052629639
   0.0037148852
   0.0014645148
   0.0000702983
  -0.0000775147
   0.0000345895
  -0.0001112529
  -0.0002646233
  -0.0002754214
  -0.0003167223
  -0.0003986771
  -0.0004951189
  -0.0006847599
  -0.0008260989
  -0.0009290587
  -0.0010423832
  -0.0011636505
  -0.0012588944
  -0.0013552935
  -0.0014090909
  -0.0015482680
  -0.0017362990
  -0.0018054962
  -0.0018332835
  -0.0019228810
  -0.0019832035
  -0.0020329117
  -0.0021252819
  -0.0021767453
  -0.0022239693
  -0.0023071961
  -0.0022666059
  -0.0022240748
  -0.0023037757
  -0.0023736842
  -0.0023744034
  -0.0023547015
  -0.0023465491
  -0.0016607084
  -0.0001894457
   0.0012630382
   0.0026748848
   0.0031808777
   0.0031125719
   0.0030335004
   0.0028769368
   0.0023322691
   0.0026031761
   0.0023573578
   0.0008065495
  -0.0006196400
  -0.0003535031
  -0.0003107672
  -0.0015775931
  -0.0024796835
  -0.0024013509
  -0.0021095634
  -0.0021289096
  -0.0022148982
  -0.0022025708
  -0.0021570160
  -0.0021504702
  -0.0021665816
  -0.0021721423
  -0.0021671504
  -0.0021645274
  -0.0021664741
  -0.0021682938
  -0.0021924150
  -0.0022966572
  -0.0023724118
  -0.0023813695
  -0.0024484009
  -0.0026256183
  -0.0027662387
  -0.0028600279
  -0.0029334116
  -0.0024235878
  -0.0010246652
  -0.0003391366
  -0.0006008870
  -0.0008847637
   0.0002484623
   0.0015703765
   0.0017476434
   0.0013499023
   0.0012002720
   0.0011723596
   0.0010391672
   0.0009192430
   0.0008157242
   0.0007901070
   0.0024458678
   0.0048117162
   0.0031863856
   0.0005324278
  -0.0001318267
   0.0003813746
   0.0005650231
   0.0002598759
   0.0000635261
   0.0001181359
   0.0001917780
   0.0001778506
  -0.0007763532
  -0.0037238546
  -0.0044844027
  -0.0031614318
  -0.0023308228
  -0.0020697784
  -0.0033433499
  -0.0045794253
  -0.0046104050
  -0.0052109728
  -0.0056440784
  -0.0047312296
  -0.0049377595
  -0.0055801352
  -0.0045831546
  -0.0029379833
  -0.0013298931
  -0.0007128677
  -0.0007657030
  -0.0008826864
  -0.0008634373
  -0.0008207757
  -0.0006083255
   0.0015640105
   0.0042519046
   0.0050465636
   0.0046444416
   0.0043603941
   0.0044150630
   0.0045685228
   0.0046052039
   0.0044845708
   0.0044033865
   0.0043712614
   0.0042857067
   0.0042217361
   0.0041532544
   0.0039646048
   0.0035853100
   0.0029667466
   0.0032234009
   0.0033059535
   0.0017836332
  -0.0001276868
  -0.0007021783
  -0.0007162585
  -0.0007790274
  -0.0004769447
   0.0007230289
   0.0002406214
  -0.0016699073
  -0.0021191427
  -0.0020976738
  -0.0014471489
   0.0010773032
   0.0029741054
   0.0031626730
   0.0027824732
   0.0027088354
   0.0029062433
   0.0030565153
   0.0030503584
   0.0030693938
   0.0031178707
   0.0030945372
   0.0030964957
   0.0030945783
   0.0030699489
   0.0031366031
   0.0031340720
   0.0030780154
   0.0031324810
   0.0030628265
   0.0022839448
   0.0012604705
   0.0004304723
   0.0000936467
  -0.0005410116
  -0.0015143735
  -0.0023507768
  -0.0024957675
  -0.0023870592
  -0.0023908745
  -0.0023851007
  -0.0024057623
  -0.0023962788
  -0.0023303849
  -0.0023215621
  -0.0020490778
  -0.0006628865
  -0.0004649774
  -0.0018486457
  -0.0025992201
  -0.0024591216
  -0.0022606660
  -0.0022773208
  -0.0024058346
  -0.0024929979
  -0.0024932638
  -0.0024769804
  -0.0030077218
  -0.0056371398
  -0.0076327898
  -0.0056043756
  -0.0028671581
  -0.0024233748
  -0.0031252159
  -0.0033737393
  -0.0032370672
  -0.0031478907
  -0.0022406807
  -0.0010408199
  -0.0003608327
  -0.0002895265
  -0.0009197093
  -0.0004144606
  -0.0001185919
  -0.0000729660
  -0.0000687815
   0.0003511641
   0.0007303880
   0.0007191575
   0.0000732211
  -0.0020980530
  -0.0025554029
  -0.0005708067
   0.0007542538
   0.0005283168
   0.0000718491
   0.0000715039
   0.0001436834
   0.0000884982
   0.0000672477
   0.0000615482
   0.0000660313
   0.0001320936
   0.0001255855
   0.0001607499
   0.0005574723
   0.0029066733
   0.0041234338
   0.0017970971
  -0.0002066075
  -0.0001857859
   0.0004264263
   0.0006538838
   0.0017256982
   0.0039802706
   0.0057754968
   0.0060879322
   0.0057393004
   0.0037101102
   0.0029000728
   0.0049198577
   0.0062362456
   0.0059689702
   0.0055099824
   0.0054840142
   0.0055642232
   0.0055396193
   0.0054822160
   0.0054749685
   0.0054426363
   0.0043385871
   0.0018203471
  -0.0001522164
  -0.0005092826
  -0.0002739887
  -0.0002560756
  -0.0004509527
  -0.0005933853
  -0.0005896353
  -0.0005730053
  -0.0006750856
  -0.0007913694
  -0.0009198223
  -0.0018807766
  -0.0037310591
  -0.0057532774
  -0.0059488579
  -0.0045483537
  -0.0046303590
  -0.0049376637
  -0.0042782129
  -0.0042612455
  -0.0047982512
  -0.0040890532
  -0.0030926648
  -0.0021214295
  -0.0018173412
  -0.0018846889
  -0.0019640176
  -0.0019498365
  -0.0019234807
  -0.0019410797
  -0.0020466463
  -0.0020974100
  -0.0020931510
  -0.0021119597
  -0.0023059863
  -0.0037931944
  -0.0063426848
  -0.0074638832
  -0.0049106048
  -0.0021626823
  -0.0016904981
  -0.0023240678
  -0.0025355720
  -0.0022485986
  -0.0021428983
  -0.0022838177
  -0.0023716084
  -0.0023414458
  -0.0023048194
  -0.0021316753
  -0.0001302299
   0.0026245785
   0.0035686846
   0.0031579429
   0.0028036508
   0.0029039467
   0.0030811368
   0.0030910268
   0.0030917618
   0.0030409473
   0.0029938132
   0.0039009137
   0.0058850221
   0.0055172748
   0.0038416771
   0.0033641308
   0.0035774058
   0.0032834429
   0.0030461112
   0.0043010167
   0.0052433050
   0.0040455409
   0.0028626998
   0.0035325507
   0.0065706131
   0.0080132281
   0.0053471446
   0.0026859906
   0.0023938200
   0.0029556173
   0.0030153602
   0.0027670987
   0.0026875444
   0.0026870675
   0.0026368140
   0.0023686532
  -0.0001049769
  -0.0026692674
  -0.0010118495
   0.0020346727
   0.0027056768
   0.0018768220
   0.0015100170
   0.0016740556
   0.0017097704
   0.0014994591
   0.0012902274
   0.0012237652
   0.0011967409
   0.0010140793
   0.0008491984
   0.0008191335
   0.0007681142
   0.0006410774
   0.0004992827
   0.0004522184
   0.0004696120
   0.0004696716
   0.0003341718
   0.0002421880
   0.0002549637
   0.0002103115
   0.0001159255
   0.0001267393
   0.0001811426
   0.0001499272
   0.0000988457
   0.0001334064
   0.0001468402
   0.0001933660
   0.0002751666
   0.0002826597
   0.0002803135
   0.0003783797
   0.0004065814
  -0.0000764231
  -0.0026136369
  -0.0049360707
  -0.0053306267
  -0.0048991961
  -0.0047919693
  -0.0049634931
  -0.0050330909
  -0.0049740555
  -0.0049341123
  -0.0050180897
  -0.0065175782
  -0.0078377697
  -0.0063319797
  -0.0048576912
  -0.0048255759
  -0.0052771345
  -0.0053889799
  -0.0042328126
  -0.0017982085
  -0.0001469516
  -0.0000682264
  -0.0004978164
  -0.0007278195
  -0.0007911431
  -0.0008186548
   0.0005385962
   0.0032482824
   0.0044509701
   0.0040448998
   0.0035454058
   0.0035705805
   0.0036593915
   0.0035633975
   0.0034414001
   0.0033405022
   0.0033026483
   0.0033025135
   0.0031689217
   0.0029595284
   0.0028869714
   0.0029184026
   0.0029414058
   0.0029327256
   0.0029246240
   0.0029293677
   0.0029360386
   0.0029379403
   0.0029382863
   0.0029623527
   0.0029459892
   0.0010344516
  -0.0018093027
  -0.0027836577
  -0.0023882261
  -0.0017527854
   0.0002325352
   0.0021295780
   0.0031261619
   0.0032591497
   0.0030725485
   0.0010215181
  -0.0012433623
   0.0004025573
   0.0031033210
   0.0037786935
   0.0031985214
   0.0029700107
   0.0032431498
   0.0033397829
   0.0032206587
   0.0031217505
   0.0019802267
  -0.0004740111
  -0.0022172769
  -0.0024470581
  -0.0021259445
  -0.0020698840
  -0.0022448205
  -0.0023159212
  -0.0023373627
  -0.0041059835
  -0.0069824023
  -0.0081008917
  -0.0077950256
  -0.0074892259
  -0.0075192479
  -0.0076787492
  -0.0077348938
  -0.0076288651
  -0.0076140554
  -0.0076838193
  -0.0076418414
  -0.0076290058
  -0.0076786202
  -0.0068346166
  -0.0040050211
  -0.0020205393
  -0.0017270569
  -0.0015308902
  -0.0018337585
  -0.0021142289
  -0.0021959077
  -0.0021951982
  -0.0021972955
  -0.0022072930
  -0.0022080807
  -0.0022016268
  -0.0021971372
  -0.0021958237
  -0.0021943207
  -0.0021915256
  -0.0021886094
  -0.0021861545
  -0.0021838286
  -0.0021813561
  -0.0021788171
  -0.0021763055
  -0.0021731157
  -0.0016004241
   0.0004445237
   0.0028066100
   0.0035986205
   0.0032938411
   0.0031798476
   0.0034251754
   0.0034893766
   0.0034111358
   0.0034637915
   0.0041627360
   0.0059641991
   0.0077716257
   0.0064871673
   0.0069978531
   0.0087258329
   0.0093133482
   0.0090232280
   0.0088204509
   0.0087580928
   0.0086892632
   0.0086351260
   0.0085850757
   0.0084910851
   0.0083975246
   0.0082937905
   0.0082486619
   0.0082431715
   0.0081489738
   0.0079591866
   0.0068556847
   0.0038779145
   0.0019578197
   0.0019238571
   0.0022489934
   0.0021609564
   0.0019501903
   0.0018386918
   0.0018358291
   0.0018502446
   0.0018394458
   0.0017541786
   0.0016576249
   0.0007203537
  -0.0022336697
  -0.0030017174
  -0.0000644169
   0.0008285105
  -0.0023923971
  -0.0047448978
  -0.0046205686
  -0.0040161933
  -0.0041377528
  -0.0044594274
  -0.0045472260
  -0.0045366870
  -0.0045487740
  -0.0045750275
  -0.0045816672
  -0.0046166908
  -0.0046341586
  -0.0046996284
  -0.0047571196
  -0.0047920240
  -0.0048062571
  -0.0047693023
  -0.0047415985
  -0.0047409281
  -0.0047457969
  -0.0047433009
  -0.0047381018
  -0.0047354592
  -0.0047343256
  -0.0047324571
  -0.0047298966
  -0.0045922745
  -0.0025734454
   0.0001821782
   0.0010806918
   0.0007154221
   0.0005699834
   0.0007792950
   0.0008392623
   0.0007890033
   0.0007370131
   0.0007471879
   0.0008545430
   0.0008874363
   0.0008951437
   0.0009169347
   0.0009054855
   0.0008792102
   0.0009082361
   0.0009338429
   0.0008636007
   0.0008305301
   0.0008175966
   0.0006886684
   0.0005555856
   0.0005233980
   0.0004015308
  -0.0011637991
  -0.0030727576
  -0.0042097176
  -0.0050488993
  -0.0054693472
  -0.0055033916
  -0.0043961957
  -0.0032086734
  -0.0029328995
  -0.0021935721
  -0.0021746813
  -0.0022343714
  -0.0039410212
  -0.0063145216
  -0.0065998825
  -0.0049664093
  -0.0050691191
  -0.0054547760
  -0.0046847073
  -0.0033886956
  -0.0024680598
  -0.0019114315
  -0.0017705865
  -0.0017930801
  -0.0017928178
  -0.0017715585
  -0.0017999488
  -0.0017847092
  -0.0016422845
  -0.0010417796
  -0.0012084628
  -0.0016867405
  -0.0018161603
  -0.0016979270
  -0.0016333554
  -0.0014918580
  -0.0002407887
   0.0003363388
  -0.0008917004
  -0.0016927019
  -0.0010027333
  -0.0009709384
  -0.0014005412
   0.0001242302
   0.0028876849
   0.0034312462
   0.0027007514
   0.0019928199
   0.0029238246
   0.0033545925
   0.0025006735
   0.0027209341
   0.0029448106
   0.0029432450
   0.0029856315
   0.0035637982
   0.0038844994
   0.0037411309
   0.0035999066
   0.0036688867
   0.0036834012
   0.0036861181
   0.0037034041
   0.0036301670
   0.0035548678
   0.0035047198
   0.0034086027
   0.0033377599
   0.0032997888
   0.0032033941
   0.0031233415
   0.0030818795
   0.0029877150
   0.0029074024
   0.0028229794
   0.0027066619
   0.0025666475
   0.0024558282
   0.0035476125
   0.0061122507
   0.0069760168
   0.0041423656
   0.0015136468
   0.0012253820
   0.0017124663
   0.0016593957
   0.0013083692
   0.0011478192
   0.0011390740
   0.0011390456
   0.0010579891
   0.0009420546
   0.0009004091
   0.0009109316
   0.0009148241
   0.0008913744
   0.0007961215
   0.0007124066
   0.0006953772
   0.0006709474
   0.0006558796
   0.0006774471
   0.0006910492
   0.0006890986
   0.0006326396
  -0.0004345043
  -0.0016499519
  -0.0014242318
   0.0001567085
   0.0009885157
   0.0008565554
   0.0006429885
   0.0005678514
   0.0001512285
   0.0003547884
   0.0007782229
   0.0008886149
   0.0007913378
   0.0007403595
   0.0007637164
   0.0007782855
   0.0007619290
   0.0007438263
   0.0007333077
   0.0006631748
   0.0005756403
   0.0006051169
   0.0006310536
   0.0005700209
   0.0005167246
   0.0004530343
   0.0003725698
   0.0003366703
   0.0003354018
   0.0002966428
   0.0002488168
   0.0002147480
   0.0001705359
   0.0001440520
   0.0000825959
  -0.0000262040
  -0.0008369983
  -0.0012736550
  -0.0005706093
  -0.0000330190
  -0.0000789123
  -0.0002646473
  -0.0003484647
  -0.0003641871
  -0.0004420813
  -0.0005140570
  -0.0005436462
  -0.0006107615
  -0.0006658742
  -0.0006734602
  -0.0006618824
  -0.0006583888
  -0.0006803830
  -0.0007624039
  -0.0008177727
  -0.0008170435
  -0.0008020466
  -0.0007994441
  -0.0008273880
  -0.0009070786
  -0.0009533134
  -0.0009478631
  -0.0009364102
  -0.0009926681
  -0.0010928026
  -0.0011895339
  -0.0012203537
  -0.0012061994
  -0.0012170524
  -0.0012685850
  -0.0012596115
  -0.0009910189
  -0.0000599196
   0.0017597536
   0.0027459035
   0.0020145545
   0.0004102491
   0.0009868037
   0.0023902353
   0.0027516362
   0.0023604108
   0.0013991736
   0.0001160522
  -0.0012385893
  -0.0018040293
  -0.0017258501
  -0.0016057252
  -0.0016320280
  -0.0016727209
  -0.0016545042
  -0.0016208345
  -0.0016078033
  -0.0016043209
  -0.0015942864
  -0.0015792991
  -0.0015659266
  -0.0015546813
  -0.0015430708
  -0.0015304794
  -0.0015164287
  -0.0014733603
  -0.0014614926
  -0.0014593131
  -0.0014071621
  -0.0019693593
  -0.0035084921
  -0.0047181654
  -0.0049495474
  -0.0047375135
  -0.0046452918
  -0.0047235111
  -0.0047572193
  -0.0043738825
  -0.0028927745
  -0.0013236571
  -0.0008864147
  -0.0011226768
  -0.0012568689
  -0.0011939203
  -0.0011856428
  -0.0012823076
  -0.0013664661
  -0.0013983054
  -0.0011105064
   0.0005377282
   0.0006913135
  -0.0010528152
  -0.0020138020
  -0.0018601909
  -0.0016451349
  -0.0016563311
  -0.0005152098
   0.0011054103
   0.0015770566
   0.0011970378
   0.0008575645
  -0.0004378190
  -0.0018405795
  -0.0008742429
   0.0008733188
   0.0012834178
   0.0008704311
   0.0006901413
   0.0008169887
   0.0008963393
   0.0008487739
   0.0007992201
   0.0007991255
   0.0008014653
   0.0007496540
   0.0007392575
   0.0007589567
   0.0007157448
   0.0006679110
   0.0006927026
   0.0006867234
   0.0006552876
   0.0006482234
   0.0006323655
   0.0006151017
   0.0005940203
   0.0005712920
   0.0005805319
   0.0005764774
   0.0005310978
   0.0005168516
   0.0005695276
   0.0005878498
   0.0005614080
   0.0005399061
   0.0005202793
   0.0005089667
   0.0005311863
   0.0005232330
   0.0005047502
   0.0005001310
   0.0004997522
   0.0004940123
   0.0004851032
   0.0004774697
   0.0004712048
   0.0004617635
   0.0002072272
  -0.0004237285
  -0.0012207550
  -0.0018279589
  -0.0019500179
  -0.0018176580
  -0.0017669274
  -0.0017553226
  -0.0017111616
  -0.0016892769
  -0.0016615107
  -0.0015946046
  -0.0015680293
  -0.0015646317
  -0.0015371948
  -0.0014900967
  -0.0014519544
  -0.0014298386
  -0.0014285396
  -0.0014548604
  -0.0014428874
  -0.0014164007
  -0.0014046136
  -0.0013849228
  -0.0013816908
  -0.0013968626
  -0.0013828596
  -0.0013554958
  -0.0011665732
  -0.0011265332
  -0.0009993586
  -0.0004979098
   0.0001826033
   0.0005038626
   0.0004257407
   0.0003275674
   0.0003330493
   0.0003495651
   0.0003457641
   0.0003266065
   0.0003899186
   0.0010583390
   0.0018165547
   0.0019765267
   0.0018125524
   0.0017114722
   0.0017185659
   0.0017355218
   0.0016903177
   0.0016187392
   0.0015779086
   0.0015634214
   0.0018208827
   0.0023836250
   0.0021003614
   0.0017050202
   0.0021995374
   0.0027386169
   0.0027291960
   0.0025228909
   0.0024594422
   0.0024600598
   0.0024092590
   0.0023300664
   0.0022443768
   0.0021754592
   0.0021305807
   0.0020630294
   0.0019817551
   0.0019275716
   0.0018715224
   0.0017999508
   0.0017314055
   0.0016653987
   0.0016115638
   0.0015605396
   0.0014923849
   0.0014191148
   0.0013645423
   0.0013190094
   0.0012636228
   0.0011609073
   0.0008486037
   0.0004364899
   0.0002552170
   0.0002586946
   0.0002677844
   0.0002359445
   0.0002041310
   0.0001501380
   0.0000656111
  -0.0000002138
  -0.0000214448
   0.0000057674
  -0.0002628273
  -0.0005301774
  -0.0005739183
  -0.0005149834
  -0.0004902837
  -0.0005059890
  -0.0005112616
  -0.0005025955
  -0.0004970829
  -0.0005791147
  -0.0008334365
  -0.0009257298
  -0.0007752190
  -0.0006219296
  -0.0005937291
  -0.0006408782
  -0.0005628544
  -0.0004348491
  -0.0003935335
  -0.0004119636
  -0.0004150889
  -0.0003923278
  -0.0003719211
  -0.0003652818
  -0.0003571810
  -0.0003433230
  -0.0003278697
  -0.0003112722
  -0.0002946056
  -0.0002447770
  -0.0001996870
  -0.0002169644
  -0.0001963861
  -0.0000765422
   0.0000279013
   0.0000423526
   0.0000210969
   0.0000166513
   0.0000223224
   0.0000238421
   0.0000218712
   0.0000163186
   0.0000181142
   0.0000454648
   0.0000593420
   0.0000690674
   0.0001006388
   0.0001428549
   0.0001490019
   0.0001303279
   0.0001146543
   0.0001048120
   0.0000950235
   0.0000837082
   0.0000716553
   0.0000602094
   0.0000499164
   0.0000399909
   0.0000302725
   0.0000195121
  -0.0000098818
  -0.0000219307
  -0.0000090585
  -0.0000045915
  -0.0000136047
  -0.0000228880
  -0.0000272075
  -0.0000309885
  -0.0000354495
  -0.0000394926
  -0.0000432793
  -0.0000469892
  -0.0000505315
  -0.0000534257
  -0.0000562087
  -0.0000592551
  -0.0000611321
  -0.0000629354
  -0.0000657155
  -0.0000682325
  -0.0000699489
  -0.0000713563
  -0.0000728166
  -0.0000744378
  -0.0000758983
  -0.0000768452
  -0.0000775911
  -0.0000784661
  -0.0000796274
  -0.0000804929
  -0.0000828576
  -0.0000873060
  -0.0000958158
  -0.0001025733
  -0.0001028622
  -0.0001001732
  -0.0000982418
  -0.0000972988
  -0.0000959479
  -0.0000943713
  -0.0000940497
  -0.0000936903
  -0.0000913422
  -0.0000912842
  -0.0000925913
  -0.0000930615
  -0.0000924957
  -0.0000915170
  -0.0000897504
  -0.0000876273
  -0.0000855568
  -0.0000835382
  -0.0000804325
  -0.0000768547
  -0.0000742105
  -0.0000722703
  -0.0000708503
  -0.0000697826
  -0.0000688141
  -0.0000678253
  -0.0000668114
  -0.0000658525
  -0.0000648827
  -0.0000641483
  -0.0000633625
  -0.0000622053
  -0.0000611009
  -0.0000602073
  -0.0000594832
  -0.0000586472
  -0.0000575883
  -0.0000566095
  -0.0000557565
  -0.0000549214
  -0.0000540594
  -0.0000532025
  -0.0000523667
  -0.0000515283
  -0.0000506826
  -0.0000498395
  -0.0000490081
  -0.0000481758
  -0.0000472653
  -0.0000463351
  -0.0000454591
  -0.0000446792
  -0.0000439341
  -0.0000431764
  -0.0000424121
  -0.0000416468
  -0.0000408781
  -0.0000401080
  -0.0000393382
  -0.0000385689
  -0.0000378010
  -0.0000370335
  -0.0000362660
  -0.0000355010
  -0.0000347442
  -0.0000339931
  -0.0000332414
  -0.0000324848
  -0.0000317273
  -0.0000309743
  -0.0000302272
  -0.0000294852
  -0.0000287482
  -0.0000280163
  -0.0000272897
  -0.0000265685
  -0.0000258528
  -0.0000251424
  -0.0000244374
  -0.0000237386
  -0.0000230460
  -0.0000223594
  -0.0000216786
  -0.0000210038
  -0.0000203352
  -0.0000196729
  -0.0000190170
  -0.0000183677
  -0.0000177250
  -0.0000170891
  -0.0000164601
  -0.0000158382
  -0.0000152233
  -0.0000146158
  -0.0000140155
  -0.0000134228
  -0.0000128376
  -0.0000122600
