   0.0010089086
  -0.0005478350
  -0.0009978634
  -0.0021561448
  -0.0028521481
  -0.0026762822
  -0.0012180280
   0.0003909171
  -0.0003661773
  -0.0001034670
  -0.0009696961
  -0.0001818528
   0.0010691936
  -0.0023295342
  -0.0012079635
   0.0020225780
   0.0030590556
   0.0013846216
  -0.0011043905
   0.0000337420
  -0.0018839060
  -0.0031340180
   0.0010293239
   0.0031594787
  -0.0010207008
  -0.0025029463
   0.0006007546
   0.0032985459
  -0.0011304096
  -0.0010316671
   0.0020488580
   0.0026098641
   0.0017821232
  -0.0018240216
  -0.0003347726
  -0.0012772071
  -0.0010833344
   0.0049493005
   0.0028973170
  -0.0042020106
   0.0009180116
   0.0041703525
   0.0007887540
  -0.0019012665
   0.0037207531
   0.0057951125
  -0.0017832500
   0.0039348851
  -0.0000255881
  -0.0010190691
  -0.0001670849
  -0.0032196522
  -0.0010039258
   0.0022676683
   0.0135739250
   0.0121384101
  -0.0016394501
  -0.0006877018
  -0.0062469201
  -0.0038676312
   0.0049042512
  -0.0013392008
  -0.0089371872
  -0.0047143189
  -0.0049368856
  -0.0104906387
  -0.0063713652
   0.0003487683
  -0.0006745408
  -0.0021093044
   0.0021846738
   0.0102953420
   0.0121104731
  -0.0045245770
  -0.0016517399
   0.0089016449
   0.0138048546
   0.0057878527
  -0.0062770109
  -0.0099577130
   0.0030642633
   0.0067543589
  -0.0007024008
  -0.0009714174
   0.0080988271
   0.0053934965
  -0.0016093321
  -0.0051126037
   0.0000354916
   0.0081931125
   0.0053767796
   0.0038456133
   0.0069937812
   0.0064352625
  -0.0071507220
  -0.0169218702
  -0.0208662568
  -0.0090621445
  -0.0005782322
   0.0005801498
  -0.0020883516
   0.0158799674
   0.0108417196
  -0.0232951970
  -0.0237290014
  -0.0033447772
   0.0027036881
  -0.0130958853
  -0.0096418390
   0.0029517598
   0.0044780230
  -0.0051638314
  -0.0062569456
  -0.0009251028
  -0.0015254302
   0.0070304366
   0.0110447213
   0.0133799335
   0.0039571405
  -0.0162962952
  -0.0236942477
  -0.0042033204
   0.0133302414
   0.0062244308
  -0.0114938176
  -0.0097966351
   0.0015079355
   0.0028158480
   0.0047108662
  -0.0042201344
   0.0039824135
   0.0119972653
   0.0104869857
  -0.0010939182
  -0.0060344324
  -0.0065822340
  -0.0171701495
  -0.0158650924
   0.0038753362
   0.0135728735
   0.0023793179
  -0.0157985945
  -0.0168290850
  -0.0040129322
   0.0099247360
   0.0166903604
   0.0094484458
   0.0036488935
   0.0044545938
   0.0084741594
  -0.0005975368
  -0.0084487822
  -0.0276170062
  -0.0172742020
   0.0043236113
  -0.0050569308
  -0.0136885649
  -0.0150769801
  -0.0095587076
  -0.0060921186
  -0.0026523444
   0.0111649994
   0.0252125767
   0.0117563918
  -0.0126053184
  -0.0100337650
   0.0050863001
   0.0212271093
   0.0143243829
  -0.0038426193
   0.0018604848
   0.0204625197
   0.0200873632
   0.0134444191
   0.0108862993
   0.0011404232
  -0.0038928317
   0.0079448786
   0.0156413509
   0.0032215385
  -0.0054324290
  -0.0159864310
  -0.0085414704
   0.0049160887
   0.0031586067
   0.0011357631
   0.0033891384
   0.0072892009
   0.0040708477
   0.0009061170
  -0.0066984947
  -0.0118085676
  -0.0094063680
   0.0032929748
   0.0082109743
  -0.0076040108
  -0.0093920640
  -0.0046506746
  -0.0105485343
  -0.0028373764
   0.0125108744
   0.0144794056
   0.0058780327
  -0.0021769154
   0.0062997794
   0.0078180150
   0.0004361530
  -0.0076733640
  -0.0135259642
  -0.0154333547
  -0.0094817310
   0.0166767726
   0.0448499462
   0.0546506151
   0.0436961137
   0.0378055673
   0.0496477192
   0.0442684705
   0.0235114602
   0.0036956740
   0.0203410450
   0.0384805444
   0.0240708273
   0.0037622163
   0.0011807480
   0.0394966131
   0.0525591770
   0.0197621437
   0.0014589477
  -0.0195976756
  -0.0339935601
  -0.0392286183
  -0.0758174267
  -0.0787659858
  -0.0578361137
  -0.0585878588
  -0.0626745958
  -0.0235035377
   0.0102263332
   0.0137165836
  -0.0129948513
  -0.0640729095
  -0.0394142068
   0.0650910631
   0.1034493442
   0.0431587191
   0.0337148872
   0.0340004945
  -0.0167197750
  -0.0628300355
  -0.0419566177
   0.0369892823
   0.0480509634
   0.0415408246
   0.0292030024
   0.0293526680
   0.0149789012
   0.0028768382
  -0.0326478391
  -0.0564339294
   0.0122841598
   0.0041670657
  -0.0197558800
  -0.0020473597
   0.0877152987
   0.0949695049
  -0.0133554954
  -0.0398691408
   0.0618086730
   0.1340160698
   0.0906453751
  -0.0183120258
  -0.1171525666
  -0.1276607000
  -0.1287074796
  -0.1378305427
  -0.1512502244
  -0.1284463286
  -0.0684073639
  -0.0883823533
  -0.1295562884
  -0.0845243885
   0.0328593977
   0.0794104242
   0.0248437836
   0.0071109185
   0.0852496016
   0.1918905267
   0.2073763020
   0.0378906748
  -0.0570093046
  -0.0202219544
  -0.0504441800
  -0.0761784424
  -0.1103052611
  -0.0894790426
  -0.0525983179
  -0.0497655771
  -0.0594517692
   0.0066173013
   0.0436191462
  -0.0566684305
  -0.0636613043
   0.0022607511
   0.0392080417
   0.0068647893
  -0.0453709883
  -0.0274794872
   0.0354099123
   0.0656603923
   0.0149150501
   0.0431443789
   0.0477319802
  -0.0086644580
  -0.0162860613
  -0.0180651877
  -0.0274129984
  -0.0690983127
  -0.0350847562
   0.0328704475
   0.0270184981
  -0.0083269005
  -0.0231760157
   0.0127052012
   0.0794408722
   0.1207900985
   0.1098103341
   0.0825865682
   0.0856948002
   0.0579929584
   0.0021716017
  -0.0211624697
  -0.0677508877
  -0.1057720564
  -0.0989636380
  -0.0614810332
  -0.0156244364
  -0.0012759752
   0.0195547729
   0.0001649866
  -0.0349529751
  -0.0161498567
   0.0435727989
   0.1034673827
   0.1230064829
   0.0960045912
   0.0676009774
   0.0391280285
   0.0184290135
   0.0055289143
  -0.0146153383
  -0.0210803082
  -0.0221872767
  -0.0126318958
   0.0121301976
   0.0626300796
   0.0661848789
   0.0230636600
   0.0188574607
   0.0078157806
  -0.0136931697
  -0.0154519824
  -0.0148641796
   0.0274715739
   0.0720235668
   0.0436800513
  -0.0196462075
  -0.0584745604
  -0.0664706403
  -0.0497127215
  -0.0274969366
  -0.0063610796
   0.0007145557
  -0.0191606442
  -0.0398901707
  -0.0024048102
   0.0595248298
   0.0801114983
   0.0910564999
   0.0823559014
   0.0524775684
   0.0087119193
  -0.0514661045
  -0.0642478653
  -0.0674037227
  -0.0621023750
  -0.0479101811
  -0.0413458361
   0.0212347145
   0.0491811010
   0.0444404893
  -0.0118024853
  -0.0624840580
  -0.0560278989
  -0.0533875089
  -0.0743315399
  -0.0141290137
   0.1001157482
   0.0769924431
   0.0313785328
   0.0206096109
   0.0309962153
   0.0478669521
   0.0032377406
  -0.0404715014
  -0.0351562758
  -0.0292816650
  -0.0272117463
  -0.0272914875
   0.0041100856
   0.0498390910
   0.0676861936
   0.0145905376
  -0.0580019323
  -0.0317752720
   0.0184195047
   0.0394693830
   0.0228838910
   0.0213562436
   0.0244672584
   0.0069580957
  -0.0075646450
  -0.0927601908
  -0.1285522030
  -0.1104859185
  -0.1010543872
  -0.1022279805
  -0.1277662119
  -0.1396880598
  -0.1186465027
  -0.0468505570
   0.0378082867
   0.0862269464
   0.1406877035
   0.1821646680
   0.1302616953
   0.0343714449
  -0.0239185421
   0.0055367969
   0.0024928411
  -0.0233597913
   0.0257153174
   0.0691217810
   0.0681341207
   0.0118412455
  -0.0337790917
  -0.0108125044
   0.0185152450
   0.0537418802
   0.0770995595
   0.0031230145
  -0.0952183281
  -0.1038282443
  -0.0390841377
  -0.0201746372
  -0.0324330354
   0.0090142417
   0.0143137864
  -0.0017122977
   0.0153535681
   0.0318637606
   0.0690302013
   0.0769296980
  -0.0366257104
  -0.1151928008
  -0.0383153149
   0.0426387285
  -0.0273796407
  -0.1331943642
  -0.1145641711
  -0.0720128615
  -0.0260970366
   0.0278312842
   0.0258931647
  -0.0532351693
  -0.0032409758
   0.1519048696
   0.1876501992
   0.1010207575
  -0.0140399359
  -0.0019705227
   0.0591131884
  -0.0420878458
  -0.1200603985
  -0.0688688878
   0.0026478964
   0.1297158253
   0.1458423769
   0.0871178421
  -0.0046791882
  -0.0236278677
   0.0524730361
   0.0954293519
   0.0690681639
  -0.1158644874
  -0.3352880913
  -0.3139292734
  -0.0370474951
   0.0950243457
   0.0187197060
  -0.1204144616
  -0.2242782391
  -0.1916884769
  -0.0574059623
   0.0365931413
   0.0538033019
   0.0039280640
   0.0345308912
   0.1501922048
   0.2155383366
   0.2350303008
   0.2047749441
   0.1511051909
   0.0579665623
   0.0468122047
  -0.0577737130
  -0.1983806871
  -0.1843501422
  -0.0800539109
   0.0841510994
   0.2057066940
   0.2366062716
   0.1567300449
   0.0652418527
  -0.0297967607
  -0.0687229840
  -0.0258924486
   0.0481725559
   0.0676646199
   0.0155158606
  -0.0180311139
  -0.0755600556
  -0.1221529605
  -0.0652242946
   0.1078641652
   0.1324516111
   0.0000957494
  -0.0529359832
  -0.0394657572
  -0.0694650663
  -0.1354188161
  -0.0792714458
  -0.0419948884
  -0.0681608431
  -0.0218778748
   0.0350970478
  -0.0210301991
  -0.0273230414
   0.0998670157
   0.1513766756
   0.1079338720
   0.0526960796
   0.0709936111
   0.1079317871
   0.0822345990
  -0.0057364002
  -0.0829627489
  -0.1227820435
  -0.1211900285
  -0.0921774279
  -0.0822104418
  -0.0860540301
  -0.0636864405
  -0.0451420256
  -0.0717092247
  -0.0848402988
  -0.0799187759
  -0.0578294965
  -0.0207313575
  -0.0021231388
  -0.0260654193
  -0.0531735028
  -0.0287265038
   0.0108513825
   0.0086730041
  -0.0001855343
  -0.0143669231
  -0.0182576473
  -0.0184139572
  -0.0216038340
   0.0214597703
   0.0421899313
   0.0400171022
   0.0443339712
   0.0348088117
  -0.0027822365
  -0.0323302882
  -0.0204733972
  -0.0188868390
  -0.0038040558
   0.0289624099
   0.0199541046
   0.0102671602
  -0.0159893317
  -0.0330905631
  -0.0323989978
  -0.0440081625
  -0.0467468218
  -0.0365245857
   0.0095041931
   0.0413137202
   0.0457091884
   0.0257417497
  -0.0167514377
  -0.0136143259
   0.0556974581
   0.1059442837
   0.0834619181
   0.0584554703
   0.0609518421
   0.0512094404
   0.0614353930
   0.0873904508
   0.1129655388
   0.1317743951
   0.1448915007
   0.1552145351
   0.1436368699
   0.1197519302
   0.0958568382
   0.0711564837
   0.0383409768
  -0.0016280623
  -0.0451780393
  -0.0399550279
  -0.0090423211
  -0.0189834858
  -0.0548122187
  -0.0678563180
  -0.0537544709
  -0.0455098941
  -0.0414056352
  -0.0385810073
  -0.0372893385
  -0.0355557073
  -0.0467968402
  -0.0565105615
  -0.0701731835
  -0.0850174391
  -0.0876303091
  -0.0764880618
  -0.0445194419
  -0.0231151923
  -0.0265102553
  -0.0395312036
  -0.0474179282
  -0.0442890834
  -0.0366676704
  -0.0264721930
  -0.0234200890
  -0.0344430099
  -0.0473844436
  -0.0558943139
  -0.0507757539
  -0.0188921962
   0.0095528156
   0.0137782319
   0.0122619425
   0.0116378903
   0.0165622958
   0.0266181693
   0.0332012871
   0.0325328547
   0.0371031427
   0.0526612443
   0.0655380474
   0.0696682311
   0.0515176820
   0.0185191609
   0.0223007836
   0.0544783696
   0.0671869157
   0.0658047007
   0.0623098093
   0.0578662988
   0.0575991470
   0.0540136640
   0.0403880527
   0.0199972249
  -0.0164721846
  -0.0408831156
  -0.0352504479
  -0.0428338712
  -0.0716291934
  -0.0802435241
  -0.0580098638
  -0.0454575824
  -0.0482469853
  -0.0610201166
  -0.0786195926
  -0.0647312621
  -0.0259317527
  -0.0036084055
   0.0048266946
   0.0130953687
   0.0228637222
   0.0252926987
   0.0206217575
   0.0057544451
  -0.0312345779
  -0.0694468193
  -0.0882870844
  -0.1049748251
  -0.1258493217
  -0.1408580272
  -0.1293394632
  -0.0914385726
  -0.0673178266
  -0.0502563072
  -0.0261179758
  -0.0055716766
   0.0030474303
   0.0049558714
   0.0139179989
   0.0341619621
   0.0492892688
   0.0493235602
   0.0371884224
   0.0188169419
   0.0145583764
   0.0333581409
   0.0611781850
   0.0860099671
   0.0968572977
   0.0869800693
   0.0740830703
   0.0747646010
   0.0842602190
   0.0905068500
   0.0885163190
   0.0796579330
   0.0528856384
   0.0076335885
  -0.0385430447
  -0.0619322598
  -0.0671819573
  -0.0486299826
  -0.0210133390
  -0.0084591648
  -0.0015551521
   0.0012473855
   0.0069263198
   0.0278526495
   0.0623454694
   0.0863340446
   0.0902793739
   0.0839682393
   0.0803929630
   0.0810107062
   0.0891888214
   0.1046868429
   0.1086738150
   0.0976759214
   0.0824259073
   0.0705441159
   0.0598948195
   0.0377686200
  -0.0025155996
  -0.0464630365
  -0.0695720920
  -0.0769954888
  -0.0851021569
  -0.1036178551
  -0.1199385703
  -0.1053734861
  -0.0753038267
  -0.0549803035
  -0.0432970811
  -0.0257121991
   0.0038146686
   0.0219515247
   0.0234818461
   0.0061043240
  -0.0222147787
  -0.0301365380
  -0.0219297515
  -0.0244972169
  -0.0333925501
  -0.0411007203
  -0.0374114840
  -0.0282385112
  -0.0149834788
   0.0110308796
   0.0215158530
   0.0221345298
   0.0268029058
   0.0291736785
   0.0325587251
   0.0091528947
  -0.0338847305
  -0.0493483428
  -0.0439033123
  -0.0360423220
  -0.0330058454
  -0.0361715016
  -0.0389469813
  -0.0388100152
  -0.0438932687
  -0.0555605192
  -0.0605559368
  -0.0562361217
  -0.0524812396
  -0.0463113223
  -0.0339891909
  -0.0252720314
  -0.0263675332
  -0.0373552200
  -0.0437957608
  -0.0387556911
  -0.0340836078
  -0.0263271051
  -0.0069022741
   0.0138742985
   0.0184946049
   0.0047867886
  -0.0085946479
  -0.0096651803
  -0.0098952670
  -0.0153733199
  -0.0283525620
  -0.0430912967
  -0.0459943606
  -0.0230866116
  -0.0022332972
  -0.0039501200
  -0.0141112108
  -0.0154304631
  -0.0023742045
   0.0030236838
  -0.0034279575
  -0.0087460529
  -0.0071842828
   0.0005250770
   0.0104497574
   0.0169719430
   0.0191531931
   0.0184090351
   0.0235323178
   0.0337537924
   0.0352194017
   0.0300778991
   0.0237483090
   0.0227276989
   0.0333282549
   0.0434480157
   0.0469773073
   0.0516771283
   0.0621833672
   0.0742309048
   0.0765471448
   0.0569459975
   0.0383766913
   0.0406411544
   0.0477449064
   0.0549790344
   0.0584001491
   0.0610779034
   0.0588590171
   0.0466157568
   0.0288221806
   0.0071666023
  -0.0137677985
  -0.0023184763
   0.0291056577
   0.0357905800
   0.0274222625
   0.0127445597
  -0.0011870125
  -0.0065920202
   0.0020308322
   0.0118815376
   0.0220197992
   0.0252005117
   0.0128268844
  -0.0023371621
  -0.0128893576
  -0.0176212673
  -0.0221802789
  -0.0287807826
  -0.0368948382
  -0.0399171832
  -0.0365006915
  -0.0305129182
  -0.0236652773
  -0.0162037094
  -0.0164032846
  -0.0258071417
  -0.0264024410
  -0.0156095886
  -0.0093740255
  -0.0121550618
  -0.0142602056
  -0.0064140151
   0.0053847963
   0.0154684981
   0.0191281477
   0.0175509351
   0.0202258975
   0.0154237190
   0.0035419593
   0.0035383915
   0.0075022353
  -0.0021263023
  -0.0187354784
  -0.0197302181
   0.0087426292
   0.0309310408
   0.0329948500
   0.0095640466
  -0.0222657127
  -0.0296826374
  -0.0233000828
  -0.0134900593
  -0.0162905120
  -0.0236806237
  -0.0170132867
  -0.0005970888
   0.0044827276
   0.0003388456
   0.0066964434
   0.0157492196
   0.0180719046
   0.0146353348
   0.0064741124
  -0.0019238047
  -0.0098030257
  -0.0083540762
  -0.0078001269
  -0.0204326609
  -0.0334267146
  -0.0379385812
  -0.0282765100
  -0.0171230770
  -0.0206095837
  -0.0237040647
  -0.0170043762
  -0.0091045713
  -0.0146935930
  -0.0201688902
  -0.0094592599
  -0.0022011242
  -0.0058762497
  -0.0033288933
   0.0118816283
   0.0242998988
   0.0199932727
  -0.0051017996
  -0.0229092718
  -0.0201843907
  -0.0187021660
  -0.0242431091
  -0.0283953287
  -0.0307048429
  -0.0323560498
  -0.0277376288
  -0.0159527107
  -0.0036731331
  -0.0064107337
  -0.0186780723
  -0.0173252901
  -0.0066785454
   0.0038933076
   0.0127925749
   0.0161535641
   0.0124774986
   0.0050624031
   0.0060296254
   0.0100387505
   0.0085974108
   0.0132121388
   0.0222010912
   0.0263895783
   0.0253245517
   0.0129943256
   0.0048765362
   0.0078149756
   0.0077383336
   0.0085807292
   0.0134441562
   0.0151926534
   0.0090867594
   0.0062280268
   0.0126272004
   0.0123489898
   0.0056485870
   0.0032660122
   0.0090762172
   0.0181039933
   0.0154939696
  -0.0002692579
  -0.0097147637
  -0.0037741988
   0.0003939338
   0.0008258028
   0.0030180882
   0.0097482483
   0.0188065358
   0.0198282880
   0.0137565947
   0.0055833137
   0.0011860499
   0.0039894848
   0.0101473262
   0.0170217258
   0.0187526286
   0.0170745815
   0.0157145838
   0.0105758006
  -0.0000864830
  -0.0023877099
   0.0122033036
   0.0286665959
   0.0340292927
   0.0259290424
   0.0143578856
   0.0015440788
  -0.0072782781
  -0.0093936685
  -0.0130401834
  -0.0109200287
  -0.0040678319
   0.0018533021
   0.0040677567
   0.0044653961
   0.0048750533
   0.0079752640
   0.0109071932
   0.0056269325
  -0.0052267533
  -0.0076333982
  -0.0056232813
  -0.0036187138
  -0.0055621406
  -0.0128127073
  -0.0169002602
  -0.0182889382
  -0.0167919655
  -0.0200880703
  -0.0225945853
  -0.0204448619
  -0.0163091125
  -0.0168388566
  -0.0142693699
  -0.0067736810
  -0.0014230365
  -0.0018529214
  -0.0093106096
  -0.0128055010
  -0.0090692012
  -0.0047115624
  -0.0096303270
  -0.0158120917
  -0.0142041864
  -0.0096662500
  -0.0080759236
  -0.0066261266
  -0.0051495184
  -0.0044541868
  -0.0021251094
  -0.0039899670
  -0.0025198336
   0.0067584516
   0.0122902965
   0.0054798159
  -0.0103028747
  -0.0174212569
  -0.0111340166
  -0.0055448490
  -0.0027044813
   0.0025962164
   0.0046627024
   0.0047514910
   0.0094382572
   0.0120520971
   0.0078230558
   0.0031687010
   0.0041682069
   0.0100652554
   0.0094023524
   0.0046083801
   0.0032094989
   0.0045150392
   0.0091592671
   0.0170857944
   0.0227230216
   0.0249244857
   0.0258167321
   0.0225677450
   0.0191060935
   0.0138488995
   0.0057208526
   0.0045494113
   0.0077041202
   0.0062423570
   0.0053815748
   0.0057144349
   0.0052345833
   0.0065197699
   0.0030091124
  -0.0049968950
  -0.0048276898
   0.0017359708
   0.0008345005
  -0.0013049955
   0.0014049771
   0.0018608012
   0.0020383232
   0.0001077811
   0.0003768355
   0.0073223456
   0.0093342500
   0.0063783341
   0.0035675804
   0.0006079662
  -0.0032817846
  -0.0071179100
  -0.0141910246
  -0.0111666945
  -0.0017923028
  -0.0057634209
  -0.0180789569
  -0.0236385186
  -0.0221388446
  -0.0226205644
  -0.0147754463
  -0.0000615568
   0.0077456550
   0.0058150981
   0.0050707878
   0.0041221415
   0.0044068968
   0.0070678435
   0.0061996356
   0.0035682349
   0.0002008611
  -0.0016169028
  -0.0052477858
  -0.0114767671
  -0.0153730026
  -0.0169494538
  -0.0159009972
  -0.0084895230
  -0.0041384342
  -0.0075169100
  -0.0144846450
  -0.0191852818
  -0.0133437658
  -0.0062623644
  -0.0067579775
  -0.0088632998
  -0.0121141895
  -0.0142712825
  -0.0111036865
  -0.0034878790
  -0.0017395187
  -0.0077549327
  -0.0112961460
  -0.0110816776
  -0.0066889978
  -0.0037950755
  -0.0074666595
  -0.0113056004
  -0.0110375058
  -0.0080964341
  -0.0061243278
  -0.0047134524
   0.0002053147
   0.0086412163
   0.0121102283
   0.0087039941
   0.0112761495
   0.0165185138
   0.0170288415
   0.0141052372
   0.0086353225
   0.0021289383
  -0.0023285570
  -0.0062525664
  -0.0097651266
  -0.0045033531
   0.0023348488
   0.0086506589
   0.0106366150
   0.0058490387
   0.0065220814
   0.0094871789
   0.0143735674
   0.0144012507
   0.0106445737
   0.0073326421
   0.0042749634
   0.0030988220
  -0.0009241284
  -0.0003047183
   0.0051872733
   0.0102160449
   0.0102594371
   0.0060395439
   0.0035236697
   0.0046710146
   0.0031352028
   0.0001542588
   0.0008208165
   0.0018683040
   0.0035704004
   0.0041102869
   0.0003184745
  -0.0022158977
  -0.0003492274
   0.0007296923
  -0.0040616036
  -0.0081437404
  -0.0041283272
   0.0019646352
   0.0028983911
  -0.0014454061
  -0.0034731092
  -0.0027594064
  -0.0022491149
  -0.0058800569
  -0.0077293161
  -0.0023714063
   0.0046230239
   0.0055151688
   0.0018694298
   0.0024943675
   0.0077958738
   0.0095617533
   0.0052558552
   0.0032410891
   0.0002268415
  -0.0044248528
  -0.0078237320
  -0.0089148357
  -0.0064490470
  -0.0079321791
  -0.0130369292
  -0.0118211855
  -0.0035193912
   0.0026382780
   0.0027565320
  -0.0005674590
  -0.0057091919
  -0.0066320259
  -0.0062400963
  -0.0063548414
  -0.0064751340
  -0.0069023911
  -0.0064318723
  -0.0037931946
   0.0022396488
   0.0085027147
   0.0131126186
   0.0126234114
   0.0087918128
   0.0046153435
   0.0036240828
   0.0071485130
   0.0107367335
   0.0132376466
   0.0132588124
   0.0082779508
   0.0013508270
  -0.0012593924
  -0.0017957582
  -0.0039751192
  -0.0037283601
   0.0002343217
   0.0044226021
   0.0061320599
   0.0041995623
   0.0008247056
   0.0029890597
   0.0057784364
   0.0034964415
  -0.0004978912
  -0.0003805781
   0.0048866940
   0.0039009726
  -0.0025583165
  -0.0039980119
   0.0007320731
   0.0023814272
   0.0008326294
   0.0015999257
   0.0029219745
   0.0025501765
  -0.0002052113
  -0.0002728201
   0.0010196402
   0.0007717367
  -0.0022434622
  -0.0065262728
  -0.0077061642
  -0.0046042829
   0.0013739916
   0.0044213204
   0.0064922833
   0.0096376240
   0.0083976271
   0.0023211123
  -0.0007264506
   0.0026870138
   0.0052202685
   0.0039100073
   0.0001061312
  -0.0044753245
  -0.0054555083
  -0.0047344478
  -0.0084514155
  -0.0124568585
  -0.0139779250
  -0.0105561395
  -0.0065629600
  -0.0044568672
  -0.0022657122
  -0.0011285885
   0.0004680555
   0.0006778160
  -0.0006407690
  -0.0011253751
   0.0001310196
   0.0005747004
  -0.0034057765
  -0.0092622500
  -0.0099955667
  -0.0068188001
  -0.0029541411
  -0.0012687389
  -0.0032400847
  -0.0058984009
  -0.0081831823
  -0.0086640908
  -0.0058950715
  -0.0015255879
   0.0008236697
  -0.0020630206
  -0.0040824450
  -0.0020762105
  -0.0016168140
   0.0010560491
   0.0049586143
   0.0042031020
   0.0028068496
   0.0039726328
   0.0108403599
   0.0143444247
   0.0125829561
   0.0098737930
   0.0069760019
   0.0041004074
   0.0015798549
   0.0016842102
   0.0081950406
   0.0173021210
   0.0204169338
   0.0163671169
   0.0097108659
   0.0040457923
   0.0038727709
   0.0070624782
   0.0082939081
   0.0093191575
   0.0079617342
   0.0054633728
   0.0006877478
  -0.0044882225
  -0.0089689033
  -0.0073038412
  -0.0005692591
   0.0031335965
   0.0004771308
  -0.0046054559
  -0.0073136998
  -0.0064456315
  -0.0039660057
  -0.0042860358
  -0.0075388599
  -0.0087585140
  -0.0039276588
   0.0010113742
   0.0018646491
  -0.0002574029
  -0.0025800905
  -0.0050349935
  -0.0054789158
  -0.0023881350
   0.0020211086
   0.0053790965
   0.0058791803
   0.0057283536
   0.0048452525
  -0.0004841949
  -0.0074843753
  -0.0107908219
  -0.0077277769
  -0.0013426834
  -0.0012845512
  -0.0050588389
  -0.0074462442
  -0.0091170895
  -0.0097708917
  -0.0069500862
  -0.0050631155
  -0.0078064857
  -0.0068773882
  -0.0004599307
   0.0017774604
  -0.0014457696
  -0.0013709903
   0.0024909049
   0.0053394507
   0.0056065444
   0.0048029662
   0.0032097881
   0.0027991601
   0.0008657349
  -0.0011592250
  -0.0002541612
   0.0029910367
   0.0033866520
   0.0005730202
  -0.0026280141
  -0.0033539233
  -0.0014558494
   0.0005504022
   0.0034368626
   0.0056372789
   0.0056066632
   0.0050101982
   0.0051524807
   0.0046142666
   0.0017747519
  -0.0048370844
  -0.0090375948
  -0.0141941246
  -0.0211526890
  -0.0237915562
  -0.0219443274
  -0.0167935518
  -0.0134031752
  -0.0101579681
  -0.0070764123
  -0.0058153692
  -0.0038784526
  -0.0038036569
  -0.0072090128
  -0.0102694988
  -0.0125080191
  -0.0113523737
  -0.0053860980
   0.0009195054
   0.0038207736
   0.0026187175
   0.0007805443
   0.0016615877
   0.0021136228
   0.0010308404
   0.0000044598
   0.0001014547
   0.0007606001
   0.0006292229
   0.0005070923
   0.0000798481
   0.0004810361
   0.0027193826
   0.0053331127
   0.0041652763
   0.0029928170
   0.0019248362
  -0.0000076329
   0.0027346192
   0.0037747037
   0.0042267506
   0.0055996889
   0.0052038887
   0.0057234342
   0.0054607767
   0.0061754113
   0.0092643892
   0.0102388333
   0.0106761004
   0.0134525681
   0.0139434523
   0.0091022417
   0.0009889031
   0.0013318593
   0.0055886002
   0.0033630505
   0.0005013835
  -0.0010991421
  -0.0018564429
   0.0007711764
   0.0079200370
   0.0072727641
   0.0007099744
  -0.0021257974
  -0.0011217511
   0.0000459486
   0.0026615550
   0.0050025595
   0.0054074759
   0.0067425296
   0.0032882141
   0.0008694397
  -0.0028243415
  -0.0028058987
   0.0022940844
   0.0005040342
  -0.0000184043
  -0.0001811768
   0.0029032080
   0.0050075287
   0.0031860461
   0.0020709521
  -0.0018271543
  -0.0018900653
   0.0006414208
  -0.0012151907
  -0.0010108920
   0.0044617140
   0.0084420363
   0.0084087176
   0.0088118075
   0.0084927926
   0.0058586091
   0.0048655726
   0.0080683211
   0.0092489975
   0.0026695944
  -0.0027161592
  -0.0057599292
  -0.0003159725
   0.0040767288
   0.0019390586
  -0.0003483929
  -0.0005989741
   0.0010615703
   0.0006593591
  -0.0017898907
  -0.0019757466
   0.0016088725
   0.0049364559
   0.0032028428
  -0.0012416648
  -0.0025185292
  -0.0023308440
  -0.0011751125
   0.0008210700
  -0.0001238626
  -0.0041939041
  -0.0030659067
   0.0011890521
   0.0048957305
   0.0028394477
   0.0006731407
   0.0016116046
   0.0040247869
   0.0072349675
   0.0073274372
   0.0054662490
   0.0022191048
  -0.0019036242
  -0.0022235174
  -0.0006147179
  -0.0003206820
  -0.0001607104
  -0.0035899908
  -0.0043481337
  -0.0039893715
  -0.0009095434
   0.0034896747
   0.0028933394
  -0.0010167196
  -0.0052531575
  -0.0091262357
  -0.0107802889
  -0.0118139429
  -0.0136510737
  -0.0135031033
  -0.0135455981
  -0.0110306802
  -0.0087099251
  -0.0088642915
  -0.0099672852
  -0.0115297950
  -0.0137922276
  -0.0135712056
  -0.0102074970
  -0.0079986099
  -0.0078265883
  -0.0079189955
  -0.0081473173
  -0.0100704041
  -0.0101637331
  -0.0078318693
  -0.0063552439
  -0.0057153695
  -0.0060158010
  -0.0053380157
  -0.0034231297
  -0.0028248564
  -0.0030596367
  -0.0060644842
  -0.0088058212
  -0.0099753527
  -0.0103571444
  -0.0090302833
  -0.0055149222
  -0.0026856051
   0.0002361715
   0.0013087727
   0.0024655131
   0.0065411814
   0.0074593806
   0.0069296746
   0.0045720583
   0.0022652961
   0.0018354502
   0.0024309743
   0.0034222251
   0.0037681138
   0.0046539632
   0.0058282862
   0.0047216486
   0.0050416551
   0.0079606827
   0.0085811824
   0.0064584289
   0.0040915848
   0.0055858264
   0.0099814260
   0.0125676188
   0.0116875099
   0.0115470812
   0.0112587273
   0.0097295662
   0.0108068391
   0.0139440778
   0.0167170375
   0.0173930298
   0.0174791435
   0.0154775355
   0.0128601424
   0.0121908670
   0.0124961082
   0.0139561699
   0.0131223177
   0.0099464910
   0.0094334711
   0.0095066496
   0.0078748863
   0.0055506077
   0.0029554265
  -0.0000974252
   0.0013506231
   0.0044037595
   0.0046461468
   0.0031290434
   0.0000891433
  -0.0020945853
  -0.0050189084
  -0.0076686286
  -0.0071229662
  -0.0029205541
  -0.0007374431
  -0.0009989439
  -0.0025631869
  -0.0034746701
  -0.0041180208
  -0.0053771467
  -0.0043127782
  -0.0028647053
  -0.0013066036
  -0.0003309916
  -0.0028789865
  -0.0049804029
  -0.0053361947
  -0.0051039461
  -0.0048282410
  -0.0048215894
  -0.0031922826
  -0.0026382716
  -0.0037744073
  -0.0066848271
  -0.0078228093
  -0.0069951137
  -0.0054591822
  -0.0057835216
  -0.0033008066
  -0.0003927810
   0.0008269475
   0.0023129596
   0.0025230398
   0.0015792340
  -0.0009160291
  -0.0022777454
  -0.0026704908
  -0.0027867824
  -0.0025748448
  -0.0041464365
  -0.0082976301
  -0.0103536999
  -0.0089028106
  -0.0075480731
  -0.0056043708
  -0.0025446887
  -0.0017262083
  -0.0012072928
  -0.0015935497
  -0.0041442664
  -0.0057740917
  -0.0044211916
  -0.0022204418
  -0.0021323774
  -0.0011372887
  -0.0005693594
  -0.0006643586
  -0.0026159301
  -0.0052285825
  -0.0056351641
  -0.0018875662
   0.0021734690
   0.0016291273
  -0.0001208758
  -0.0008168467
   0.0013256718
   0.0017928367
   0.0000261961
  -0.0027972483
  -0.0058462903
  -0.0050231534
  -0.0014308719
  -0.0002332734
   0.0007174608
   0.0027786269
   0.0057172304
   0.0066957065
   0.0052693279
   0.0031143751
   0.0026532708
   0.0012620302
  -0.0022798013
  -0.0061054816
  -0.0082900158
  -0.0055464879
  -0.0042952463
  -0.0014740520
   0.0001257621
   0.0001463798
  -0.0000142208
   0.0005103002
   0.0019252015
   0.0009250774
   0.0009688168
   0.0014082802
   0.0009749336
  -0.0007935184
  -0.0008727452
   0.0026650213
   0.0034613823
  -0.0026313671
  -0.0084106801
  -0.0093266539
  -0.0069816011
  -0.0058680988
  -0.0081154779
  -0.0079764904
  -0.0086012134
  -0.0099008780
  -0.0113050383
  -0.0123689319
  -0.0094746697
  -0.0054477753
  -0.0033560490
  -0.0041360947
  -0.0040433258
  -0.0034050513
  -0.0040713698
  -0.0037409798
  -0.0033625093
  -0.0028324063
  -0.0012334776
  -0.0004583565
   0.0016148887
   0.0040894066
   0.0066083047
   0.0076719019
   0.0056751109
   0.0031429838
   0.0029657855
   0.0052128600
   0.0080618436
   0.0079336521
   0.0066543465
   0.0047833060
   0.0024046670
   0.0019362304
   0.0017211312
   0.0036094715
   0.0050601152
   0.0054557549
   0.0093622325
   0.0132083860
   0.0130901474
   0.0099975066
   0.0081267162
   0.0085491617
   0.0110370707
   0.0113521561
   0.0107559776
   0.0113805011
   0.0103357610
   0.0090921891
   0.0064421706
   0.0048788649
   0.0057729849
   0.0065211550
   0.0050607669
   0.0020182224
  -0.0000203963
   0.0005972171
   0.0027273032
   0.0031287678
   0.0039458433
   0.0029219618
   0.0035178566
   0.0043262101
   0.0028720902
   0.0027515519
   0.0035482873
   0.0034765900
   0.0003098492
  -0.0017712856
  -0.0007748083
  -0.0000865200
  -0.0014346655
  -0.0017828765
  -0.0015660731
  -0.0006301289
  -0.0003057788
  -0.0005928389
   0.0000042580
  -0.0020038423
  -0.0038481541
  -0.0043172461
  -0.0034575389
  -0.0028168659
  -0.0031667521
  -0.0038633355
  -0.0033880171
  -0.0014891799
  -0.0011790538
  -0.0023164585
  -0.0020484574
  -0.0005558313
   0.0006255844
   0.0000815238
  -0.0011357994
  -0.0021451694
  -0.0028063066
  -0.0027002807
  -0.0027898553
  -0.0018924430
  -0.0003718942
   0.0007594651
   0.0008590511
   0.0007277537
  -0.0003551138
  -0.0016918516
  -0.0020916583
  -0.0025667692
  -0.0026574414
  -0.0025831716
  -0.0015327707
  -0.0009961928
  -0.0012634552
  -0.0013010506
  -0.0020663436
  -0.0022018267
  -0.0024194967
  -0.0022308905
  -0.0019968798
  -0.0020071555
  -0.0013842853
  -0.0011231243
  -0.0017508032
  -0.0013826691
  -0.0007791958
  -0.0002598602
   0.0001229572
  -0.0005376216
  -0.0011198112
  -0.0011471093
  -0.0007937338
  -0.0006587986
  -0.0007686069
  -0.0012849709
  -0.0021544225
  -0.0021204076
  -0.0011371727
  -0.0006814735
  -0.0001771022
   0.0000671988
  -0.0003336678
  -0.0003593163
  -0.0007031039
  -0.0008318239
  -0.0008788819
  -0.0011811885
  -0.0015028494
  -0.0017372381
  -0.0013364877
  -0.0009116129
  -0.0004914906
  -0.0001690036
  -0.0001610087
  -0.0001315016
   0.0000558145
   0.0001736644
   0.0003531767
   0.0003984417
   0.0002345454
   0.0002257399
   0.0002023418
   0.0001829791
   0.0001401058
   0.0002391694
   0.0001819898
   0.0001070103
   0.0001107860
   0.0002126879
   0.0003808689
   0.0003411382
   0.0002363626
   0.0001927275
   0.0002718066
   0.0003657257
   0.0003580602
   0.0002639647
   0.0002180464
   0.0002123800
   0.0003096103
   0.0003641200
   0.0003350585
   0.0002458750
   0.0002276118
   0.0002674785
   0.0002591036
   0.0002542780
   0.0002327348
   0.0002544026
   0.0002450122
   0.0002175460
   0.0002233658
   0.0002171274
   0.0002222625
   0.0002208675
   0.0002248055
   0.0002192712
   0.0002103677
   0.0001976358
   0.0001917081
   0.0001923554
   0.0001776453
   0.0001596013
   0.0001319862
   0.0001179944
   0.0001074360
   0.0000934590
   0.0000812209
   0.0000724380
   0.0000641441
   0.0000567037
   0.0000462625
   0.0000385447
   0.0000351620
   0.0000321597
   0.0000279383
   0.0000235895
   0.0000218678
   0.0000206435
   0.0000196041
   0.0000184077
   0.0000173204
   0.0000174607
   0.0000181616
   0.0000188382
   0.0000196241
   0.0000206222
   0.0000217885
   0.0000230708
   0.0000244653
   0.0000259935
   0.0000275791
   0.0000291932
   0.0000308169
   0.0000324379
   0.0000340534
   0.0000356673
