   0.0011956592
   0.0011396165
   0.0010826199
   0.0010019169
   0.0008982475
   0.0007216669
   0.0005490703
   0.0005256100
   0.0008410901
   0.0011181902
   0.0007924170
   0.0000529837
  -0.0004052042
  -0.0006306093
  -0.0007738391
  -0.0010017819
  -0.0011252363
  -0.0010601340
  -0.0006887784
  -0.0008440794
  -0.0008038697
  -0.0009387646
  -0.0009565739
  -0.0014634379
  -0.0021327879
  -0.0021594842
  -0.0017968624
  -0.0011331108
  -0.0014777999
  -0.0020459947
  -0.0022327782
  -0.0023437818
  -0.0021717333
  -0.0016407645
  -0.0007230949
  -0.0010455409
  -0.0012510358
  -0.0010350853
  -0.0000013427
   0.0003665148
  -0.0000924408
  -0.0005722479
  -0.0017275669
  -0.0024078703
  -0.0023559123
  -0.0014774866
  -0.0002785191
  -0.0009622917
  -0.0021243873
  -0.0023344748
  -0.0023925898
  -0.0023044633
  -0.0023177882
  -0.0019580041
  -0.0013465632
  -0.0012660101
  -0.0013420862
  -0.0017931477
  -0.0022482483
  -0.0018021252
  -0.0016103657
  -0.0025347759
  -0.0034381834
  -0.0013064377
  -0.0009652360
  -0.0031589646
  -0.0037209446
  -0.0039606898
  -0.0042611403
  -0.0006463470
   0.0040196827
   0.0034957722
   0.0018244082
   0.0004708149
  -0.0060245218
  -0.0068439202
  -0.0002093419
  -0.0001776112
  -0.0024179143
   0.0007685948
  -0.0023413284
  -0.0082064736
  -0.0012970740
   0.0036128041
   0.0001345700
   0.0034079469
  -0.0000598107
  -0.0157029597
  -0.0149508880
  -0.0015176202
   0.0071277894
   0.0163399410
   0.0070349902
  -0.0150075512
  -0.0165208089
  -0.0091622223
  -0.0056953109
   0.0036362591
   0.0076310401
   0.0010920444
  -0.0080180364
  -0.0107712995
  -0.0055807498
  -0.0060607907
  -0.0041704418
   0.0172518638
   0.0091027894
  -0.0177632616
  -0.0083103905
   0.0047546480
  -0.0034389722
   0.0061641510
   0.0190858274
  -0.0028175847
  -0.0158270732
  -0.0097804123
  -0.0072188793
   0.0061545115
   0.0191630916
   0.0071026210
   0.0008994718
   0.0042843956
   0.0019047281
  -0.0048285960
  -0.0076826462
  -0.0047027113
  -0.0011643064
   0.0106993274
   0.0068816490
  -0.0002563585
  -0.0061523389
  -0.0137779742
   0.0042532547
   0.0229808938
  -0.0016657403
  -0.0152699515
   0.0042977782
   0.0029372656
   0.0064843480
   0.0292526287
   0.0010255755
  -0.0179151744
   0.0099323007
   0.0017736942
  -0.0149394216
   0.0051624026
   0.0049171472
  -0.0033966203
   0.0280031806
   0.0279648577
  -0.0148217561
  -0.0039676721
   0.0162288148
  -0.0011100096
  -0.0068584078
  -0.0053837072
  -0.0000621364
   0.0194389050
   0.0161122848
  -0.0002986114
  -0.0068243147
  -0.0176083174
  -0.0224708038
   0.0022912805
   0.0070112189
   0.0005499980
   0.0256626755
   0.0277663796
  -0.0088744589
  -0.0101702585
  -0.0024163378
  -0.0174144015
  -0.0017432093
   0.0272528933
   0.0242001905
   0.0115633263
  -0.0150794725
  -0.0570353716
  -0.0819004036
  -0.0421222590
   0.0042008902
   0.0323855460
   0.0307569343
  -0.0014549582
   0.0010579888
  -0.0009426049
  -0.0226428716
  -0.0253220883
  -0.0127622349
  -0.0057421419
   0.0128347442
   0.0339024738
   0.0218229441
  -0.0029264004
  -0.0222572094
  -0.0476283166
  -0.0206547851
   0.0460118304
   0.0677035540
   0.0355016944
   0.0091406135
   0.0070627105
  -0.0156504330
  -0.0260544714
   0.0059532950
   0.0168344382
  -0.0120617774
  -0.0086860238
   0.0132062938
   0.0077345443
   0.0241782512
   0.0238220510
  -0.0222649551
  -0.0269594291
  -0.0039133387
  -0.0096786193
   0.0218642578
   0.0430744715
  -0.0040649605
  -0.0274262283
  -0.0209775592
  -0.0240985943
  -0.0033727385
   0.0173886705
  -0.0011148435
  -0.0001071671
   0.0293660159
   0.0070829141
  -0.0159652485
   0.0111252489
   0.0272386286
   0.0084407076
  -0.0022361087
  -0.0073088550
  -0.0176346264
  -0.0108425517
   0.0069042666
  -0.0066459814
  -0.0150544714
  -0.0056454171
   0.0074398838
   0.0290892698
   0.0155509151
  -0.0306403536
  -0.0349264961
   0.0037925354
   0.0093764544
  -0.0004638084
   0.0165844472
   0.0042434114
  -0.0199987336
  -0.0011917722
   0.0210364933
   0.0003128301
  -0.0144969340
   0.0198713961
   0.0530738180
   0.0227530449
  -0.0083807880
   0.0064572533
  -0.0130054535
  -0.0445557326
   0.0069988815
   0.0578482631
   0.0227994075
   0.0055424796
   0.0494350284
   0.0673778905
   0.0304889376
   0.0349313929
   0.0772218671
   0.0347946268
  -0.0369835334
  -0.0093141858
   0.0603109453
   0.0614471584
   0.0344514442
   0.0630823802
   0.0579159568
  -0.0026385194
  -0.0218403922
  -0.0085255938
  -0.0018207290
  -0.0131743074
  -0.0357936682
  -0.0311372029
  -0.0377310023
  -0.0715843659
  -0.0463884999
   0.0143802824
   0.0142067243
  -0.0158205644
  -0.0100203775
  -0.0304812021
  -0.0540337863
  -0.0342411650
  -0.0160207356
  -0.0111782623
   0.0037038067
   0.0187325876
   0.0033006843
  -0.0429597461
  -0.0733114411
  -0.0557737777
  -0.0250864126
  -0.0259647877
  -0.0185752914
  -0.0158577923
  -0.0417688063
  -0.0200995187
   0.0158452512
   0.0060144819
   0.0344125029
   0.0523579706
   0.0070195465
   0.0131402122
   0.0650753737
   0.0565988656
   0.0791408406
   0.1238609257
   0.0346480873
  -0.0506258972
  -0.0116708737
   0.0046833603
   0.0060118276
   0.0573997737
   0.0674318873
   0.0150191190
   0.0328959502
   0.0561976208
  -0.0021285095
  -0.0569681341
  -0.1174435637
  -0.1799052245
  -0.1608697948
  -0.1055022297
  -0.0338159532
   0.0716459056
   0.0886048020
  -0.0022974912
  -0.0249747997
  -0.0072911839
  -0.0448249662
  -0.1256869408
  -0.0901713874
   0.0202686059
   0.0242341134
   0.0092754452
   0.0183394230
  -0.0423204431
  -0.0850042745
  -0.0262197465
  -0.0128836110
  -0.0075019132
   0.0848482354
   0.1139512122
   0.0330915288
  -0.0188419701
  -0.0315373629
  -0.0455859596
  -0.0161125382
   0.0367576209
   0.0730335798
   0.0807063614
   0.0260525147
  -0.0349830173
  -0.0339745472
  -0.0124587641
   0.0213757524
   0.0667039550
   0.0628251200
   0.0482551799
   0.0780498343
   0.0794434597
   0.0395838232
   0.0029867661
  -0.0559760577
  -0.0770947324
  -0.0467855474
  -0.0239395746
   0.0167713474
   0.0696421047
   0.0674593419
   0.0315541520
   0.0257645860
   0.0137753483
  -0.0053887865
   0.0212368065
   0.0413813800
   0.0227412033
   0.0388233367
   0.0726675759
   0.0594338274
   0.0375300504
   0.0648495829
   0.0940507292
   0.0566524772
   0.0006526385
   0.0097947428
   0.0385229784
   0.0385029147
   0.0482548757
   0.0341642050
  -0.0209641259
  -0.0389922210
  -0.0402819691
  -0.0590670631
  -0.0514737559
  -0.0621459633
  -0.0974040436
  -0.0614841126
  -0.0065657588
   0.0133595854
   0.0373445087
   0.0409877694
   0.0012884402
  -0.0387107201
  -0.0613771836
  -0.0625577316
  -0.0626852110
  -0.0853497179
  -0.0791022338
  -0.0158896166
   0.0118586357
  -0.0044587395
  -0.0139670034
  -0.0202843000
  -0.0157108676
  -0.0248523489
  -0.0686647694
  -0.0835143146
  -0.0699027612
  -0.0979928882
  -0.1135882599
  -0.0848008285
  -0.0626212990
  -0.0385637548
  -0.0213466148
  -0.0361795839
  -0.0356778581
  -0.0373209168
  -0.0808152978
  -0.0950150165
  -0.0497705768
  -0.0198597979
  -0.0324426045
  -0.0402130081
  -0.0247034270
  -0.0064690249
  -0.0119177421
  -0.0557578808
  -0.0920915775
  -0.1010533771
  -0.0861709634
  -0.0291839111
   0.0440334767
   0.0893246439
   0.1049393494
   0.0820051630
   0.0615657667
   0.0622763625
   0.0417989171
  -0.0445498625
  -0.1014642331
  -0.0658687490
  -0.0138410346
   0.0667781270
   0.1345928580
   0.1477025335
   0.1240961350
   0.0514260956
   0.0056352018
   0.0133401908
   0.0007938713
   0.0119817353
   0.0770220811
   0.1225160758
   0.0996051568
   0.0501961637
   0.0139032738
  -0.0047529194
  -0.0142805110
  -0.0058092212
   0.0317364493
   0.0545661603
   0.0305061525
   0.0025175224
  -0.0066967694
  -0.0120030055
  -0.0170093650
  -0.0100444976
   0.0178558144
   0.0300381062
   0.0208876423
   0.0255804232
   0.0358548125
   0.0489095383
   0.0815577076
   0.0988095512
   0.0910891093
   0.0728454935
   0.0709699728
   0.0776709040
   0.0415980869
  -0.0085778113
  -0.0294401778
  -0.0690355586
  -0.1007438133
  -0.0636583085
  -0.0175412726
   0.0220976524
   0.0868296712
   0.0911101362
   0.0088943747
  -0.0403582803
  -0.0394282606
  -0.0486117146
  -0.0734165046
  -0.0460668308
  -0.0091452974
  -0.0223964696
  -0.0039516971
   0.0283104937
  -0.0000376144
  -0.0515039681
  -0.0659997666
  -0.0613421354
  -0.0212019104
   0.0311967352
   0.0321270996
   0.0301563902
   0.0518029273
   0.0112406232
  -0.0413358995
  -0.0409719130
  -0.0613783394
  -0.0947096499
  -0.0393314091
   0.0052813699
  -0.0403645154
  -0.0507531232
   0.0246946674
   0.0865670782
   0.0472762630
  -0.0010360383
  -0.0207244050
  -0.0541341862
  -0.0729315983
  -0.0707301607
  -0.0700796143
  -0.0293977793
   0.0583647503
   0.1053762102
   0.0649740411
   0.0109520963
  -0.0139303432
  -0.0257462964
  -0.0081401841
  -0.0017638408
  -0.0405256743
  -0.0246228374
   0.0428477581
   0.0321124700
  -0.0062604388
  -0.0054751013
   0.0247466670
   0.0167041911
   0.0124361962
   0.0576140879
   0.0642705422
   0.0324461428
   0.0153404129
  -0.0164977442
  -0.0577611039
  -0.0689890845
  -0.0710236046
  -0.0612708528
  -0.0331235659
   0.0037742803
   0.0316455693
  -0.0091408305
  -0.0937580964
  -0.1042775191
  -0.0651472748
  -0.0381800797
   0.0254281961
   0.0789053778
   0.0422206819
   0.0152603404
   0.0264966852
   0.0036965720
   0.0043805313
   0.0414867477
   0.0292808539
   0.0276142133
   0.0814339287
   0.0685334070
  -0.0094832750
  -0.0241548012
  -0.0290647147
  -0.0781517144
  -0.0840420858
  -0.0624935763
  -0.0548730476
  -0.0307955208
   0.0031933741
   0.0401770069
   0.0485579612
  -0.0037311022
  -0.0479540308
  -0.0446206686
  -0.0548174288
  -0.0730256314
  -0.0278458539
   0.0110251126
  -0.0203959230
  -0.0138601352
   0.0577647841
   0.0969204148
   0.0734725696
   0.0220124802
  -0.0153032965
  -0.0246169774
  -0.0423051646
  -0.0452814142
   0.0004382532
   0.0263673403
   0.0188872377
   0.0258213505
   0.0174053784
  -0.0139475986
  -0.0215780729
  -0.0049290486
   0.0468812026
   0.0881902557
   0.0392080560
  -0.0143050458
  -0.0136294273
  -0.0506198446
  -0.1018312407
  -0.0760395955
  -0.0365990067
  -0.0311868402
  -0.0260207107
  -0.0248544476
  -0.0283070974
  -0.0137295332
  -0.0134361298
  -0.0439395653
  -0.0466473011
  -0.0271290637
  -0.0338999797
  -0.0386961918
  -0.0243726639
  -0.0302976577
  -0.0527510135
  -0.0488688836
  -0.0302533228
  -0.0405772581
  -0.0445537860
   0.0121890946
   0.0612565679
   0.0352372968
   0.0050946704
   0.0168108159
   0.0279080323
   0.0128583564
  -0.0045756730
  -0.0326319176
  -0.0917499968
  -0.0975443784
  -0.0426499288
  -0.0299965999
  -0.0053785275
   0.0484869523
   0.0205436588
  -0.0286721179
  -0.0268800764
  -0.0462843589
  -0.0204623291
   0.0441073243
   0.0418977253
   0.0242895904
   0.0177256991
  -0.0176815061
  -0.0249050379
  -0.0118531508
  -0.0266462864
   0.0220344906
   0.0507940313
  -0.0239824394
  -0.0455885144
   0.0182418720
   0.0209240694
  -0.0000367713
   0.0297363083
   0.0227392973
  -0.0246752018
  -0.0671858705
  -0.0566319572
   0.0233100956
   0.0470757572
   0.0308035402
   0.0700647008
   0.0943980685
   0.0801996881
   0.0770452776
   0.0649587829
   0.0641910678
   0.0728219522
   0.0555751779
   0.0602427042
   0.0975918056
   0.1185035264
   0.1289464149
   0.1336625646
   0.0957981418
   0.0835698119
   0.1092927496
   0.1426370169
   0.1383368430
   0.1432607271
   0.1309738787
   0.0727678338
   0.0622126431
   0.0975474605
   0.0868057853
   0.0888432252
   0.1094806129
   0.0634431021
   0.0235495123
   0.0179014268
  -0.0306464772
  -0.0077362141
   0.0913016695
   0.1173303186
   0.0882587807
   0.0624010032
   0.0148796764
  -0.0087328548
  -0.0000785261
   0.0083738230
   0.0412763773
   0.0685790092
   0.0417994646
   0.0239220656
   0.0426124778
   0.0402643588
   0.0438110619
   0.0999821913
   0.1364635832
   0.1196923474
   0.1116101697
   0.0947252325
   0.0597183293
   0.0679075677
   0.0754964445
   0.0695120400
   0.0953699088
   0.1031358414
   0.0749658345
   0.0736096095
   0.1016359764
   0.1191075683
   0.1195859962
   0.0868322869
   0.0528856708
   0.0799794835
   0.1171830086
   0.0534031212
   0.0031729880
   0.0273924069
   0.0886260317
   0.0923733623
   0.0571582076
   0.0724354080
   0.0276162308
  -0.0525705309
  -0.0498016710
  -0.0521608510
  -0.1013862693
  -0.0807282501
  -0.0605909863
  -0.1002534323
  -0.1056032075
  -0.1105558845
  -0.1426674319
  -0.1270756897
  -0.1176320353
  -0.1460755339
  -0.1543762940
  -0.1472809817
  -0.1385231855
  -0.1315115145
  -0.1585514622
  -0.1939885856
  -0.1925477257
  -0.1787016017
  -0.1845915675
  -0.1854972248
  -0.1589925811
  -0.1441988271
  -0.1475159882
  -0.1511733918
  -0.1570776528
  -0.1572839678
  -0.1567359909
  -0.1678601754
  -0.1632462200
  -0.1645185808
  -0.1737500399
  -0.1480033379
  -0.1392862979
  -0.1502919652
  -0.1115503536
  -0.0763203361
  -0.0853246661
  -0.0643745919
  -0.0242471412
  -0.0176196217
  -0.0149696034
  -0.0064713091
  -0.0032046581
   0.0049879645
   0.0294802951
   0.0515814250
   0.0601232847
   0.0529234057
   0.0321197392
   0.0166886186
   0.0228033209
   0.0232292728
   0.0185980823
  -0.0007891963
  -0.0059026114
   0.0242743322
   0.0366261876
  -0.0038193341
  -0.0310950578
  -0.0612868206
  -0.0979041879
  -0.0736094777
  -0.0711098413
  -0.0993476736
  -0.0954901190
  -0.0894699668
  -0.0896837133
  -0.0875134916
  -0.0929823618
  -0.0768847371
  -0.0526209184
  -0.0654170153
  -0.0711451835
  -0.0340664512
  -0.0141340020
  -0.0106513224
   0.0144475604
   0.0285835292
   0.0323846538
   0.0605298724
   0.0713580378
   0.0489217144
   0.0363979433
   0.0350667295
   0.0268813943
   0.0143232644
  -0.0003970645
  -0.0193025241
  -0.0449919040
  -0.0512493236
  -0.0476673188
  -0.0385245093
   0.0038450834
   0.0255678821
   0.0118168759
   0.0244175361
   0.0431824751
   0.0403032291
   0.0040287292
  -0.0011981492
   0.0344608222
   0.0274910630
   0.0296017828
   0.0833214531
   0.0837529913
   0.0564384164
   0.0875401757
   0.1074402734
   0.1145886092
   0.1287673719
   0.1139436084
   0.1000756566
   0.1097170388
   0.0745435324
   0.0307885254
   0.0413785413
   0.0688057835
   0.0942794399
   0.1054928010
   0.1050400231
   0.0819857176
   0.0500320444
  -0.0019308070
  -0.0608005963
  -0.1003742305
  -0.1099466721
  -0.0916252243
  -0.0453261749
   0.0291050248
   0.0781127731
   0.0679250969
   0.0339958072
  -0.0040050734
  -0.0291072755
  -0.0227938720
  -0.0142961748
   0.0056163921
   0.0499581663
   0.0791126256
   0.0680546547
   0.0356780203
   0.0035593284
   0.0095431722
   0.0538423949
   0.0919899103
   0.1249772575
   0.1691648774
   0.1792965190
   0.1443047727
   0.1133991800
   0.1026447406
   0.1047253292
   0.1213786563
   0.1437471643
   0.1571571373
   0.1406076268
   0.1013040981
   0.0601562951
   0.0202275355
  -0.0084522734
  -0.0239020627
  -0.0348350280
  -0.0340920809
  -0.0423703744
  -0.0579408058
  -0.0505747392
  -0.0463081739
  -0.0785663013
  -0.1006684652
  -0.0950244755
  -0.0989479800
  -0.1061313132
  -0.1067101107
  -0.1090447660
  -0.1053462007
  -0.0954194650
  -0.1207839417
  -0.1585379782
  -0.1554559250
  -0.1511643687
  -0.1641160890
  -0.1458146746
  -0.1121989027
  -0.1145535306
  -0.1231886528
  -0.1187098415
  -0.1092915330
  -0.0996722726
  -0.1045870424
  -0.1230984217
  -0.1350899405
  -0.1438851471
  -0.1495850192
  -0.1381662148
  -0.1254621740
  -0.0940153059
  -0.0299154628
   0.0033774508
   0.0004531013
   0.0264943533
   0.0606056362
   0.0556104897
   0.0596757382
   0.0926211330
   0.0908301357
   0.0478328068
   0.0307720303
   0.0296394264
   0.0397899253
   0.0657033116
   0.0852676379
   0.1065730404
   0.1332421279
   0.1398038598
   0.1380314764
   0.1390911349
   0.1179863701
   0.1099790134
   0.1297445044
   0.1465527452
   0.1499389484
   0.1582318006
   0.1552280153
   0.1324952369
   0.1230487439
   0.1223109774
   0.1146053374
   0.0983110189
   0.0618942893
   0.0218923410
  -0.0062326081
  -0.0336464707
  -0.0445006308
  -0.0205023451
   0.0173656564
   0.0336492689
   0.0120064019
  -0.0317829843
  -0.0685754710
  -0.1017002535
  -0.1380054209
  -0.1526392934
  -0.1449460222
  -0.1384395443
  -0.1328444011
  -0.1259679754
  -0.1114562698
  -0.0684869836
  -0.0296603418
  -0.0244865173
  -0.0211792613
  -0.0311811424
  -0.0716344189
  -0.1096927068
  -0.1213309047
  -0.1031982935
  -0.0417604523
   0.0181069207
   0.0378626080
   0.0315127267
   0.0268040490
  -0.0040379044
  -0.0571880143
  -0.0909610418
  -0.1046165449
  -0.1161193961
  -0.1101848215
  -0.0789822061
  -0.0416670681
  -0.0144114172
  -0.0148259939
  -0.0520670308
  -0.0892401206
  -0.1007756274
  -0.0856598191
  -0.0488431626
  -0.0064823984
   0.0346073718
   0.0668823998
   0.0727890939
   0.0715515786
   0.0766513425
   0.0800327604
   0.0580905591
   0.0341344794
   0.0239436704
   0.0085196984
   0.0027324733
   0.0141965454
   0.0208071642
   0.0413339630
   0.0672213040
   0.0658408483
   0.0502528775
   0.0373195178
   0.0217634321
   0.0144552756
   0.0089752755
   0.0128361433
   0.0377965567
   0.0588087079
   0.0607846589
   0.0616715298
   0.0581900973
   0.0341889425
   0.0170396482
   0.0307162492
   0.0567067679
   0.0825260300
   0.0934759263
   0.0754002925
   0.0492020697
   0.0355721355
   0.0370109170
   0.0530296960
   0.0796593352
   0.1025507582
   0.1116840782
   0.1066155200
   0.0909801526
   0.0682043674
   0.0413404718
   0.0212914724
   0.0285849790
   0.0459760015
   0.0582035407
   0.0754195452
   0.0940066477
   0.0978274914
   0.0820533403
   0.0681170561
   0.0623631872
   0.0628260730
   0.0699702420
   0.0667889142
   0.0523955432
   0.0399646899
   0.0249096001
   0.0013008819
  -0.0149055190
  -0.0211091548
  -0.0282920116
  -0.0334067498
  -0.0371050819
  -0.0456795972
  -0.0560545690
  -0.0686550467
  -0.0703768702
  -0.0604318145
  -0.0566185847
  -0.0574921744
  -0.0442465134
  -0.0217479103
  -0.0048091010
  -0.0012832372
  -0.0085256709
  -0.0128570283
  -0.0130824237
  -0.0142244461
  -0.0128387793
  -0.0039107991
   0.0077836189
   0.0236597464
   0.0350515017
   0.0252055887
   0.0017615282
  -0.0099149246
  -0.0124538268
  -0.0078777594
   0.0117701584
   0.0258717685
   0.0233674583
   0.0105175775
  -0.0124754620
  -0.0403010494
  -0.0613925837
  -0.0717785049
  -0.0744183950
  -0.0722281602
  -0.0776924277
  -0.0826200427
  -0.0780859775
  -0.0620088322
  -0.0508788892
  -0.0484749282
  -0.0462883940
  -0.0458543922
  -0.0521875148
  -0.0504881781
  -0.0436723594
  -0.0453919524
  -0.0427149054
  -0.0337661943
  -0.0297864323
  -0.0231825756
  -0.0187754423
  -0.0301640953
  -0.0473974262
  -0.0622205206
  -0.0730850623
  -0.0780670593
  -0.0766759280
  -0.0709334343
  -0.0541774566
  -0.0317987291
  -0.0218362456
  -0.0182658289
  -0.0100660192
  -0.0012001738
  -0.0028403229
  -0.0042505153
   0.0084323567
   0.0330586806
   0.0470629829
   0.0505445574
   0.0419044876
   0.0115543944
   0.0009086875
   0.0156729300
   0.0222887194
   0.0388368612
   0.0580619994
   0.0470088543
   0.0201187917
  -0.0001435272
  -0.0146567649
  -0.0153081629
  -0.0054603044
  -0.0080218474
  -0.0128555177
  -0.0049493648
   0.0022340192
   0.0079677665
   0.0245558838
   0.0311000155
   0.0239782117
   0.0301686474
   0.0366864397
   0.0360245992
   0.0360154848
   0.0268732026
   0.0182355558
   0.0244707320
   0.0214431317
   0.0057421612
   0.0017687457
   0.0009521573
  -0.0024301858
   0.0062378395
   0.0262578564
   0.0422625127
   0.0559564603
   0.0708333487
   0.0694977348
   0.0459853592
   0.0148235708
  -0.0066800624
  -0.0180572834
  -0.0170219264
  -0.0034288977
   0.0142816364
   0.0376065137
   0.0475889393
   0.0309612623
   0.0245956464
   0.0264784159
   0.0160275587
   0.0181362103
   0.0421293558
   0.0503702287
   0.0456478034
   0.0383937857
   0.0156697060
  -0.0044951929
  -0.0097969641
  -0.0168415350
  -0.0203416323
  -0.0098548996
  -0.0155226089
  -0.0306004593
  -0.0259731011
  -0.0178403737
  -0.0141874209
  -0.0018192985
   0.0058911237
   0.0069060600
   0.0066613734
   0.0045092355
  -0.0014201179
  -0.0046946088
  -0.0097975967
  -0.0174268818
  -0.0199881289
  -0.0167450992
  -0.0123672961
  -0.0001461445
   0.0157074104
   0.0110844421
  -0.0068988426
  -0.0177340226
  -0.0222159059
  -0.0230371413
  -0.0133917037
  -0.0082135288
  -0.0123726593
  -0.0187622726
  -0.0327136123
  -0.0436572533
  -0.0480562861
  -0.0596162464
  -0.0646744635
  -0.0490663073
  -0.0408672043
  -0.0510310858
  -0.0618042710
  -0.0695411167
  -0.0778505552
  -0.0811627486
  -0.0794506985
  -0.0754328771
  -0.0672060458
  -0.0549181227
  -0.0488648992
  -0.0465048068
  -0.0417406014
  -0.0423950511
  -0.0483416396
  -0.0521552850
  -0.0531826733
  -0.0502648205
  -0.0426406117
  -0.0309558383
  -0.0152240046
  -0.0087169853
  -0.0123025730
  -0.0103933931
  -0.0121843093
  -0.0145203637
  -0.0034920879
   0.0162491827
   0.0267206916
   0.0498150435
   0.0657084721
   0.0552205491
   0.0449850910
   0.0358446438
   0.0237800580
   0.0292478029
   0.0379373680
   0.0356398799
   0.0369706476
   0.0410429827
   0.0425440339
   0.0489275541
   0.0608888303
   0.0729702558
   0.0886184077
   0.0962359353
   0.0949449809
   0.0981699136
   0.0962321537
   0.0874401002
   0.0824717493
   0.0650540934
   0.0288853169
   0.0045565156
  -0.0077830532
  -0.0138087744
  -0.0096041452
  -0.0077919070
  -0.0110941040
  -0.0056978354
  -0.0017386562
  -0.0088780013
  -0.0206214604
  -0.0248589693
  -0.0284279463
  -0.0386378255
  -0.0373199436
  -0.0326570404
  -0.0358824902
  -0.0307831520
  -0.0283192127
  -0.0350430463
  -0.0286930333
  -0.0248542955
  -0.0269752550
  -0.0187219728
  -0.0083665670
   0.0009149200
   0.0173034476
   0.0124168320
  -0.0036497542
  -0.0035863440
  -0.0051114423
  -0.0118045071
  -0.0110038221
  -0.0109877529
  -0.0155418109
  -0.0134266100
  -0.0076652366
  -0.0036748436
   0.0072769426
   0.0254379289
   0.0352195851
   0.0403599024
   0.0358284934
   0.0241776023
   0.0274070568
   0.0256913061
   0.0130763204
   0.0052262021
  -0.0003324190
  -0.0060033459
  -0.0093176602
  -0.0185690563
  -0.0243531983
  -0.0143436323
  -0.0038865380
   0.0064933761
   0.0195027258
   0.0104380423
  -0.0042968283
  -0.0047902356
  -0.0038635585
   0.0058000409
   0.0290017253
   0.0417539232
   0.0392994632
   0.0314557290
   0.0049201735
  -0.0199958847
  -0.0201302886
  -0.0152048938
  -0.0139086370
  -0.0064959391
  -0.0001130327
   0.0032852548
   0.0171890974
   0.0274575051
   0.0240896422
   0.0317416706
   0.0398388732
   0.0359004959
   0.0333696739
   0.0259132545
   0.0199964727
   0.0290443063
   0.0324773587
   0.0251876135
   0.0307832027
   0.0326645326
   0.0184776998
   0.0078736493
   0.0048604415
   0.0035817848
   0.0038350992
  -0.0003900117
  -0.0058110167
  -0.0078624100
  -0.0077937856
  -0.0013510008
   0.0108445084
   0.0089377120
  -0.0011089481
  -0.0034223869
  -0.0101040278
  -0.0150753868
  -0.0153614297
  -0.0260162803
  -0.0297207054
  -0.0202038422
  -0.0177402374
  -0.0170012341
  -0.0113188201
  -0.0095652515
  -0.0033559453
   0.0005916188
  -0.0086211811
  -0.0144348672
  -0.0130813997
  -0.0151818798
  -0.0146412938
  -0.0107506375
  -0.0134103481
  -0.0136199378
  -0.0137997412
  -0.0170163098
  -0.0158853787
  -0.0113152413
  -0.0053987606
  -0.0006165338
   0.0031685220
   0.0051561868
   0.0063915822
   0.0023247867
  -0.0114645485
  -0.0166295831
  -0.0130658678
  -0.0184609715
  -0.0259691877
  -0.0199611508
  -0.0170700429
  -0.0163138551
  -0.0121839038
  -0.0146694074
  -0.0234717615
  -0.0234054061
  -0.0185850951
  -0.0146842904
  -0.0147739133
  -0.0163615965
  -0.0214334800
  -0.0265269684
  -0.0213553743
  -0.0167492052
  -0.0131725231
  -0.0023033005
   0.0063305079
   0.0130466455
   0.0223690860
   0.0201642419
   0.0059711303
   0.0008982372
   0.0022409903
  -0.0000782399
   0.0021679943
   0.0002769833
  -0.0046029431
   0.0026684670
   0.0146102400
   0.0171725618
   0.0187789502
   0.0101304423
  -0.0039796373
  -0.0093386760
  -0.0046075763
   0.0082915514
   0.0197997181
   0.0165375675
   0.0094470558
   0.0052261484
  -0.0024012895
  -0.0082120020
  -0.0082547493
  -0.0094067245
  -0.0097459855
  -0.0005272669
   0.0119535203
   0.0295746628
   0.0382187068
   0.0339057890
   0.0249544825
   0.0099402552
  -0.0055338823
  -0.0151875877
  -0.0199665342
  -0.0178032168
  -0.0110908901
  -0.0040977023
   0.0027938802
   0.0045568430
   0.0035831596
   0.0142124930
   0.0300406307
   0.0397519269
   0.0477957715
   0.0605063616
   0.0700278378
   0.0778049429
   0.0844336688
   0.0833934252
   0.0727602706
   0.0617239957
   0.0495262328
   0.0415113332
   0.0417122546
   0.0417061311
   0.0349663600
   0.0181037068
   0.0069204271
   0.0044376061
   0.0019775254
  -0.0026821396
  -0.0023754114
   0.0011968870
  -0.0042990141
  -0.0106113064
  -0.0123071555
  -0.0157303231
  -0.0196711032
  -0.0258955023
  -0.0399572281
  -0.0467659703
  -0.0493820353
  -0.0638932745
  -0.0720784677
  -0.0647596660
  -0.0668021346
  -0.0696116593
  -0.0606944581
  -0.0433179030
  -0.0333145620
  -0.0300145650
  -0.0241242646
  -0.0192849037
  -0.0132139686
  -0.0066558906
  -0.0103628260
  -0.0195769181
  -0.0284005120
  -0.0324575991
  -0.0347576219
  -0.0392643542
  -0.0440542704
  -0.0389257845
  -0.0290894320
  -0.0249208739
  -0.0178842930
  -0.0128595324
  -0.0246968168
  -0.0352604325
  -0.0293249556
  -0.0224173748
  -0.0205455648
  -0.0183858262
  -0.0124201371
  -0.0007489482
   0.0062554883
   0.0044112799
   0.0005167151
  -0.0046768880
  -0.0120518926
  -0.0183882493
  -0.0182794852
  -0.0108021808
  -0.0019632578
   0.0054500910
   0.0089522980
   0.0094624964
   0.0073138289
   0.0004292557
  -0.0077030182
  -0.0093001270
  -0.0100192734
  -0.0142670271
  -0.0129487092
  -0.0065517060
  -0.0002686078
   0.0048665032
   0.0011256429
  -0.0109913317
  -0.0214168734
  -0.0331572657
  -0.0429457856
  -0.0431827793
  -0.0434627696
  -0.0398778044
  -0.0259250657
  -0.0099679897
   0.0063610790
   0.0274629899
   0.0402154514
   0.0448453746
   0.0469914772
   0.0415560736
   0.0317352125
   0.0284112282
   0.0331043132
   0.0383284340
   0.0469558511
   0.0620984550
   0.0666724653
   0.0605652856
   0.0549187715
   0.0426678939
   0.0245722268
   0.0174589088
   0.0113604380
   0.0110645406
   0.0275979413
   0.0419742292
   0.0503234403
   0.0587050942
   0.0517653140
   0.0316695668
   0.0288084988
   0.0230627406
   0.0085116475
   0.0072800723
   0.0160190729
   0.0212398277
   0.0315032069
   0.0347638062
   0.0234022936
   0.0190552907
   0.0128185533
   0.0072160467
   0.0072654366
   0.0077169807
   0.0075166452
   0.0071952590
   0.0055969600
   0.0028585080
   0.0029557448
  -0.0011888807
  -0.0087484040
  -0.0095197882
  -0.0125419187
  -0.0171227623
  -0.0159025024
  -0.0139839547
  -0.0146030216
  -0.0157178225
  -0.0176144613
  -0.0183799054
  -0.0120153946
  -0.0032733483
   0.0036797343
   0.0081658199
   0.0100120083
   0.0081191024
   0.0006435321
  -0.0093330228
  -0.0118440060
  -0.0103564389
  -0.0107514080
  -0.0082025541
  -0.0035531217
  -0.0031594969
  -0.0028464485
  -0.0016221059
   0.0007649090
   0.0058846858
   0.0075169524
   0.0037643225
  -0.0007163509
  -0.0070674755
  -0.0155922086
  -0.0187023247
  -0.0157813696
  -0.0099136005
  -0.0036260903
  -0.0024452564
  -0.0087542396
  -0.0158580052
  -0.0197110077
  -0.0236599593
  -0.0298658458
  -0.0303146191
  -0.0224117683
  -0.0165128503
  -0.0148495250
  -0.0143758012
  -0.0126007616
  -0.0096061992
  -0.0043097506
  -0.0061548380
  -0.0141816927
  -0.0196042713
  -0.0212949194
  -0.0193108376
  -0.0148507314
  -0.0122208377
  -0.0116917688
  -0.0096536395
  -0.0088424188
  -0.0073521801
  -0.0041905522
  -0.0032865910
   0.0002345672
   0.0036795325
  -0.0028905908
  -0.0119294114
  -0.0141971942
  -0.0143285870
  -0.0132032422
  -0.0079456913
  -0.0069316877
  -0.0088613247
  -0.0051824370
  -0.0015717802
  -0.0005721671
  -0.0004250893
  -0.0009760035
  -0.0021440384
  -0.0037828269
  -0.0012662332
   0.0026803461
   0.0017749707
  -0.0002447864
   0.0028946167
   0.0019001953
  -0.0032271257
  -0.0037640274
  -0.0030995023
   0.0005165131
   0.0033906843
  -0.0033751088
  -0.0105217140
  -0.0078913296
  -0.0077613024
  -0.0095110580
  -0.0004066986
   0.0051738285
   0.0029695360
   0.0056145408
   0.0049738235
  -0.0047960742
  -0.0108177939
  -0.0093676016
  -0.0092965917
  -0.0042318780
  -0.0004592222
  -0.0064189354
  -0.0146060022
  -0.0211792918
  -0.0273792777
  -0.0285201241
  -0.0209071485
  -0.0159758228
  -0.0115719540
  -0.0041531843
  -0.0035424238
  -0.0119226390
  -0.0163394037
  -0.0189078591
  -0.0194572554
  -0.0182577588
  -0.0172651653
  -0.0137762202
  -0.0077695905
  -0.0055963841
  -0.0014163991
   0.0026259732
   0.0038408111
   0.0118522688
   0.0293970594
   0.0369716209
   0.0402661634
   0.0371033482
   0.0213388286
   0.0161072967
   0.0242064966
   0.0168733289
   0.0094169135
   0.0070649013
   0.0006672541
  -0.0039468773
  -0.0018068466
   0.0060978179
   0.0155827799
   0.0139551415
   0.0070169197
   0.0065855458
   0.0045077127
   0.0015951308
   0.0095283155
   0.0300730226
   0.0440191208
   0.0485934758
   0.0465991035
   0.0358570227
   0.0173096726
   0.0113231391
   0.0237090897
   0.0373620988
   0.0427668136
   0.0434835633
   0.0430586151
   0.0423737505
   0.0397463305
   0.0297693390
   0.0152272184
   0.0068247009
   0.0070692314
   0.0154370211
   0.0294319454
   0.0275989754
   0.0114005554
  -0.0001491903
  -0.0077680677
  -0.0141299061
  -0.0149162758
  -0.0116934011
  -0.0079822055
   0.0014532094
   0.0085091687
   0.0099448023
   0.0097451410
   0.0092117156
   0.0089341251
   0.0084746730
   0.0093251900
   0.0128967503
   0.0181834651
   0.0154365953
   0.0137568459
   0.0185979505
   0.0151049603
   0.0102781203
   0.0091731839
   0.0087469917
   0.0081234883
   0.0075828120
   0.0090523664
   0.0139348243
   0.0207695510
   0.0147134990
   0.0019888702
  -0.0061332281
  -0.0161720908
  -0.0264079646
  -0.0263173786
  -0.0199719684
  -0.0098881249
   0.0018650315
   0.0017820320
  -0.0049815145
  -0.0110482179
  -0.0165212854
  -0.0214434764
  -0.0287101671
  -0.0341553643
  -0.0321649257
  -0.0250988321
  -0.0226251295
  -0.0258674698
  -0.0215309297
  -0.0168759547
  -0.0169608531
  -0.0190208305
  -0.0221753019
  -0.0249043383
  -0.0212347788
  -0.0160191135
  -0.0143235787
  -0.0080761210
  -0.0010364550
  -0.0001750444
  -0.0032811914
  -0.0062774489
  -0.0090374590
  -0.0114399631
  -0.0144652416
  -0.0156176355
  -0.0131021630
  -0.0120790937
  -0.0091315660
  -0.0033943929
   0.0015467000
   0.0026478882
   0.0061173089
   0.0091591646
   0.0096518825
   0.0097281309
   0.0097780257
   0.0096817754
   0.0082627971
   0.0053947651
   0.0052413579
   0.0066765667
   0.0085822945
   0.0156284328
   0.0280500602
   0.0285058594
   0.0205194688
   0.0201527754
   0.0140787988
   0.0051531636
   0.0002254798
  -0.0026762816
  -0.0038205507
  -0.0020156952
   0.0001560401
  -0.0008081241
  -0.0064178172
  -0.0135510985
  -0.0180268582
  -0.0196307222
  -0.0178960433
  -0.0134882307
  -0.0081831615
  -0.0039428980
   0.0019803611
   0.0047729436
   0.0073450255
   0.0086446969
   0.0094596060
   0.0127675980
   0.0181204046
   0.0154131453
   0.0097092807
   0.0046336571
  -0.0011153200
  -0.0083418325
  -0.0151856715
  -0.0210599940
  -0.0281951905
  -0.0296504873
  -0.0238042684
  -0.0187637224
  -0.0170097401
  -0.0145416441
  -0.0094840515
  -0.0074545033
  -0.0100107075
  -0.0150847951
  -0.0190515193
  -0.0202569366
  -0.0198397848
  -0.0145957118
  -0.0044269740
   0.0059828949
   0.0100289383
   0.0108177330
   0.0105275435
   0.0083273337
   0.0014569595
  -0.0046657287
  -0.0039368465
  -0.0005762342
   0.0014722390
   0.0068641745
   0.0101523441
   0.0085983506
   0.0025492858
  -0.0019273782
  -0.0039632041
  -0.0034116139
  -0.0013963485
   0.0016363442
   0.0057506054
   0.0083761315
   0.0098895524
   0.0090594217
   0.0044615011
  -0.0007390577
  -0.0039612575
  -0.0045654839
  -0.0002073839
   0.0038618400
   0.0028666765
   0.0015588518
  -0.0021445200
  -0.0101296261
  -0.0162628593
  -0.0191690834
  -0.0172148589
  -0.0065277309
   0.0056785127
   0.0136200088
   0.0186496864
   0.0091971388
  -0.0087374302
  -0.0154314653
  -0.0139470410
  -0.0074945690
   0.0028994963
   0.0089220706
   0.0135048373
   0.0222449116
   0.0249409377
   0.0172133584
   0.0105805062
   0.0068108966
   0.0015126494
   0.0003534413
   0.0042743688
   0.0078264027
   0.0097868288
   0.0133173897
   0.0183733155
   0.0148061329
   0.0070438978
   0.0004960426
  -0.0001387636
   0.0107218447
   0.0164523751
   0.0262305134
   0.0391584491
   0.0415489058
   0.0316672755
   0.0175168190
   0.0086137122
  -0.0005719944
  -0.0121576557
  -0.0153710611
  -0.0103399742
  -0.0012053941
   0.0069638516
   0.0069597040
   0.0008088768
  -0.0023528719
  -0.0049031148
  -0.0086974974
  -0.0102940577
  -0.0115442257
  -0.0112081095
  -0.0103396802
  -0.0103817442
  -0.0102674344
  -0.0094808722
  -0.0130246048
  -0.0161719387
  -0.0142403024
  -0.0119577581
  -0.0097718271
  -0.0052863123
  -0.0041004346
  -0.0049018698
  -0.0042281694
  -0.0039055768
  -0.0067813636
  -0.0105668194
  -0.0114484590
  -0.0102106598
  -0.0068589360
  -0.0060229514
  -0.0077970776
  -0.0088875272
  -0.0074146221
  -0.0071994826
  -0.0077207055
  -0.0075465482
  -0.0078042302
  -0.0104813330
  -0.0127921734
  -0.0149496816
  -0.0131932053
  -0.0078782075
  -0.0032801015
  -0.0011038313
   0.0012527178
  -0.0019800590
  -0.0058724519
  -0.0050546747
  -0.0026996181
   0.0002448094
   0.0052241765
   0.0091483298
   0.0099217244
   0.0097878984
   0.0096436755
   0.0101180238
   0.0099798343
   0.0077825615
   0.0032382616
  -0.0001679264
  -0.0000617778
   0.0013899289
   0.0007528196
  -0.0014680843
  -0.0032434058
  -0.0026656992
  -0.0029974600
  -0.0061121028
  -0.0073066631
  -0.0067751123
  -0.0075602532
  -0.0083128196
  -0.0089727511
  -0.0085258564
  -0.0065415282
  -0.0087812583
  -0.0138691380
  -0.0142510592
  -0.0125611512
  -0.0077921179
   0.0004411987
   0.0059108711
   0.0047773984
  -0.0009515248
  -0.0080022450
  -0.0133814031
  -0.0132433089
  -0.0109430428
  -0.0072196468
  -0.0030731812
  -0.0001112208
   0.0012975403
  -0.0011413877
  -0.0073108847
  -0.0091236521
  -0.0091793135
  -0.0095976141
  -0.0091871880
  -0.0117109708
  -0.0153836225
  -0.0158427065
  -0.0131476537
  -0.0075365761
  -0.0030068836
   0.0017222584
   0.0071926859
   0.0098700128
   0.0102952033
   0.0097707352
   0.0078746176
   0.0054756153
   0.0043209291
   0.0070031548
   0.0095814799
   0.0102987112
   0.0099270997
   0.0076639775
   0.0034817083
  -0.0014114699
  -0.0056795418
  -0.0040043019
  -0.0013122267
   0.0002140161
   0.0046921229
   0.0118095560
   0.0258149127
   0.0371233410
   0.0330856891
   0.0183979415
   0.0069418200
  -0.0005721563
  -0.0022404469
   0.0045874588
   0.0094771261
   0.0103448812
   0.0103509845
   0.0099933771
   0.0072013481
   0.0004021179
  -0.0077826487
  -0.0118760533
  -0.0120305311
  -0.0108879917
  -0.0090715948
  -0.0048982443
  -0.0049214601
  -0.0097639486
  -0.0127208400
  -0.0142116920
  -0.0147524099
  -0.0110181374
  -0.0033949333
   0.0036969046
   0.0091770821
   0.0134771698
   0.0180513423
   0.0136692304
   0.0090983235
   0.0126857411
   0.0222269871
   0.0245767181
   0.0162020901
   0.0096076905
   0.0059177236
   0.0027154937
   0.0009381768
  -0.0010752229
  -0.0019808711
   0.0003858457
   0.0047179482
   0.0040373032
  -0.0000903381
  -0.0047989191
  -0.0094392604
  -0.0110871896
  -0.0124487880
  -0.0102250562
  -0.0040747663
   0.0016260254
   0.0030505686
   0.0065705725
   0.0076941552
   0.0023807736
  -0.0038293051
  -0.0056798256
  -0.0095140245
  -0.0112911323
  -0.0080173612
  -0.0067373014
  -0.0084803900
  -0.0089118349
  -0.0088453832
  -0.0080726050
  -0.0047155191
  -0.0031362477
  -0.0006421596
   0.0014546348
   0.0003215524
  -0.0022183646
  -0.0005344430
   0.0034831723
   0.0028834514
   0.0003841040
  -0.0021727664
  -0.0032488501
   0.0012225522
   0.0075571549
   0.0106789392
   0.0110242610
   0.0073958936
  -0.0006385417
  -0.0063224925
  -0.0050377559
  -0.0068554099
  -0.0105184596
  -0.0088916637
  -0.0033607702
  -0.0015941292
  -0.0038738246
  -0.0057029329
  -0.0054990044
  -0.0045524643
  -0.0044873296
  -0.0081298683
  -0.0081887011
  -0.0050451994
  -0.0019668518
  -0.0013248307
  -0.0041797133
  -0.0057427887
  -0.0042590062
  -0.0030386023
  -0.0000764653
   0.0036138676
   0.0020421198
  -0.0003690263
  -0.0000588825
   0.0030255219
   0.0100119211
   0.0237517011
   0.0371051833
   0.0427426844
   0.0403746030
   0.0298933106
   0.0159909897
   0.0079465105
   0.0030516240
  -0.0003347141
  -0.0013611290
  -0.0023249549
  -0.0046675496
  -0.0067954032
  -0.0066691495
  -0.0050498539
  -0.0022561430
  -0.0003562704
   0.0002763211
   0.0019354574
   0.0049910506
   0.0084711023
   0.0127703861
   0.0185121397
   0.0159625213
   0.0089094382
   0.0000270061
  -0.0089651727
  -0.0116964021
  -0.0124046660
  -0.0105268541
  -0.0033916972
   0.0033978907
   0.0045721864
   0.0048577183
   0.0009024628
  -0.0055728297
  -0.0086878822
  -0.0101280283
  -0.0109757491
  -0.0083303944
  -0.0052119365
  -0.0021529044
   0.0001518500
   0.0013301756
   0.0018036490
   0.0019054622
   0.0022505741
   0.0016776467
  -0.0013869047
  -0.0087995843
  -0.0147740755
  -0.0139279505
  -0.0095395528
  -0.0064620315
  -0.0027626876
   0.0002242581
   0.0014740801
   0.0058413019
   0.0080436885
   0.0085603217
   0.0129414704
   0.0229067927
   0.0260215319
   0.0171964173
   0.0080350820
   0.0006158050
  -0.0037912326
  -0.0045302107
  -0.0073775462
  -0.0078024620
  -0.0066638208
  -0.0078842368
  -0.0107592044
  -0.0116429325
  -0.0113661154
  -0.0121466758
  -0.0127942821
  -0.0125213075
  -0.0120476040
  -0.0096363820
  -0.0067889592
  -0.0029626338
  -0.0023067404
  -0.0072744435
  -0.0096995509
  -0.0115138817
  -0.0143673256
  -0.0145947588
  -0.0141159862
  -0.0124283491
  -0.0073265504
  -0.0009503785
   0.0028642048
   0.0053136990
   0.0053970635
   0.0021855103
  -0.0008105588
  -0.0015954796
  -0.0006723580
   0.0040131760
   0.0085626058
   0.0089711523
   0.0048613894
   0.0002506829
  -0.0040995302
  -0.0077569338
  -0.0079988953
  -0.0057917133
  -0.0043546107
  -0.0049535215
  -0.0050308932
  -0.0008548766
   0.0051234917
   0.0128133625
   0.0237085625
   0.0300427699
   0.0219945252
   0.0212917461
   0.0285029396
   0.0377808220
   0.0425941882
   0.0362561384
   0.0202922180
   0.0098564102
   0.0068863278
   0.0004689198
  -0.0059015307
  -0.0091433579
  -0.0099077386
  -0.0088507200
  -0.0034924225
   0.0023057033
   0.0058434076
   0.0083581917
   0.0086011467
   0.0039713016
  -0.0001111660
  -0.0016572808
   0.0010851828
   0.0054264606
   0.0085081407
   0.0086551587
   0.0092135618
   0.0124724306
   0.0180905371
   0.0149161136
   0.0084938690
   0.0043536678
   0.0047923251
   0.0080561535
   0.0094485380
   0.0100517931
   0.0099503216
   0.0084730104
   0.0036268254
  -0.0011859183
  -0.0034596980
  -0.0033532556
  -0.0053116186
  -0.0071312507
  -0.0045057874
  -0.0021052208
   0.0003378661
   0.0037531206
   0.0057701186
   0.0033481642
   0.0021706739
   0.0034965762
   0.0026140505
   0.0001443567
  -0.0022244445
  -0.0059316943
  -0.0091557784
  -0.0109436004
  -0.0123357051
  -0.0163410461
  -0.0190170591
  -0.0167618477
  -0.0123821386
  -0.0101776899
  -0.0121382509
  -0.0136908656
  -0.0130067410
  -0.0120448870
  -0.0121350370
  -0.0106398661
  -0.0091005478
  -0.0081245863
  -0.0092292215
  -0.0114930271
  -0.0124766076
  -0.0097913596
  -0.0054273274
  -0.0035906660
  -0.0019921905
  -0.0000458964
   0.0016107581
   0.0034066887
   0.0022695459
  -0.0015659081
  -0.0071602767
  -0.0103128440
  -0.0118109348
  -0.0127510421
  -0.0131602151
  -0.0121346721
  -0.0110329293
  -0.0096357636
  -0.0100067931
  -0.0121958366
  -0.0140672005
  -0.0123870354
  -0.0065620846
   0.0013495845
   0.0094992834
   0.0180209881
   0.0180928182
   0.0182040763
   0.0131405974
   0.0090328288
   0.0117259553
   0.0186439887
   0.0194562618
   0.0197008896
   0.0151810992
   0.0098536516
   0.0091323193
   0.0062509291
   0.0018551760
  -0.0013760131
  -0.0020948635
  -0.0018760549
   0.0014760723
   0.0045352960
   0.0054672532
   0.0041643426
   0.0042065302
   0.0017206728
  -0.0016696638
  -0.0048254207
  -0.0063736566
  -0.0063199255
  -0.0045823014
  -0.0018458356
  -0.0020543497
  -0.0058487556
  -0.0081787199
  -0.0077713698
  -0.0046408584
  -0.0016602767
  -0.0014786201
  -0.0041794943
  -0.0063354848
  -0.0064749477
  -0.0053863381
  -0.0036815602
  -0.0032185942
  -0.0018220227
   0.0020678651
   0.0044189962
   0.0073759951
   0.0078639632
   0.0036084669
   0.0001185649
  -0.0005712782
  -0.0000629710
  -0.0019442595
  -0.0050336681
  -0.0050983588
  -0.0022663817
  -0.0014821432
  -0.0046344925
  -0.0069068863
  -0.0081830307
  -0.0087352829
  -0.0070983112
  -0.0053676805
  -0.0045241165
  -0.0051920197
  -0.0051036074
  -0.0025888943
  -0.0009007457
  -0.0012187655
  -0.0018302844
  -0.0017498570
  -0.0015357344
  -0.0007674129
  -0.0000474717
   0.0007177218
   0.0019196650
   0.0044311561
   0.0075165377
   0.0090531035
   0.0093897600
   0.0083647816
   0.0054431787
   0.0021237577
   0.0035052181
   0.0051627372
   0.0030422866
   0.0014370671
   0.0018838361
   0.0035161736
   0.0028680857
   0.0008828282
  -0.0010333861
  -0.0020480872
  -0.0021137339
  -0.0031371490
  -0.0022189293
  -0.0010788149
  -0.0001511496
   0.0021564112
   0.0046160681
   0.0031092067
   0.0006505682
   0.0003461319
  -0.0003085810
  -0.0017757341
  -0.0033930435
  -0.0027030468
  -0.0012457913
   0.0006114485
   0.0036993418
   0.0040710668
   0.0051314097
   0.0061880015
   0.0066001166
   0.0070397177
   0.0068412923
   0.0068051877
   0.0065901810
   0.0064839394
   0.0061943977
   0.0061690134
   0.0063613142
   0.0065973427
   0.0051636750
   0.0009562922
  -0.0035220346
  -0.0045321167
  -0.0049315487
  -0.0035853261
  -0.0025042392
  -0.0028695973
  -0.0032719340
  -0.0042945360
  -0.0046590739
  -0.0065051123
  -0.0080144039
  -0.0088925194
  -0.0101867435
  -0.0101244515
  -0.0078140400
  -0.0054722372
  -0.0038066875
  -0.0040807449
  -0.0043273264
  -0.0025095669
  -0.0003577887
   0.0005007496
   0.0005421730
   0.0013014679
   0.0027801580
   0.0025678877
  -0.0000932804
  -0.0013268411
  -0.0008619490
  -0.0011689326
  -0.0034496043
  -0.0060341087
  -0.0064150890
  -0.0045750819
  -0.0018492289
  -0.0002026892
   0.0014664531
   0.0017890802
   0.0020584283
   0.0025426128
   0.0024275093
   0.0007210436
  -0.0020331281
  -0.0030617208
  -0.0038701575
  -0.0055171358
  -0.0069521327
  -0.0078445108
  -0.0087400895
  -0.0084344867
  -0.0078307835
  -0.0082361252
  -0.0085291281
  -0.0079966547
  -0.0072810820
  -0.0065672947
  -0.0036590683
  -0.0005057726
   0.0013233252
   0.0017700059
   0.0015189849
   0.0011195487
   0.0012068073
   0.0020502386
   0.0033278054
   0.0039137757
   0.0047522351
   0.0051516783
   0.0050845494
   0.0065397053
   0.0095748069
   0.0101621377
   0.0069061077
   0.0044480101
   0.0033285698
   0.0023864875
   0.0022817008
   0.0022137151
   0.0013079990
   0.0007608848
   0.0004405112
   0.0005880666
   0.0014508654
   0.0015207844
   0.0010941218
   0.0010076786
   0.0009404426
   0.0008697261
   0.0003818813
  -0.0001769805
  -0.0012019024
  -0.0022343112
  -0.0032948000
  -0.0034052339
  -0.0024133501
  -0.0017708971
  -0.0013396094
  -0.0007400147
  -0.0001075130
   0.0001470278
  -0.0000197569
  -0.0000928519
   0.0002766273
   0.0007212399
   0.0013528277
   0.0019930178
   0.0025580089
   0.0028407011
   0.0027246810
   0.0026395302
   0.0024626751
   0.0022214274
   0.0017486799
   0.0015492549
   0.0012172671
   0.0008944488
   0.0006823737
   0.0007327616
   0.0007165794
   0.0006458433
   0.0009413306
   0.0012769798
   0.0011368640
   0.0007687537
   0.0006545980
   0.0006247826
   0.0006203565
   0.0007844895
   0.0008538559
   0.0008150440
   0.0007040744
   0.0006854473
   0.0006216803
   0.0005253686
   0.0004849094
   0.0004803324
   0.0006063309
   0.0008188890
   0.0009209289
   0.0009521313
   0.0008975661
   0.0007472966
   0.0006454990
   0.0006272323
   0.0006205439
   0.0005863790
   0.0005430441
   0.0004883718
   0.0004357942
   0.0003733394
   0.0003263010
   0.0002899383
   0.0002810940
   0.0003121491
   0.0003401808
   0.0003622822
   0.0003623263
   0.0003736153
   0.0003841660
   0.0003651438
   0.0003436300
   0.0003266896
   0.0002999482
   0.0002779389
   0.0002597358
   0.0002332762
   0.0001976870
   0.0001588870
   0.0001168291
   0.0000800626
   0.0000477125
   0.0000227008
  -0.0000020790
  -0.0000301502
  -0.0000596228
  -0.0000864561
  -0.0001121386
  -0.0001380300
  -0.0001641507
  -0.0001899414
  -0.0002160710
  -0.0002418196
  -0.0002677571
  -0.0002936408
  -0.0003193300
  -0.0003443844
  -0.0003692801
  -0.0003936716
  -0.0004178235
  -0.0004416429
  -0.0004652650
  -0.0004885537
  -0.0005115427
  -0.0005341824
  -0.0005564987
  -0.0005784730
  -0.0006001068
