  -0.0004430617
  -0.0004453351
  -0.0004476231
  -0.0004499071
  -0.0004522009
  -0.0004544865
  -0.0004567792
  -0.0004590658
  -0.0004613713
  -0.0004636647
  -0.0004659675
  -0.0004682679
  -0.0004705796
  -0.0004728755
  -0.0004751700
  -0.0004774338
  -0.0004796790
  -0.0004818899
  -0.0004840871
  -0.0004863627
  -0.0004887456
  -0.0004911635
  -0.0004935748
  -0.0004959224
  -0.0004982522
  -0.0005005043
  -0.0005025767
  -0.0005046318
  -0.0005062282
  -0.0005074781
  -0.0005088987
  -0.0005106898
  -0.0005126713
  -0.0005145342
  -0.0005164418
  -0.0005185486
  -0.0005208350
  -0.0005248766
  -0.0005298973
  -0.0005340235
  -0.0005362828
  -0.0005372834
  -0.0005380121
  -0.0005396380
  -0.0005432905
  -0.0005475497
  -0.0005509606
  -0.0005534971
  -0.0005558364
  -0.0005571760
  -0.0005536838
  -0.0005512228
  -0.0005548010
  -0.0005632178
  -0.0005678814
  -0.0005583129
  -0.0005420943
  -0.0005334608
  -0.0005407258
  -0.0005592490
  -0.0005780864
  -0.0005877908
  -0.0005828011
  -0.0005636019
  -0.0005420889
  -0.0005312835
  -0.0005447242
  -0.0005735312
  -0.0005966934
  -0.0006028097
  -0.0005894324
  -0.0005622489
  -0.0005439524
  -0.0005463137
  -0.0005537608
  -0.0005434328
  -0.0005077342
  -0.0004669142
  -0.0004261645
  -0.0004083667
  -0.0004232191
  -0.0004720295
  -0.0005394267
  -0.0005954275
  -0.0006205308
  -0.0006209599
  -0.0006147858
  -0.0006138231
  -0.0006181840
  -0.0006214218
  -0.0006214656
  -0.0006269820
  -0.0006534675
  -0.0006940453
  -0.0006970539
  -0.0006793494
  -0.0006772403
  -0.0006724765
  -0.0006109705
  -0.0004551777
  -0.0003051852
  -0.0002844214
  -0.0003950794
  -0.0005453585
  -0.0006302238
  -0.0006249573
  -0.0005706742
  -0.0005619618
  -0.0005998638
  -0.0006457139
  -0.0006886112
  -0.0006039637
  -0.0003375959
  -0.0000096741
   0.0001861229
   0.0001917348
   0.0000753367
  -0.0000681522
  -0.0001925598
  -0.0003150587
  -0.0002879654
  -0.0001648572
  -0.0000241623
   0.0000292399
  -0.0000861720
  -0.0003383032
  -0.0005989309
  -0.0007356995
  -0.0007472422
  -0.0007537123
  -0.0009914942
  -0.0013938046
  -0.0016932114
  -0.0017862244
  -0.0017565467
  -0.0017272450
  -0.0015641431
  -0.0011661596
  -0.0007643219
  -0.0004313795
  -0.0001038060
   0.0002209204
   0.0003809316
   0.0004568957
   0.0005226850
   0.0006879697
   0.0011077864
   0.0016727745
   0.0020760206
   0.0022169203
   0.0021788231
   0.0017921370
   0.0011858648
   0.0004891150
  -0.0002296747
  -0.0007023282
  -0.0008411131
  -0.0007032789
  -0.0003357611
  -0.0001817684
  -0.0004055405
  -0.0007468624
  -0.0013033176
  -0.0016514930
  -0.0018023803
  -0.0021748530
  -0.0026339547
  -0.0029185709
  -0.0029760247
  -0.0029222319
  -0.0026672708
  -0.0020260304
  -0.0012576528
  -0.0007989784
  -0.0006446454
  -0.0005536330
  -0.0005203978
  -0.0000337530
   0.0009080691
   0.0018427399
   0.0025483122
   0.0030865329
   0.0035966293
   0.0040702526
   0.0044501107
   0.0046625461
   0.0047453345
   0.0048018259
   0.0048900238
   0.0047898638
   0.0043250726
   0.0038010852
   0.0031810717
   0.0026029389
   0.0023002998
   0.0022829697
   0.0021545983
   0.0013727554
   0.0001306222
  -0.0007709150
  -0.0011992606
  -0.0018406661
  -0.0024094038
  -0.0022865809
  -0.0015022643
  -0.0002992434
   0.0011575391
   0.0023778901
   0.0028719611
   0.0019456880
   0.0001839615
  -0.0015002291
  -0.0027579059
  -0.0038199834
  -0.0041225603
  -0.0028663856
  -0.0005509369
   0.0012057946
   0.0022037801
   0.0029723824
   0.0033786495
   0.0035740825
   0.0037834833
   0.0043969754
   0.0050110234
   0.0056429761
   0.0063530024
   0.0068729368
   0.0067287370
   0.0058646107
   0.0044702825
   0.0035890190
   0.0039439658
   0.0048506178
   0.0049952448
   0.0042575360
   0.0029471391
   0.0013798575
  -0.0005752366
  -0.0027701148
  -0.0050388657
  -0.0068760605
  -0.0083303461
  -0.0093019730
  -0.0091300866
  -0.0083114893
  -0.0072325713
  -0.0062167842
  -0.0053145855
  -0.0036778889
  -0.0018184201
  -0.0007593257
  -0.0008243976
  -0.0022979352
  -0.0044340625
  -0.0061052907
  -0.0064837260
  -0.0055322646
  -0.0035915993
  -0.0018130026
  -0.0008131856
   0.0000129882
   0.0011934729
   0.0035506418
   0.0065940185
   0.0094082084
   0.0119281515
   0.0129438328
   0.0124763575
   0.0111489416
   0.0092912493
   0.0067096396
   0.0039518685
   0.0004292221
  -0.0032503154
  -0.0063765448
  -0.0090947667
  -0.0108443590
  -0.0112165736
  -0.0106791909
  -0.0093958481
  -0.0072872747
  -0.0053497456
  -0.0046356373
  -0.0051448708
  -0.0048363056
  -0.0029905961
  -0.0008302000
   0.0002256285
   0.0001242529
  -0.0006138650
  -0.0010824486
  -0.0007225394
   0.0012849792
   0.0049287806
   0.0080223534
   0.0091603100
   0.0078805514
   0.0053762231
   0.0030740378
   0.0016509432
   0.0014270446
   0.0025154026
   0.0042238465
   0.0051258813
   0.0047158080
   0.0036179274
   0.0029151090
   0.0032173146
   0.0035329010
   0.0026145255
   0.0001831588
  -0.0032517819
  -0.0074318955
  -0.0114740258
  -0.0141478429
  -0.0150868382
  -0.0153382482
  -0.0149960268
  -0.0144661880
  -0.0136722429
  -0.0115131207
  -0.0078663327
  -0.0039329454
  -0.0003284893
   0.0028555872
   0.0064559625
   0.0105968941
   0.0145040964
   0.0180086469
   0.0198532426
   0.0190430356
   0.0165383152
   0.0141685083
   0.0125200343
   0.0114287062
   0.0107560034
   0.0113682655
   0.0122646729
   0.0119410241
   0.0098746735
   0.0066594601
   0.0024535162
  -0.0022463784
  -0.0060198660
  -0.0083199459
  -0.0100720003
  -0.0125007856
  -0.0147585638
  -0.0163373938
  -0.0175958668
  -0.0177156530
  -0.0160524852
  -0.0131014611
  -0.0101481574
  -0.0076782113
  -0.0050904951
  -0.0031924592
  -0.0026281158
  -0.0030964705
  -0.0047895320
  -0.0065520259
  -0.0078902920
  -0.0086803666
  -0.0089652918
  -0.0082908757
  -0.0063950779
  -0.0042472769
  -0.0022087541
   0.0002894406
   0.0024957556
   0.0041952036
   0.0061231062
   0.0089289038
   0.0123943760
   0.0156183882
   0.0175780326
   0.0174797229
   0.0164710379
   0.0155539692
   0.0150549180
   0.0144613820
   0.0122285525
   0.0085434017
   0.0048707315
   0.0016461065
  -0.0011620750
  -0.0028904424
  -0.0034009992
  -0.0032580398
  -0.0031227177
  -0.0038184775
  -0.0055944974
  -0.0071347324
  -0.0084919403
  -0.0108294163
  -0.0136353363
  -0.0153971498
  -0.0156627309
  -0.0143163359
  -0.0111477344
  -0.0059968650
  -0.0003319329
   0.0044707513
   0.0073525234
   0.0082495407
   0.0080511892
   0.0070729891
   0.0057894305
   0.0055967687
   0.0075097203
   0.0108507351
   0.0142426596
   0.0171543483
   0.0187682658
   0.0191378420
   0.0192666345
   0.0191047375
   0.0179900557
   0.0153319965
   0.0115075950
   0.0083261956
   0.0065798930
   0.0059154332
   0.0050018284
   0.0035420732
   0.0020498302
   0.0015465406
   0.0017831351
   0.0013123093
  -0.0004116589
  -0.0024321621
  -0.0041211581
  -0.0052277027
  -0.0057191684
  -0.0059075076
  -0.0061084311
  -0.0061123265
  -0.0062854035
  -0.0062620478
  -0.0058610886
  -0.0058578881
  -0.0050808106
  -0.0030052463
  -0.0004978176
   0.0013296349
   0.0021602650
   0.0023856249
   0.0028274732
   0.0033953325
   0.0040225870
   0.0047333538
   0.0053012338
   0.0056822846
   0.0056503416
   0.0052318573
   0.0049713311
   0.0043228967
   0.0029224040
   0.0014827326
   0.0000664039
  -0.0013992751
  -0.0037857359
  -0.0066009567
  -0.0087048216
  -0.0108217998
  -0.0124189306
  -0.0128744439
  -0.0131078019
  -0.0131423502
  -0.0123698214
  -0.0109912553
  -0.0094238853
  -0.0071941961
  -0.0048429701
  -0.0027205969
  -0.0013652963
  -0.0012909529
  -0.0025492518
  -0.0044187796
  -0.0058619826
  -0.0070788695
  -0.0080460825
  -0.0085463720
  -0.0087783299
  -0.0092335279
  -0.0101018027
  -0.0102380914
  -0.0088387520
  -0.0061697637
  -0.0025606455
   0.0007796344
   0.0025079479
   0.0029238228
   0.0030163952
   0.0032139896
   0.0034026109
   0.0033906717
   0.0026950861
   0.0012107619
  -0.0003549953
  -0.0009126517
   0.0003920077
   0.0031399690
   0.0054770737
   0.0069515580
   0.0086768653
   0.0104984081
   0.0112635195
   0.0105392412
   0.0082105619
   0.0049917643
   0.0014400255
  -0.0019473100
  -0.0042836919
  -0.0045088402
  -0.0031609559
  -0.0018936603
  -0.0015746208
  -0.0021856804
  -0.0025003542
  -0.0024839180
  -0.0024672704
  -0.0026042000
  -0.0020881672
  -0.0002671334
   0.0016467128
   0.0028811499
   0.0032575005
   0.0034532447
   0.0034297272
   0.0036291634
   0.0033090553
   0.0013821639
  -0.0008229271
  -0.0018896932
  -0.0017958637
  -0.0013451370
  -0.0011471014
  -0.0007705452
   0.0003499236
   0.0015681260
   0.0020813036
   0.0018927717
   0.0015514422
   0.0016154730
   0.0016798306
   0.0021495724
   0.0038017365
   0.0070127911
   0.0112852843
   0.0154787994
   0.0181295657
   0.0185365111
   0.0167915672
   0.0128338908
   0.0076617357
   0.0026977224
  -0.0011294622
  -0.0038727495
  -0.0054264047
  -0.0059230435
  -0.0058173724
  -0.0050891240
  -0.0038277099
  -0.0028699449
  -0.0031508400
  -0.0045022297
  -0.0059239292
  -0.0078661273
  -0.0097171614
  -0.0103515741
  -0.0096184264
  -0.0080776086
  -0.0061962266
  -0.0036245939
  -0.0010455826
   0.0006910586
   0.0001393690
  -0.0013553747
  -0.0017435316
  -0.0011406554
  -0.0001940023
   0.0007285700
   0.0013518278
   0.0018239902
   0.0023746834
   0.0024775004
   0.0015033846
  -0.0007729675
  -0.0037115929
  -0.0056747365
  -0.0061446636
  -0.0058002517
  -0.0054433448
  -0.0050619186
  -0.0047388774
  -0.0048308131
  -0.0051111979
  -0.0052365057
  -0.0047417502
  -0.0033665278
  -0.0013477179
  -0.0005088541
  -0.0021232340
  -0.0045285038
  -0.0065410553
  -0.0076706217
  -0.0075892148
  -0.0064394289
  -0.0043017314
  -0.0008369951
   0.0032216082
   0.0060036560
   0.0076481392
   0.0091881979
   0.0106928725
   0.0115870086
   0.0117013625
   0.0114211000
   0.0111767382
   0.0108266327
   0.0091702912
   0.0066809988
   0.0049296642
   0.0040292349
   0.0022545238
  -0.0004296303
  -0.0038473921
  -0.0067178764
  -0.0089449748
  -0.0110668523
  -0.0130430552
  -0.0138429989
  -0.0128832801
  -0.0104158396
  -0.0070370076
  -0.0035050919
  -0.0000229235
   0.0030469278
   0.0060476834
   0.0088913977
   0.0114488697
   0.0133801574
   0.0139717458
   0.0135358588
   0.0122892379
   0.0108869137
   0.0096872449
   0.0080787038
   0.0062974091
   0.0048798850
   0.0048523808
   0.0062563022
   0.0083073513
   0.0105478409
   0.0131474009
   0.0147499206
   0.0141296748
   0.0107917817
   0.0059583841
   0.0002061798
  -0.0053140836
  -0.0092258014
  -0.0111639279
  -0.0123256343
  -0.0133408883
  -0.0140128132
  -0.0138838610
  -0.0134829267
  -0.0139728679
  -0.0155352120
  -0.0164773581
  -0.0157443701
  -0.0143954591
  -0.0128479872
  -0.0106936420
  -0.0084974515
  -0.0074384895
  -0.0071566009
  -0.0066982542
  -0.0058019796
  -0.0041399381
  -0.0020633220
   0.0005995616
   0.0027507768
   0.0035727218
   0.0027557280
   0.0003153039
  -0.0020299750
  -0.0030637061
  -0.0030210394
  -0.0027328328
  -0.0026632385
  -0.0021092164
  -0.0000773916
   0.0025228512
   0.0055324347
   0.0079606454
   0.0090733877
   0.0091663315
   0.0089476589
   0.0088508965
   0.0088972387
   0.0081542469
   0.0058421863
   0.0023348687
  -0.0011256685
  -0.0029928985
  -0.0032306601
  -0.0026218371
  -0.0012066969
   0.0013471073
   0.0051520621
   0.0086878151
   0.0103499707
   0.0103427213
   0.0095323504
   0.0087199489
   0.0076432233
   0.0066182267
   0.0066422752
   0.0082280725
   0.0116059317
   0.0160602759
   0.0198966996
   0.0218592935
   0.0221654069
   0.0211607377
   0.0184727330
   0.0149161963
   0.0111272681
   0.0070967389
   0.0030831748
   0.0008072672
   0.0002137430
  -0.0000916808
  -0.0005402057
  -0.0014860277
  -0.0029119915
  -0.0058579877
  -0.0103463844
  -0.0148480685
  -0.0182705753
  -0.0197930737
  -0.0204227820
  -0.0209794508
  -0.0211151671
  -0.0202748901
  -0.0179025029
  -0.0134703777
  -0.0071841963
   0.0005339211
   0.0086697009
   0.0156900546
   0.0199437243
   0.0212035081
   0.0201208440
   0.0174710360
   0.0144076680
   0.0113769980
   0.0096215647
   0.0105666230
   0.0131459614
   0.0151447421
   0.0167663260
   0.0187999142
   0.0207463085
   0.0230290085
   0.0253259999
   0.0269176527
   0.0279637234
   0.0279291462
   0.0272094748
   0.0262049714
   0.0244767312
   0.0226838168
   0.0226641117
   0.0242798255
   0.0261600646
   0.0270363811
   0.0269568348
   0.0266707583
   0.0261923187
   0.0243079519
   0.0216926714
   0.0187289531
   0.0157633700
   0.0122675084
   0.0078776455
   0.0022679834
  -0.0052801867
  -0.0143056102
  -0.0230340489
  -0.0301422769
  -0.0351004098
  -0.0377612194
  -0.0398511621
  -0.0422171006
  -0.0448735129
  -0.0478833930
  -0.0515515476
  -0.0556609718
  -0.0597930051
  -0.0645238449
  -0.0698558767
  -0.0758009235
  -0.0812976899
  -0.0844757478
  -0.0851515080
  -0.0844106380
  -0.0819464852
  -0.0764546762
  -0.0675884222
  -0.0562453211
  -0.0428780923
  -0.0268171360
  -0.0081222064
   0.0091301591
   0.0208448132
   0.0266993826
   0.0298633357
   0.0323196065
   0.0359186896
   0.0421332399
   0.0512217051
   0.0614303115
   0.0697839842
   0.0737793056
   0.0709100369
   0.0587286812
   0.0376209191
   0.0113021954
  -0.0131456731
  -0.0284026699
  -0.0330237213
  -0.0306111336
  -0.0239804740
  -0.0152954591
  -0.0061466631
   0.0012471854
   0.0057882690
   0.0085227922
   0.0100354256
   0.0106522779
   0.0101082867
   0.0065190230
  -0.0013002562
  -0.0123611511
  -0.0238393234
  -0.0325550305
  -0.0370541799
  -0.0378570898
  -0.0361980041
  -0.0326830099
  -0.0281652754
  -0.0233031582
  -0.0190545642
  -0.0156779246
  -0.0140013656
  -0.0148779248
  -0.0168279324
  -0.0192304435
  -0.0218414345
  -0.0236198916
  -0.0234707344
  -0.0204323276
  -0.0146473006
  -0.0077021519
  -0.0019595328
   0.0015156049
   0.0028007697
   0.0025301835
   0.0015022909
  -0.0006443974
  -0.0034620352
  -0.0056606609
  -0.0064730396
  -0.0052953783
  -0.0021303320
   0.0024207062
   0.0074404704
   0.0124060642
   0.0166140927
   0.0188569013
   0.0165371724
   0.0080728835
  -0.0065231921
  -0.0238880053
  -0.0385096395
  -0.0471074894
  -0.0494991482
  -0.0484619137
  -0.0468632500
  -0.0458170963
  -0.0453459372
  -0.0452539248
  -0.0455740392
  -0.0447629984
  -0.0421768607
  -0.0372581588
  -0.0297157342
  -0.0202516256
  -0.0101254633
  -0.0009543429
   0.0073547097
   0.0172277072
   0.0280088792
   0.0368134460
   0.0421236570
   0.0453732132
   0.0485631979
   0.0530091228
   0.0581021838
   0.0628164506
   0.0672343321
   0.0721745022
   0.0770929968
   0.0814148004
   0.0845359209
   0.0873135091
   0.0893916081
   0.0899727838
   0.0882263942
   0.0855167782
   0.0832540944
   0.0809213019
   0.0789914890
   0.0779539641
   0.0764748584
   0.0741249951
   0.0718070956
   0.0696366731
   0.0666572011
   0.0617936111
   0.0544893693
   0.0442253605
   0.0314006855
   0.0184284048
   0.0078166074
   0.0019364648
   0.0002458086
   0.0003576273
   0.0021266067
   0.0058317426
   0.0102207717
   0.0129743611
   0.0132224234
   0.0114839033
   0.0077996423
   0.0002119513
  -0.0120984014
  -0.0265569044
  -0.0391576466
  -0.0464330775
  -0.0477388613
  -0.0451899144
  -0.0415007687
  -0.0380598034
  -0.0371602556
  -0.0392474396
  -0.0442424936
  -0.0517461095
  -0.0609830681
  -0.0715357876
  -0.0819840701
  -0.0915590852
  -0.1014444451
  -0.1119633548
  -0.1209008375
  -0.1254057740
  -0.1239553756
  -0.1142730404
  -0.0940314934
  -0.0643754759
  -0.0284072747
   0.0085497011
   0.0413066424
   0.0668602880
   0.0824144915
   0.0862451820
   0.0799338279
   0.0683785341
   0.0550420038
   0.0416423342
   0.0303260943
   0.0238054306
   0.0214073002
   0.0209313704
   0.0207633586
   0.0206415894
   0.0210197114
   0.0219781256
   0.0229326402
   0.0233062488
   0.0231374902
   0.0223115358
   0.0207901368
   0.0185229063
   0.0153636927
   0.0119093881
   0.0075690181
   0.0028070172
  -0.0012012456
  -0.0049588008
  -0.0094085361
  -0.0142297995
  -0.0196851623
  -0.0258599871
  -0.0308782102
  -0.0324785540
  -0.0309183463
  -0.0271798964
  -0.0220548925
  -0.0165546601
  -0.0120494477
  -0.0084569005
  -0.0062637196
  -0.0055090437
  -0.0055813966
  -0.0057814178
  -0.0058063292
  -0.0057483299
  -0.0057760829
  -0.0059534288
  -0.0069277812
  -0.0097651858
  -0.0149336819
  -0.0210803202
  -0.0272330794
  -0.0332091151
  -0.0383633447
  -0.0415015154
  -0.0423078685
  -0.0407825284
  -0.0379240457
  -0.0338880696
  -0.0287736857
  -0.0234119925
  -0.0193788934
  -0.0163263113
  -0.0140773132
  -0.0129304167
  -0.0127758790
  -0.0140395002
  -0.0166158268
  -0.0187092791
  -0.0193666990
  -0.0190961481
  -0.0187925798
  -0.0188041622
  -0.0189698426
  -0.0197270014
  -0.0226993527
  -0.0294215061
  -0.0390902137
  -0.0479708628
  -0.0532177687
  -0.0541134584
  -0.0506331244
  -0.0410159612
  -0.0248378322
  -0.0046246335
   0.0161198849
   0.0347981337
   0.0515634951
   0.0663141665
   0.0774428970
   0.0844268377
   0.0890005346
   0.0929319493
   0.0972420336
   0.1014305063
   0.1042491018
   0.1065546805
   0.1086405993
   0.1105920878
   0.1128339464
   0.1155553025
   0.1185951759
   0.1222436047
   0.1276796586
   0.1347772874
   0.1410428427
   0.1436029074
   0.1418946834
   0.1350855372
   0.1207389239
   0.0983700774
   0.0698861188
   0.0375269777
   0.0037906871
  -0.0290567960
  -0.0586920090
  -0.0828732675
  -0.1007258937
  -0.1121330675
  -0.1179260947
  -0.1198846771
  -0.1199249377
  -0.1188823931
  -0.1166598248
  -0.1123396805
  -0.1066903760
  -0.1006069994
  -0.0941569007
  -0.0868362933
  -0.0780174145
  -0.0668533601
  -0.0521711379
  -0.0342623004
  -0.0149362353
   0.0032665732
   0.0165328414
   0.0225345766
   0.0224610041
   0.0193200664
   0.0145655825
   0.0093050387
   0.0053361823
   0.0033603570
   0.0026444648
   0.0016709470
   0.0000636872
  -0.0024982447
  -0.0062747669
  -0.0114570649
  -0.0175038419
  -0.0236964303
  -0.0296682968
  -0.0352811573
  -0.0399126835
  -0.0428120492
  -0.0437815397
  -0.0427893157
  -0.0391374230
  -0.0321609909
  -0.0232721901
  -0.0136069879
  -0.0033568142
   0.0063808509
   0.0148323542
   0.0231435469
   0.0325005822
   0.0419792912
   0.0508884816
   0.0583868082
   0.0638931160
   0.0670581893
   0.0678428046
   0.0663688637
   0.0617231499
   0.0544182651
   0.0457638926
   0.0378359120
   0.0319700797
   0.0285539013
   0.0257069719
   0.0221110416
   0.0182905832
   0.0128852547
   0.0054561863
  -0.0047814840
  -0.0178522093
  -0.0320067104
  -0.0465415592
  -0.0597166530
  -0.0696665004
  -0.0757121677
  -0.0782929331
  -0.0788054937
  -0.0789876724
  -0.0789291587
  -0.0778079390
  -0.0740163060
  -0.0673282528
  -0.0583887373
  -0.0484406115
  -0.0395487823
  -0.0333919991
  -0.0297724227
  -0.0272390532
  -0.0247803348
  -0.0205225665
  -0.0121899906
  -0.0002102556
   0.0117188440
   0.0196214319
   0.0219283651
   0.0199975544
   0.0157211347
   0.0095919967
   0.0019101193
  -0.0049028777
  -0.0082989486
  -0.0081254401
  -0.0050564447
  -0.0003449476
   0.0054168778
   0.0109768083
   0.0159020627
   0.0201629527
   0.0237218603
   0.0264558069
   0.0278959172
   0.0285424724
   0.0291525420
   0.0291322769
   0.0286104445
   0.0281379994
   0.0283664748
   0.0300347908
   0.0336787808
   0.0388295257
   0.0428616645
   0.0443180989
   0.0438371495
   0.0410226402
   0.0349805406
   0.0249667242
   0.0118723072
  -0.0019651465
  -0.0147935891
  -0.0256635378
  -0.0320702852
  -0.0334041125
  -0.0320863397
  -0.0295347585
  -0.0252607657
  -0.0187574819
  -0.0106587018
  -0.0016004206
   0.0079801576
   0.0179064937
   0.0267499728
   0.0324437486
   0.0344096322
   0.0341706198
   0.0334554910
   0.0320692689
   0.0297803462
   0.0270176509
   0.0241456027
   0.0208313100
   0.0157463531
   0.0074782917
  -0.0025349687
  -0.0106382894
  -0.0160096961
  -0.0186907231
  -0.0197968529
  -0.0206242116
  -0.0220966673
  -0.0240661601
  -0.0270298888
  -0.0309334052
  -0.0362251971
  -0.0428563752
  -0.0502844065
  -0.0567767363
  -0.0605128009
  -0.0615584775
  -0.0591376345
  -0.0529127338
  -0.0442817378
  -0.0345607599
  -0.0256558631
  -0.0199486194
  -0.0182510216
  -0.0192101535
  -0.0215977344
  -0.0248869290
  -0.0287032452
  -0.0325612324
  -0.0361387229
  -0.0394947489
  -0.0415650280
  -0.0424338773
  -0.0426503222
  -0.0424586228
  -0.0410083073
  -0.0377868152
  -0.0319789573
  -0.0228858043
  -0.0114042553
   0.0008518650
   0.0127150380
   0.0229222484
   0.0305803937
   0.0355734771
   0.0382624962
   0.0386061944
   0.0379032620
   0.0371719127
   0.0371697762
   0.0381222581
   0.0414091089
   0.0482792579
   0.0586496742
   0.0707658371
   0.0824413734
   0.0914917975
   0.0972072074
   0.0973473417
   0.0887185444
   0.0718869738
   0.0506461090
   0.0305338274
   0.0165699098
   0.0101303232
   0.0088806865
   0.0100360686
   0.0123606741
   0.0141627005
   0.0128607955
   0.0055232770
  -0.0076600369
  -0.0249506283
  -0.0436474621
  -0.0594384379
  -0.0697551111
  -0.0744135192
  -0.0741713540
  -0.0693503893
  -0.0591840762
  -0.0458273845
  -0.0329493812
  -0.0228692313
  -0.0148931828
  -0.0084421009
  -0.0031710035
   0.0007702938
   0.0033733810
   0.0051010384
   0.0061363646
   0.0068473450
   0.0073528263
   0.0092224225
   0.0148441731
   0.0253398972
   0.0409372445
   0.0604793852
   0.0798890870
   0.0940925584
   0.1005854068
   0.0988445760
   0.0895013136
   0.0741151219
   0.0563815144
   0.0416754180
   0.0324941107
   0.0289099205
   0.0283064261
   0.0274842675
   0.0230325139
   0.0128978411
  -0.0021192411
  -0.0199588495
  -0.0379652189
  -0.0534804272
  -0.0659094862
  -0.0754791705
  -0.0840740958
  -0.0925430330
  -0.1011186058
  -0.1077699661
  -0.1106841002
  -0.1107286337
  -0.1093237644
  -0.1055198728
  -0.0977350342
  -0.0859579648
  -0.0726957123
  -0.0598609565
  -0.0459489753
  -0.0291886956
  -0.0102695801
   0.0089925305
   0.0269661065
   0.0429860762
   0.0553146600
   0.0630579105
   0.0675659999
   0.0694732246
   0.0687546317
   0.0654620562
   0.0598477852
   0.0527275475
   0.0477183265
   0.0463255707
   0.0472126731
   0.0495273784
   0.0520136009
   0.0532902626
   0.0525574614
   0.0504042964
   0.0480027021
   0.0456409743
   0.0430454404
   0.0401116219
   0.0372727405
   0.0345311400
   0.0313639303
   0.0279402018
   0.0255971420
   0.0246399308
   0.0246101865
   0.0244168900
   0.0238360253
   0.0224383743
   0.0200885650
   0.0158220144
   0.0085949025
  -0.0013439847
  -0.0125224238
  -0.0227156976
  -0.0288910865
  -0.0305973400
  -0.0293789431
  -0.0252684610
  -0.0187830633
  -0.0124806304
  -0.0080368087
  -0.0061367048
  -0.0067931229
  -0.0096415208
  -0.0144751984
  -0.0209365352
  -0.0280364663
  -0.0337052271
  -0.0372194538
  -0.0393527063
  -0.0407869880
  -0.0417922588
  -0.0435132600
  -0.0458831395
  -0.0479178458
  -0.0503067459
  -0.0526085080
  -0.0532502095
  -0.0513359946
  -0.0487718852
  -0.0468256237
  -0.0451233942
  -0.0422917103
  -0.0365537743
  -0.0275333228
  -0.0153433695
  -0.0001720574
   0.0149827850
   0.0263692704
   0.0331105274
   0.0371903732
   0.0392451372
   0.0394503606
   0.0379693259
   0.0355220572
   0.0327366907
   0.0295043505
   0.0257805445
   0.0218673623
   0.0186125582
   0.0159933699
   0.0139498254
   0.0134899521
   0.0155124786
   0.0201183238
   0.0257280460
   0.0305835672
   0.0340368119
   0.0362637569
   0.0366147979
   0.0342751398
   0.0278372997
   0.0172820850
   0.0047019273
  -0.0074620713
  -0.0177705472
  -0.0249400498
  -0.0284460626
  -0.0279233799
  -0.0249400290
  -0.0213394317
  -0.0179831693
  -0.0149110045
  -0.0122731005
  -0.0099525190
  -0.0088257134
  -0.0094835834
  -0.0124533046
  -0.0170167590
  -0.0229756596
  -0.0287198389
  -0.0330974391
  -0.0366345445
  -0.0389964590
  -0.0398931443
  -0.0397701846
  -0.0391763146
  -0.0374954495
  -0.0327621414
  -0.0241325351
  -0.0137086683
  -0.0045122855
   0.0019315978
   0.0055979219
   0.0074528535
   0.0088277669
   0.0114685541
   0.0157636625
   0.0211624178
   0.0269868487
   0.0324248732
   0.0368718560
   0.0402735978
   0.0424149397
   0.0423390647
   0.0407218368
   0.0384958459
   0.0346639316
   0.0290426705
   0.0230055906
   0.0175819508
   0.0130507111
   0.0096379262
   0.0065846762
   0.0041026374
   0.0033012977
   0.0041947597
   0.0056966486
   0.0064349465
   0.0052662313
   0.0024613070
  -0.0025570509
  -0.0089525831
  -0.0138105125
  -0.0155566283
  -0.0142322802
  -0.0100413039
  -0.0041386728
   0.0018237869
   0.0070602492
   0.0104753179
   0.0116551011
   0.0110510903
   0.0096183082
   0.0079223159
   0.0063940491
   0.0049301745
   0.0039575768
   0.0030562223
   0.0023293596
   0.0020557389
   0.0027319367
   0.0035713653
   0.0038566369
   0.0028613867
  -0.0008630840
  -0.0075222652
  -0.0169170243
  -0.0267534367
  -0.0347746742
  -0.0399384868
  -0.0430544218
  -0.0460256384
  -0.0504182352
  -0.0558596821
  -0.0617605896
  -0.0673496587
  -0.0713147795
  -0.0730713120
  -0.0723589419
  -0.0687476624
  -0.0620239118
  -0.0521793311
  -0.0411086996
  -0.0312983227
  -0.0233562167
  -0.0172276906
  -0.0116544166
  -0.0054712721
   0.0018951289
   0.0101830644
   0.0189277297
   0.0276765269
   0.0370562542
   0.0462634270
   0.0545907572
   0.0623087852
   0.0682093193
   0.0719593019
   0.0753753143
   0.0781685006
   0.0791815083
   0.0788681558
   0.0780398368
   0.0767194090
   0.0751694687
   0.0732339931
   0.0713267477
   0.0693324265
   0.0667377015
   0.0623862158
   0.0548934689
   0.0456798867
   0.0367014381
   0.0283133540
   0.0200554065
   0.0124867078
   0.0059844114
   0.0005911658
  -0.0036186679
  -0.0069506951
  -0.0098719915
  -0.0132991010
  -0.0178676726
  -0.0229354612
  -0.0283792520
  -0.0336770177
  -0.0396961556
  -0.0460879480
  -0.0516726821
  -0.0558088015
  -0.0584811438
  -0.0604349140
  -0.0614130125
  -0.0611858231
  -0.0596301788
  -0.0579189471
  -0.0568903621
  -0.0564745225
  -0.0563764118
  -0.0559411367
  -0.0544860091
  -0.0520306510
  -0.0483505903
  -0.0423845109
  -0.0343015239
  -0.0257220308
  -0.0190659164
  -0.0144507620
  -0.0113092788
  -0.0095604644
  -0.0078109468
  -0.0039478197
   0.0023869835
   0.0097201420
   0.0168259805
   0.0229046798
   0.0279642213
   0.0320763212
   0.0361478702
   0.0409411855
   0.0450418773
   0.0468914387
   0.0463413762
   0.0435279455
   0.0386350883
   0.0327658335
   0.0272603347
   0.0222141096
   0.0178991613
   0.0137899300
   0.0095622379
   0.0059737831
   0.0042709479
   0.0051250599
   0.0083512770
   0.0140023550
   0.0223618149
   0.0318842484
   0.0405534308
   0.0464273319
   0.0495196415
   0.0504105606
   0.0495444700
   0.0482004375
   0.0474311715
   0.0471373790
   0.0469434601
   0.0470304322
   0.0472503617
   0.0473873017
   0.0476078121
   0.0475137255
   0.0465783766
   0.0451385982
   0.0433352919
   0.0400175768
   0.0346154156
   0.0263135361
   0.0158682052
   0.0071759409
   0.0030820837
   0.0014738093
   0.0002005885
  -0.0016590737
  -0.0036961172
  -0.0065007906
  -0.0102181727
  -0.0151341698
  -0.0203739860
  -0.0249974019
  -0.0286405207
  -0.0314422944
  -0.0333301666
  -0.0351010528
  -0.0374950554
  -0.0408513303
  -0.0440162584
  -0.0462666213
  -0.0475367493
  -0.0473286843
  -0.0456673169
  -0.0429989779
  -0.0389952767
  -0.0342743516
  -0.0305081486
  -0.0290717719
  -0.0301614842
  -0.0330604765
  -0.0357229455
  -0.0371318387
  -0.0366737472
  -0.0330890177
  -0.0264605776
  -0.0185755417
  -0.0121665727
  -0.0084608145
  -0.0075875056
  -0.0086089408
  -0.0097479884
  -0.0101113690
  -0.0099170249
  -0.0094881094
  -0.0084941286
  -0.0073873579
  -0.0067406472
  -0.0063053409
  -0.0065716687
  -0.0070603571
  -0.0077518855
  -0.0082839914
  -0.0084273242
  -0.0084854666
  -0.0086087189
  -0.0086660026
  -0.0079466112
  -0.0069219423
  -0.0063132064
  -0.0062669907
  -0.0063670262
  -0.0057057358
  -0.0043009805
  -0.0035662316
  -0.0035047289
  -0.0027802017
  -0.0006801150
   0.0018359254
   0.0048442312
   0.0088482871
   0.0139088678
   0.0193060447
   0.0251011337
   0.0320093032
   0.0390850074
   0.0449171752
   0.0484008694
   0.0492316361
   0.0476415389
   0.0439634488
   0.0377604312
   0.0284907828
   0.0169243712
   0.0053772415
  -0.0046149656
  -0.0133090635
  -0.0210502232
  -0.0270656069
  -0.0302748610
  -0.0309508079
  -0.0299957954
  -0.0275768399
  -0.0240451897
  -0.0205905989
  -0.0186979248
  -0.0184305205
  -0.0186556087
  -0.0181135900
  -0.0179704419
  -0.0190928211
  -0.0199072014
  -0.0192169943
  -0.0164805399
  -0.0136202380
  -0.0120328270
  -0.0109106345
  -0.0105208906
  -0.0113451483
  -0.0124776788
  -0.0130498379
  -0.0130002599
  -0.0127752671
  -0.0126000764
  -0.0113055141
  -0.0080019203
  -0.0034884566
   0.0009702605
   0.0049590414
   0.0088498179
   0.0121853672
   0.0145813860
   0.0169237945
   0.0188893899
   0.0204253997
   0.0219299000
   0.0243162903
   0.0276847823
   0.0312291890
   0.0337252640
   0.0349041263
   0.0358400144
   0.0363919852
   0.0354632738
   0.0328034184
   0.0285420783
   0.0224637005
   0.0146590593
   0.0061815639
  -0.0017809406
  -0.0081525481
  -0.0114452834
  -0.0114619705
  -0.0107229839
  -0.0111881776
  -0.0125916945
  -0.0151543313
  -0.0187191109
  -0.0227307979
  -0.0263749123
  -0.0296268746
  -0.0331050100
  -0.0357622104
  -0.0368127615
  -0.0366860059
  -0.0363196156
  -0.0358394751
  -0.0342671540
  -0.0306321662
  -0.0257057481
  -0.0210725418
  -0.0168095963
  -0.0122004572
  -0.0068976366
  -0.0012920380
   0.0043037870
   0.0093639528
   0.0137959286
   0.0168121932
   0.0183061233
   0.0181079523
   0.0168530097
   0.0147634071
   0.0136987867
   0.0150233837
   0.0171749287
   0.0198552090
   0.0232980763
   0.0268373804
   0.0300572961
   0.0318189105
   0.0309250046
   0.0282035240
   0.0246433948
   0.0203850457
   0.0151207517
   0.0093257851
   0.0039497362
   0.0001422924
  -0.0026346661
  -0.0055204332
  -0.0091667214
  -0.0136310758
  -0.0173835973
  -0.0192465208
  -0.0204990594
  -0.0219565745
  -0.0231380503
  -0.0237789843
  -0.0240925441
  -0.0242462853
  -0.0242595189
  -0.0230747036
  -0.0206439561
  -0.0184338330
  -0.0165961652
  -0.0143866728
  -0.0116810662
  -0.0090134780
  -0.0065081644
  -0.0043966021
  -0.0026050027
  -0.0004998605
   0.0009249232
   0.0012354727
   0.0013272198
   0.0016408865
   0.0019986733
   0.0017996710
   0.0005656728
  -0.0014817681
  -0.0037739834
  -0.0065750622
  -0.0097099078
  -0.0128203088
  -0.0160375819
  -0.0182912511
  -0.0190646221
  -0.0188935424
  -0.0186037718
  -0.0185676825
  -0.0186822562
  -0.0187523710
  -0.0187326867
  -0.0186899743
  -0.0186773776
  -0.0186904556
  -0.0186947056
  -0.0182214059
  -0.0165803472
  -0.0143245167
  -0.0119301552
  -0.0092293069
  -0.0070096652
  -0.0045914253
  -0.0017203787
   0.0017383886
   0.0057452559
   0.0101633095
   0.0146450915
   0.0190155854
   0.0220017302
   0.0230322235
   0.0228647925
   0.0235325877
   0.0253455391
   0.0260221289
   0.0250351113
   0.0233827460
   0.0223889871
   0.0219650373
   0.0219825230
   0.0221330491
   0.0216438858
   0.0214453207
   0.0217654558
   0.0218193648
   0.0216388662
   0.0216792097
   0.0208377194
   0.0191238099
   0.0172029472
   0.0152012460
   0.0128144699
   0.0094477575
   0.0050881056
   0.0006348798
  -0.0035304928
  -0.0065488710
  -0.0091456266
  -0.0114789169
  -0.0128409183
  -0.0125192441
  -0.0104080343
  -0.0070838393
  -0.0028990193
   0.0012029950
   0.0040234208
   0.0050554781
   0.0049568012
   0.0044503099
   0.0031367166
   0.0009992087
  -0.0007608408
  -0.0013986997
  -0.0012319358
  -0.0009597562
  -0.0009221018
  -0.0010288653
  -0.0013999076
  -0.0027954763
  -0.0050675812
  -0.0068595435
  -0.0074446624
  -0.0072315363
  -0.0066165943
  -0.0051040128
  -0.0034944553
  -0.0020551216
  -0.0011868717
  -0.0005836650
   0.0004513771
   0.0011516869
   0.0005658759
  -0.0005856957
  -0.0012791201
  -0.0012895250
  -0.0006196310
   0.0010136795
   0.0025804917
   0.0041525203
   0.0055358053
   0.0059779813
   0.0058010939
   0.0055936159
   0.0062547383
   0.0082091370
   0.0102024086
   0.0112805467
   0.0125141021
   0.0148720548
   0.0186416886
   0.0222437502
   0.0255117256
   0.0285805136
   0.0317454209
   0.0340079180
   0.0348012450
   0.0346298314
   0.0343283020
   0.0339351751
   0.0319531748
   0.0284867795
   0.0256561535
   0.0240214191
   0.0231574442
   0.0227319180
   0.0229982271
   0.0252068152
   0.0283986044
   0.0302059139
   0.0300765863
   0.0301068907
   0.0299156476
   0.0282922799
   0.0251958218
   0.0213080073
   0.0176576453
   0.0147945930
   0.0117462320
   0.0078774650
   0.0038159200
  -0.0002701630
  -0.0047934792
  -0.0093882564
  -0.0136103876
  -0.0171671047
  -0.0202468757
  -0.0229645625
  -0.0250699789
  -0.0266394583
  -0.0270306148
  -0.0260641111
  -0.0248360898
  -0.0235378355
  -0.0217881270
  -0.0186551523
  -0.0150230165
  -0.0126492334
  -0.0114980349
  -0.0116431391
  -0.0124200714
  -0.0129889346
  -0.0133075286
  -0.0141649096
  -0.0154980026
  -0.0171718153
  -0.0184582466
  -0.0189828729
  -0.0189477584
  -0.0187813313
  -0.0187309049
  -0.0186059456
  -0.0170835302
  -0.0142106648
  -0.0111964641
  -0.0084696071
  -0.0067179075
  -0.0059175447
  -0.0052917359
  -0.0054605173
  -0.0067935999
  -0.0083953418
  -0.0096795952
  -0.0111328581
  -0.0124028098
  -0.0127134678
  -0.0128104272
  -0.0132496371
  -0.0138249366
  -0.0136830205
  -0.0133008289
  -0.0127181058
  -0.0118978243
  -0.0116929183
  -0.0112449158
  -0.0096500002
  -0.0078539620
  -0.0072488000
  -0.0072939724
  -0.0072955736
  -0.0072556677
  -0.0075257125
  -0.0082408290
  -0.0101661243
  -0.0122383946
  -0.0132878671
  -0.0135109163
  -0.0142056742
  -0.0158820175
  -0.0178430785
  -0.0187308593
  -0.0179737752
  -0.0160562893
  -0.0140853674
  -0.0125942561
  -0.0105009822
  -0.0077688505
  -0.0043543419
  -0.0000953728
   0.0046643113
   0.0093184009
   0.0134787638
   0.0165680658
   0.0181683183
   0.0188150000
   0.0201816726
   0.0218098026
   0.0227239737
   0.0227620979
   0.0226393870
   0.0239546293
   0.0265026013
   0.0284616400
   0.0290103335
   0.0290751528
   0.0293525798
   0.0293728656
   0.0289142763
   0.0276767136
   0.0254924561
   0.0227616830
   0.0195519269
   0.0168101252
   0.0141305688
   0.0117087156
   0.0093123981
   0.0067682405
   0.0050080677
   0.0040994389
   0.0028970965
   0.0013062822
  -0.0002066520
  -0.0012883000
  -0.0031874334
  -0.0056025392
  -0.0076256090
  -0.0086699063
  -0.0082761197
  -0.0073655060
  -0.0068507074
  -0.0064375144
  -0.0049625655
  -0.0026755117
  -0.0010330809
  -0.0006352500
  -0.0009511048
  -0.0019219674
  -0.0040944421
  -0.0059466855
  -0.0064088508
  -0.0062958514
  -0.0058138524
  -0.0044390137
  -0.0028189793
  -0.0029792646
  -0.0046658711
  -0.0064201905
  -0.0076318151
  -0.0081233161
  -0.0093116327
  -0.0113284571
  -0.0128872211
  -0.0135772208
  -0.0147172744
  -0.0161268377
  -0.0177021540
  -0.0201161189
  -0.0230398567
  -0.0249760375
  -0.0254313081
  -0.0251000136
  -0.0248219229
  -0.0248490745
  -0.0249426218
  -0.0245805874
  -0.0227364190
  -0.0202738219
  -0.0183514284
  -0.0162167530
  -0.0140277352
  -0.0116630827
  -0.0090746012
  -0.0065399954
  -0.0037176580
  -0.0014402518
   0.0009513220
   0.0037379833
   0.0067384755
   0.0093440050
   0.0111542081
   0.0126392252
   0.0143405960
   0.0158778296
   0.0166412318
   0.0166809096
   0.0167805904
   0.0169513651
   0.0167979848
   0.0164429073
   0.0161949883
   0.0161641425
   0.0162363544
   0.0164464211
   0.0172573934
   0.0175492113
   0.0170084787
   0.0163121858
   0.0160262463
   0.0161211273
   0.0162433777
   0.0159157132
   0.0149627293
   0.0136465951
   0.0122797587
   0.0111380727
   0.0104562973
   0.0094623642
   0.0073319783
   0.0051523089
   0.0028685988
   0.0004716144
  -0.0017301742
  -0.0052256762
  -0.0092952069
  -0.0122577202
  -0.0134180638
  -0.0133822835
  -0.0130776490
  -0.0130329247
  -0.0132042179
  -0.0134199410
  -0.0140690848
  -0.0154959532
  -0.0175494623
  -0.0190823276
  -0.0197780397
  -0.0202717082
  -0.0214242673
  -0.0224396396
  -0.0221013758
  -0.0209752402
  -0.0201611938
  -0.0206230189
  -0.0220137815
  -0.0235522098
  -0.0241578199
  -0.0238204479
  -0.0239007618
  -0.0245320092
  -0.0244295012
  -0.0226895624
  -0.0198594300
  -0.0169972074
  -0.0148887149
  -0.0132413423
  -0.0118232540
  -0.0095563554
  -0.0058698875
  -0.0025203662
  -0.0009615749
   0.0000545020
   0.0019857343
   0.0046764372
   0.0073681776
   0.0100717161
   0.0119886979
   0.0137422291
   0.0152806533
   0.0161395257
   0.0166081542
   0.0163184977
   0.0148986235
   0.0129732037
   0.0102519347
   0.0068852348
   0.0046269276
   0.0048214231
   0.0069898564
   0.0094809948
   0.0096799748
   0.0086084824
   0.0084114564
   0.0090395800
   0.0089226832
   0.0077388822
   0.0059933969
   0.0058829592
   0.0073810917
   0.0090102692
   0.0098434689
   0.0099130072
   0.0104094593
   0.0125099951
   0.0150683362
   0.0163233970
   0.0159881636
   0.0152121792
   0.0141164351
   0.0125195282
   0.0107662169
   0.0096617154
   0.0088520996
   0.0082540148
   0.0092092720
   0.0114315997
   0.0122028861
   0.0102635359
   0.0080332680
   0.0083014543
   0.0103604455
   0.0114037513
   0.0107619378
   0.0090904586
   0.0068355137
   0.0042393326
   0.0023222782
   0.0011492729
  -0.0002105136
  -0.0018063249
  -0.0041811715
  -0.0067770352
  -0.0089411313
  -0.0112868150
  -0.0139231966
  -0.0166013944
  -0.0176352064
  -0.0183537432
  -0.0201137502
  -0.0219397318
  -0.0226946857
  -0.0226396152
  -0.0220372409
  -0.0211950245
  -0.0209420526
  -0.0213162627
  -0.0211137773
  -0.0206394218
  -0.0201016326
  -0.0200512850
  -0.0200832923
  -0.0202721480
  -0.0207168255
  -0.0207820680
  -0.0200382133
  -0.0187531634
  -0.0176855975
  -0.0164252267
  -0.0143296877
  -0.0111743073
  -0.0079342675
  -0.0048159347
  -0.0021043192
   0.0004316506
   0.0028836120
   0.0054141937
   0.0084435135
   0.0114891656
   0.0137860263
   0.0151113265
   0.0158552974
   0.0161994043
   0.0165715484
   0.0177629950
   0.0190881935
   0.0199343799
   0.0210006494
   0.0224756895
   0.0229895361
   0.0226479120
   0.0219814444
   0.0211558840
   0.0205051119
   0.0204686969
   0.0206153526
   0.0205722358
   0.0207201941
   0.0215673678
   0.0222347689
   0.0218976874
   0.0207798694
   0.0186462518
   0.0159334312
   0.0131057153
   0.0095211953
   0.0059034774
   0.0033444995
   0.0014738471
  -0.0007749336
  -0.0030185255
  -0.0036814732
  -0.0022086006
   0.0003739037
   0.0027528303
   0.0038689246
   0.0036663189
   0.0035041937
   0.0041682450
   0.0051854176
   0.0063572296
   0.0068628519
   0.0073442680
   0.0081745804
   0.0089861357
   0.0096676788
   0.0098217602
   0.0102038917
   0.0107182983
   0.0108047331
   0.0091453673
   0.0061076553
   0.0032418858
   0.0018667917
   0.0012012191
  -0.0002329565
  -0.0020539915
  -0.0031639532
  -0.0033212060
  -0.0032341738
  -0.0034285200
  -0.0029865783
  -0.0017827630
  -0.0010721065
  -0.0017457993
  -0.0029088054
  -0.0036943852
  -0.0050939300
  -0.0069224795
  -0.0080141312
  -0.0084701070
  -0.0085822601
  -0.0084348474
  -0.0085766514
  -0.0086877508
  -0.0081250564
  -0.0072628611
  -0.0058149746
  -0.0041051887
  -0.0029775617
  -0.0024619894
  -0.0019408015
  -0.0010113244
   0.0002112375
   0.0016391807
   0.0022921315
   0.0018153550
   0.0004839668
  -0.0003489405
  -0.0007624520
  -0.0013073567
  -0.0018131294
  -0.0019688151
  -0.0018812287
  -0.0020842428
  -0.0029799491
  -0.0036683081
  -0.0044665199
  -0.0052788094
  -0.0056135470
  -0.0062668289
  -0.0074074094
  -0.0087008868
  -0.0094960080
  -0.0099242100
  -0.0106649306
  -0.0114630304
  -0.0127701376
  -0.0144177259
  -0.0161354312
  -0.0182761944
  -0.0210104397
  -0.0236660845
  -0.0252836651
  -0.0250619309
  -0.0245880339
  -0.0240339267
  -0.0227898509
  -0.0214312989
  -0.0206870501
  -0.0205091152
  -0.0196789812
  -0.0182048889
  -0.0160561192
  -0.0141791719
  -0.0124896304
  -0.0106053010
  -0.0078394425
  -0.0044072802
  -0.0017144326
   0.0001809102
   0.0023203409
   0.0045653420
   0.0058781553
   0.0071767457
   0.0084878872
   0.0104826710
   0.0133035440
   0.0169277978
   0.0199008709
   0.0211413852
   0.0210366371
   0.0205917812
   0.0197737253
   0.0175830875
   0.0142752166
   0.0107194515
   0.0078569696
   0.0059507281
   0.0049357500
   0.0042860835
   0.0035673641
   0.0030051488
   0.0027758085
   0.0027979882
   0.0028399330
   0.0019815985
  -0.0001286135
  -0.0020488228
  -0.0030840999
  -0.0036128684
  -0.0048756474
  -0.0065264860
  -0.0079063133
  -0.0088942602
  -0.0094277247
  -0.0098598013
  -0.0102024065
  -0.0104716631
  -0.0112241217
  -0.0117202171
  -0.0114726942
  -0.0111828012
  -0.0102723596
  -0.0093715444
  -0.0096345535
  -0.0101983265
  -0.0103089053
  -0.0100015598
  -0.0096913539
  -0.0095994784
  -0.0096562643
  -0.0097029467
  -0.0093516672
  -0.0089670445
  -0.0088125151
  -0.0078315210
  -0.0063207586
  -0.0051131165
  -0.0045877311
  -0.0041481271
  -0.0033095033
  -0.0019901607
   0.0000803213
   0.0019731534
   0.0036899775
   0.0052399696
   0.0059045601
   0.0056558259
   0.0058024587
   0.0069383307
   0.0081382443
   0.0086101667
   0.0088174103
   0.0088451115
   0.0085683151
   0.0078561586
   0.0070291836
   0.0056472635
   0.0042742127
   0.0035413762
   0.0031270445
   0.0034507867
   0.0041700226
   0.0045776836
   0.0040728661
   0.0033528835
   0.0027789593
   0.0024192687
   0.0022200295
   0.0017881551
   0.0013919610
   0.0010419754
   0.0010656408
   0.0015537071
   0.0016568192
   0.0012475065
   0.0009001744
   0.0017532709
   0.0041127886
   0.0068104799
   0.0086507716
   0.0098861626
   0.0107226043
   0.0118260065
   0.0130125724
   0.0128041216
   0.0116569057
   0.0103591947
   0.0095280340
   0.0089868741
   0.0101092761
   0.0128524675
   0.0159339165
   0.0186797256
   0.0208790171
   0.0214658762
   0.0209758209
   0.0204969084
   0.0201722556
   0.0196610827
   0.0191534277
   0.0180157304
   0.0162899772
   0.0146454691
   0.0136631889
   0.0133560342
   0.0130256130
   0.0128358053
   0.0130423831
   0.0134429130
   0.0140521591
   0.0144720331
   0.0147783747
   0.0148009609
   0.0143048012
   0.0137232459
   0.0134627570
   0.0131599603
   0.0122982483
   0.0122721837
   0.0134439397
   0.0144609236
   0.0154347907
   0.0167809202
   0.0173403042
   0.0156747780
   0.0132102995
   0.0111045450
   0.0077428502
   0.0021796382
  -0.0028283713
  -0.0056178967
  -0.0068985492
  -0.0073303168
  -0.0077807794
  -0.0075804740
  -0.0065452453
  -0.0058219668
  -0.0059181504
  -0.0064375123
  -0.0068520515
  -0.0072606417
  -0.0069573015
  -0.0060108183
  -0.0056323021
  -0.0063383978
  -0.0074443409
  -0.0082574808
  -0.0091174919
  -0.0092985443
  -0.0092740851
  -0.0098991057
  -0.0107984876
  -0.0111174778
  -0.0101942175
  -0.0094357623
  -0.0096999889
  -0.0095994598
  -0.0094071961
  -0.0095833783
  -0.0103801070
  -0.0113420017
  -0.0124066263
  -0.0131673134
  -0.0131166070
  -0.0123601887
  -0.0116829351
  -0.0111665538
  -0.0095399089
  -0.0072400924
  -0.0055918631
  -0.0038401759
  -0.0016942952
  -0.0000965340
   0.0008713058
   0.0026011530
   0.0049158665
   0.0073909546
   0.0087314878
   0.0097681851
   0.0108981912
   0.0117282796
   0.0120129145
   0.0115070225
   0.0097770483
   0.0074733924
   0.0057448390
   0.0038800528
   0.0015018812
  -0.0008614375
  -0.0022981301
  -0.0022611800
  -0.0013838664
   0.0000855241
   0.0022674587
   0.0044577314
   0.0056258492
   0.0059468369
   0.0070085659
   0.0080219469
   0.0074544008
   0.0052949385
   0.0023904246
   0.0001554975
  -0.0003924277
  -0.0008191832
  -0.0020386720
  -0.0033430020
  -0.0043481027
  -0.0048558261
  -0.0045453651
  -0.0029619822
  -0.0015575000
  -0.0011668598
  -0.0024484178
  -0.0047358989
  -0.0072295471
  -0.0099260519
  -0.0118712120
  -0.0129194752
  -0.0135664369
  -0.0143510563
  -0.0152375925
  -0.0162100637
  -0.0170782949
  -0.0171773057
  -0.0157238810
  -0.0140180693
  -0.0130508107
  -0.0128280643
  -0.0132450884
  -0.0134578307
  -0.0124434541
  -0.0099836717
  -0.0077620989
  -0.0069650861
  -0.0075824466
  -0.0081535250
  -0.0080780836
  -0.0080442323
  -0.0079914351
  -0.0078323756
  -0.0076499521
  -0.0075547329
  -0.0075585619
  -0.0075951906
  -0.0076025935
  -0.0075264281
  -0.0070878281
  -0.0064663357
  -0.0048525032
  -0.0026862893
  -0.0012347737
  -0.0007318407
   0.0001637955
   0.0022600558
   0.0047437892
   0.0063321689
   0.0074684143
   0.0090409428
   0.0107142597
   0.0123288763
   0.0145142684
   0.0162656300
   0.0168001150
   0.0168025792
   0.0165370935
   0.0155712371
   0.0143919164
   0.0130821272
   0.0118183422
   0.0110694285
   0.0109065171
   0.0109413640
   0.0102115227
   0.0092515238
   0.0094307779
   0.0103214004
   0.0105338980
   0.0095213778
   0.0088836879
   0.0090827425
   0.0097208037
   0.0093886319
   0.0086059104
   0.0083006764
   0.0082632305
   0.0085150678
   0.0084856699
   0.0086716237
   0.0084691073
   0.0074747800
   0.0054378295
   0.0037532018
   0.0044067720
   0.0056947341
   0.0056181041
   0.0044774718
   0.0035706704
   0.0034485341
   0.0037313706
   0.0039095296
   0.0038855723
   0.0037266186
   0.0025896037
   0.0003130660
  -0.0016219636
  -0.0022842723
  -0.0020415392
  -0.0017039370
  -0.0016227641
  -0.0012603717
  -0.0003265559
   0.0009311946
   0.0020338262
   0.0020109384
   0.0011912097
  -0.0000390385
  -0.0012280178
  -0.0027615856
  -0.0051888235
  -0.0071363026
  -0.0072655265
  -0.0062532635
  -0.0057914861
  -0.0056785676
  -0.0045055505
  -0.0024157716
  -0.0000703475
   0.0014373130
   0.0018483664
   0.0023890743
   0.0035224801
   0.0042905368
   0.0042664427
   0.0041576602
   0.0045311567
   0.0050505643
   0.0049907770
   0.0045053617
   0.0040367809
   0.0033460013
   0.0016911407
  -0.0005568041
  -0.0026092341
  -0.0051267919
  -0.0079635348
  -0.0109190641
  -0.0141415290
  -0.0176890449
  -0.0208744953
  -0.0228572423
  -0.0239703518
  -0.0250210895
  -0.0258809990
  -0.0262649164
  -0.0262379930
  -0.0261007834
  -0.0260543001
  -0.0260792530
  -0.0257650293
  -0.0247646537
  -0.0230516175
  -0.0209532742
  -0.0200086660
  -0.0196862886
  -0.0179162674
  -0.0151834658
  -0.0123327343
  -0.0092289978
  -0.0065055094
  -0.0044563749
  -0.0027993157
  -0.0010673151
   0.0006393400
   0.0019726350
   0.0028802351
   0.0032735550
   0.0032341324
   0.0023848616
   0.0004393202
  -0.0013254648
  -0.0020084614
  -0.0023060786
  -0.0029891421
  -0.0033422055
  -0.0028003383
  -0.0016915645
  -0.0002539700
   0.0009188870
   0.0017746013
   0.0027503350
   0.0038923965
   0.0048863898
   0.0058453328
   0.0071076929
   0.0083696318
   0.0089887409
   0.0085742536
   0.0074014979
   0.0055604263
   0.0039157584
   0.0032840132
   0.0041512052
   0.0059247195
   0.0074192449
   0.0080807054
   0.0085206226
   0.0090050650
   0.0093730358
   0.0094790886
   0.0090804774
   0.0086832290
   0.0087658099
   0.0090739021
   0.0089228637
   0.0082833795
   0.0080310776
   0.0085776305
   0.0096867180
   0.0107086241
   0.0111048458
   0.0113744322
   0.0120144162
   0.0119764580
   0.0115138322
   0.0120416839
   0.0130183885
   0.0132135146
   0.0129236195
   0.0125125422
   0.0128653712
   0.0130445859
   0.0124427966
   0.0112291621
   0.0099323472
   0.0090527347
   0.0087580897
   0.0086823475
   0.0082411442
   0.0069461443
   0.0058667305
   0.0054636183
   0.0045937588
   0.0031430202
   0.0012023157
  -0.0005873557
  -0.0014898053
  -0.0020939356
  -0.0025745656
  -0.0028456807
  -0.0023861704
  -0.0012916999
  -0.0010869822
  -0.0018544590
  -0.0026516291
  -0.0028871133
  -0.0027541703
  -0.0029877254
  -0.0034471797
  -0.0044631431
  -0.0059774607
  -0.0076308817
  -0.0095224606
  -0.0106837459
  -0.0105891117
  -0.0105993687
  -0.0117877786
  -0.0134619460
  -0.0151108390
  -0.0162329527
  -0.0173561782
  -0.0189577147
  -0.0204377475
  -0.0220806958
  -0.0239691073
  -0.0250843533
  -0.0252014222
  -0.0250653119
  -0.0252532363
  -0.0255036569
  -0.0262406273
  -0.0267753612
  -0.0266698871
  -0.0262371841
  -0.0259527463
  -0.0257099381
  -0.0247194564
  -0.0228644606
  -0.0208787889
  -0.0192979096
  -0.0170750073
  -0.0143545576
  -0.0110268219
  -0.0075899677
  -0.0046411485
  -0.0022802939
   0.0000845359
   0.0021862675
   0.0037965696
   0.0046192032
   0.0047890176
   0.0047921517
   0.0055103276
   0.0068818497
   0.0082103213
   0.0089659556
   0.0094744797
   0.0100211881
   0.0103702234
   0.0100575492
   0.0087714373
   0.0078053610
   0.0074083822
   0.0071283687
   0.0068899682
   0.0064811436
   0.0064040095
   0.0077184117
   0.0097328487
   0.0110626520
   0.0119639566
   0.0125759906
   0.0132565526
   0.0143147637
   0.0146641495
   0.0144899254
   0.0145640891
   0.0150427610
   0.0160950627
   0.0167299649
   0.0166992042
   0.0163765116
   0.0163872519
   0.0164730748
   0.0165078263
   0.0163203686
   0.0152577062
   0.0131799516
   0.0117298768
   0.0105197062
   0.0086375173
   0.0067198490
   0.0043780316
   0.0020641357
   0.0010224250
   0.0007191869
   0.0001519295
  -0.0007895297
  -0.0014539059
  -0.0016331717
  -0.0012662786
  -0.0007715802
  -0.0009230240
  -0.0024059917
  -0.0036997492
  -0.0040204008
  -0.0038050407
  -0.0043975272
  -0.0046603744
  -0.0037225884
  -0.0017845829
  -0.0005831618
  -0.0018694853
  -0.0042962513
  -0.0058061322
  -0.0062456242
  -0.0061423155
  -0.0066392800
  -0.0078079807
  -0.0095928451
  -0.0118010225
  -0.0135043638
  -0.0141666727
  -0.0146044119
  -0.0150660856
  -0.0148388963
  -0.0142101359
  -0.0137006431
  -0.0130496657
  -0.0119390950
  -0.0107952560
  -0.0095696138
  -0.0087748577
  -0.0083460210
  -0.0083987269
  -0.0081199455
  -0.0071991183
  -0.0060957949
  -0.0055194106
  -0.0046516171
  -0.0033420478
  -0.0014029191
   0.0001354841
   0.0012305911
   0.0023180613
   0.0038578338
   0.0054503744
   0.0067179013
   0.0073269836
   0.0077038009
   0.0090966066
   0.0112300706
   0.0123999785
   0.0122676971
   0.0122176670
   0.0126442075
   0.0129754335
   0.0127025636
   0.0127251021
   0.0138786672
   0.0154184293
   0.0164364296
   0.0173804694
   0.0178215979
   0.0170865482
   0.0152549143
   0.0135055855
   0.0123859028
   0.0121476309
   0.0121832059
   0.0121487510
   0.0113052300
   0.0107033141
   0.0101092927
   0.0094167044
   0.0091069797
   0.0098616080
   0.0111213960
   0.0119244365
   0.0119779452
   0.0117739332
   0.0104675396
   0.0083414826
   0.0067679169
   0.0061593428
   0.0058478385
   0.0054987078
   0.0044437035
   0.0029021721
   0.0015055379
   0.0008313522
   0.0007958069
   0.0009258477
   0.0003261989
  -0.0009540488
  -0.0019897940
  -0.0029179776
  -0.0039676202
  -0.0047301471
  -0.0049743512
  -0.0054500487
  -0.0061084290
  -0.0070956873
  -0.0082882705
  -0.0087789024
  -0.0078841087
  -0.0066243394
  -0.0060516431
  -0.0061637651
  -0.0066098095
  -0.0066440860
  -0.0061268211
  -0.0059527629
  -0.0059060909
  -0.0058088515
  -0.0057090296
  -0.0052150831
  -0.0051803897
  -0.0053411522
  -0.0057194007
  -0.0062709525
  -0.0058801528
  -0.0048282680
  -0.0039265713
  -0.0037717930
  -0.0037698682
  -0.0027085789
  -0.0015066488
  -0.0008149522
  -0.0004027387
  -0.0003155409
  -0.0007066422
  -0.0010092116
  -0.0008283471
  -0.0003639037
  -0.0001338359
   0.0001595740
   0.0005905616
   0.0011695416
   0.0019700385
   0.0019250518
   0.0007784328
  -0.0006650995
  -0.0010776555
  -0.0003833982
   0.0000183834
  -0.0002166154
   0.0000676432
   0.0011327476
   0.0022336509
   0.0031109942
   0.0036087365
   0.0037772005
   0.0042135418
   0.0053721680
   0.0063437223
   0.0059098556
   0.0051633396
   0.0055079360
   0.0063202463
   0.0074835519
   0.0076352293
   0.0066473881
   0.0057878189
   0.0054434133
   0.0050550467
   0.0044179147
   0.0033382561
   0.0023505021
   0.0015921556
   0.0010447418
   0.0001336394
  -0.0011271296
  -0.0020391692
  -0.0022923949
  -0.0018303923
  -0.0007847459
   0.0000256333
   0.0001752039
   0.0005627424
   0.0017147321
   0.0028673833
   0.0030179219
   0.0024856604
   0.0017878261
   0.0016747177
   0.0016552397
   0.0014407214
   0.0009169584
   0.0001846554
  -0.0000428384
   0.0002040950
   0.0005098954
   0.0004881291
  -0.0000921528
  -0.0012805822
  -0.0031931665
  -0.0051246160
  -0.0063608284
  -0.0076676950
  -0.0091049408
  -0.0106877512
  -0.0118772667
  -0.0128087990
  -0.0131492573
  -0.0133050458
  -0.0132418609
  -0.0129198071
  -0.0129374379
  -0.0135955818
  -0.0141458475
  -0.0140905840
  -0.0134984834
  -0.0133398968
  -0.0137222025
  -0.0141453746
  -0.0146246543
  -0.0147977728
  -0.0147010333
  -0.0152690979
  -0.0161496769
  -0.0159412717
  -0.0149607277
  -0.0143812362
  -0.0138142087
  -0.0135136273
  -0.0133871268
  -0.0124693383
  -0.0113513129
  -0.0097603072
  -0.0079577083
  -0.0066977813
  -0.0055700423
  -0.0034306626
  -0.0007418867
   0.0015487565
   0.0030660064
   0.0037277076
   0.0042078460
   0.0051623730
   0.0069064313
   0.0079824268
   0.0082215657
   0.0084632020
   0.0088525953
   0.0093684414
   0.0097760402
   0.0097959486
   0.0093867962
   0.0088886079
   0.0093475955
   0.0102552037
   0.0116849429
   0.0130368263
   0.0138097492
   0.0144866356
   0.0147745042
   0.0139740232
   0.0130721482
   0.0131096439
   0.0141269908
   0.0151321931
   0.0148584043
   0.0138047171
   0.0137463423
   0.0146465476
   0.0152522676
   0.0148173991
   0.0138875926
   0.0135854326
   0.0126890874
   0.0110060631
   0.0092487485
   0.0069648102
   0.0047762445
   0.0039200230
   0.0038638677
   0.0035137704
   0.0022401951
   0.0005757463
  -0.0010896497
  -0.0021226096
  -0.0024822607
  -0.0029732930
  -0.0039441421
  -0.0046710380
  -0.0043083979
  -0.0031208136
  -0.0025951834
  -0.0034618859
  -0.0039538204
  -0.0033096236
  -0.0019314966
  -0.0007878407
  -0.0008477622
  -0.0011823920
  -0.0008340197
   0.0000820507
   0.0007804652
   0.0012314112
   0.0014733976
   0.0017454774
   0.0023476273
   0.0031425887
   0.0038190106
   0.0043496210
   0.0043228034
   0.0039442603
   0.0036903426
   0.0042135916
   0.0055166519
   0.0061258130
   0.0053608427
   0.0047071419
   0.0056482425
   0.0066645274
   0.0068280403
   0.0062487894
   0.0057353370
   0.0050819535
   0.0042903626
   0.0037070877
   0.0035178110
   0.0035853704
   0.0036649666
   0.0036194623
   0.0030031202
   0.0022900282
   0.0020639480
   0.0022408692
   0.0013010573
  -0.0002417887
  -0.0013189829
  -0.0015159898
  -0.0011824463
  -0.0009982678
  -0.0007509859
  -0.0006938943
  -0.0006076465
  -0.0003549576
   0.0000838724
   0.0003557082
  -0.0004485733
  -0.0010785488
  -0.0013112083
  -0.0016266785
  -0.0021663695
  -0.0024417574
  -0.0023761810
  -0.0029881423
  -0.0039606052
  -0.0041155017
  -0.0035773038
  -0.0030849088
  -0.0033660797
  -0.0043312081
  -0.0054775570
  -0.0064655599
  -0.0069626924
  -0.0073360977
  -0.0066980012
  -0.0058039957
  -0.0059263311
  -0.0069415437
  -0.0077448580
  -0.0077991321
  -0.0075237482
  -0.0077569549
  -0.0084435321
  -0.0089862373
  -0.0091044222
  -0.0089782018
  -0.0091283815
  -0.0095300439
  -0.0095230247
  -0.0091546038
  -0.0079497910
  -0.0065681841
  -0.0068344517
  -0.0081347616
  -0.0085092704
  -0.0077183702
  -0.0068919947
  -0.0064021033
  -0.0059763655
  -0.0049425472
  -0.0037732471
  -0.0031470234
  -0.0029383403
  -0.0028000479
  -0.0025495526
  -0.0020485710
  -0.0017062591
  -0.0016767967
  -0.0018346929
  -0.0009787023
  -0.0004457331
  -0.0001576660
   0.0010784209
   0.0028174298
   0.0038673005
   0.0042245829
   0.0041187084
   0.0041917106
   0.0049697112
   0.0048938777
   0.0041454721
   0.0031352107
   0.0022251238
   0.0018053838
   0.0018022870
   0.0016523493
   0.0014177948
   0.0015988143
   0.0019808755
   0.0019256730
   0.0019327478
   0.0022244891
   0.0026130714
   0.0028580119
   0.0029749689
   0.0028960863
   0.0014342100
  -0.0009829607
  -0.0026816576
  -0.0030163704
  -0.0026212065
  -0.0023104655
  -0.0023117806
  -0.0024300796
  -0.0024815866
  -0.0025023973
  -0.0025561631
  -0.0026693678
  -0.0027827178
  -0.0028356332
  -0.0028634485
  -0.0029577425
  -0.0030009361
  -0.0027094687
  -0.0027169525
  -0.0029340943
  -0.0029125225
  -0.0030706444
  -0.0033938203
  -0.0036844352
  -0.0036877249
  -0.0031169700
  -0.0017176677
  -0.0006504393
   0.0000068339
  -0.0002691512
  -0.0004205811
   0.0000253261
   0.0005484952
   0.0013367169
   0.0021644715
   0.0026648875
   0.0028190456
   0.0028809238
   0.0033760526
   0.0038047565
   0.0043255683
   0.0046924419
   0.0044149672
   0.0042756024
   0.0046021449
   0.0047456498
   0.0051692449
   0.0064652301
   0.0077552685
   0.0088489385
   0.0089379370
   0.0083873374
   0.0085980574
   0.0094786904
   0.0101949767
   0.0103494127
   0.0102005999
   0.0099496441
   0.0086646710
   0.0064495490
   0.0052783800
   0.0047062479
   0.0042193143
   0.0038940911
   0.0032458807
   0.0014490651
  -0.0005450683
  -0.0009944575
  -0.0005940338
  -0.0008831231
  -0.0020249751
  -0.0043986431
  -0.0063200161
  -0.0066114813
  -0.0059520370
  -0.0051841420
  -0.0047201078
  -0.0045875942
  -0.0046702913
  -0.0054972372
  -0.0072502519
  -0.0087860253
  -0.0089613964
  -0.0082076145
  -0.0074911104
  -0.0069770751
  -0.0066871012
  -0.0058979828
  -0.0042889189
  -0.0025854615
  -0.0018043739
  -0.0021711920
  -0.0025032705
  -0.0027654416
  -0.0039264241
  -0.0056314061
  -0.0071420689
  -0.0078835010
  -0.0079250082
  -0.0072050796
  -0.0059194074
  -0.0048706568
  -0.0037138808
  -0.0016295866
  -0.0000595408
  -0.0000620397
  -0.0003609498
   0.0000533643
   0.0004988385
   0.0001194599
  -0.0007324445
  -0.0015602774
  -0.0019406186
  -0.0019364751
  -0.0018333072
  -0.0018037698
  -0.0018080442
  -0.0017553476
  -0.0016739753
  -0.0016255813
  -0.0016239866
  -0.0016397225
  -0.0013967888
   0.0001548550
   0.0019451528
   0.0029572696
   0.0034881289
   0.0037869888
   0.0039593440
   0.0040441402
   0.0040433686
   0.0034635453
   0.0014390381
  -0.0000786264
   0.0000509236
   0.0009010529
   0.0004286505
  -0.0012900229
  -0.0027451018
  -0.0027738712
  -0.0019829889
  -0.0015794960
  -0.0027476904
  -0.0045795068
  -0.0059024527
  -0.0062624253
  -0.0065999445
  -0.0070935301
  -0.0074651826
  -0.0073571075
  -0.0068771371
  -0.0068114569
  -0.0071442012
  -0.0074627288
  -0.0075759335
  -0.0075765413
  -0.0075779289
  -0.0076052796
  -0.0079105177
  -0.0089168775
  -0.0093930666
  -0.0092611337
  -0.0094540445
  -0.0090769678
  -0.0082391613
  -0.0075030019
  -0.0065681716
  -0.0053893073
  -0.0038720857
  -0.0023676310
  -0.0012037915
  -0.0009208349
  -0.0005908646
   0.0005852611
   0.0024775979
   0.0039171606
   0.0045683247
   0.0056272058
   0.0067238646
   0.0073777771
   0.0080705064
   0.0080118434
   0.0075960265
   0.0070374287
   0.0064040116
   0.0060082898
   0.0060088478
   0.0064932280
   0.0076858755
   0.0089950673
   0.0089955236
   0.0080981994
   0.0077332714
   0.0079648436
   0.0083094753
   0.0087240994
   0.0093660229
   0.0099283087
   0.0101642823
   0.0101325675
   0.0100433138
   0.0100210160
   0.0100517020
   0.0102968914
   0.0113304608
   0.0131187165
   0.0144272092
   0.0148897956
   0.0152974193
   0.0157893226
   0.0161318179
   0.0162008106
   0.0158985697
   0.0146091826
   0.0127716808
   0.0119918570
   0.0114394693
   0.0107333218
   0.0101401364
   0.0099227871
   0.0099513885
   0.0097087732
   0.0095936748
   0.0091758501
   0.0082287010
   0.0069852641
   0.0058560960
   0.0050367251
   0.0046687294
   0.0046302754
   0.0046941344
   0.0044911658
   0.0041562975
   0.0042794543
   0.0046875260
   0.0049773360
   0.0050269472
   0.0050102892
   0.0050417260
   0.0050521946
   0.0041627234
   0.0026111009
   0.0020743674
   0.0016026321
   0.0007051033
   0.0002574827
   0.0011644877
   0.0022648783
   0.0025161763
   0.0019632579
   0.0014505530
   0.0008155852
   0.0012355229
   0.0016959396
   0.0007921001
  -0.0010705160
  -0.0022022058
  -0.0031701593
  -0.0049958464
  -0.0068183392
  -0.0080242140
  -0.0090618385
  -0.0099669576
  -0.0112054620
  -0.0125691747
  -0.0133960937
  -0.0135423345
  -0.0133724994
  -0.0133352775
  -0.0141308778
  -0.0153582520
  -0.0155027152
  -0.0145445977
  -0.0143665922
  -0.0156289979
  -0.0160437403
  -0.0149091688
  -0.0135205842
  -0.0132114984
  -0.0136880671
  -0.0138796421
  -0.0136092944
  -0.0132843865
  -0.0131887380
  -0.0132462810
  -0.0132891406
  -0.0131392285
  -0.0126537697
  -0.0125180099
  -0.0127956401
  -0.0130847283
  -0.0131147340
  -0.0129938588
  -0.0125778988
  -0.0122508524
  -0.0120916456
  -0.0120450690
  -0.0119812764
  -0.0122394608
  -0.0126660636
  -0.0129388007
  -0.0129482757
  -0.0128581405
  -0.0124830551
  -0.0120627559
  -0.0113481912
  -0.0103387326
  -0.0088367275
  -0.0074571139
  -0.0068218301
  -0.0064714424
  -0.0059178102
  -0.0054995873
  -0.0054249092
  -0.0045168654
  -0.0027108460
  -0.0012424985
  -0.0007934292
  -0.0009902393
  -0.0008529913
  -0.0000636835
   0.0007168855
   0.0008463248
   0.0014186372
   0.0030149537
   0.0045624899
   0.0052405857
   0.0055316382
   0.0057392614
   0.0064500385
   0.0069856852
   0.0069089349
   0.0065694307
   0.0067270216
   0.0069956082
   0.0072665595
   0.0071771149
   0.0068291728
   0.0074977396
   0.0092469647
   0.0107239194
   0.0111724612
   0.0109332891
   0.0106733292
   0.0106656504
   0.0107808339
   0.0108402583
   0.0105348542
   0.0097213077
   0.0095642291
   0.0098978467
   0.0101565082
   0.0107942894
   0.0112598688
   0.0124809830
   0.0140457124
   0.0152014244
   0.0150737934
   0.0141259765
   0.0141828620
   0.0151015361
   0.0161411871
   0.0156719363
   0.0135999791
   0.0120877586
   0.0113739178
   0.0110880301
   0.0109182386
   0.0107507059
   0.0097216251
   0.0076869417
   0.0063537657
   0.0058602320
   0.0057928426
   0.0054441081
   0.0046905606
   0.0031543081
   0.0016189531
   0.0009115411
   0.0003006821
  -0.0000535586
  -0.0004097371
  -0.0010096997
  -0.0015765017
  -0.0022734801
  -0.0041313093
  -0.0061368624
  -0.0071256784
  -0.0077336489
  -0.0092140385
  -0.0112550006
  -0.0127362801
  -0.0134679115
  -0.0133071718
  -0.0128185395
  -0.0128856239
  -0.0136467673
  -0.0137816538
  -0.0131994182
  -0.0125985705
  -0.0125015987
  -0.0130520842
  -0.0133120276
  -0.0130413190
  -0.0124945712
  -0.0110528015
  -0.0088994955
  -0.0071014515
  -0.0063736160
  -0.0060366216
  -0.0052525083
  -0.0045136234
  -0.0031895138
  -0.0016432265
  -0.0006651068
  -0.0004620369
  -0.0006188807
  -0.0007080245
  -0.0006486259
  -0.0005572430
  -0.0004780476
  -0.0004173555
  -0.0003816472
  -0.0003585229
  -0.0002822553
   0.0001610363
   0.0004767139
   0.0003053964
  -0.0000610273
  -0.0002630586
  -0.0002418841
  -0.0001537136
  -0.0001223209
  -0.0001466589
  -0.0001493978
   0.0005642387
   0.0017261183
   0.0021561560
   0.0026801662
   0.0029276954
   0.0025597909
   0.0022948736
   0.0022375691
   0.0032507842
   0.0046060796
   0.0051398242
   0.0044193812
   0.0028512272
   0.0023648640
   0.0032151449
   0.0036403497
   0.0037750931
   0.0043697824
   0.0051524375
   0.0056054597
   0.0056661285
   0.0058270071
   0.0064206406
   0.0067450113
   0.0063732219
   0.0057923614
   0.0055092034
   0.0055593124
   0.0057763422
   0.0070258877
   0.0094081586
   0.0110820916
   0.0113707525
   0.0108795357
   0.0105697032
   0.0093958771
   0.0084690761
   0.0082441498
   0.0078952017
   0.0069599275
   0.0058809244
   0.0053087528
   0.0053098335
   0.0058318276
   0.0061497641
   0.0059706676
   0.0054530045
   0.0049352231
   0.0050261403
   0.0056677464
   0.0064332830
   0.0065322233
   0.0062170601
   0.0066499768
   0.0076810758
   0.0078125108
   0.0070956292
   0.0064421752
   0.0066635505
   0.0072958474
   0.0074544962
   0.0072056811
   0.0069961703
   0.0070198061
   0.0071933042
   0.0073414160
   0.0073829958
   0.0073605299
   0.0073402254
   0.0073441954
   0.0073801915
   0.0071413139
   0.0066446253
   0.0050481354
   0.0028643445
   0.0014388832
   0.0010632108
   0.0009951986
   0.0004760460
  -0.0013282526
  -0.0031104632
  -0.0046982518
  -0.0057092578
  -0.0060512199
  -0.0069004949
  -0.0079275180
  -0.0090916616
  -0.0100710918
  -0.0106038345
  -0.0114208428
  -0.0120656432
  -0.0117324550
  -0.0108478395
  -0.0102334825
  -0.0100957003
  -0.0096284096
  -0.0085292845
  -0.0080608302
  -0.0079329525
  -0.0069995783
  -0.0057569483
  -0.0044468750
  -0.0031196022
  -0.0016469798
  -0.0002107935
  -0.0000662572
  -0.0009397018
  -0.0020622011
  -0.0027193441
  -0.0034016049
  -0.0039345758
  -0.0035150627
  -0.0036018003
  -0.0046620898
  -0.0055758273
  -0.0065357474
  -0.0082885319
  -0.0096041579
  -0.0095443021
  -0.0089778886
  -0.0083608662
  -0.0077368702
  -0.0081146956
  -0.0089883655
  -0.0091356786
  -0.0080867497
  -0.0078250972
  -0.0076704143
  -0.0064606917
  -0.0049483446
  -0.0044575862
  -0.0047777587
  -0.0048218483
  -0.0042260514
  -0.0038813160
  -0.0038896917
  -0.0034037890
  -0.0032313010
  -0.0035494076
  -0.0035410257
  -0.0022669899
  -0.0000727531
   0.0014842196
   0.0018183037
   0.0014951981
   0.0012564771
   0.0017760537
   0.0025259687
   0.0027944641
   0.0023962864
   0.0023483574
   0.0038165091
   0.0060912731
   0.0075841952
   0.0078300628
   0.0074837179
   0.0072603949
   0.0073185913
   0.0074494476
   0.0074863480
   0.0068605578
   0.0047414723
   0.0034852437
   0.0039547807
   0.0051692947
   0.0057811565
   0.0045765573
   0.0027350916
   0.0017839281
   0.0019169959
   0.0030324144
   0.0031756269
   0.0022651355
   0.0013662737
   0.0011207352
   0.0013245991
   0.0015151216
   0.0015136597
   0.0013469733
   0.0001898370
  -0.0017911405
  -0.0034442301
  -0.0042911425
  -0.0044478353
  -0.0043575300
  -0.0043167384
  -0.0043557794
  -0.0043948390
  -0.0043943723
  -0.0043862766
  -0.0048913658
  -0.0060852289
  -0.0073064509
  -0.0086777033
  -0.0098694112
  -0.0104720572
  -0.0105289821
  -0.0103886072
  -0.0103184737
  -0.0103495621
  -0.0103946909
  -0.0104008409
  -0.0103496658
  -0.0099265518
  -0.0096923475
  -0.0099241084
  -0.0100625315
  -0.0094163808
  -0.0091549959
  -0.0094119876
  -0.0092503581
  -0.0089279828
  -0.0086629846
  -0.0075956946
  -0.0058702546
  -0.0047844024
  -0.0051066242
  -0.0053885585
  -0.0050120730
  -0.0044223888
  -0.0041497533
  -0.0042181590
  -0.0037313457
  -0.0022476250
  -0.0007445131
  -0.0007597089
  -0.0024278726
  -0.0034147596
  -0.0019028916
  -0.0003764365
   0.0001647228
   0.0000792816
  -0.0006401790
  -0.0006791671
   0.0001032074
   0.0011065263
   0.0016368959
   0.0016423580
   0.0014802784
   0.0014195855
   0.0015929453
   0.0029456498
   0.0045209806
   0.0047076895
   0.0050070513
   0.0052076948
   0.0051571875
   0.0055742053
   0.0056558715
   0.0055033499
   0.0051623751
   0.0043652689
   0.0039687319
   0.0050615825
   0.0067594043
   0.0072319034
   0.0066527687
   0.0065003529
   0.0063834353
   0.0056635523
   0.0053904336
   0.0062140213
   0.0073009749
   0.0078167671
   0.0077353954
   0.0075113444
   0.0074493833
   0.0077740174
   0.0090880940
   0.0112184114
   0.0122766142
   0.0113734428
   0.0108589698
   0.0118901787
   0.0133309237
   0.0137581716
   0.0132404981
   0.0127402252
   0.0125890623
   0.0125616307
   0.0118844933
   0.0103051966
   0.0092556059
   0.0086005381
   0.0077929364
   0.0056613246
   0.0030531006
   0.0015204316
   0.0013498357
   0.0017632504
   0.0020288275
   0.0019390528
   0.0009860600
  -0.0006799771
  -0.0012347273
  -0.0003618212
   0.0000625827
  -0.0004800337
  -0.0017377858
  -0.0022998663
  -0.0020271217
  -0.0018753651
  -0.0021345966
  -0.0027731432
  -0.0033063339
  -0.0034267548
  -0.0032661376
  -0.0031747039
  -0.0034849346
  -0.0035497125
  -0.0032192623
  -0.0031353124
  -0.0033538522
  -0.0039245863
  -0.0047973767
  -0.0063442637
  -0.0077291023
  -0.0082635562
  -0.0080930615
  -0.0077581061
  -0.0076157109
  -0.0073406776
  -0.0070720806
  -0.0069256800
  -0.0066683274
  -0.0067449429
  -0.0069071469
  -0.0063909088
  -0.0061173751
  -0.0064926430
  -0.0070254438
  -0.0072512144
  -0.0071710022
  -0.0070396170
  -0.0070106069
  -0.0070538544
  -0.0070745759
  -0.0065645645
  -0.0058580063
  -0.0054764909
  -0.0049591285
  -0.0044111444
  -0.0039232401
  -0.0028897703
  -0.0016451889
  -0.0005499782
  -0.0001893130
  -0.0005472938
  -0.0010075417
  -0.0011777995
  -0.0007568999
  -0.0004184349
  -0.0000010416
   0.0007989545
   0.0013168500
   0.0006788976
  -0.0001073058
  -0.0002459509
   0.0000467911
  -0.0000959613
  -0.0007158501
  -0.0012417862
  -0.0013272742
  -0.0011194249
  -0.0009454781
  -0.0007646988
  -0.0004508295
  -0.0003716559
  -0.0003109943
  -0.0005752277
  -0.0009684219
  -0.0008497410
  -0.0002539352
  -0.0000980070
  -0.0005782455
  -0.0010821277
  -0.0012466414
  -0.0018432321
  -0.0022381852
  -0.0021581659
  -0.0028789346
  -0.0036871089
  -0.0030304875
  -0.0007260163
   0.0010827135
   0.0004421991
  -0.0016078840
  -0.0031480253
  -0.0033528172
  -0.0026314511
  -0.0017281239
  -0.0003523961
   0.0001782054
  -0.0000756917
  -0.0007058453
  -0.0011136391
  -0.0014920942
  -0.0013469975
  -0.0006325878
   0.0004203996
   0.0014741516
   0.0014269801
   0.0006686344
   0.0001256347
   0.0003843405
   0.0009371567
   0.0009556922
   0.0005758027
   0.0003281001
   0.0004412294
   0.0007001941
   0.0008410048
   0.0008264004
   0.0007688377
   0.0007558566
   0.0008092757
   0.0008911041
   0.0009640977
   0.0010005420
   0.0010082203
   0.0010334819
   0.0011220569
   0.0015805045
   0.0018826763
   0.0021096893
   0.0022835297
   0.0029876631
   0.0037974470
   0.0035174107
   0.0029304748
   0.0032618439
   0.0041447337
   0.0047392612
   0.0044763994
   0.0040679958
   0.0041905366
   0.0046175252
   0.0050108554
   0.0058587136
   0.0070137431
   0.0077001731
   0.0070100241
   0.0059434082
   0.0061287584
   0.0071557650
   0.0079133262
   0.0079901719
   0.0077439267
   0.0076031846
   0.0076498339
   0.0077392556
   0.0077642707
   0.0077380297
   0.0077157650
   0.0073889820
   0.0059446527
   0.0048296018
   0.0051359164
   0.0062562213
   0.0061104410
   0.0056883725
   0.0058852180
   0.0050087563
   0.0032910656
   0.0029404622
   0.0040349846
   0.0044880980
   0.0034668018
   0.0021408130
   0.0016107087
   0.0021630694
   0.0027059301
   0.0029680369
   0.0031209588
   0.0028837924
   0.0023694294
   0.0019749407
   0.0016781644
   0.0009359392
   0.0003549018
   0.0001037622
  -0.0006262948
  -0.0016832983
  -0.0020401720
  -0.0017004322
  -0.0020043685
  -0.0030056798
  -0.0038455461
  -0.0040447044
  -0.0035004228
  -0.0030714907
  -0.0032536342
  -0.0035363794
  -0.0033509524
  -0.0032756230
  -0.0034825264
  -0.0037844167
  -0.0038082246
  -0.0030136697
  -0.0026539522
  -0.0031505102
  -0.0037937134
  -0.0038522396
  -0.0029322130
  -0.0024621221
  -0.0029355712
  -0.0034966540
  -0.0028897931
  -0.0020640760
  -0.0018480495
  -0.0018204487
  -0.0009274253
  -0.0004857832
  -0.0010051781
  -0.0006998834
  -0.0003285405
  -0.0014528919
  -0.0024683738
  -0.0029362370
  -0.0030796880
  -0.0024259934
  -0.0020267576
  -0.0024252632
  -0.0025482189
  -0.0027490677
  -0.0029992041
  -0.0030281872
  -0.0032069518
  -0.0034929556
  -0.0036918858
  -0.0036780175
  -0.0032202662
  -0.0030061486
  -0.0032032887
  -0.0029197698
  -0.0022464115
  -0.0013837060
  -0.0004269427
   0.0001833113
   0.0006048567
   0.0012537273
   0.0019273618
   0.0026360704
   0.0037585637
   0.0047941160
   0.0052676750
   0.0052511020
   0.0055614737
   0.0066269011
   0.0074063619
   0.0078466794
   0.0080799483
   0.0086369449
   0.0098363855
   0.0105121996
   0.0102363117
   0.0102002078
   0.0106532279
   0.0107959529
   0.0107019949
   0.0109432039
   0.0119589329
   0.0124579737
   0.0120609161
   0.0114651565
   0.0112288883
   0.0113224792
   0.0114548891
   0.0114698670
   0.0113754755
   0.0114478160
   0.0117778410
   0.0118176578
   0.0121471207
   0.0126493371
   0.0126589863
   0.0119476554
   0.0108517391
   0.0101976586
   0.0102159864
   0.0106821404
   0.0103927722
   0.0092930497
   0.0083434800
   0.0080751548
   0.0079044527
   0.0069516700
   0.0057422794
   0.0049677635
   0.0046481511
   0.0038868231
   0.0031558575
   0.0033322077
   0.0032701553
   0.0022173891
   0.0011902728
   0.0005576358
  -0.0001765030
  -0.0008673932
  -0.0012301132
  -0.0012933190
  -0.0016357983
  -0.0019167798
  -0.0022437814
  -0.0029890757
  -0.0038991273
  -0.0053358380
  -0.0058942367
  -0.0057147337
  -0.0060606680
  -0.0065287718
  -0.0072819854
  -0.0084393090
  -0.0093855911
  -0.0101328600
  -0.0112274716
  -0.0124567540
  -0.0127977931
  -0.0120596446
  -0.0109241895
  -0.0105225022
  -0.0105778424
  -0.0109573646
  -0.0115662498
  -0.0122699435
  -0.0122191604
  -0.0115881411
  -0.0116312082
  -0.0113884560
  -0.0107946379
  -0.0103571724
  -0.0101189669
  -0.0104626237
  -0.0113827809
  -0.0121557079
  -0.0127635353
  -0.0128051940
  -0.0128702560
  -0.0127840514
  -0.0131491640
  -0.0135076971
  -0.0138812019
  -0.0141842807
  -0.0139651518
  -0.0137756282
  -0.0136113293
  -0.0142967636
  -0.0147890860
  -0.0145541038
  -0.0137545687
  -0.0137251625
  -0.0143782286
  -0.0143114512
  -0.0127658025
  -0.0113668841
  -0.0108995042
  -0.0110482403
  -0.0111078492
  -0.0106516805
  -0.0101269568
  -0.0097266820
  -0.0092386450
  -0.0083265689
  -0.0067665459
  -0.0054570492
  -0.0049997376
  -0.0051767225
  -0.0050126932
  -0.0031059414
  -0.0006489229
   0.0006956275
   0.0010820319
   0.0008942681
   0.0005661364
   0.0009505807
   0.0025283499
   0.0034502163
   0.0029374919
   0.0028063265
   0.0042392870
   0.0060524624
   0.0072981415
   0.0073356227
   0.0068251550
   0.0068476520
   0.0070401251
   0.0073570121
   0.0078458124
   0.0079348193
   0.0074824920
   0.0070310463
   0.0067796010
   0.0064988864
   0.0065693954
   0.0062438860
   0.0053909687
   0.0047257829
   0.0046365707
   0.0049466438
   0.0052406437
   0.0060009346
   0.0067968855
   0.0071562587
   0.0071013478
   0.0067121308
   0.0059493114
   0.0045194104
   0.0032394942
   0.0027210553
   0.0027791169
   0.0025077301
   0.0019202363
   0.0015437726
   0.0014707163
   0.0017039575
   0.0013472020
   0.0005410236
   0.0005867965
   0.0014718467
   0.0021469444
   0.0025890167
   0.0021381041
   0.0016879439
   0.0016888531
   0.0019043670
   0.0021179758
   0.0020650658
   0.0025247657
   0.0031605598
   0.0030014111
   0.0019638860
   0.0014632140
   0.0018705475
   0.0029328706
   0.0035309470
   0.0036358507
   0.0027340711
   0.0025276426
   0.0027681339
   0.0021798560
   0.0011538526
   0.0011069215
   0.0014370687
   0.0012713657
   0.0006355931
  -0.0004584867
  -0.0008623639
  -0.0002964326
   0.0004461757
   0.0007211047
  -0.0002457938
  -0.0013414413
  -0.0011005920
  -0.0011532073
  -0.0016624348
  -0.0015962377
  -0.0015242135
  -0.0024271342
  -0.0033673595
  -0.0040003306
  -0.0042164104
  -0.0038605593
  -0.0032423566
  -0.0035241519
  -0.0041587907
  -0.0045028830
  -0.0046397505
  -0.0044385283
  -0.0045148306
  -0.0048969289
  -0.0045936924
  -0.0037796564
  -0.0035006987
  -0.0034669138
  -0.0036062703
  -0.0028666988
  -0.0021242856
  -0.0024975726
  -0.0038249242
  -0.0049436382
  -0.0050301332
  -0.0046569022
  -0.0035542053
  -0.0027260625
  -0.0024761978
  -0.0030506551
  -0.0041569135
  -0.0048830005
  -0.0041548019
  -0.0020461246
  -0.0008020717
  -0.0018750558
  -0.0026106031
  -0.0024565487
  -0.0029690553
  -0.0041035085
  -0.0048961842
  -0.0047255402
  -0.0043254065
  -0.0031784956
  -0.0012426966
  -0.0002871048
  -0.0004161151
  -0.0004338926
   0.0001084494
   0.0002392130
   0.0003065755
   0.0010318204
   0.0014278691
   0.0014273456
   0.0014216122
   0.0012079694
   0.0009095092
   0.0009018286
   0.0014843169
   0.0019065472
   0.0018681194
   0.0020104862
   0.0020234748
   0.0018661369
   0.0013938295
   0.0012955096
   0.0018732203
   0.0020352555
   0.0023234647
   0.0030964249
   0.0037837219
   0.0033164353
   0.0019963448
   0.0011090646
   0.0013291843
   0.0015460830
   0.0010196673
   0.0005994538
   0.0007053614
   0.0010563970
   0.0012563215
   0.0012298750
   0.0011388701
   0.0012543761
   0.0016654133
   0.0020922742
   0.0020375907
   0.0015640840
   0.0011149284
   0.0009292378
   0.0009510204
   0.0009618032
   0.0003330575
  -0.0005629143
  -0.0019496307
  -0.0023265366
  -0.0016173277
  -0.0008209689
  -0.0012704694
  -0.0030927846
  -0.0044878781
  -0.0047232420
  -0.0046040345
  -0.0042373849
  -0.0029934813
  -0.0018430205
  -0.0019383755
  -0.0028912264
  -0.0036566635
  -0.0037413456
  -0.0030271687
  -0.0015532246
  -0.0000762760
   0.0008213207
   0.0010615896
   0.0009600051
   0.0008574368
   0.0008630282
   0.0009883788
   0.0015862615
   0.0030015480
   0.0041889809
   0.0038176375
   0.0029073431
   0.0030804181
   0.0045097612
   0.0057176439
   0.0061931650
   0.0061016857
   0.0062773950
   0.0067226056
   0.0070582227
   0.0070845383
   0.0066116514
   0.0063331085
   0.0065613225
   0.0067145410
   0.0062535290
   0.0055004419
   0.0056366746
   0.0063161373
   0.0061567874
   0.0059452729
   0.0059453932
   0.0063938707
   0.0069100964
   0.0068031434
   0.0064966753
   0.0060415064
   0.0054725478
   0.0052164459
   0.0051265409
   0.0054055816
   0.0054355541
   0.0053055731
   0.0045689324
   0.0038817412
   0.0033154895
   0.0029836641
   0.0022902875
   0.0014607173
   0.0009690234
   0.0008926927
   0.0009951789
   0.0010313856
   0.0009654821
   0.0005516965
   0.0002834648
   0.0004872287
   0.0008598646
   0.0010571319
   0.0010361829
   0.0009555266
   0.0009329332
   0.0009634371
   0.0009450902
   0.0005016126
  -0.0000641710
  -0.0000419465
  -0.0003032081
  -0.0014589413
  -0.0024658163
  -0.0033680876
  -0.0042060331
  -0.0047396636
  -0.0049014237
  -0.0053594924
  -0.0066420325
  -0.0071919809
  -0.0071931694
  -0.0072748709
  -0.0075522812
  -0.0078075845
  -0.0078961537
  -0.0075025601
  -0.0062858391
  -0.0050531467
  -0.0044938042
  -0.0042771477
  -0.0041967033
  -0.0044996244
  -0.0052161451
  -0.0054981105
  -0.0052476276
  -0.0048967940
  -0.0047693560
  -0.0048345778
  -0.0049125830
  -0.0049153708
  -0.0048786446
  -0.0048809636
  -0.0049132260
  -0.0049762325
  -0.0050357917
  -0.0050821650
  -0.0051330975
  -0.0048983269
  -0.0044627407
  -0.0038488980
  -0.0034155727
  -0.0036518927
  -0.0041939093
  -0.0042215026
  -0.0044482087
  -0.0048993578
  -0.0049073850
  -0.0041756188
  -0.0031001377
  -0.0031777986
  -0.0042956498
  -0.0040539471
  -0.0024997547
  -0.0011895953
  -0.0015430825
  -0.0025832939
  -0.0025218016
  -0.0018764856
  -0.0015129154
  -0.0014736801
  -0.0013537709
  -0.0011320563
  -0.0010238795
  -0.0010938350
  -0.0012241896
  -0.0008641014
   0.0010934780
   0.0035037955
   0.0048132735
   0.0050828143
   0.0056638759
   0.0061831134
   0.0065551579
   0.0067230930
   0.0075971653
   0.0088674903
   0.0096128240
   0.0099116257
   0.0099988674
   0.0100348593
   0.0101504805
   0.0109346125
   0.0112661185
   0.0111041530
   0.0104797069
   0.0102185025
   0.0109429487
   0.0119625026
   0.0129400722
   0.0133067176
   0.0127455228
   0.0116256016
   0.0106392082
   0.0091975443
   0.0082151626
   0.0084083886
   0.0094229270
   0.0099325339
   0.0096455966
   0.0090190535
   0.0083521109
   0.0081782974
   0.0075945269
   0.0062455868
   0.0049731046
   0.0046162765
   0.0052631075
   0.0050932953
   0.0038849812
   0.0027604572
   0.0024181798
   0.0022090714
   0.0017158797
   0.0014341625
   0.0016040307
   0.0021391038
   0.0020421759
   0.0014220779
   0.0009298596
  -0.0002142157
  -0.0019866823
  -0.0031896154
  -0.0031841437
  -0.0030212489
  -0.0035624565
  -0.0041702300
  -0.0043180223
  -0.0043342241
  -0.0040711113
  -0.0037358447
  -0.0035423656
  -0.0035207502
  -0.0035665199
  -0.0035878201
  -0.0035724854
  -0.0035509840
  -0.0033133178
  -0.0029818035
  -0.0030788106
  -0.0033624768
  -0.0030552060
  -0.0014138673
   0.0009105658
   0.0024167776
   0.0026862541
   0.0023663388
   0.0025076347
   0.0034261574
   0.0045305034
   0.0055879180
   0.0056725047
   0.0056758504
   0.0057495806
   0.0061268004
   0.0064175210
   0.0063353031
   0.0066805342
   0.0066197346
   0.0064857857
   0.0068737042
   0.0067654071
   0.0062110490
   0.0059882943
   0.0048998722
   0.0034857249
   0.0036609778
   0.0041755690
   0.0041675418
   0.0046078158
   0.0041533728
   0.0028904154
   0.0012246779
   0.0003912933
   0.0006125286
   0.0004259726
  -0.0004420821
  -0.0018415331
  -0.0023946975
  -0.0014320511
  -0.0008879882
  -0.0022257855
  -0.0040259182
  -0.0046339509
  -0.0041658223
  -0.0032368786
  -0.0028522995
  -0.0029864684
  -0.0024604939
  -0.0017719851
  -0.0015742462
  -0.0014317964
  -0.0010189273
  -0.0002814435
  -0.0003450527
  -0.0007959639
  -0.0009658629
  -0.0007905197
  -0.0008522759
  -0.0012260050
  -0.0017016187
  -0.0019129000
  -0.0018087235
  -0.0016394833
  -0.0015325158
  -0.0022726048
  -0.0035870153
  -0.0043633814
  -0.0044125964
  -0.0045452511
  -0.0052863720
  -0.0059345077
  -0.0054295036
  -0.0046682814
  -0.0048113030
  -0.0060424771
  -0.0063502022
  -0.0064917926
  -0.0071108187
  -0.0073376119
  -0.0071161495
  -0.0071902800
  -0.0081463130
  -0.0101021449
  -0.0118780321
  -0.0122991112
  -0.0119556556
  -0.0114671145
  -0.0114571915
  -0.0115690127
  -0.0120178698
  -0.0129530506
  -0.0138803038
  -0.0136440522
  -0.0123198887
  -0.0112134893
  -0.0113895325
  -0.0130480955
  -0.0140055452
  -0.0135705999
  -0.0132765792
  -0.0131700493
  -0.0125071866
  -0.0116768182
  -0.0108496794
  -0.0104320185
  -0.0102648177
  -0.0103306493
  -0.0104393219
  -0.0102331236
  -0.0097736424
  -0.0094315413
  -0.0091302152
  -0.0088479034
  -0.0089038244
  -0.0083633967
  -0.0068645071
  -0.0058255178
  -0.0058091232
  -0.0059576456
  -0.0055117070
  -0.0047680016
  -0.0041799104
  -0.0037623616
  -0.0035359438
  -0.0033047907
  -0.0028654169
  -0.0028418558
  -0.0031496224
  -0.0028186329
  -0.0014152566
  -0.0001699499
  -0.0001572457
  -0.0007362637
  -0.0007563173
   0.0001226451
   0.0010547053
   0.0017232179
   0.0022909181
   0.0026908547
   0.0031277809
   0.0031015669
   0.0019245193
   0.0011934107
   0.0016896832
   0.0026041730
   0.0027517828
   0.0023633312
   0.0018577033
   0.0013180234
   0.0009247512
   0.0009579464
   0.0014584889
   0.0013955724
   0.0008057385
   0.0009752796
   0.0013934105
   0.0015069276
   0.0018428535
   0.0023357855
   0.0026806599
   0.0027810044
   0.0030856389
   0.0032932497
   0.0038134040
   0.0040581495
   0.0042467086
   0.0053296257
   0.0059698649
   0.0055391966
   0.0056418332
   0.0061857953
   0.0062554103
   0.0059068936
   0.0046502191
   0.0038327419
   0.0040165842
   0.0044456574
   0.0045213892
   0.0048392656
   0.0054484640
   0.0053173754
   0.0040293012
   0.0030489149
   0.0035942419
   0.0038551331
   0.0035882225
   0.0036059654
   0.0040514249
   0.0045040135
   0.0050347774
   0.0052288829
   0.0045645849
   0.0033415956
   0.0026541493
   0.0036076890
   0.0047160486
   0.0051939053
   0.0044569059
   0.0036372882
   0.0040416242
   0.0052216169
   0.0066690969
   0.0068574880
   0.0063457862
   0.0061581750
   0.0063659434
   0.0067928553
   0.0067985905
   0.0054029390
   0.0040676391
   0.0045888263
   0.0063653958
   0.0075728035
   0.0076178473
   0.0076882256
   0.0079141227
   0.0073830269
   0.0063650391
   0.0062169501
   0.0072933252
   0.0084710570
   0.0089171305
   0.0087559429
   0.0085220476
   0.0084889492
   0.0085392989
   0.0083348741
   0.0079594071
   0.0080165228
   0.0083319515
   0.0081848271
   0.0077421076
   0.0071215341
   0.0070659533
   0.0074546083
   0.0081205657
   0.0085476186
   0.0079363998
   0.0065473132
   0.0052609960
   0.0046222212
   0.0041666022
   0.0037699470
   0.0038381225
   0.0035927899
   0.0030387657
   0.0028717246
   0.0030985157
   0.0030957985
   0.0028312690
   0.0025884546
   0.0025343216
   0.0026004457
   0.0026549250
   0.0026526310
   0.0026280473
   0.0026182757
   0.0026264605
   0.0025570177
   0.0022204029
   0.0017859531
   0.0013818015
   0.0013689772
   0.0014206475
   0.0017640996
   0.0018013994
   0.0011486287
   0.0005918418
   0.0001621507
  -0.0006056787
  -0.0010507273
  -0.0003219291
   0.0004583767
   0.0007851639
   0.0002170588
  -0.0005690121
  -0.0013451239
  -0.0022775954
  -0.0027860676
  -0.0023282354
  -0.0024801492
  -0.0031470794
  -0.0035255914
  -0.0036061977
  -0.0037323849
  -0.0036149073
  -0.0035597393
  -0.0040867924
  -0.0041797133
  -0.0038700634
  -0.0039123920
  -0.0044570780
  -0.0049522359
  -0.0047975613
  -0.0043164024
  -0.0041098494
  -0.0041849798
  -0.0041398364
  -0.0039269696
  -0.0037845599
  -0.0038042131
  -0.0045071207
  -0.0052036044
  -0.0053673890
  -0.0057515905
  -0.0065483918
  -0.0069564158
  -0.0070968696
  -0.0067624783
  -0.0064460021
  -0.0063511211
  -0.0066953649
  -0.0069036809
  -0.0063130218
  -0.0062066475
  -0.0064245132
  -0.0055087118
  -0.0045621477
  -0.0046113461
  -0.0047080587
  -0.0046662320
  -0.0045596773
  -0.0045789717
  -0.0050854299
  -0.0057578547
  -0.0064915499
  -0.0075380375
  -0.0074383153
  -0.0057046302
  -0.0046112839
  -0.0054919168
  -0.0075463261
  -0.0086877757
  -0.0084762592
  -0.0077060307
  -0.0069254291
  -0.0058945209
  -0.0044548503
  -0.0036039057
  -0.0031976323
  -0.0033340828
  -0.0039688149
  -0.0037626125
  -0.0019067092
   0.0000623908
   0.0008434383
   0.0009844597
   0.0017364191
   0.0028779141
   0.0040561002
   0.0056082163
   0.0061897467
   0.0060478410
   0.0063746054
   0.0063293770
   0.0059242507
   0.0054215282
   0.0056397154
   0.0063502250
   0.0066840168
   0.0064973619
   0.0059119900
   0.0051112435
   0.0044425419
   0.0040607319
   0.0036683932
   0.0033850609
   0.0035755013
   0.0039774644
   0.0036873557
   0.0032990803
   0.0034905039
   0.0037535067
   0.0035426747
   0.0031196561
   0.0031906940
   0.0033540575
   0.0032882612
   0.0036094729
   0.0044272674
   0.0048505161
   0.0046934624
   0.0043864301
   0.0045707889
   0.0052106381
   0.0064293523
   0.0067471810
   0.0059490418
   0.0057933073
   0.0060977696
   0.0058721338
   0.0055341729
   0.0058263911
   0.0062714316
   0.0063407023
   0.0058995509
   0.0047483068
   0.0037575535
   0.0033844158
   0.0031328295
   0.0033636135
   0.0030942200
   0.0015469561
   0.0001645755
  -0.0005649153
  -0.0006916052
  -0.0009628936
  -0.0014741549
  -0.0018739612
  -0.0019742805
  -0.0018954469
  -0.0018294566
  -0.0019499005
  -0.0024085948
  -0.0030575581
  -0.0046291491
  -0.0059708667
  -0.0060563267
  -0.0058421738
  -0.0061150416
  -0.0061204636
  -0.0062393725
  -0.0061666690
  -0.0054302212
  -0.0040432877
  -0.0035408888
  -0.0046912243
  -0.0055744438
  -0.0051475299
  -0.0043374412
  -0.0041160576
  -0.0049428915
  -0.0060645198
  -0.0066055739
  -0.0065176706
  -0.0059298511
  -0.0055918818
  -0.0058245077
  -0.0060374409
  -0.0058277331
  -0.0060950316
  -0.0064930682
  -0.0063226399
  -0.0056952340
  -0.0055387610
  -0.0058300687
  -0.0055669041
  -0.0051279659
  -0.0050845379
  -0.0049405642
  -0.0043704897
  -0.0036072617
  -0.0030702980
  -0.0030362186
  -0.0030561829
  -0.0035127105
  -0.0035713923
  -0.0030514309
  -0.0018384272
  -0.0004846913
  -0.0000735178
  -0.0004718507
  -0.0007893522
  -0.0004864648
  -0.0001676094
   0.0004178438
   0.0009569715
   0.0015637384
   0.0020639488
   0.0023278682
   0.0024030940
   0.0023977612
   0.0026297648
   0.0034582270
   0.0043008001
   0.0049842162
   0.0053512121
   0.0051714913
   0.0046679184
   0.0052389055
   0.0060084143
   0.0064477175
   0.0061144816
   0.0052119842
   0.0041890266
   0.0032345410
   0.0025614275
   0.0029257912
   0.0038166584
   0.0047550813
   0.0054657734
   0.0054551264
   0.0052754678
   0.0051363582
   0.0048551479
   0.0044988196
   0.0043709315
   0.0046726455
   0.0048697504
   0.0044104599
   0.0035976975
   0.0032220500
   0.0033470571
   0.0033688447
   0.0034708818
   0.0036394039
   0.0037518307
   0.0037485950
   0.0034389409
   0.0023145580
   0.0018436198
   0.0019133096
   0.0016478555
   0.0016139194
   0.0022613833
   0.0024968197
   0.0023055455
   0.0020575416
   0.0016872088
   0.0010846128
   0.0005416585
   0.0000549028
  -0.0008648822
  -0.0018695921
  -0.0024431679
  -0.0027442430
  -0.0028894592
  -0.0027923401
  -0.0031734822
  -0.0040582262
  -0.0050869648
  -0.0057100418
  -0.0057503336
  -0.0058500558
  -0.0059946394
  -0.0064615422
  -0.0064067537
  -0.0061072426
  -0.0064236482
  -0.0071024721
  -0.0075394563
  -0.0074541851
  -0.0066177807
  -0.0055602043
  -0.0049435905
  -0.0046266621
  -0.0045468192
  -0.0044198292
  -0.0041091048
  -0.0042869256
  -0.0046469791
  -0.0051240581
  -0.0050227780
  -0.0043128783
  -0.0038973767
  -0.0043875689
  -0.0053150274
  -0.0054880795
  -0.0057259407
  -0.0060589194
  -0.0060400254
  -0.0057774208
  -0.0056597918
  -0.0056098881
  -0.0050512031
  -0.0048955391
  -0.0050908207
  -0.0048590806
  -0.0047590596
  -0.0047311510
  -0.0045290887
  -0.0036953041
  -0.0030603936
  -0.0032976699
  -0.0033385901
  -0.0029616669
  -0.0022766018
  -0.0016628241
  -0.0011156591
  -0.0008592142
  -0.0010408538
  -0.0010987617
  -0.0008093640
  -0.0002825443
   0.0003249552
   0.0006510627
   0.0004982441
  -0.0001628663
  -0.0008030816
  -0.0009228749
  -0.0006553884
  -0.0004384273
  -0.0001846660
   0.0000539156
   0.0001997168
   0.0005792094
   0.0012532025
   0.0016385086
   0.0018340344
   0.0019354216
   0.0019816734
   0.0016474357
   0.0011687639
   0.0012461881
   0.0016879388
   0.0020118318
   0.0019375288
   0.0015210804
   0.0010403338
   0.0007930053
   0.0011004362
   0.0012027384
   0.0008993130
   0.0004035188
   0.0001149764
  -0.0002993056
  -0.0006702291
  -0.0004560356
   0.0002490238
   0.0004411435
  -0.0003656564
  -0.0014885168
  -0.0020852965
  -0.0019417287
  -0.0014695576
  -0.0013647939
  -0.0014491363
  -0.0010284044
  -0.0000575063
   0.0006050421
   0.0005638929
  -0.0001323600
  -0.0009385307
  -0.0011498869
  -0.0010395346
  -0.0009347853
  -0.0007747507
  -0.0009958955
  -0.0013915246
  -0.0015172008
  -0.0014247306
  -0.0019161754
  -0.0020828759
  -0.0013584732
  -0.0008360290
  -0.0006696456
  -0.0005185322
   0.0000325790
   0.0006170979
   0.0008963705
   0.0009032403
   0.0005277189
  -0.0001170470
  -0.0002735034
   0.0002643146
   0.0006983188
   0.0009241061
   0.0010496340
   0.0010702864
   0.0010357784
   0.0010141090
   0.0012029846
   0.0013175073
   0.0012252236
   0.0012743716
   0.0015399533
   0.0017792646
   0.0019465330
   0.0022101044
   0.0025388351
   0.0024479345
   0.0020345445
   0.0018678950
   0.0019732220
   0.0021304149
   0.0021807915
   0.0021190731
   0.0023381460
   0.0030064805
   0.0035408805
   0.0032232966
   0.0023786389
   0.0019644383
   0.0022126287
   0.0023067734
   0.0018976569
   0.0014736260
   0.0014037785
   0.0013955550
   0.0012970341
   0.0010776731
   0.0007462629
   0.0005802216
   0.0007546073
   0.0009282925
   0.0006359804
   0.0002577640
   0.0000934570
   0.0002375600
   0.0006091871
   0.0008475311
   0.0004161508
  -0.0001833024
  -0.0003836057
   0.0000084396
   0.0002858827
  -0.0000276263
  -0.0003112415
  -0.0002133873
  -0.0000188201
  -0.0001179802
  -0.0005043408
  -0.0008929592
  -0.0008303053
  -0.0005957544
  -0.0005314754
  -0.0005002077
  -0.0003036385
  -0.0002302639
  -0.0003291217
  -0.0003764407
  -0.0001829739
  -0.0001395184
  -0.0000918361
  -0.0000550773
  -0.0001724744
  -0.0002263845
  -0.0001601490
  -0.0000525296
  -0.0002179082
  -0.0005210159
  -0.0006175528
  -0.0005056953
  -0.0004417512
  -0.0004766180
  -0.0004392916
  -0.0003293544
  -0.0002279126
  -0.0001848835
  -0.0002328152
  -0.0002181360
  -0.0004005670
  -0.0006450279
  -0.0005715161
  -0.0002800212
  -0.0000486471
   0.0000127867
  -0.0000027181
   0.0000097131
   0.0001308813
   0.0002488917
   0.0004374234
   0.0007107077
   0.0008521315
   0.0009352435
   0.0008344442
   0.0006293916
   0.0006652742
   0.0008559612
   0.0009901657
   0.0009265699
   0.0007919592
   0.0006631437
   0.0006010215
   0.0006109275
   0.0007370051
   0.0009164081
   0.0009470294
   0.0008273641
   0.0007447317
   0.0007207691
   0.0007512666
   0.0007985358
   0.0007787151
   0.0007045622
   0.0005996610
   0.0004842898
   0.0004469575
   0.0005756755
   0.0007450703
   0.0007674536
   0.0006910287
   0.0006339366
   0.0005968699
   0.0005760883
   0.0006156646
   0.0006595923
   0.0007084493
   0.0007469497
   0.0007518766
   0.0007525731
   0.0006631174
   0.0005689955
   0.0005385657
   0.0005511400
   0.0006031847
   0.0006763607
   0.0007471115
   0.0007928713
   0.0008058038
   0.0008028518
   0.0007915757
   0.0007965354
   0.0007894252
   0.0007731100
   0.0007738913
   0.0008083526
   0.0008078617
   0.0007588941
   0.0007418614
   0.0007497026
   0.0007365230
   0.0007219890
   0.0007423462
   0.0007475967
   0.0007426125
   0.0007193530
   0.0006882063
   0.0006812961
   0.0006876579
   0.0006944213
   0.0006955074
   0.0006941278
   0.0007113770
   0.0007217438
   0.0007143033
   0.0007126500
   0.0006956976
   0.0006764768
   0.0006864206
   0.0007110460
   0.0007392782
   0.0007343617
   0.0006826016
   0.0006443509
   0.0006380330
   0.0006287289
   0.0006141567
   0.0006171498
   0.0006253873
   0.0006287611
   0.0006244234
   0.0006136777
   0.0006053174
   0.0005979112
   0.0005979473
   0.0005983903
   0.0005843261
   0.0005586105
   0.0005384142
   0.0005178465
   0.0004996647
   0.0004887738
   0.0004846173
   0.0004787682
   0.0004652231
   0.0004431463
   0.0004241996
   0.0004132073
   0.0003980702
   0.0003783029
   0.0003556651
   0.0003313312
   0.0003171468
   0.0003133406
   0.0003086149
   0.0002901753
   0.0002657084
   0.0002483424
   0.0002395538
   0.0002323695
   0.0002259429
   0.0002177682
   0.0002081982
   0.0001952478
   0.0001826067
   0.0001718441
   0.0001629973
   0.0001531325
   0.0001442167
   0.0001354942
   0.0001232087
   0.0001087481
   0.0000959943
   0.0000863321
   0.0000778343
   0.0000705049
   0.0000614633
   0.0000510623
   0.0000415502
   0.0000336501
   0.0000260994
   0.0000187755
   0.0000121161
   0.0000057501
  -0.0000004193
  -0.0000075239
  -0.0000147484
  -0.0000213018
  -0.0000279916
  -0.0000344333
  -0.0000408652
  -0.0000468494
  -0.0000525627
  -0.0000582615
  -0.0000634984
  -0.0000683507
  -0.0000734556
  -0.0000788532
  -0.0000841564
  -0.0000892057
  -0.0000940832
  -0.0000988009
  -0.0001033223
  -0.0001079163
  -0.0001125089
  -0.0001169732
  -0.0001214177
  -0.0001257020
  -0.0001299083
  -0.0001340393
  -0.0001380582
  -0.0001419407
  -0.0001456775
  -0.0001492291
  -0.0001526726
  -0.0001561154
  -0.0001594917
  -0.0001627389
  -0.0001657967
  -0.0001687595
  -0.0001716609
  -0.0001744790
  -0.0001771972
  -0.0001797782
  -0.0001822100
  -0.0001845249
  -0.0001867464
  -0.0001888664
  -0.0001908758
  -0.0001927795
  -0.0001945744
  -0.0001962636
  -0.0001978477
  -0.0001993276
  -0.0002007040
  -0.0002019805
  -0.0002031595
  -0.0002042368
  -0.0002052134
  -0.0002060920
  -0.0002068738
  -0.0002075585
  -0.0002081455
  -0.0002086363
  -0.0002090318
  -0.0002093324
  -0.0002095388
  -0.0002096510
  -0.0002096705
  -0.0002095977
  -0.0002094332
  -0.0002091781
  -0.0002088327
  -0.0002083977
  -0.0002078742
  -0.0002072624
  -0.0002065635
  -0.0002057781
  -0.0002049068
  -0.0002039504
  -0.0002029098
  -0.0002017855
  -0.0002005785
  -0.0001992894
  -0.0001979190
