  -0.0001220869
  -0.0001262943
  -0.0001305526
  -0.0001348092
  -0.0001390980
  -0.0001433865
  -0.0001477020
  -0.0001520263
  -0.0001563803
  -0.0001607432
  -0.0001651314
  -0.0001695376
  -0.0001739763
  -0.0001784241
  -0.0001828850
  -0.0001873369
  -0.0001917705
  -0.0001961312
  -0.0002004513
  -0.0002048172
  -0.0002093636
  -0.0002141078
  -0.0002189089
  -0.0002235926
  -0.0002282085
  -0.0002328737
  -0.0002380333
  -0.0002435606
  -0.0002489788
  -0.0002537048
  -0.0002573298
  -0.0002599482
  -0.0002628526
  -0.0002661625
  -0.0002692743
  -0.0002720591
  -0.0002750089
  -0.0002784572
  -0.0002822944
  -0.0002872884
  -0.0002948209
  -0.0003049182
  -0.0003148528
  -0.0003203179
  -0.0003201823
  -0.0003172437
  -0.0003134028
  -0.0003118707
  -0.0003120259
  -0.0003082142
  -0.0003014038
  -0.0002915529
  -0.0002815891
  -0.0002756154
  -0.0002749651
  -0.0002833514
  -0.0003027493
  -0.0003303025
  -0.0003638751
  -0.0003974141
  -0.0004259844
  -0.0004530053
  -0.0004746087
  -0.0004882659
  -0.0004971962
  -0.0005123108
  -0.0005401233
  -0.0005720522
  -0.0005985933
  -0.0005980927
  -0.0005635694
  -0.0005169127
  -0.0004827381
  -0.0004522717
  -0.0004292491
  -0.0004195426
  -0.0004215194
  -0.0004352977
  -0.0004778330
  -0.0005524763
  -0.0006533466
  -0.0007649095
  -0.0008444494
  -0.0008618108
  -0.0007956448
  -0.0006646999
  -0.0005221071
  -0.0004165038
  -0.0003403635
  -0.0002855039
  -0.0002554515
  -0.0002450753
  -0.0002418727
  -0.0002398091
  -0.0002678468
  -0.0003547938
  -0.0005450818
  -0.0008433454
  -0.0011930252
  -0.0014753776
  -0.0015879135
  -0.0015112609
  -0.0013269676
  -0.0011083711
  -0.0008984982
  -0.0007129623
  -0.0005607053
  -0.0005545419
  -0.0007054491
  -0.0009419059
  -0.0011310169
  -0.0012368092
  -0.0012825637
  -0.0013071222
  -0.0012949166
  -0.0011521213
  -0.0008737671
  -0.0005024510
  -0.0000946155
   0.0001952241
   0.0002602919
   0.0000863500
  -0.0003061205
  -0.0006859877
  -0.0008652275
  -0.0007739409
  -0.0004288863
   0.0000923459
   0.0007456295
   0.0014048976
   0.0019670433
   0.0024733982
   0.0029876760
   0.0033901022
   0.0035675457
   0.0033527397
   0.0025985436
   0.0012642611
  -0.0003973862
  -0.0018353341
  -0.0027478375
  -0.0031305778
  -0.0032090336
  -0.0032439619
  -0.0034560894
  -0.0037384273
  -0.0038442440
  -0.0037221810
  -0.0033393818
  -0.0025974687
  -0.0017135711
  -0.0007971209
   0.0001593103
   0.0009940712
   0.0016907691
   0.0018231273
   0.0014371615
   0.0010113281
   0.0005519076
  -0.0001993659
  -0.0014690313
  -0.0031601179
  -0.0044092977
  -0.0048087264
  -0.0046672358
  -0.0043051505
  -0.0042018304
  -0.0046235940
  -0.0055712199
  -0.0060866454
  -0.0051964094
  -0.0030603257
  -0.0006823522
   0.0014032950
   0.0032406922
   0.0046885184
   0.0051724378
   0.0045544463
   0.0037326455
   0.0033164955
   0.0028476400
   0.0018455403
  -0.0000459976
  -0.0025738994
  -0.0051182466
  -0.0073233878
  -0.0090843195
  -0.0103386466
  -0.0104287700
  -0.0095272045
  -0.0080426313
  -0.0060397113
  -0.0035304867
  -0.0006870612
   0.0023590327
   0.0050258451
   0.0068693552
   0.0080447567
   0.0080113696
   0.0065078282
   0.0037283824
  -0.0005381441
  -0.0059978621
  -0.0110070638
  -0.0140315874
  -0.0144812268
  -0.0130639428
  -0.0108128678
  -0.0080691756
  -0.0045456098
  -0.0003958559
   0.0034314903
   0.0063373073
   0.0077653800
   0.0075448216
   0.0059804074
   0.0038354282
   0.0022177346
   0.0016942703
   0.0022538835
   0.0035440371
   0.0046884508
   0.0051108733
   0.0049500123
   0.0038948118
   0.0022911281
   0.0003555453
  -0.0019628270
  -0.0039924404
  -0.0050650244
  -0.0046967187
  -0.0033638994
  -0.0017346855
   0.0002861795
   0.0028734718
   0.0060869540
   0.0097509216
   0.0131052736
   0.0151843193
   0.0158099269
   0.0156748024
   0.0150983255
   0.0148607512
   0.0152964882
   0.0151008931
   0.0136224623
   0.0110635210
   0.0076541473
   0.0037795813
  -0.0001602010
  -0.0036983256
  -0.0065803236
  -0.0085620095
  -0.0093701923
  -0.0088682011
  -0.0074705960
  -0.0048319420
  -0.0007372948
   0.0051555466
   0.0127969479
   0.0206413090
   0.0256167006
   0.0265734127
   0.0239995618
   0.0197250436
   0.0154824077
   0.0118927576
   0.0088381097
   0.0054860651
   0.0022725448
  -0.0003304199
  -0.0026873443
  -0.0052656576
  -0.0072923637
  -0.0082022803
  -0.0093934669
  -0.0126882152
  -0.0183700714
  -0.0253828103
  -0.0315468279
  -0.0354805227
  -0.0370268755
  -0.0371632985
  -0.0371187777
  -0.0379014633
  -0.0394642167
  -0.0411595789
  -0.0414846433
  -0.0381747600
  -0.0312827890
  -0.0244581713
  -0.0209774515
  -0.0202098489
  -0.0204380007
  -0.0198389982
  -0.0173365973
  -0.0117542403
  -0.0034049511
   0.0064180012
   0.0158672492
   0.0222606149
   0.0239847389
   0.0211892375
   0.0162664334
   0.0119853446
   0.0098633314
   0.0085926921
   0.0061249249
   0.0012485066
  -0.0050599604
  -0.0104155542
  -0.0120827443
  -0.0089614798
  -0.0023032864
   0.0057426077
   0.0122480833
   0.0158397878
   0.0170734287
   0.0178172539
   0.0187190604
   0.0193235068
   0.0185072572
   0.0147462384
   0.0082815544
   0.0003098822
  -0.0066816466
  -0.0111145379
  -0.0128191563
  -0.0129061037
  -0.0130398100
  -0.0146178163
  -0.0164833389
  -0.0160237638
  -0.0112175825
  -0.0010485253
   0.0121076901
   0.0247293530
   0.0336697149
   0.0382942624
   0.0403863592
   0.0418373078
   0.0439977635
   0.0460951654
   0.0469774680
   0.0458242611
   0.0423942167
   0.0370796486
   0.0308529239
   0.0239862992
   0.0165907696
   0.0086184216
  -0.0006722466
  -0.0111513352
  -0.0213996364
  -0.0297394008
  -0.0348906046
  -0.0372690527
  -0.0385797469
  -0.0402862567
  -0.0425708090
  -0.0451672670
  -0.0468553132
  -0.0457989321
  -0.0413349057
  -0.0348899804
  -0.0271929593
  -0.0183303702
  -0.0085511116
   0.0012320454
   0.0116627906
   0.0221483420
   0.0319469951
   0.0412688699
   0.0515358411
   0.0618501764
   0.0697173405
   0.0729866210
   0.0704183006
   0.0625927447
   0.0502692170
   0.0355839018
   0.0204524249
   0.0059430553
  -0.0075893095
  -0.0205982098
  -0.0322503712
  -0.0403393072
  -0.0436881289
  -0.0419972048
  -0.0367755444
  -0.0292699385
  -0.0203663305
  -0.0099648243
   0.0009645954
   0.0098438380
   0.0155005159
   0.0179733021
   0.0172435006
   0.0144120826
   0.0109654625
   0.0077261989
   0.0052819195
   0.0040349085
   0.0030215070
   0.0008973144
  -0.0026460533
  -0.0066866465
  -0.0087487473
  -0.0077315594
  -0.0045101093
  -0.0017183493
  -0.0008626251
  -0.0012908746
  -0.0013630163
   0.0002145716
   0.0031123152
   0.0060702691
   0.0087144517
   0.0106393736
   0.0117843872
   0.0133156293
   0.0145228645
   0.0136760416
   0.0116399702
   0.0091114255
   0.0060841957
   0.0025657390
  -0.0010889212
  -0.0047726018
  -0.0093633235
  -0.0151410832
  -0.0211925835
  -0.0253469579
  -0.0259990977
  -0.0238837002
  -0.0217586982
  -0.0204204559
  -0.0189009578
  -0.0170238663
  -0.0148700627
  -0.0138013413
  -0.0145462362
  -0.0160485484
  -0.0161841653
  -0.0140764532
  -0.0095715883
  -0.0034483503
   0.0036609302
   0.0112288011
   0.0179648591
   0.0225939142
   0.0234175146
   0.0193479689
   0.0121958250
   0.0041570703
  -0.0034010573
  -0.0092084490
  -0.0122382585
  -0.0128324883
  -0.0121305019
  -0.0109036466
  -0.0097554551
  -0.0084910692
  -0.0062683104
  -0.0025364624
   0.0026894923
   0.0085574846
   0.0128719710
   0.0132706785
   0.0100940959
   0.0045418789
  -0.0035976337
  -0.0138638993
  -0.0232043591
  -0.0295693965
  -0.0335798931
  -0.0369643244
  -0.0406930986
  -0.0435835188
  -0.0446949268
  -0.0444469764
  -0.0428312072
  -0.0401953254
  -0.0368845580
  -0.0333384439
  -0.0296463024
  -0.0259428225
  -0.0228007938
  -0.0203597599
  -0.0196636368
  -0.0205555787
  -0.0222817137
  -0.0243556243
  -0.0249961138
  -0.0226983509
  -0.0174566319
  -0.0101260181
  -0.0031468778
   0.0021971542
   0.0068463182
   0.0131692290
   0.0218207465
   0.0320591293
   0.0425788012
   0.0523469590
   0.0608979025
   0.0677401517
   0.0725662911
   0.0752281261
   0.0770221172
   0.0771344075
   0.0757685824
   0.0732206674
   0.0701502048
   0.0661849745
   0.0599765748
   0.0514711750
   0.0419616644
   0.0325811047
   0.0238479518
   0.0171337675
   0.0130642496
   0.0115262532
   0.0114606248
   0.0113158299
   0.0096487647
   0.0066391975
   0.0032893773
   0.0001744914
  -0.0023800744
  -0.0050330398
  -0.0082223338
  -0.0108749109
  -0.0116677957
  -0.0100043591
  -0.0058074402
   0.0003428226
   0.0065378884
   0.0109883037
   0.0124061599
   0.0107355025
   0.0084935484
   0.0078871465
   0.0096864669
   0.0126406067
   0.0156513978
   0.0171276529
   0.0159939116
   0.0133787438
   0.0107346790
   0.0090239407
   0.0089289335
   0.0107701812
   0.0132170836
   0.0157495014
   0.0173403368
   0.0177943520
   0.0184579341
   0.0206815129
   0.0245542169
   0.0287930041
   0.0323383900
   0.0347778462
   0.0369143772
   0.0389694774
   0.0414575806
   0.0450131085
   0.0493635791
   0.0536559368
   0.0579762935
   0.0611412067
   0.0622836648
   0.0620808940
   0.0616843675
   0.0616101142
   0.0616789411
   0.0616456372
   0.0615281286
   0.0608015621
   0.0581558677
   0.0533208865
   0.0471449759
   0.0407030846
   0.0343007038
   0.0289845754
   0.0249783956
   0.0217998383
   0.0187846801
   0.0162330584
   0.0131910230
   0.0089048406
   0.0046260818
   0.0030291871
   0.0051996774
   0.0101607662
   0.0160483023
   0.0212578564
   0.0243864664
   0.0250792089
   0.0231248700
   0.0183318611
   0.0112764425
   0.0038248840
  -0.0035944489
  -0.0102467097
  -0.0153106489
  -0.0187703253
  -0.0205484879
  -0.0209759779
  -0.0215834408
  -0.0243759430
  -0.0303165590
  -0.0373553725
  -0.0432433368
  -0.0477046413
  -0.0509921602
  -0.0531602440
  -0.0551994811
  -0.0568140540
  -0.0575044734
  -0.0574648935
  -0.0570233608
  -0.0549404698
  -0.0505061586
  -0.0456649882
  -0.0430944487
  -0.0429261433
  -0.0443397138
  -0.0465426099
  -0.0480091269
  -0.0474097603
  -0.0451700582
  -0.0434210386
  -0.0433250103
  -0.0455837481
  -0.0497409311
  -0.0543144219
  -0.0575944685
  -0.0596489272
  -0.0610668319
  -0.0627228051
  -0.0648341111
  -0.0664108552
  -0.0680250815
  -0.0697658834
  -0.0699428224
  -0.0681429715
  -0.0662275883
  -0.0648751819
  -0.0646168987
  -0.0653941926
  -0.0660712800
  -0.0647787548
  -0.0604251116
  -0.0538061079
  -0.0445429007
  -0.0325581855
  -0.0200968305
  -0.0099419363
  -0.0029517664
   0.0019883172
   0.0060711463
   0.0095403562
   0.0115263398
   0.0119194666
   0.0106793314
   0.0071493041
   0.0006262733
  -0.0071298453
  -0.0149888490
  -0.0244666143
  -0.0367764806
  -0.0499695684
  -0.0627983414
  -0.0742745346
  -0.0853181756
  -0.0964401094
  -0.1068627301
  -0.1155009815
  -0.1217095893
  -0.1255021801
  -0.1270715388
  -0.1273483029
  -0.1270473193
  -0.1259613096
  -0.1243181310
  -0.1221820161
  -0.1176651299
  -0.1081770649
  -0.0936913652
  -0.0766248106
  -0.0588570011
  -0.0415127982
  -0.0257608558
  -0.0121629528
  -0.0010799397
   0.0082061360
   0.0168429901
   0.0245624346
   0.0304467235
   0.0340512277
   0.0365731376
   0.0382669743
   0.0389490373
   0.0386407896
   0.0371309134
   0.0367145883
   0.0376618692
   0.0376910296
   0.0357983229
   0.0327332348
   0.0298309216
   0.0276570819
   0.0288024700
   0.0332936284
   0.0392956166
   0.0465606228
   0.0553078012
   0.0647634811
   0.0729510980
   0.0782901629
   0.0797899145
   0.0774716076
   0.0741605974
   0.0721897366
   0.0707470750
   0.0673433998
   0.0618824574
   0.0561404513
   0.0507514045
   0.0453955055
   0.0399816671
   0.0358069393
   0.0341911701
   0.0357154012
   0.0395203358
   0.0433305061
   0.0462800966
   0.0478590079
   0.0482175669
   0.0481159734
   0.0488276997
   0.0505916289
   0.0506221936
   0.0466982074
   0.0379909037
   0.0241793961
   0.0059415644
  -0.0166194984
  -0.0429752411
  -0.0724301975
  -0.1024987888
  -0.1293042714
  -0.1498201489
  -0.1630877328
  -0.1693227792
  -0.1681957160
  -0.1578779308
  -0.1368495958
  -0.1055593520
  -0.0664086881
  -0.0240907705
   0.0148041865
   0.0443955729
   0.0630681882
   0.0736087162
   0.0797539061
   0.0833719156
   0.0848458874
   0.0851478419
   0.0861604477
   0.0866524824
   0.0843562452
   0.0799787119
   0.0762095084
   0.0749373365
   0.0773702048
   0.0845183613
   0.0946290589
   0.1040553183
   0.1107459228
   0.1153766075
   0.1206467415
   0.1277740592
   0.1364740988
   0.1463335520
   0.1553640825
   0.1611243788
   0.1635333050
   0.1623833227
   0.1567590679
   0.1461809365
   0.1322085437
   0.1164009330
   0.1007423318
   0.0867415414
   0.0746703677
   0.0647228437
   0.0567523872
   0.0492699085
   0.0404369306
   0.0305869606
   0.0205895241
   0.0111289517
   0.0023337453
  -0.0063907600
  -0.0154281852
  -0.0248967568
  -0.0343418959
  -0.0437163358
  -0.0543128962
  -0.0666940166
  -0.0799780878
  -0.0924668348
  -0.1016642143
  -0.1075009311
  -0.1106018716
  -0.1116545774
  -0.1109602052
  -0.1079425332
  -0.1020505121
  -0.0949175600
  -0.0878555499
  -0.0815506191
  -0.0767631753
  -0.0743580632
  -0.0748936999
  -0.0786492767
  -0.0857670245
  -0.0963124414
  -0.1094296809
  -0.1219553206
  -0.1314514298
  -0.1353871877
  -0.1314503376
  -0.1195023590
  -0.1013081691
  -0.0797463299
  -0.0576173357
  -0.0368625576
  -0.0174483449
   0.0010006382
   0.0188361356
   0.0367741401
   0.0547036669
   0.0724245111
   0.0885910275
   0.1009723733
   0.1087191336
   0.1134089193
   0.1174347937
   0.1214838126
   0.1252044038
   0.1286052357
   0.1319148416
   0.1356252388
   0.1397000548
   0.1440010289
   0.1486869486
   0.1534769235
   0.1574836061
   0.1582132412
   0.1550340945
   0.1492981563
   0.1426171910
   0.1358467333
   0.1288806302
   0.1214206201
   0.1123582073
   0.1019105350
   0.0911095568
   0.0795662529
   0.0662742589
   0.0518387664
   0.0367574275
   0.0209003376
   0.0038793128
  -0.0141613652
  -0.0326113053
  -0.0509813767
  -0.0690427323
  -0.0862331061
  -0.1019864874
  -0.1142641073
  -0.1220450210
  -0.1261430510
  -0.1275897867
  -0.1270009261
  -0.1242198316
  -0.1190118325
  -0.1106700745
  -0.0988224757
  -0.0846628805
  -0.0710528089
  -0.0600831959
  -0.0523595282
  -0.0491663214
  -0.0506854901
  -0.0559213840
  -0.0643453183
  -0.0738659418
  -0.0823334607
  -0.0884544832
  -0.0916316015
  -0.0924342417
  -0.0916819474
  -0.0897911824
  -0.0882495973
  -0.0871293128
  -0.0847556669
  -0.0806826019
  -0.0757959745
  -0.0710405344
  -0.0666304774
  -0.0623504807
  -0.0587167467
  -0.0568795523
  -0.0565229524
  -0.0555227424
  -0.0537811256
  -0.0525612068
  -0.0520746331
  -0.0504820605
  -0.0458895340
  -0.0380207056
  -0.0284976376
  -0.0184798998
  -0.0074617491
   0.0044122311
   0.0157814790
   0.0243136693
   0.0287757020
   0.0286204339
   0.0235873109
   0.0160131485
   0.0063019507
  -0.0056679451
  -0.0177342802
  -0.0267307438
  -0.0311959145
  -0.0323161469
  -0.0312465552
  -0.0292777054
  -0.0269358378
  -0.0246550649
  -0.0223856130
  -0.0209008750
  -0.0203920236
  -0.0193261420
  -0.0174785109
  -0.0156439603
  -0.0130657597
  -0.0096012723
  -0.0056738847
  -0.0011788257
   0.0033938695
   0.0075220689
   0.0103640519
   0.0114095369
   0.0107180860
   0.0070954301
   0.0009813226
  -0.0048754677
  -0.0076846860
  -0.0071055375
  -0.0037337204
   0.0016369081
   0.0073381171
   0.0126705768
   0.0187537166
   0.0271939475
   0.0374392478
   0.0487165016
   0.0614581921
   0.0757863526
   0.0911119666
   0.1070838952
   0.1233391932
   0.1392942011
   0.1549069293
   0.1697903517
   0.1823250412
   0.1910440473
   0.1948357713
   0.1923101513
   0.1821215076
   0.1640866772
   0.1379342186
   0.1044883213
   0.0658138984
   0.0252011210
  -0.0116134952
  -0.0400492458
  -0.0619346411
  -0.0814998744
  -0.1007594605
  -0.1180365008
  -0.1314559547
  -0.1399897868
  -0.1438476506
  -0.1444904632
  -0.1428618301
  -0.1389340645
  -0.1333436164
  -0.1274309299
  -0.1210271622
  -0.1144030962
  -0.1072204569
  -0.0980536248
  -0.0869688957
  -0.0745698491
  -0.0588620981
  -0.0383584084
  -0.0150449491
   0.0072402199
   0.0254273138
   0.0385738177
   0.0478560260
   0.0539829949
   0.0558974592
   0.0532249275
   0.0466120090
   0.0377342675
   0.0279428785
   0.0173763106
   0.0062520936
  -0.0040432908
  -0.0107794443
  -0.0126264876
  -0.0094925257
  -0.0026989166
   0.0070947696
   0.0195685966
   0.0337535555
   0.0484705103
   0.0628628688
   0.0755091377
   0.0851434210
   0.0907936982
   0.0930357581
   0.0945900511
   0.0970730574
   0.1006248405
   0.1047916974
   0.1095002936
   0.1144015532
   0.1194393398
   0.1246337815
   0.1293866731
   0.1333553014
   0.1357080218
   0.1350683992
   0.1314298976
   0.1245983972
   0.1143994208
   0.1009376304
   0.0830606860
   0.0593788725
   0.0305299400
  -0.0010144485
  -0.0332666871
  -0.0642181531
  -0.0915748756
  -0.1147135976
  -0.1352368259
  -0.1527728081
  -0.1660996144
  -0.1759218802
  -0.1831532185
  -0.1875397669
  -0.1887382575
  -0.1890953948
  -0.1904842431
  -0.1920521802
  -0.1930726222
  -0.1931369416
  -0.1923479454
  -0.1898176445
  -0.1848636638
  -0.1767984271
  -0.1658445386
  -0.1525900960
  -0.1355602433
  -0.1140312225
  -0.0897117627
  -0.0653168013
  -0.0430774760
  -0.0245683984
  -0.0098135177
   0.0035222430
   0.0173119930
   0.0313497609
   0.0448472303
   0.0570814390
   0.0679991457
   0.0777195753
   0.0860199679
   0.0924666961
   0.0964631326
   0.0977813856
   0.0966552586
   0.0939362297
   0.0906229484
   0.0883248562
   0.0882352944
   0.0904098623
   0.0936952833
   0.0964154218
   0.0974882729
   0.0971938079
   0.0952626656
   0.0903020623
   0.0812053401
   0.0681023167
   0.0523099970
   0.0352157556
   0.0189825793
   0.0055821923
  -0.0039288647
  -0.0102051258
  -0.0145007047
  -0.0175999896
  -0.0187535779
  -0.0165638560
  -0.0102762256
  -0.0010018964
   0.0106527645
   0.0243455863
   0.0393663853
   0.0547970947
   0.0691567735
   0.0806917384
   0.0882250831
   0.0916456789
   0.0908958118
   0.0868795940
   0.0801499645
   0.0711861633
   0.0603795506
   0.0474811184
   0.0329316888
   0.0164476442
  -0.0017413429
  -0.0193806661
  -0.0352733137
  -0.0492607721
  -0.0609454052
  -0.0690139359
  -0.0728532840
  -0.0732670779
  -0.0707098530
  -0.0646485383
  -0.0531486284
  -0.0365441159
  -0.0161070635
   0.0079147622
   0.0348233899
   0.0624968030
   0.0886998677
   0.1117715312
   0.1292940428
   0.1403318065
   0.1458138478
   0.1473319243
   0.1456793492
   0.1405932103
   0.1308396154
   0.1151625505
   0.0941471661
   0.0700623421
   0.0447955494
   0.0200362385
  -0.0019881179
  -0.0188567317
  -0.0304486479
  -0.0388201732
  -0.0453710607
  -0.0505434847
  -0.0540693147
  -0.0566602076
  -0.0591032699
  -0.0626034588
  -0.0681209711
  -0.0756201970
  -0.0837797284
  -0.0916507239
  -0.0994944487
  -0.1073169707
  -0.1137868262
  -0.1179939564
  -0.1206314158
  -0.1225588307
  -0.1247564565
  -0.1262852471
  -0.1255105884
  -0.1226225087
  -0.1181128519
  -0.1128039702
  -0.1080605619
  -0.1049039703
  -0.1037360964
  -0.1041716653
  -0.1060348995
  -0.1079429493
  -0.1088209351
  -0.1081547699
  -0.1053624411
  -0.1010285618
  -0.0960753785
  -0.0906350322
  -0.0855590700
  -0.0813583370
  -0.0773848197
  -0.0718266354
  -0.0631271505
  -0.0514242964
  -0.0386204536
  -0.0255158353
  -0.0117526973
   0.0016142580
   0.0136861246
   0.0239683383
   0.0334790104
   0.0436328246
   0.0532296778
   0.0606043391
   0.0656007082
   0.0682418430
   0.0696823375
   0.0714408923
   0.0734668494
   0.0771367826
   0.0836674902
   0.0910037158
   0.0980597447
   0.1055330348
   0.1128990451
   0.1188335239
   0.1222904749
   0.1232478805
   0.1229464461
   0.1225785080
   0.1224468006
   0.1214446662
   0.1194920263
   0.1179680379
   0.1175239913
   0.1182190916
   0.1196133663
   0.1182926862
   0.1117049753
   0.1008040853
   0.0865412497
   0.0699508494
   0.0519331304
   0.0334346110
   0.0145995832
  -0.0044739552
  -0.0230497151
  -0.0383158293
  -0.0483594683
  -0.0534631000
  -0.0536023662
  -0.0491123693
  -0.0411540138
  -0.0323313339
  -0.0250028924
  -0.0205128089
  -0.0190524464
  -0.0194287756
  -0.0210976473
  -0.0229585411
  -0.0237409666
  -0.0235425820
  -0.0219545343
  -0.0201259043
  -0.0172858352
  -0.0109872965
  -0.0047440221
  -0.0014907002
   0.0052936686
   0.0165042887
   0.0250598437
   0.0280907611
   0.0284671596
   0.0280842771
   0.0253100826
   0.0199812637
   0.0136995381
   0.0066951693
  -0.0014872195
  -0.0106020579
  -0.0194136233
  -0.0273286889
  -0.0351625144
  -0.0437474206
  -0.0527741023
  -0.0616019139
  -0.0700157582
  -0.0782634990
  -0.0866335507
  -0.0950318959
  -0.1024177394
  -0.1080190577
  -0.1117782058
  -0.1144388446
  -0.1157752838
  -0.1148711021
  -0.1120613499
  -0.1071044566
  -0.1008694103
  -0.0937350365
  -0.0851502864
  -0.0750941476
  -0.0638274518
  -0.0518196266
  -0.0400135841
  -0.0288433327
  -0.0172367861
  -0.0060130959
   0.0035324318
   0.0114393994
   0.0182155661
   0.0248881057
   0.0307311331
   0.0350936181
   0.0373411564
   0.0377985869
   0.0369466409
   0.0345833797
   0.0309328117
   0.0269651369
   0.0231723034
   0.0188302411
   0.0127176461
   0.0054670068
  -0.0009440691
  -0.0068070781
  -0.0122527191
  -0.0161698954
  -0.0175939217
  -0.0161751224
  -0.0121951038
  -0.0065835413
   0.0004379924
   0.0088011910
   0.0182338911
   0.0287839196
   0.0404448014
   0.0524269682
   0.0634904251
   0.0731318164
   0.0811870671
   0.0876379388
   0.0924502609
   0.0959189142
   0.0987802780
   0.1014089477
   0.1041250641
   0.1061828861
   0.1069331520
   0.1064391062
   0.1044071853
   0.1001609433
   0.0936620488
   0.0855247778
   0.0759575878
   0.0655134176
   0.0544879282
   0.0431339591
   0.0318633973
   0.0202134203
   0.0072148146
  -0.0066657748
  -0.0201097984
  -0.0334955844
  -0.0470479593
  -0.0597805826
  -0.0709218123
  -0.0793800560
  -0.0857854708
  -0.0915189298
  -0.0972768337
  -0.1023775008
  -0.1062392653
  -0.1084418320
  -0.1096525277
  -0.1092088972
  -0.1065417919
  -0.1018926261
  -0.0957088273
  -0.0880714100
  -0.0788230604
  -0.0690045567
  -0.0598576792
  -0.0528872073
  -0.0483296317
  -0.0461224708
  -0.0468991925
  -0.0502074981
  -0.0552467931
  -0.0610871853
  -0.0660398138
  -0.0684689200
  -0.0686299439
  -0.0663945413
  -0.0609342750
  -0.0537966767
  -0.0457396056
  -0.0348487189
  -0.0207177468
  -0.0056000509
   0.0087280056
   0.0221954113
   0.0356586059
   0.0486434272
   0.0598524435
   0.0694221994
   0.0779943977
   0.0851591108
   0.0907123715
   0.0953658020
   0.1008096157
   0.1077415827
   0.1150315886
   0.1210639681
   0.1249253859
   0.1266156512
   0.1279910461
   0.1293709660
   0.1290340086
   0.1272291820
   0.1253039168
   0.1227513728
   0.1186307878
   0.1133860695
   0.1076080376
   0.1016532228
   0.0962810792
   0.0921648630
   0.0887189555
   0.0846565526
   0.0800630206
   0.0751432800
   0.0698155532
   0.0636400934
   0.0568869378
   0.0496829570
   0.0424459496
   0.0351064820
   0.0280905184
   0.0209992438
   0.0139130681
   0.0071989341
   0.0011938823
  -0.0043532185
  -0.0093734863
  -0.0134404748
  -0.0172283777
  -0.0210094032
  -0.0246772733
  -0.0281534508
  -0.0303589994
  -0.0309598224
  -0.0310736556
  -0.0324920457
  -0.0344634960
  -0.0365486408
  -0.0385161383
  -0.0393955804
  -0.0382195583
  -0.0356990006
  -0.0322849927
  -0.0285448456
  -0.0257536957
  -0.0244680879
  -0.0249368740
  -0.0268935707
  -0.0297219600
  -0.0331922950
  -0.0370001422
  -0.0407685135
  -0.0452343430
  -0.0510452453
  -0.0578660663
  -0.0653477821
  -0.0723658088
  -0.0782609852
  -0.0826620444
  -0.0867139933
  -0.0916430611
  -0.0969915746
  -0.1019606903
  -0.1060268726
  -0.1092772907
  -0.1115831846
  -0.1117773737
  -0.1099421730
  -0.1078270703
  -0.1056596279
  -0.1028398203
  -0.0995352941
  -0.0956242759
  -0.0911906408
  -0.0867830456
  -0.0822808090
  -0.0761761698
  -0.0684157481
  -0.0592340931
  -0.0493652781
  -0.0397160332
  -0.0306625142
  -0.0231626121
  -0.0175002685
  -0.0120147131
  -0.0058550227
   0.0015733865
   0.0100454784
   0.0196838168
   0.0300853559
   0.0400631846
   0.0486787942
   0.0562276033
   0.0631105419
   0.0699332872
   0.0765234079
   0.0821315394
   0.0863669979
   0.0896105334
   0.0919815787
   0.0930841277
   0.0928871820
   0.0911263561
   0.0887476999
   0.0861671397
   0.0834262491
   0.0802838563
   0.0764074422
   0.0719392203
   0.0672362066
   0.0627253016
   0.0587699186
   0.0552006253
   0.0524929866
   0.0500766576
   0.0471198029
   0.0437812099
   0.0404862190
   0.0374403227
   0.0342788941
   0.0303678932
   0.0253958476
   0.0195318947
   0.0134063058
   0.0077505397
   0.0030783195
  -0.0004934872
  -0.0021531847
  -0.0009767728
   0.0025861288
   0.0072699490
   0.0122472355
   0.0175822020
   0.0232848883
   0.0281270816
   0.0316298537
   0.0334805534
   0.0339450227
   0.0337292840
   0.0324994485
   0.0290982178
   0.0226725711
   0.0139061715
   0.0042670859
  -0.0061386643
  -0.0181411220
  -0.0315567619
  -0.0448891680
  -0.0567297627
  -0.0666885729
  -0.0750522099
  -0.0819024861
  -0.0870520429
  -0.0904433916
  -0.0928797272
  -0.0942706212
  -0.0946751920
  -0.0938142482
  -0.0917786519
  -0.0894220307
  -0.0870800071
  -0.0849725498
  -0.0820388397
  -0.0777152411
  -0.0716934370
  -0.0643083390
  -0.0558921715
  -0.0469260125
  -0.0377185431
  -0.0280048401
  -0.0190867039
  -0.0122289868
  -0.0072627871
  -0.0033069273
  -0.0005005740
   0.0020936710
   0.0054057283
   0.0089659804
   0.0127888586
   0.0164461793
   0.0202680138
   0.0246063659
   0.0290262703
   0.0330549532
   0.0363343064
   0.0390152984
   0.0409243364
   0.0426240675
   0.0430602085
   0.0413585183
   0.0379751445
   0.0340432181
   0.0311142236
   0.0297165509
   0.0281492380
   0.0254928121
   0.0224324742
   0.0206618531
   0.0204239753
   0.0207769345
   0.0216167274
   0.0233408514
   0.0248707863
   0.0254246266
   0.0252326913
   0.0248688446
   0.0236807214
   0.0209487245
   0.0165249523
   0.0110412571
   0.0056638675
   0.0011359238
  -0.0022733024
  -0.0042622993
  -0.0043580502
  -0.0044388135
  -0.0056050664
  -0.0068316183
  -0.0061727276
  -0.0039298859
  -0.0011123837
   0.0011776516
   0.0026290199
   0.0044291656
   0.0069795928
   0.0100236012
   0.0128219250
   0.0148383659
   0.0163545735
   0.0183395066
   0.0198537171
   0.0195087501
   0.0183281857
   0.0168444360
   0.0158068410
   0.0145435612
   0.0120333223
   0.0079645257
   0.0033758895
  -0.0004756581
  -0.0026076974
  -0.0040717006
  -0.0057356435
  -0.0077614376
  -0.0103187856
  -0.0132678179
  -0.0155499829
  -0.0164592425
  -0.0163754245
  -0.0160528878
  -0.0154709255
  -0.0139058525
  -0.0114462631
  -0.0083996473
  -0.0050964768
  -0.0019217094
   0.0010419292
   0.0046457452
   0.0095083733
   0.0140208265
   0.0163226826
   0.0170610051
   0.0167104592
   0.0160195094
   0.0156015182
   0.0146715949
   0.0128165055
   0.0107097088
   0.0084300438
   0.0059437540
   0.0034213725
   0.0017447842
   0.0006646115
   0.0005261043
   0.0016481896
   0.0041196766
   0.0070220471
   0.0096789913
   0.0111598198
   0.0112729231
   0.0105113901
   0.0090552110
   0.0074043782
   0.0054335399
   0.0028314787
  -0.0006556770
  -0.0046078245
  -0.0088136145
  -0.0132176661
  -0.0161265344
  -0.0180437588
  -0.0197541867
  -0.0216575728
  -0.0239488518
  -0.0267268084
  -0.0297409264
  -0.0326580626
  -0.0349513873
  -0.0371802712
  -0.0396583711
  -0.0421123729
  -0.0438966728
  -0.0457156636
  -0.0473055663
  -0.0482936926
  -0.0497920399
  -0.0515878687
  -0.0527016346
  -0.0528869819
  -0.0526395690
  -0.0516852494
  -0.0498316891
  -0.0474931155
  -0.0451411405
  -0.0439048731
  -0.0447789235
  -0.0472450957
  -0.0500910818
  -0.0526564030
  -0.0540389753
  -0.0533884999
  -0.0510181826
  -0.0475789151
  -0.0438888539
  -0.0405643211
  -0.0370424786
  -0.0329869584
  -0.0291750891
  -0.0250438592
  -0.0208561635
  -0.0172200335
  -0.0141824103
  -0.0111332166
  -0.0079997245
  -0.0046397969
  -0.0007328809
   0.0034560148
   0.0074839418
   0.0109267981
   0.0147230418
   0.0192878277
   0.0236555484
   0.0275016578
   0.0311946142
   0.0349425282
   0.0381619829
   0.0408931302
   0.0433058878
   0.0458082592
   0.0476837505
   0.0495477649
   0.0506935690
   0.0498450557
   0.0480782139
   0.0457569424
   0.0433229472
   0.0407952295
   0.0389889639
   0.0383656032
   0.0384958023
   0.0387155111
   0.0387347896
   0.0386409803
   0.0385869763
   0.0386042611
   0.0386374263
   0.0386561500
   0.0389578097
   0.0392787133
   0.0394593103
   0.0391511493
   0.0381303259
   0.0359940203
   0.0327385745
   0.0282143375
   0.0234162490
   0.0197368326
   0.0171388871
   0.0151885842
   0.0145804538
   0.0151071794
   0.0161552077
   0.0180540741
   0.0194704012
   0.0197188717
   0.0205429055
   0.0230555229
   0.0269318676
   0.0310227375
   0.0348720369
   0.0387330906
   0.0419408603
   0.0441576258
   0.0461147212
   0.0474933755
   0.0480061624
   0.0479333306
   0.0472397733
   0.0453564978
   0.0429392326
   0.0388679533
   0.0327475203
   0.0254876977
   0.0179401196
   0.0115591219
   0.0063604397
   0.0016979886
  -0.0028520297
  -0.0070320937
  -0.0102119998
  -0.0117113023
  -0.0123065914
  -0.0126068451
  -0.0122613979
  -0.0117579660
  -0.0115411905
  -0.0116067443
  -0.0117241662
  -0.0117524442
  -0.0118020690
  -0.0129683860
  -0.0149769144
  -0.0163948486
  -0.0172162611
  -0.0187813514
  -0.0212567815
  -0.0240007407
  -0.0256009588
  -0.0256273627
  -0.0249798345
  -0.0253522803
  -0.0274858813
  -0.0296188062
  -0.0304209264
  -0.0304697467
  -0.0311095947
  -0.0317042804
  -0.0328609027
  -0.0339953340
  -0.0337113404
  -0.0322821148
  -0.0322193211
  -0.0325195765
  -0.0316373605
  -0.0302528638
  -0.0294841516
  -0.0295560125
  -0.0299132192
  -0.0294248078
  -0.0274308544
  -0.0255907128
  -0.0250439112
  -0.0254649866
  -0.0268153299
  -0.0288110343
  -0.0303918353
  -0.0321649183
  -0.0341808721
  -0.0367864145
  -0.0401257009
  -0.0436971093
  -0.0469951342
  -0.0491061108
  -0.0498279963
  -0.0490707438
  -0.0469058672
  -0.0439313117
  -0.0407740093
  -0.0369037324
  -0.0322509433
  -0.0270788834
  -0.0221187135
  -0.0176059014
  -0.0135190987
  -0.0101056838
  -0.0072271081
  -0.0044449334
  -0.0015769109
   0.0016418118
   0.0048484778
   0.0069607061
   0.0086016934
   0.0105111942
   0.0131316879
   0.0159037362
   0.0185215427
   0.0210641527
   0.0243818202
   0.0277561442
   0.0298798286
   0.0316790554
   0.0331973227
   0.0343097882
   0.0361992183
   0.0392677738
   0.0430765398
   0.0473277227
   0.0514732901
   0.0551704593
   0.0587541594
   0.0623542428
   0.0656854329
   0.0682905247
   0.0697700442
   0.0695105995
   0.0682455011
   0.0667572958
   0.0647931096
   0.0615268283
   0.0571117090
   0.0529398417
   0.0494200623
   0.0462596739
   0.0439251918
   0.0428596568
   0.0417016823
   0.0388000798
   0.0339744779
   0.0279680861
   0.0209357913
   0.0137917523
   0.0066705788
  -0.0012737493
  -0.0102707194
  -0.0202702849
  -0.0305993217
  -0.0408528742
  -0.0498129480
  -0.0570478403
  -0.0633630519
  -0.0702522837
  -0.0767829566
  -0.0817152837
  -0.0849505495
  -0.0868312071
  -0.0865047558
  -0.0845815711
  -0.0819066816
  -0.0793881523
  -0.0756844298
  -0.0707258028
  -0.0654811365
  -0.0601073633
  -0.0541628118
  -0.0475128794
  -0.0405192455
  -0.0338126565
  -0.0272653923
  -0.0203614416
  -0.0132387008
  -0.0062030080
   0.0006019623
   0.0069566528
   0.0130410340
   0.0189142031
   0.0241755300
   0.0287962287
   0.0323545998
   0.0345246948
   0.0358556903
   0.0357566453
   0.0343912710
   0.0319078314
   0.0285646442
   0.0251706950
   0.0220404553
   0.0190313303
   0.0160484115
   0.0127945086
   0.0093251878
   0.0056793111
   0.0022852735
  -0.0009937092
  -0.0043484231
  -0.0080407988
  -0.0124717310
  -0.0175316480
  -0.0222531774
  -0.0256280215
  -0.0282726584
  -0.0310225121
  -0.0335379554
  -0.0348558790
  -0.0349933422
  -0.0346530909
  -0.0344569774
  -0.0345498331
  -0.0347273269
  -0.0347588278
  -0.0346581705
  -0.0346071484
  -0.0341227592
  -0.0317819491
  -0.0272361972
  -0.0221551900
  -0.0178197504
  -0.0138560024
  -0.0086523861
  -0.0023009372
   0.0041949147
   0.0105318354
   0.0174164279
   0.0242444783
   0.0300226835
   0.0349127609
   0.0394642513
   0.0437551355
   0.0479746961
   0.0530596735
   0.0588054763
   0.0642019433
   0.0686688129
   0.0724917430
   0.0763109111
   0.0802162082
   0.0832531415
   0.0847955068
   0.0848060996
   0.0839021086
   0.0819631301
   0.0791821569
   0.0763040631
   0.0737722019
   0.0703182154
   0.0657261223
   0.0609718958
   0.0561063673
   0.0513762042
   0.0474594821
   0.0434771578
   0.0388829669
   0.0337969494
   0.0299554169
   0.0274151126
   0.0253925709
   0.0228524921
   0.0190790410
   0.0139676980
   0.0088658780
   0.0047227759
   0.0002848477
  -0.0056213266
  -0.0111506729
  -0.0155998435
  -0.0191423202
  -0.0223255584
  -0.0254236211
  -0.0284405130
  -0.0303424948
  -0.0308821363
  -0.0307775956
  -0.0307607096
  -0.0309969057
  -0.0312948901
  -0.0315097446
  -0.0316771657
  -0.0318514176
  -0.0320422087
  -0.0322594557
  -0.0325081689
  -0.0327401522
  -0.0329316888
  -0.0329092550
  -0.0316308592
  -0.0298302281
  -0.0281047518
  -0.0262244236
  -0.0241263282
  -0.0215952298
  -0.0186154733
  -0.0155036435
  -0.0125097887
  -0.0095778001
  -0.0066311966
  -0.0036837402
  -0.0006625006
   0.0023858510
   0.0053752087
   0.0086719610
   0.0124195300
   0.0151310487
   0.0160045599
   0.0157344322
   0.0153781062
   0.0153654903
   0.0152560034
   0.0137763573
   0.0117967969
   0.0104334995
   0.0088084447
   0.0062489036
   0.0024293437
  -0.0012535106
  -0.0036201593
  -0.0054469378
  -0.0070567639
  -0.0093079083
  -0.0122312354
  -0.0151257141
  -0.0176122813
  -0.0197234139
  -0.0208810418
  -0.0211000225
  -0.0209157847
  -0.0207921562
  -0.0209968687
  -0.0218019708
  -0.0234656414
  -0.0250211827
  -0.0256623310
  -0.0255633034
  -0.0251298842
  -0.0240448975
  -0.0223484429
  -0.0209715570
  -0.0195030290
  -0.0172865547
  -0.0142372240
  -0.0108402478
  -0.0070567778
  -0.0038279942
  -0.0016270958
   0.0005070883
   0.0032777409
   0.0064768890
   0.0095104364
   0.0122442830
   0.0145629073
   0.0167957890
   0.0189959806
   0.0202883845
   0.0205238351
   0.0200609434
   0.0185330716
   0.0165987879
   0.0147470879
   0.0127997235
   0.0110063340
   0.0080810911
   0.0041268523
  -0.0001267953
  -0.0043597562
  -0.0080434860
  -0.0108230271
  -0.0130867320
  -0.0151463813
  -0.0163551613
  -0.0166019415
  -0.0166467050
  -0.0173425906
  -0.0179074571
  -0.0176891699
  -0.0168726100
  -0.0162578309
  -0.0161535590
  -0.0163539650
  -0.0173048225
  -0.0191708565
  -0.0212470209
  -0.0244520687
  -0.0288880616
  -0.0335093324
  -0.0382491868
  -0.0428455447
  -0.0475293493
  -0.0514004063
  -0.0541649269
  -0.0563622579
  -0.0587908614
  -0.0609801655
  -0.0620203020
  -0.0612637949
  -0.0577661545
  -0.0528764412
  -0.0467715419
  -0.0392482179
  -0.0304766467
  -0.0211337251
  -0.0118577339
  -0.0034481422
   0.0032931619
   0.0088681785
   0.0140275375
   0.0191258156
   0.0233640307
   0.0263308887
   0.0285360732
   0.0307091328
   0.0327549058
   0.0331295533
   0.0320981891
   0.0320535642
   0.0329924715
   0.0338208048
   0.0347315917
   0.0363115779
   0.0374572780
   0.0380034555
   0.0381353883
   0.0381309154
   0.0381411441
   0.0381720382
   0.0381885428
   0.0381628670
   0.0372480579
   0.0351243735
   0.0322898124
   0.0289754215
   0.0250769724
   0.0215812217
   0.0194765037
   0.0176929666
   0.0162143555
   0.0148196023
   0.0129443763
   0.0114346145
   0.0107562563
   0.0106155459
   0.0108613986
   0.0102787290
   0.0091557972
   0.0080330995
   0.0068657769
   0.0049861144
   0.0037041213
   0.0039186811
   0.0050332323
   0.0061600874
   0.0070877569
   0.0087309459
   0.0103439811
   0.0109762998
   0.0098608141
   0.0078083543
   0.0067340158
   0.0080376244
   0.0100137799
   0.0104062929
   0.0083836749
   0.0063488674
   0.0063393096
   0.0072028002
   0.0070376155
   0.0066569417
   0.0075182253
   0.0091208220
   0.0101015958
   0.0101338734
   0.0100497294
   0.0107799349
   0.0117229128
   0.0118913637
   0.0108561525
   0.0088427871
   0.0061171061
   0.0029513433
  -0.0006508523
  -0.0048288613
  -0.0090587998
  -0.0129777565
  -0.0166846153
  -0.0201564690
  -0.0233643254
  -0.0266508040
  -0.0298987083
  -0.0325230612
  -0.0348462051
  -0.0363731754
  -0.0377947381
  -0.0395798702
  -0.0405491688
  -0.0399298995
  -0.0379300863
  -0.0347599894
  -0.0306872884
  -0.0264371630
  -0.0225706483
  -0.0195522654
  -0.0168118099
  -0.0133782826
  -0.0102012735
  -0.0075398286
  -0.0053731178
  -0.0033761704
  -0.0009437485
   0.0019408180
   0.0038336113
   0.0046183462
   0.0058600088
   0.0077972501
   0.0103105489
   0.0123744596
   0.0143252514
   0.0167234063
   0.0195235037
   0.0214092930
   0.0227735231
   0.0243250943
   0.0255029714
   0.0265042390
   0.0281621019
   0.0296137266
   0.0302165779
   0.0304147718
   0.0299184549
   0.0283340306
   0.0258885238
   0.0228958340
   0.0196456065
   0.0156581990
   0.0118974593
   0.0082060493
   0.0044241397
   0.0011274440
  -0.0014231952
  -0.0036008098
  -0.0057104878
  -0.0070783430
  -0.0082769030
  -0.0094025202
  -0.0104111853
  -0.0112443747
  -0.0119960743
  -0.0133574802
  -0.0150824780
  -0.0161820935
  -0.0168482449
  -0.0175400044
  -0.0173998019
  -0.0176290287
  -0.0186928299
  -0.0203821417
  -0.0218039298
  -0.0228401483
  -0.0240337499
  -0.0254391201
  -0.0276769498
  -0.0310330529
  -0.0345051736
  -0.0365617474
  -0.0373259520
  -0.0380534720
  -0.0390054165
  -0.0393455465
  -0.0390893264
  -0.0386036196
  -0.0372631756
  -0.0351006741
  -0.0322185756
  -0.0290685893
  -0.0256931904
  -0.0223483563
  -0.0191365471
  -0.0166636101
  -0.0148958425
  -0.0130485113
  -0.0116172226
  -0.0103750781
  -0.0084317376
  -0.0058787394
  -0.0034256114
  -0.0015404306
   0.0001816123
   0.0018599471
   0.0036680244
   0.0058079811
   0.0085430240
   0.0116464403
   0.0147943409
   0.0179290934
   0.0213480769
   0.0250069146
   0.0282471560
   0.0310280079
   0.0334454118
   0.0356609464
   0.0376776630
   0.0394642687
   0.0413379049
   0.0431597909
   0.0446675347
   0.0451840143
   0.0453025631
   0.0454069825
   0.0452256746
   0.0443660484
   0.0431722907
   0.0418813605
   0.0407049569
   0.0386267642
   0.0358611514
   0.0329160337
   0.0297129449
   0.0261978810
   0.0232433148
   0.0207001326
   0.0177854236
   0.0142882478
   0.0098397586
   0.0050307965
  -0.0000210217
  -0.0050765967
  -0.0099945707
  -0.0145029914
  -0.0182472057
  -0.0218687520
  -0.0245999687
  -0.0263722195
  -0.0273881366
  -0.0283917620
  -0.0287430395
  -0.0283124983
  -0.0280804804
  -0.0279486863
  -0.0281970528
  -0.0274245092
  -0.0259213943
  -0.0248517679
  -0.0242073950
  -0.0229013124
  -0.0204731424
  -0.0178825095
  -0.0158193443
  -0.0149154833
  -0.0139324506
  -0.0124293270
  -0.0102145656
  -0.0068282654
  -0.0031282824
   0.0004023009
   0.0034632287
   0.0065160857
   0.0099212761
   0.0130722662
   0.0163897290
   0.0194118896
   0.0219742462
   0.0241496635
   0.0264227562
   0.0294751711
   0.0326707184
   0.0344951356
   0.0349556694
   0.0354011030
   0.0362751360
   0.0369967788
   0.0363680784
   0.0349442445
   0.0339490275
   0.0329494936
   0.0312476300
   0.0296635351
   0.0281846050
   0.0263549001
   0.0245486345
   0.0223974540
   0.0205708350
   0.0199897240
   0.0201638545
   0.0192865968
   0.0173086799
   0.0145365658
   0.0118013946
   0.0096185744
   0.0067334177
   0.0033395707
  -0.0002423526
  -0.0026598984
  -0.0034108110
  -0.0034876614
  -0.0042234250
  -0.0052501083
  -0.0053476068
  -0.0056460245
  -0.0058812099
  -0.0062778231
  -0.0063005880
  -0.0053275308
  -0.0038203418
  -0.0017762868
  -0.0003968913
   0.0001097942
   0.0007590840
   0.0011258690
   0.0019399719
   0.0030323684
   0.0033449677
   0.0036412270
   0.0033123537
   0.0022117725
   0.0011298446
  -0.0002687779
  -0.0012831172
  -0.0017479898
  -0.0013325620
  -0.0016221330
  -0.0035093358
  -0.0058094235
  -0.0071923981
  -0.0082319678
  -0.0096756141
  -0.0106962659
  -0.0117955070
  -0.0132728387
  -0.0143150418
  -0.0157157640
  -0.0174208141
  -0.0190266840
  -0.0210799118
  -0.0230625963
  -0.0252845802
  -0.0272279103
  -0.0286737965
  -0.0305756743
  -0.0323182446
  -0.0331251150
  -0.0325163519
  -0.0307384146
  -0.0284264529
  -0.0249369954
  -0.0205687373
  -0.0152795069
  -0.0098892100
  -0.0050489793
  -0.0007743038
   0.0027887158
   0.0066240175
   0.0102862237
   0.0135818890
   0.0170084418
   0.0194876339
   0.0209668934
   0.0217054223
   0.0219096667
   0.0224854034
   0.0219184045
   0.0199285425
   0.0170749543
   0.0138020001
   0.0108210369
   0.0082713188
   0.0053574766
   0.0018994316
  -0.0011789339
  -0.0036431340
  -0.0060744143
  -0.0088518456
  -0.0113280818
  -0.0133993017
  -0.0154715739
  -0.0179595194
  -0.0200226985
  -0.0214839105
  -0.0227070366
  -0.0239553531
  -0.0247891475
  -0.0254622300
  -0.0261322093
  -0.0269775847
  -0.0273638132
  -0.0279406594
  -0.0282534666
  -0.0272236454
  -0.0266419623
  -0.0266247295
  -0.0272749969
  -0.0276039274
  -0.0264896241
  -0.0250642126
  -0.0235526893
  -0.0220108788
  -0.0200081010
  -0.0174432999
  -0.0154204218
  -0.0129789597
  -0.0101561008
  -0.0068229343
  -0.0030945814
   0.0003717750
   0.0039508165
   0.0065750307
   0.0084434937
   0.0102841987
   0.0115500236
   0.0123923841
   0.0128256316
   0.0124777521
   0.0118426786
   0.0110472401
   0.0105384407
   0.0105914028
   0.0098578738
   0.0097602349
   0.0100332924
   0.0105394791
   0.0102970696
   0.0086970005
   0.0069788993
   0.0053317072
   0.0043912813
   0.0039193122
   0.0035672025
   0.0034601098
   0.0032086400
   0.0031161570
   0.0028862438
   0.0022528676
   0.0017457360
   0.0004125016
  -0.0010954377
  -0.0016994475
  -0.0017951371
  -0.0018185331
  -0.0028251126
  -0.0048193798
  -0.0061399750
  -0.0068944901
  -0.0072211980
  -0.0082746266
  -0.0099577457
  -0.0106055617
  -0.0106876825
  -0.0106022608
  -0.0110827874
  -0.0115793435
  -0.0114037672
  -0.0109808767
  -0.0095283123
  -0.0078423309
  -0.0067309021
  -0.0052048385
  -0.0044359651
  -0.0046288713
  -0.0042428856
  -0.0037233062
  -0.0029690615
  -0.0022683927
  -0.0024210689
  -0.0024463996
  -0.0010689056
   0.0008055795
   0.0021235769
   0.0032043648
   0.0045977951
   0.0064122732
   0.0084350073
   0.0097672736
   0.0100704607
   0.0098182645
   0.0100454039
   0.0110354875
   0.0123193686
   0.0135145132
   0.0141109673
   0.0145984008
   0.0154465917
   0.0160501556
   0.0159563949
   0.0154267151
   0.0145940874
   0.0139611811
   0.0131337285
   0.0128126828
   0.0132459112
   0.0140170540
   0.0155858146
   0.0174026105
   0.0188121935
   0.0203919716
   0.0210103914
   0.0216056666
   0.0228398189
   0.0234444386
   0.0234111347
   0.0225066236
   0.0203776168
   0.0184161351
   0.0163434433
   0.0140413775
   0.0114432846
   0.0081071188
   0.0050375717
   0.0025345848
   0.0001978666
  -0.0016098379
  -0.0037432296
  -0.0059859014
  -0.0074179425
  -0.0089783260
  -0.0094518138
  -0.0086772297
  -0.0093368936
  -0.0108978353
  -0.0118060530
  -0.0115147051
  -0.0097787766
  -0.0084991568
  -0.0078648705
  -0.0057847880
  -0.0034996931
  -0.0021443897
  -0.0017262928
  -0.0022721860
  -0.0028846505
  -0.0043149372
  -0.0059735490
  -0.0070291153
  -0.0082023705
  -0.0086961961
  -0.0088060557
  -0.0094867422
  -0.0090719584
  -0.0084498407
  -0.0081074170
  -0.0077724551
  -0.0081818888
  -0.0080633504
  -0.0079098542
  -0.0088223505
  -0.0094533551
  -0.0101834201
  -0.0108039047
  -0.0105268944
  -0.0094386778
  -0.0074920242
  -0.0061598828
  -0.0051948924
  -0.0036926461
  -0.0017498639
   0.0011686965
   0.0043385810
   0.0049931774
   0.0044576135
   0.0049501753
   0.0053087586
   0.0057604611
   0.0061566096
   0.0056423439
   0.0056406380
   0.0067935866
   0.0084404892
   0.0092401891
   0.0099153209
   0.0108030205
   0.0114651289
   0.0116509912
   0.0115395037
   0.0114251469
   0.0114221390
   0.0113206426
   0.0100966305
   0.0079743937
   0.0053740748
   0.0025327645
  -0.0004442378
  -0.0034837173
  -0.0059192936
  -0.0075991689
  -0.0100251909
  -0.0127830386
  -0.0140447980
  -0.0150792187
  -0.0158203203
  -0.0154696270
  -0.0151539956
  -0.0154239498
  -0.0160262395
  -0.0166118945
  -0.0165430883
  -0.0161298093
  -0.0155842612
  -0.0140119553
  -0.0124858345
  -0.0114262980
  -0.0096126886
  -0.0076339655
  -0.0055345422
  -0.0023702496
   0.0005712076
   0.0031411081
   0.0057995763
   0.0075309886
   0.0092160338
   0.0123330022
   0.0152844704
   0.0171223582
   0.0181662777
   0.0179705976
   0.0185621454
   0.0201161437
   0.0202652745
   0.0195864362
   0.0196237969
   0.0204428377
   0.0215755179
   0.0215249986
   0.0202087220
   0.0191214468
   0.0174104120
   0.0149470622
   0.0131442033
   0.0113209044
   0.0088741597
   0.0068883771
   0.0054647322
   0.0042338687
   0.0029166941
   0.0007374061
  -0.0003221844
   0.0000352997
   0.0000465588
   0.0001962376
   0.0003418945
  -0.0002858418
  -0.0003521485
   0.0000244251
   0.0002626005
   0.0009535089
   0.0014417960
   0.0014253741
   0.0022438265
   0.0029804483
   0.0030223981
   0.0034466079
   0.0036064598
   0.0037900752
   0.0045558835
   0.0050911458
   0.0056811956
   0.0068369979
   0.0061697769
   0.0037099326
   0.0026821797
   0.0025545932
   0.0020868490
   0.0023387158
   0.0021874456
   0.0012487416
   0.0014889811
   0.0030673679
   0.0044369256
   0.0047577962
   0.0044355248
   0.0047044163
   0.0055951550
   0.0061423917
   0.0057348529
   0.0046860566
   0.0036843539
   0.0032275908
   0.0030954899
   0.0022841154
   0.0004155810
  -0.0014724510
  -0.0033529079
  -0.0053681665
  -0.0074616849
  -0.0096878400
  -0.0122634315
  -0.0148394859
  -0.0173046404
  -0.0196915490
  -0.0223449583
  -0.0245268249
  -0.0258658993
  -0.0272229519
  -0.0287951365
  -0.0298498360
  -0.0301006123
  -0.0299273660
  -0.0298029747
  -0.0298306442
  -0.0302733558
  -0.0312515135
  -0.0323576858
  -0.0328567939
  -0.0325791456
  -0.0320351179
  -0.0311243136
  -0.0302081349
  -0.0297608810
  -0.0297357427
  -0.0298195660
  -0.0292653963
  -0.0274027342
  -0.0246576308
  -0.0217826749
  -0.0189436409
  -0.0156015321
  -0.0126949748
  -0.0110707695
  -0.0094289865
  -0.0075065247
  -0.0047144837
  -0.0010770807
   0.0016445262
   0.0028232888
   0.0041884412
   0.0058421242
   0.0079148853
   0.0111053529
   0.0137359297
   0.0152124049
   0.0160322467
   0.0162634342
   0.0170992778
   0.0188980972
   0.0201476793
   0.0199259767
   0.0200724550
   0.0205699335
   0.0196244383
   0.0187169800
   0.0188961208
   0.0184962310
   0.0168622010
   0.0141957631
   0.0118656082
   0.0109065800
   0.0101665012
   0.0087320035
   0.0074309763
   0.0061761898
   0.0042428994
   0.0028426279
   0.0017059663
  -0.0002447754
  -0.0018435466
  -0.0020347971
  -0.0026985768
  -0.0039773470
  -0.0041191565
  -0.0039170202
  -0.0048238839
  -0.0063595607
  -0.0073808280
  -0.0078067334
  -0.0075886663
  -0.0071918243
  -0.0070035366
  -0.0071026162
  -0.0075351599
  -0.0076228752
  -0.0073434343
  -0.0070691528
  -0.0070057713
  -0.0070783326
  -0.0071592312
  -0.0070690869
  -0.0062996015
  -0.0052747837
  -0.0043058163
  -0.0033104363
  -0.0026637212
  -0.0024873439
  -0.0025382204
  -0.0025711567
  -0.0019894684
  -0.0002011368
   0.0021735519
   0.0047382871
   0.0065611214
   0.0082530406
   0.0101459138
   0.0121740189
   0.0143319209
   0.0169174706
   0.0194491810
   0.0216351217
   0.0235032969
   0.0246340007
   0.0256492764
   0.0273840452
   0.0291808969
   0.0312176201
   0.0331032534
   0.0340780304
   0.0341710421
   0.0341439968
   0.0348484936
   0.0352798149
   0.0347965699
   0.0340175250
   0.0329993888
   0.0314075097
   0.0298403528
   0.0290265303
   0.0282110089
   0.0273860389
   0.0272661031
   0.0262524051
   0.0244452901
   0.0235977303
   0.0228393681
   0.0217566698
   0.0215555460
   0.0208201377
   0.0192441737
   0.0186629240
   0.0181046628
   0.0168320038
   0.0156674569
   0.0147431368
   0.0131745115
   0.0121537002
   0.0111154082
   0.0089079664
   0.0067972534
   0.0051786132
   0.0021429681
  -0.0012767782
  -0.0039094215
  -0.0072647306
  -0.0105553804
  -0.0129454807
  -0.0158951250
  -0.0189369316
  -0.0207864697
  -0.0228631022
  -0.0253657509
  -0.0266301212
  -0.0276690616
  -0.0289672559
  -0.0296452968
  -0.0301921851
  -0.0309067545
  -0.0309422256
  -0.0310810237
  -0.0319092530
  -0.0317332328
  -0.0311413557
  -0.0323087961
  -0.0347454785
  -0.0359263029
  -0.0361492884
  -0.0365644866
  -0.0362305978
  -0.0358220570
  -0.0358761130
  -0.0352598777
  -0.0332277660
  -0.0311362760
  -0.0295357631
  -0.0277627321
  -0.0254611205
  -0.0231050021
  -0.0210854076
  -0.0190010429
  -0.0166228721
  -0.0143560294
  -0.0126853720
  -0.0109448249
  -0.0095297252
  -0.0085617061
  -0.0075559310
  -0.0061949672
  -0.0050128026
  -0.0040637864
  -0.0024446452
  -0.0008105097
   0.0008558272
   0.0029289858
   0.0054313590
   0.0078400997
   0.0099108602
   0.0117755108
   0.0135605735
   0.0157147151
   0.0175168945
   0.0193508815
   0.0211503858
   0.0222900180
   0.0233644467
   0.0249688777
   0.0263833844
   0.0269027766
   0.0267330670
   0.0264709697
   0.0263992649
   0.0262675228
   0.0253862603
   0.0238260381
   0.0222704795
   0.0213004181
   0.0201468471
   0.0183930946
   0.0162491105
   0.0138361067
   0.0115102964
   0.0091811228
   0.0072331257
   0.0050320967
   0.0031927093
   0.0017618401
   0.0000940911
  -0.0017681455
  -0.0040905751
  -0.0061358575
  -0.0073591362
  -0.0085433084
  -0.0101125821
  -0.0113332932
  -0.0117744307
  -0.0113662730
  -0.0096861306
  -0.0078114646
  -0.0069213101
  -0.0070061302
  -0.0072775182
  -0.0067216165
  -0.0055583577
  -0.0044887833
  -0.0043467553
  -0.0048079913
  -0.0054874937
  -0.0064690181
  -0.0072853908
  -0.0075967106
  -0.0070322983
  -0.0053926373
  -0.0049898401
  -0.0059365159
  -0.0056982949
  -0.0044693731
  -0.0042146509
  -0.0040125007
  -0.0022199069
  -0.0009898423
  -0.0005875711
   0.0002785226
   0.0010284599
   0.0000023473
  -0.0017941004
  -0.0021813829
  -0.0017261767
  -0.0021611717
  -0.0028477371
  -0.0027490458
  -0.0029276665
  -0.0034931502
  -0.0035471126
  -0.0036850092
  -0.0046560606
  -0.0054797650
  -0.0055684633
  -0.0057447435
  -0.0065035876
  -0.0072564471
  -0.0075333499
  -0.0074319420
  -0.0074829589
  -0.0085173847
  -0.0102435007
  -0.0112170710
  -0.0113641111
  -0.0114654046
  -0.0111796427
  -0.0101102607
  -0.0085062632
  -0.0074092360
  -0.0074770713
  -0.0072784353
  -0.0054249288
  -0.0035178187
  -0.0027357381
  -0.0015502785
   0.0003345072
   0.0018100814
   0.0034263707
   0.0057865806
   0.0073656184
   0.0078078082
   0.0090314874
   0.0106634682
   0.0114110018
   0.0118442164
   0.0126719741
   0.0121940827
   0.0111085481
   0.0117797513
   0.0129720545
   0.0126384379
   0.0115583713
   0.0121143041
   0.0139478682
   0.0141232001
   0.0130107536
   0.0132433835
   0.0139129276
   0.0132565022
   0.0131221423
   0.0139494458
   0.0136567215
   0.0128779349
   0.0134613933
   0.0140292521
   0.0131550371
   0.0129753536
   0.0139711081
   0.0139785438
   0.0133302130
   0.0137573943
   0.0139469008
   0.0126972442
   0.0116018085
   0.0114677156
   0.0105678941
   0.0092272854
   0.0092850931
   0.0093877961
   0.0081915055
   0.0070143617
   0.0064221568
   0.0052475997
   0.0036151039
   0.0037639990
   0.0045681250
   0.0038825756
   0.0025423673
   0.0022550694
   0.0019340375
   0.0004965983
  -0.0000005375
   0.0002550876
  -0.0006190038
  -0.0021043799
  -0.0027153362
  -0.0031734481
  -0.0048925028
  -0.0066655893
  -0.0073260577
  -0.0076001814
  -0.0090359794
  -0.0109416193
  -0.0107922943
  -0.0094702255
  -0.0097533851
  -0.0111939282
  -0.0121890342
  -0.0116855434
  -0.0110150596
  -0.0112304637
  -0.0118526126
  -0.0122153306
  -0.0121870318
  -0.0120283328
  -0.0119276964
  -0.0119534692
  -0.0120330588
  -0.0120764909
  -0.0120714147
  -0.0120466457
  -0.0115248749
  -0.0097695915
  -0.0078963124
  -0.0069151850
  -0.0060857040
  -0.0044826582
  -0.0021470232
  -0.0006126627
  -0.0008379136
   0.0000466194
   0.0030881651
   0.0050997396
   0.0050830027
   0.0060338098
   0.0084742578
   0.0094479529
   0.0091968906
   0.0098903005
   0.0108988183
   0.0109632902
   0.0107727367
   0.0113117852
   0.0111873125
   0.0091871490
   0.0078100256
   0.0085730652
   0.0090628149
   0.0077658914
   0.0060506941
   0.0051862778
   0.0040645093
   0.0017550614
  -0.0000582255
  -0.0002509963
  -0.0004194346
  -0.0019452822
  -0.0037061098
  -0.0042434993
  -0.0046349305
  -0.0064598782
  -0.0080737421
  -0.0074404560
  -0.0068231354
  -0.0078214280
  -0.0091403640
  -0.0097727780
  -0.0111134457
  -0.0131630311
  -0.0136337398
  -0.0133834074
  -0.0151142823
  -0.0180948849
  -0.0190608721
  -0.0186938008
  -0.0201425302
  -0.0230216642
  -0.0239668647
  -0.0232868821
  -0.0245178271
  -0.0264550719
  -0.0267710865
  -0.0264308525
  -0.0269544921
  -0.0263985714
  -0.0238896987
  -0.0217002039
  -0.0213345542
  -0.0203198680
  -0.0181674566
  -0.0164825171
  -0.0159401208
  -0.0148938609
  -0.0128217100
  -0.0114810614
  -0.0110650103
  -0.0093255311
  -0.0058068820
  -0.0029787944
  -0.0021674233
  -0.0020084400
  -0.0006118980
   0.0010390045
   0.0012172490
   0.0016251316
   0.0035499818
   0.0043966887
   0.0039144145
   0.0043113519
   0.0055339302
   0.0064753374
   0.0072604588
   0.0088627435
   0.0105070871
   0.0121758167
   0.0140366844
   0.0153152015
   0.0156443469
   0.0155116028
   0.0161032858
   0.0178495176
   0.0196057146
   0.0203458732
   0.0202240997
   0.0199381298
   0.0198811785
   0.0199875742
   0.0200700799
   0.0206801260
   0.0218660648
   0.0210904179
   0.0181564824
   0.0165373204
   0.0171213267
   0.0166013433
   0.0139302974
   0.0125243706
   0.0134549042
   0.0136949473
   0.0110475504
   0.0081087658
   0.0077707284
   0.0074025821
   0.0049460214
   0.0021935221
   0.0008492489
  -0.0003869819
  -0.0031161328
  -0.0052548274
  -0.0052825332
  -0.0054975923
  -0.0078399038
  -0.0108365758
  -0.0114436452
  -0.0095801302
  -0.0088686830
  -0.0102655218
  -0.0117897963
  -0.0110261794
  -0.0094891381
  -0.0106301296
  -0.0123542866
  -0.0112907384
  -0.0088245939
  -0.0085868236
  -0.0097169849
  -0.0088254018
  -0.0066802406
  -0.0062229938
  -0.0071741720
  -0.0071173976
  -0.0052191015
  -0.0042712242
  -0.0052815433
  -0.0055106088
  -0.0039166700
  -0.0023038620
  -0.0020342371
  -0.0018473520
  -0.0000520377
   0.0018951408
   0.0024547768
   0.0021829085
   0.0031951832
   0.0049727790
   0.0048154166
   0.0031691087
   0.0031474950
   0.0048881600
   0.0056648869
   0.0042509576
   0.0036631320
   0.0051112113
   0.0066674634
   0.0066571792
   0.0065641259
   0.0080719200
   0.0101369697
   0.0112233712
   0.0113820997
   0.0124472498
   0.0142768073
   0.0155378420
   0.0157555432
   0.0162191318
   0.0179702682
   0.0189461547
   0.0181588749
   0.0180000181
   0.0189906235
   0.0200313496
   0.0203529986
   0.0201395310
   0.0199158347
   0.0199074957
   0.0200054831
   0.0200362212
   0.0192006931
   0.0174543261
   0.0159711588
   0.0152805436
   0.0152393514
   0.0153739281
   0.0153329526
   0.0142654014
   0.0122774604
   0.0108004928
   0.0098222329
   0.0082380270
   0.0066444714
   0.0049575452
   0.0030276008
   0.0016447117
   0.0003106275
  -0.0014175261
  -0.0027161684
  -0.0031372403
  -0.0029915508
  -0.0028014601
  -0.0031478192
  -0.0048208101
  -0.0067565016
  -0.0077084530
  -0.0076652601
  -0.0073453413
  -0.0072428516
  -0.0073435903
  -0.0074394158
  -0.0074429889
  -0.0074254493
  -0.0074550813
  -0.0077942439
  -0.0078988419
  -0.0079117491
  -0.0085344961
  -0.0093595164
  -0.0095479601
  -0.0086469961
  -0.0076735835
  -0.0085602724
  -0.0118391783
  -0.0142008983
  -0.0138080454
  -0.0128087837
  -0.0138081564
  -0.0153114325
  -0.0146627878
  -0.0132976770
  -0.0139107051
  -0.0156364570
  -0.0155900101
  -0.0138763939
  -0.0136075145
  -0.0150544063
  -0.0153607695
  -0.0137661390
  -0.0128306627
  -0.0141838978
  -0.0159341483
  -0.0157346212
  -0.0151098458
  -0.0165443505
  -0.0195036878
  -0.0212254366
  -0.0209084685
  -0.0209062148
  -0.0229649036
  -0.0250912579
  -0.0245661273
  -0.0225774790
  -0.0223347642
  -0.0239805087
  -0.0233196659
  -0.0200961891
  -0.0174219410
  -0.0168590994
  -0.0161902748
  -0.0131258662
  -0.0098044870
  -0.0084305258
  -0.0084813069
  -0.0072206415
  -0.0039247056
  -0.0010768909
  -0.0012203344
  -0.0027434530
  -0.0024849410
   0.0001901932
   0.0028046778
   0.0036055757
   0.0030619190
   0.0025229293
   0.0034733256
   0.0055691863
   0.0070280283
   0.0075149261
   0.0085813296
   0.0102256386
   0.0113043686
   0.0114494426
   0.0119491281
   0.0136283585
   0.0152203035
   0.0156779439
   0.0145598074
   0.0137678744
   0.0143007632
   0.0151360538
   0.0144300071
   0.0134878302
   0.0139087963
   0.0144833228
   0.0133292300
   0.0114662888
   0.0109864539
   0.0119016427
   0.0121050445
   0.0114116571
   0.0108523176
   0.0114183075
   0.0116256656
   0.0099168379
   0.0079834626
   0.0083803948
   0.0094628955
   0.0083409987
   0.0054309620
   0.0042444632
   0.0055106920
   0.0066368016
   0.0052697959
   0.0026728421
   0.0013459153
   0.0025676946
   0.0049005297
   0.0056519260
   0.0038841584
   0.0020166316
   0.0027688895
   0.0049198013
   0.0048952594
   0.0027309670
   0.0021915336
   0.0041355554
   0.0054668317
   0.0041783841
   0.0028526798
   0.0041118369
   0.0062654724
   0.0065986555
   0.0057366473
   0.0056678827
   0.0075987979
   0.0093006182
   0.0085931776
   0.0070464954
   0.0075507508
   0.0088693921
   0.0084674947
   0.0069921966
   0.0067573441
   0.0086438789
   0.0099005205
   0.0086880045
   0.0069214956
   0.0074858160
   0.0096706055
   0.0109979863
   0.0096739775
   0.0074287312
   0.0075242741
   0.0093198602
   0.0094528419
   0.0072427805
   0.0047244957
   0.0044587508
   0.0054668924
   0.0048978824
   0.0026434441
  -0.0004351717
  -0.0025151954
  -0.0028245994
  -0.0034980149
  -0.0064121934
  -0.0101150231
  -0.0119844725
  -0.0121916174
  -0.0118868128
  -0.0118106819
  -0.0128850950
  -0.0150252649
  -0.0166198763
  -0.0168332208
  -0.0157108646
  -0.0140527937
  -0.0126168623
  -0.0119770316
  -0.0119469350
  -0.0120853552
  -0.0118486355
  -0.0101632696
  -0.0081083064
  -0.0070983063
  -0.0071521110
  -0.0065820018
  -0.0046874904
  -0.0029844167
  -0.0024454166
  -0.0027199738
  -0.0027491446
  -0.0011618805
   0.0009688917
   0.0017815676
   0.0001354491
  -0.0012977526
   0.0004422416
   0.0032545391
   0.0037233512
   0.0024217329
   0.0022280379
   0.0041565935
   0.0058761857
   0.0049114953
   0.0027250309
   0.0025945666
   0.0045835305
   0.0063482554
   0.0067511098
   0.0063674385
   0.0060793622
   0.0066634187
   0.0076958491
   0.0075648543
   0.0061104193
   0.0042488095
   0.0041947327
   0.0054841962
   0.0061120056
   0.0044438949
   0.0011732389
  -0.0008794216
  -0.0002236247
   0.0009771689
   0.0000931598
  -0.0019868661
  -0.0033052370
  -0.0033544110
  -0.0032961335
  -0.0047722013
  -0.0067634900
  -0.0077107709
  -0.0067301150
  -0.0058327900
  -0.0067962392
  -0.0095140268
  -0.0106454675
  -0.0092661128
  -0.0075048240
  -0.0071786033
  -0.0089807895
  -0.0104251172
  -0.0095734971
  -0.0078447009
  -0.0069480174
  -0.0070846137
  -0.0074837425
  -0.0069777222
  -0.0049918876
  -0.0031074644
  -0.0030267167
  -0.0044863562
  -0.0045575305
  -0.0021333687
   0.0008651571
   0.0023165473
   0.0021780074
   0.0023806933
   0.0046439474
   0.0082380045
   0.0106223714
   0.0100336218
   0.0078062289
   0.0061538132
   0.0066187506
   0.0089166556
   0.0105323537
   0.0093533722
   0.0069547267
   0.0055808556
   0.0055597238
   0.0055276786
   0.0045012571
   0.0030148358
   0.0017988680
   0.0011600696
   0.0010231760
   0.0010438583
   0.0009970256
   0.0008756733
   0.0007543970
   0.0007012243
   0.0006700714
   0.0005986156
   0.0004793749
   0.0003132185
  -0.0008496010
  -0.0029644309
  -0.0045601501
  -0.0050587000
  -0.0058559121
  -0.0066381192
  -0.0058141756
  -0.0031981721
  -0.0008691739
  -0.0008453651
  -0.0028776534
  -0.0036542122
  -0.0017285128
   0.0015720263
   0.0034608830
   0.0023641402
   0.0008490797
   0.0017261226
   0.0048322246
   0.0073785534
   0.0069048609
   0.0044163746
   0.0036735982
   0.0054430023
   0.0081659962
   0.0091289235
   0.0079416134
   0.0054693178
   0.0039326511
   0.0047530476
   0.0063210228
   0.0065275973
   0.0042143770
   0.0004724478
  -0.0023718984
  -0.0032501581
  -0.0029807049
  -0.0035161596
  -0.0059334698
  -0.0083643080
  -0.0087717185
  -0.0078879665
  -0.0075644989
  -0.0091964901
  -0.0114336384
  -0.0125689278
  -0.0120898402
  -0.0106559406
  -0.0106523398
  -0.0129574188
  -0.0156481004
  -0.0156855287
  -0.0135823051
  -0.0119238788
  -0.0126161532
  -0.0150178760
  -0.0161818734
  -0.0146480811
  -0.0124827468
  -0.0115586192
  -0.0123707305
  -0.0136845088
  -0.0135813187
  -0.0119402742
  -0.0093194494
  -0.0074866845
  -0.0070655294
  -0.0072199965
  -0.0060332152
  -0.0031584033
   0.0001197787
   0.0018882841
   0.0020481776
   0.0016641565
   0.0019994786
   0.0038207579
   0.0057760260
   0.0064012452
   0.0047840995
   0.0032413944
   0.0039813136
   0.0057148203
   0.0066801730
   0.0065853877
   0.0061750039
   0.0060340127
   0.0061538583
   0.0062765523
   0.0062706699
   0.0056123427
   0.0037407192
   0.0019285799
   0.0012481086
   0.0014334932
   0.0016953307
   0.0016991760
   0.0016176674
   0.0018397689
   0.0031047477
   0.0047689766
   0.0059942023
   0.0063876203
   0.0062529760
   0.0060997450
   0.0063426244
   0.0078047154
   0.0098054457
   0.0109715859
   0.0110561217
   0.0107288729
   0.0106117908
   0.0107203398
   0.0108051772
   0.0107791045
   0.0107184050
   0.0107194122
   0.0107421789
   0.0107422725
   0.0107235800
   0.0107123336
   0.0107379054
   0.0107512581
   0.0107355753
   0.0107133738
   0.0107043084
   0.0107074031
   0.0107119228
   0.0107144400
   0.0110943059
   0.0126880436
   0.0145599877
   0.0155092415
   0.0154891777
   0.0149704877
   0.0134004390
   0.0115347239
   0.0112699222
   0.0129126778
   0.0132761066
   0.0108282438
   0.0074304042
   0.0056202032
   0.0056534048
   0.0060415247
   0.0047345007
   0.0017050780
  -0.0015371551
  -0.0032090769
  -0.0033279950
  -0.0029425085
  -0.0027884852
  -0.0034974098
  -0.0054241867
  -0.0072086791
  -0.0075903723
  -0.0057905559
  -0.0038234433
  -0.0044292870
  -0.0065823434
  -0.0080283423
  -0.0080818123
  -0.0065848572
  -0.0044381808
  -0.0041787413
  -0.0060646987
  -0.0079142213
  -0.0084443813
  -0.0070966194
  -0.0048314566
  -0.0038442232
  -0.0054490997
  -0.0078256270
  -0.0090047108
  -0.0085583272
  -0.0072338867
  -0.0055624717
  -0.0048154912
  -0.0061681576
  -0.0078653420
  -0.0073522743
  -0.0056203731
  -0.0044955013
  -0.0037184519
  -0.0023187993
  -0.0013781309
  -0.0024193092
  -0.0035166987
  -0.0028308875
  -0.0013979279
  -0.0007369916
  -0.0016663666
  -0.0037036203
  -0.0047488435
  -0.0040093333
  -0.0028502648
  -0.0018460014
  -0.0013943823
  -0.0013865635
  -0.0014891252
  -0.0015158281
  -0.0013889904
  -0.0003066004
   0.0007752032
   0.0001208093
  -0.0013132825
  -0.0021312901
  -0.0014526301
  -0.0004346719
  -0.0008783204
  -0.0031517841
  -0.0057769813
  -0.0071250171
  -0.0069039681
  -0.0052511364
  -0.0048358307
  -0.0068543572
  -0.0100311756
  -0.0119976780
  -0.0119125735
  -0.0100128645
  -0.0092314289
  -0.0107549197
  -0.0131665591
  -0.0137181682
  -0.0126635692
  -0.0116603548
  -0.0115233389
  -0.0118518099
  -0.0120636391
  -0.0125099395
  -0.0141135955
  -0.0147711790
  -0.0136290069
  -0.0122011682
  -0.0117262154
  -0.0128282737
  -0.0145686024
  -0.0144352792
  -0.0128459243
  -0.0103975847
  -0.0083086865
  -0.0083807398
  -0.0103508031
  -0.0111978619
  -0.0097343234
  -0.0074005225
  -0.0049733754
  -0.0033604927
  -0.0030691432
  -0.0044786933
  -0.0051627986
  -0.0042652066
  -0.0023223898
   0.0000341600
   0.0014693736
   0.0008522340
  -0.0010720636
  -0.0012244361
   0.0006083322
   0.0036198438
   0.0059055247
   0.0065811523
   0.0062960007
   0.0060495169
   0.0071196496
   0.0092581812
   0.0111217049
   0.0120520391
   0.0116117321
   0.0108008083
   0.0104408815
   0.0106297621
   0.0120057968
   0.0140000276
   0.0144663328
   0.0127718356
   0.0107759284
   0.0088768261
   0.0071513429
   0.0061695584
   0.0059718569
   0.0061279745
   0.0062405161
   0.0062110367
   0.0054988371
   0.0035511625
   0.0017564449
   0.0011131015
   0.0013274123
   0.0016168791
   0.0016312969
   0.0015220430
   0.0014906304
   0.0015026151
   0.0010236273
  -0.0006507459
  -0.0024176917
  -0.0032476477
  -0.0031865564
  -0.0028663550
  -0.0027608452
  -0.0028622029
  -0.0030004237
  -0.0030514944
  -0.0030301736
  -0.0029892779
  -0.0033474312
  -0.0041549882
  -0.0055159190
  -0.0069370432
  -0.0076694712
  -0.0077042592
  -0.0075085254
  -0.0074286029
  -0.0074831184
  -0.0075452360
  -0.0075493951
  -0.0075218244
  -0.0075054048
  -0.0075091599
  -0.0075178404
  -0.0075196330
  -0.0075157201
  -0.0075121332
  -0.0075113218
  -0.0075117414
  -0.0075114293
  -0.0075102365
  -0.0075239187
  -0.0075455411
  -0.0068316044
  -0.0049562674
  -0.0032319441
  -0.0025854301
  -0.0027789465
  -0.0030287555
  -0.0020079494
   0.0001575809
   0.0017291898
   0.0024114574
   0.0037720589
   0.0054599230
   0.0064351768
   0.0068944346
   0.0082957272
   0.0100398942
   0.0110071505
   0.0110526474
   0.0107464281
   0.0106239508
   0.0114087550
   0.0133417194
   0.0150326556
   0.0156092019
   0.0154029724
   0.0151329609
   0.0151168100
   0.0152356448
   0.0153019320
   0.0152826569
   0.0151003002
   0.0147860020
   0.0144465654
   0.0129857002
   0.0102461532
   0.0077499138
   0.0079708414
   0.0098233164
   0.0110764438
   0.0101091841
   0.0076546292
   0.0056388159
   0.0052519703
   0.0059026399
   0.0062580661
   0.0058990147
   0.0056590548
   0.0051156790
   0.0035320210
   0.0019365184
   0.0012585802
   0.0013741254
   0.0016477911
   0.0017098785
   0.0016150681
   0.0015425392
   0.0015526029
   0.0016087593
   0.0016483923
   0.0016331985
   0.0016037723
   0.0016358885
   0.0017003232
   0.0016941817
   0.0016366976
   0.0015973175
   0.0016369637
   0.0016840180
   0.0016693457
   0.0016257278
   0.0016209326
   0.0016907961
   0.0017289211
   0.0022076585
   0.0039993838
   0.0058700728
   0.0066813796
   0.0065118989
   0.0053259896
   0.0033852860
   0.0030800532
   0.0046698190
   0.0062206534
   0.0061403269
   0.0040059474
   0.0013338519
  -0.0012662588
  -0.0028076926
  -0.0024283087
  -0.0007791794
   0.0007692749
   0.0013842168
   0.0012074773
  -0.0000114626
  -0.0020582191
  -0.0035985456
  -0.0034398275
  -0.0014143451
   0.0004950026
   0.0010620613
   0.0006632136
  -0.0004387446
  -0.0023765724
  -0.0030961989
  -0.0018274060
  -0.0002500674
   0.0003096371
   0.0000215599
  -0.0003559885
  -0.0004637056
  -0.0003869242
  -0.0001845650
   0.0011352606
   0.0029501714
   0.0027975125
   0.0008856670
  -0.0007117157
  -0.0010386725
  -0.0005677095
   0.0007127325
   0.0022429111
   0.0019908727
   0.0000593507
  -0.0026000381
  -0.0033159251
  -0.0019103954
  -0.0003883846
   0.0002693525
   0.0001751748
  -0.0003411043
  -0.0015765595
  -0.0034403944
  -0.0041323134
  -0.0028519950
  -0.0010007941
  -0.0002070814
  -0.0016588372
  -0.0040307269
  -0.0053698273
  -0.0053823843
  -0.0049448893
  -0.0047635780
  -0.0042605552
  -0.0031639944
  -0.0032884827
  -0.0044424924
  -0.0062769718
  -0.0079140895
  -0.0075131370
  -0.0058505325
  -0.0046807013
  -0.0045613793
  -0.0049130018
  -0.0051033352
  -0.0050273603
  -0.0048998658
  -0.0048693444
  -0.0049026067
  -0.0049072460
  -0.0048988914
  -0.0048888794
  -0.0048705354
  -0.0048765894
  -0.0048957101
  -0.0049067120
  -0.0048831063
  -0.0039693253
  -0.0019934437
  -0.0004588348
  -0.0001001503
  -0.0004241944
  -0.0005093951
   0.0007924485
   0.0027401850
   0.0038471999
   0.0038459083
   0.0034437768
   0.0036597964
   0.0054130843
   0.0073310957
   0.0089052463
   0.0105236992
   0.0116526208
   0.0118857258
   0.0110029377
   0.0105608086
   0.0112364795
   0.0132690610
   0.0153484534
   0.0162261740
   0.0156940012
   0.0137288511
   0.0117629780
   0.0109226113
   0.0110404995
   0.0109445388
   0.0094637589
   0.0077909136
   0.0067801437
   0.0063379990
   0.0049450610
   0.0029774889
   0.0017794525
   0.0016820867
   0.0011218016
  -0.0004456090
  -0.0014253888
  -0.0020022612
  -0.0033279603
  -0.0050995125
  -0.0049317203
  -0.0036573207
  -0.0029924956
  -0.0028384394
  -0.0039286185
  -0.0058642927
  -0.0080000938
  -0.0097695759
  -0.0094760558
  -0.0083856998
  -0.0077772782
  -0.0077838540
  -0.0091907412
  -0.0111895004
  -0.0135635710
  -0.0147522195
  -0.0136582384
  -0.0119541800
  -0.0108900372
  -0.0100093607
  -0.0101649010
  -0.0110140332
  -0.0116413988
  -0.0110002158
  -0.0089232228
  -0.0068563943
  -0.0048828185
  -0.0031989696
  -0.0026170454
  -0.0039396915
  -0.0051684209
  -0.0044242056
  -0.0024595444
   0.0000323491
   0.0018515960
   0.0024331301
   0.0022695889
   0.0019466934
   0.0008388592
  -0.0007880217
  -0.0006665612
   0.0009784203
   0.0023487711
   0.0025144048
   0.0010584563
  -0.0011345509
  -0.0024818169
  -0.0026272672
  -0.0022849736
  -0.0021190416
  -0.0022096297
  -0.0023314829
  -0.0023579544
  -0.0027697182
  -0.0041718672
  -0.0059449260
  -0.0069706540
  -0.0070821242
  -0.0068101173
  -0.0066559934
  -0.0067019254
  -0.0068215491
  -0.0069115460
  -0.0069008960
  -0.0067859463
  -0.0063711504
  -0.0055318897
  -0.0039259331
  -0.0024985296
  -0.0019497377
  -0.0020668909
  -0.0022832468
  -0.0023119513
  -0.0022213060
  -0.0021604626
  -0.0021688172
  -0.0021702250
  -0.0016239308
  -0.0000737828
   0.0017169055
   0.0026263795
   0.0026083164
   0.0023154117
   0.0022535819
   0.0023748820
   0.0024447301
   0.0024571380
   0.0032947795
   0.0052496783
   0.0069122620
   0.0074453606
   0.0072149221
   0.0069460358
   0.0069407463
   0.0070661951
   0.0071333162
   0.0071121272
   0.0070741926
   0.0067719660
   0.0052557497
   0.0033449902
   0.0031064658
   0.0044525911
   0.0059482529
   0.0060696675
   0.0044249944
   0.0026842861
   0.0014924370
   0.0012829555
   0.0019365184
   0.0025999358
   0.0030559933
   0.0035667205
   0.0034244221
   0.0028154110
   0.0012628455
  -0.0005129734
  -0.0003354283
   0.0013532191
   0.0027861690
   0.0039929483
   0.0045320923
   0.0038384136
   0.0027970548
   0.0023710697
   0.0036329244
   0.0058891207
   0.0074273754
   0.0080014634
   0.0077366027
   0.0072261996
   0.0070090861
   0.0065877074
   0.0049469593
   0.0034876752
   0.0027583938
   0.0025940638
   0.0026691979
   0.0032629509
   0.0036528721
   0.0027802225
   0.0004511791
  -0.0007773313
   0.0004147575
   0.0014291703
   0.0003465585
  -0.0014716468
  -0.0023400906
  -0.0021651366
  -0.0017796207
  -0.0016815589
  -0.0017887190
  -0.0018870965
  -0.0019035214
  -0.0018774590
  -0.0018621940
  -0.0018669356
  -0.0018739344
  -0.0018717864
  -0.0018638115
  -0.0018570970
  -0.0018524733
  -0.0016653576
  -0.0009487191
   0.0000793262
   0.0010530526
   0.0018202789
   0.0016542190
   0.0000923169
  -0.0014565289
  -0.0020186895
  -0.0018195247
  -0.0015100897
  -0.0014031832
  -0.0014493571
  -0.0015355638
  -0.0023611218
  -0.0043059446
  -0.0059720337
  -0.0065419990
  -0.0063918938
  -0.0062331878
  -0.0063474233
  -0.0065853860
  -0.0067704802
  -0.0068929991
  -0.0070223470
  -0.0073648313
  -0.0088297447
  -0.0102174487
  -0.0099307038
  -0.0088872369
  -0.0083873780
  -0.0081152844
  -0.0071435414
  -0.0073075403
  -0.0086684746
  -0.0099137537
  -0.0097780380
  -0.0082149951
  -0.0065912285
  -0.0058443103
  -0.0058918408
  -0.0061828263
  -0.0063639833
  -0.0063871643
  -0.0062269847
  -0.0058777963
  -0.0059180783
  -0.0053436627
  -0.0035851304
  -0.0024554026
  -0.0033608412
  -0.0053556458
  -0.0063430006
  -0.0047911174
  -0.0023868912
  -0.0011481875
  -0.0009695154
   0.0001493507
   0.0016707779
   0.0012867755
   0.0004027800
   0.0010871821
   0.0026581873
   0.0041779767
   0.0052512161
   0.0064471062
   0.0073849420
   0.0075965216
   0.0062545329
   0.0041308450
   0.0034041658
   0.0041316702
   0.0042066274
   0.0034816975
   0.0028115449
   0.0026754183
   0.0028676622
   0.0030160095
   0.0027236579
   0.0012141993
   0.0004907721
   0.0014649979
   0.0027948305
   0.0033396141
   0.0031555826
   0.0028691359
   0.0028492627
   0.0029775548
   0.0030518064
   0.0028950647
   0.0016089510
  -0.0003294152
  -0.0016016165
  -0.0018316587
  -0.0015409548
  -0.0013501452
  -0.0014103395
  -0.0015335928
  -0.0015895725
  -0.0024340593
  -0.0034610841
  -0.0030216040
  -0.0018425792
  -0.0017408557
  -0.0035629480
  -0.0047222662
  -0.0035880187
  -0.0017942755
  -0.0008328872
  -0.0003786513
  -0.0006018879
  -0.0011587251
  -0.0015252177
  -0.0015691808
  -0.0014724143
  -0.0014176003
  -0.0014216304
  -0.0006571832
   0.0013199360
   0.0030315137
   0.0036063246
   0.0033642063
   0.0028432607
   0.0019085456
   0.0018148525
   0.0025450008
   0.0032336466
   0.0036414766
   0.0050186937
   0.0068054138
   0.0074504004
   0.0064077708
   0.0044233717
   0.0029610745
   0.0034871118
   0.0056607174
   0.0073807222
   0.0077080716
   0.0071830345
   0.0067015752
   0.0065848277
   0.0064745035
   0.0060757371
   0.0059411778
   0.0060301917
   0.0061037411
   0.0065903096
   0.0081539003
   0.0096979040
   0.0102499118
   0.0099830643
   0.0092748991
   0.0080581529
   0.0078428996
   0.0085151361
   0.0090848257
   0.0091421723
   0.0098385451
   0.0108405494
   0.0103522473
   0.0088881852
   0.0069067923
   0.0058124766
   0.0065353711
   0.0072247901
   0.0061716891
   0.0041898090
   0.0029582174
   0.0028511594
   0.0029974678
   0.0018078640
  -0.0002290665
  -0.0015443268
  -0.0016989803
  -0.0015377768
  -0.0023746289
  -0.0040070986
  -0.0041494369
  -0.0030371048
  -0.0033023626
  -0.0048125647
  -0.0060118598
  -0.0062144641
  -0.0059029225
  -0.0056573957
  -0.0050045590
  -0.0041027906
  -0.0034271387
  -0.0027850231
  -0.0020483822
  -0.0014002397
  -0.0012768334
  -0.0016362562
  -0.0016971078
  -0.0014253961
  -0.0011650575
  -0.0013193273
  -0.0022867159
  -0.0037704188
  -0.0041810783
  -0.0038929533
  -0.0044242472
  -0.0053888579
  -0.0059652204
  -0.0059649898
  -0.0055842207
  -0.0051717097
  -0.0053284687
  -0.0067723144
  -0.0090211668
  -0.0099897754
  -0.0093974492
  -0.0088218235
  -0.0092381417
  -0.0097208544
  -0.0084867004
  -0.0065488765
  -0.0059746845
  -0.0075155052
  -0.0092838206
  -0.0086436518
  -0.0066224225
  -0.0053068914
  -0.0052609230
  -0.0053272586
  -0.0038416070
  -0.0018227927
  -0.0007846868
  -0.0009100618
  -0.0023531036
  -0.0040804817
  -0.0037147487
  -0.0022292324
  -0.0016950107
  -0.0016462679
  -0.0014884112
  -0.0018909418
  -0.0035233335
  -0.0051891800
  -0.0058748733
  -0.0057295080
  -0.0054370680
  -0.0053814343
  -0.0050687120
  -0.0034319618
  -0.0018260694
  -0.0022406798
  -0.0037785810
  -0.0052603855
  -0.0049125736
  -0.0030460576
  -0.0016361741
  -0.0009822618
   0.0002902192
   0.0017054509
   0.0023454581
   0.0021119128
   0.0016273046
   0.0020990766
   0.0038508874
   0.0053426485
   0.0056571305
   0.0056773486
   0.0069690035
   0.0081052187
   0.0070311454
   0.0049576475
   0.0036668334
   0.0035278047
   0.0037635032
   0.0037389751
   0.0034876371
   0.0032918131
   0.0032943062
   0.0036796453
   0.0037863790
   0.0034608986
   0.0023085221
   0.0008278567
   0.0010876606
   0.0024740951
   0.0034883496
   0.0034364243
   0.0029139739
   0.0028707777
   0.0032156163
   0.0034897643
   0.0035087724
   0.0034076990
   0.0033533691
   0.0033743448
   0.0034109965
   0.0034441738
   0.0034754095
   0.0034684765
   0.0034799621
   0.0034856174
   0.0035100102
   0.0035462510
   0.0035310588
   0.0035195541
   0.0035176297
   0.0034904994
   0.0034925451
   0.0034828747
   0.0033113239
   0.0023728831
   0.0006139127
  -0.0008256446
  -0.0007037347
   0.0012259246
   0.0031910328
   0.0039165019
   0.0038483198
   0.0038567195
   0.0037718699
   0.0035919490
   0.0034398188
   0.0033926542
   0.0038239565
   0.0056043782
   0.0075640672
   0.0082933209
   0.0078447581
   0.0075582195
   0.0077446175
   0.0077393974
   0.0063409722
   0.0043324473
   0.0032169322
   0.0035295401
   0.0039948866
   0.0039013738
   0.0035277821
   0.0033244531
   0.0034125082
   0.0033042921
   0.0019014739
  -0.0000810234
  -0.0019743750
  -0.0027325932
  -0.0021548663
  -0.0016967392
  -0.0023907642
  -0.0026557307
  -0.0020063440
  -0.0024292050
  -0.0041493225
  -0.0056093365
  -0.0059879662
  -0.0057339895
  -0.0055458527
  -0.0056646408
  -0.0059256336
  -0.0057212713
  -0.0048453191
  -0.0050077438
  -0.0060727586
  -0.0070022589
  -0.0073196014
  -0.0073400380
  -0.0074685884
  -0.0077245831
  -0.0078569025
  -0.0068204898
  -0.0060224352
  -0.0069625542
  -0.0086404203
  -0.0099387620
  -0.0100846162
  -0.0094320464
  -0.0090284327
  -0.0093366440
  -0.0098772563
  -0.0098117528
  -0.0085001277
  -0.0067544818
  -0.0064824090
  -0.0081298629
  -0.0100309849
  -0.0105954786
  -0.0089127999
  -0.0067672018
  -0.0063180617
  -0.0064483180
  -0.0062735253
  -0.0058484382
  -0.0055726380
  -0.0051869921
  -0.0036493007
  -0.0017499211
  -0.0007269200
  -0.0007045875
  -0.0009949955
  -0.0010565739
  -0.0009536658
  -0.0008798932
  -0.0008585385
  -0.0008952754
  -0.0009091441
  -0.0008923235
  -0.0009168966
  -0.0009674799
  -0.0010001908
  -0.0010019775
  -0.0009904614
  -0.0009839393
  -0.0009852414
  -0.0009879706
  -0.0009878870
  -0.0009837912
  -0.0006977126
   0.0004600491
   0.0022418865
   0.0035113365
   0.0038186445
   0.0036008653
   0.0034201416
   0.0034651323
   0.0041311761
   0.0059753364
   0.0069497649
   0.0057482594
   0.0039327499
   0.0030776781
   0.0032386083
   0.0036224859
   0.0037181381
   0.0035880811
   0.0034815675
   0.0034900105
   0.0035442798
   0.0035682271
   0.0036465702
   0.0048723384
   0.0064293499
   0.0059935036
   0.0043511207
   0.0032298047
   0.0031603641
   0.0035811447
   0.0038503188
   0.0038700688
   0.0046311910
   0.0060210951
   0.0058576735
   0.0043335898
   0.0030679088
   0.0030944289
   0.0037427285
   0.0041469058
   0.0042236383
   0.0052344792
   0.0071360640
   0.0084704610
   0.0081118119
   0.0061660946
   0.0044364939
   0.0050341650
   0.0069770287
   0.0081933502
   0.0081353084
   0.0077338877
   0.0075777771
   0.0073439544
   0.0064585363
   0.0042420309
   0.0021420215
   0.0017025707
   0.0025319566
   0.0039814038
   0.0041233520
   0.0023803188
   0.0013116664
   0.0021085390
   0.0022211691
   0.0009264377
  -0.0009506326
  -0.0024590641
  -0.0022862894
  -0.0012924078
  -0.0007161792
  -0.0008185280
  -0.0011179384
  -0.0012231641
  -0.0011424727
  -0.0010557799
  -0.0010497228
  -0.0010858162
  -0.0011056127
  -0.0010945758
  -0.0010347006
  -0.0009534276
  -0.0009046563
  -0.0008982684
  -0.0009044941
  -0.0008612662
  -0.0008027930
  -0.0008129608
  -0.0008277721
  -0.0008400538
  -0.0008655106
  -0.0009101788
  -0.0017615367
  -0.0036684336
  -0.0052282674
  -0.0048684793
  -0.0026860718
  -0.0008139471
  -0.0003492320
  -0.0007275570
  -0.0010436651
  -0.0010230326
  -0.0008754581
  -0.0008181285
  -0.0007729144
   0.0003761839
   0.0023743411
   0.0037664227
   0.0043516044
   0.0055905365
   0.0070334963
   0.0065867573
   0.0047595992
   0.0031961402
   0.0027350152
   0.0032052732
   0.0037100106
   0.0038144871
   0.0034479290
   0.0023004171
   0.0016987972
   0.0019673657
   0.0012459009
  -0.0001472322
  -0.0013656773
  -0.0028661921
  -0.0033089661
  -0.0022145655
  -0.0009600145
  -0.0005078670
  -0.0007040476
  -0.0010468450
  -0.0022929554
  -0.0041972725
  -0.0054710792
  -0.0057036918
  -0.0054240931
  -0.0052328010
  -0.0052738787
  -0.0048798938
  -0.0032167605
  -0.0025549278
  -0.0037529728
  -0.0052860873
  -0.0061945737
  -0.0060668000
  -0.0055113300
  -0.0052041659
  -0.0051571191
  -0.0040930924
  -0.0024224472
  -0.0025114038
  -0.0041469456
  -0.0055189183
  -0.0057475053
  -0.0045436403
  -0.0023654179
  -0.0008044767
  -0.0004559616
  -0.0007492028
  -0.0009744530
  -0.0009346120
  -0.0008104029
  -0.0009353563
  -0.0012876707
  -0.0012705174
  -0.0009588870
  -0.0007247999
  -0.0006726859
   0.0000079734
   0.0018155356
   0.0030454629
   0.0032399207
   0.0033345084
   0.0036503375
   0.0039730180
   0.0041064677
   0.0043710147
   0.0055123737
   0.0073129823
   0.0080456721
   0.0073179146
   0.0060736359
   0.0047689749
   0.0039503484
   0.0036812992
   0.0036568162
   0.0036081467
   0.0034573116
   0.0032591472
   0.0030736733
   0.0024342206
   0.0007676082
  -0.0012165397
  -0.0024853051
  -0.0028910565
  -0.0029386424
  -0.0030889314
  -0.0034009949
  -0.0037250918
  -0.0039535557
  -0.0041064539
  -0.0042716611
  -0.0043047154
  -0.0042823354
  -0.0045987556
  -0.0047957550
  -0.0047177656
  -0.0040611633
  -0.0024551807
  -0.0011552692
  -0.0019412098
  -0.0042092488
  -0.0058475696
  -0.0061017994
  -0.0056521149
  -0.0053537648
  -0.0053719216
  -0.0054799869
  -0.0055016509
  -0.0054326419
  -0.0053725665
  -0.0053780831
  -0.0053908360
  -0.0053787367
  -0.0050789580
  -0.0044674071
  -0.0033062027
  -0.0017103272
  -0.0005974161
  -0.0003196399
  -0.0005164565
  -0.0006902604
  -0.0006615992
  -0.0005814300
  -0.0006079537
  -0.0006759130
  -0.0003300563
   0.0010220705
   0.0026611658
   0.0037376575
   0.0039932257
   0.0038582989
   0.0037396114
   0.0037509808
   0.0038065365
   0.0038249915
   0.0038076443
   0.0037194574
   0.0028799679
   0.0022926693
   0.0024172184
   0.0016814275
   0.0002187125
  -0.0015281225
  -0.0034238777
  -0.0034717965
  -0.0019279211
  -0.0012523039
  -0.0017767827
  -0.0020245008
  -0.0029210612
  -0.0043588390
  -0.0055389752
  -0.0072140639
  -0.0090181953
  -0.0095328008
  -0.0078957940
  -0.0060303754
  -0.0052498448
  -0.0052346439
  -0.0058311413
  -0.0070127875
  -0.0070285432
  -0.0059798162
  -0.0050717199
  -0.0048804988
  -0.0051082415
  -0.0051687798
  -0.0040295272
  -0.0019938043
  -0.0005666473
  -0.0002854247
  -0.0005885159
  -0.0008018875
  -0.0005034643
   0.0011721628
   0.0031706083
   0.0044598049
   0.0059168352
   0.0066738849
   0.0061390423
   0.0048992156
   0.0039361410
   0.0043006915
   0.0063114720
   0.0082706375
   0.0089945012
   0.0087959449
   0.0083304250
   0.0070352109
   0.0051934847
   0.0039899595
   0.0038134573
   0.0041076675
   0.0042983251
   0.0042941452
   0.0050920369
   0.0064583387
   0.0062689380
   0.0049116686
   0.0038551783
   0.0033830617
   0.0034373015
   0.0037282177
   0.0038492734
   0.0037267978
   0.0036782011
   0.0037970724
   0.0036066193
   0.0031751835
   0.0023448131
   0.0005732140
  -0.0001501389
   0.0006988107
   0.0019257055
   0.0034896118
   0.0041706485
   0.0029051391
   0.0010988345
   0.0001434092
   0.0006093589
   0.0025929248
   0.0043925868
   0.0049272266
   0.0045403602
   0.0040144789
   0.0031685505
   0.0015447209
  -0.0001197106
  -0.0009442440
  -0.0009477025
  -0.0007039393
  -0.0004773401
   0.0007788478
   0.0020755021
   0.0014771859
  -0.0000682080
  -0.0010114584
  -0.0009584220
  -0.0005506940
  -0.0003724995
  -0.0004616614
  -0.0005524641
  -0.0005022064
  -0.0004514795
  -0.0009605690
  -0.0027052740
  -0.0043405574
  -0.0037069351
  -0.0016393904
  -0.0004833880
  -0.0004799307
  -0.0006955855
  -0.0006206226
  -0.0004204164
  -0.0003696833
  -0.0007151301
  -0.0023735159
  -0.0040611702
  -0.0034682685
  -0.0016478622
  -0.0014084088
  -0.0020178660
  -0.0017739429
  -0.0008795943
  -0.0002384003
  -0.0002162763
  -0.0004699170
  -0.0006063698
  -0.0005616750
  -0.0004781775
  -0.0004566301
  -0.0004829498
  -0.0005043926
  -0.0004993191
  -0.0004609874
  -0.0003887387
   0.0006196814
   0.0018879374
   0.0017413030
   0.0017612801
   0.0027827086
   0.0039036276
   0.0043416323
   0.0041942109
   0.0039332509
   0.0030811610
   0.0012776558
  -0.0002758420
  -0.0008092325
  -0.0006207965
  -0.0003667775
  -0.0003442991
  -0.0004491049
  -0.0005088334
  -0.0007819472
  -0.0022316647
  -0.0041326289
  -0.0052063971
  -0.0052659021
  -0.0049541298
  -0.0048125283
  -0.0048900393
  -0.0049910173
  -0.0050030334
  -0.0049607594
  -0.0049327675
  -0.0049369318
  -0.0049505272
  -0.0049540223
  -0.0049481400
  -0.0048704279
  -0.0038843092
  -0.0019302443
  -0.0004052114
   0.0000446281
  -0.0002109428
  -0.0004789999
  -0.0004666766
  -0.0003667605
  -0.0003418651
  -0.0003654746
  -0.0003933733
   0.0000169046
   0.0016386404
   0.0034206028
   0.0034442484
   0.0018371008
   0.0000930298
  -0.0005121945
   0.0009171059
   0.0031602046
   0.0044340078
   0.0044725388
   0.0041006201
   0.0039604714
   0.0040601127
   0.0040986090
   0.0037456741
   0.0036262012
   0.0038563381
   0.0044567588
   0.0053509302
   0.0066219925
   0.0080484599
   0.0088600701
   0.0085361171
   0.0068855027
   0.0063021396
   0.0074356624
   0.0087717879
   0.0092286480
   0.0089835461
   0.0086984117
   0.0086796707
   0.0087890813
   0.0080640786
   0.0060835473
   0.0043842426
   0.0038042775
   0.0032637675
   0.0016482734
   0.0000135079
  -0.0006342120
  -0.0004734967
  -0.0002224248
  -0.0002182524
  -0.0003487998
  -0.0004212064
  -0.0004089178
  -0.0004247379
  -0.0004874958
  -0.0005852953
  -0.0007333748
  -0.0008653503
  -0.0009702653
  -0.0010491586
  -0.0011495137
  -0.0012982528
  -0.0014652568
  -0.0016082350
  -0.0017203019
  -0.0018401208
  -0.0019904479
  -0.0018640820
  -0.0019430007
  -0.0023670666
  -0.0031057966
  -0.0045792205
  -0.0051238152
  -0.0044180164
  -0.0035599869
  -0.0033917977
  -0.0032293488
  -0.0018875351
  -0.0014273539
  -0.0027243461
  -0.0043038503
  -0.0049671636
  -0.0044371509
  -0.0025430105
  -0.0006515399
   0.0001192117
  -0.0000331566
  -0.0003908993
  -0.0003876177
   0.0006272157
   0.0010995299
   0.0004716913
  -0.0003465075
  -0.0010060527
  -0.0014160802
  -0.0010957576
  -0.0005294530
   0.0000036136
   0.0014190675
   0.0030187521
   0.0026138260
   0.0007368144
  -0.0006300827
  -0.0008017242
  -0.0004140855
  -0.0001635675
  -0.0002466406
  -0.0003765859
   0.0003405593
   0.0017589692
   0.0017243402
   0.0003118815
  -0.0017152737
  -0.0022704870
  -0.0013331154
  -0.0003489707
  -0.0000751593
  -0.0003207895
  -0.0005551541
  -0.0005497608
  -0.0004598648
  -0.0004328103
  -0.0004705507
  -0.0005073526
  -0.0005113290
  -0.0004983037
  -0.0004786549
  -0.0000774893
   0.0011775788
   0.0013559545
   0.0003904489
  -0.0005181659
  -0.0007150994
  -0.0005146639
  -0.0003475609
  -0.0003658943
  -0.0004836184
  -0.0005426499
  -0.0005143042
  -0.0004758613
  -0.0006293665
  -0.0012714484
  -0.0013770263
  -0.0011064851
  -0.0019817535
  -0.0035427524
  -0.0036908344
  -0.0033564498
  -0.0037888149
  -0.0045997247
  -0.0050419752
  -0.0049850257
  -0.0047726122
  -0.0046842657
  -0.0047225488
  -0.0047664975
  -0.0047554540
  -0.0047144750
  -0.0046836017
  -0.0046711401
  -0.0046628704
  -0.0046510260
  -0.0046556791
  -0.0046429453
  -0.0046255981
  -0.0046348542
  -0.0046112797
  -0.0045571578
  -0.0045084033
  -0.0044821451
  -0.0044688703
  -0.0044535931
  -0.0044349214
  -0.0044502783
  -0.0044965502
  -0.0050648164
  -0.0065446827
  -0.0081094888
  -0.0088345626
  -0.0087606195
  -0.0084301981
  -0.0075527861
  -0.0065883367
  -0.0068999061
  -0.0078309285
  -0.0077796793
  -0.0062161579
  -0.0044205839
  -0.0035900298
  -0.0036589070
  -0.0033425197
  -0.0016594629
  -0.0000449775
  -0.0005763658
  -0.0024611255
  -0.0026615714
  -0.0009673816
   0.0011763195
   0.0032216911
   0.0043984934
   0.0046537132
   0.0044954250
   0.0043720930
   0.0043865640
   0.0044279711
   0.0044832477
   0.0053190497
   0.0066810398
   0.0078167679
   0.0082141439
   0.0078914824
   0.0069726425
   0.0066427828
   0.0069727777
   0.0072886484
   0.0072198249
   0.0069048748
   0.0066101411
   0.0064063024
   0.0062555107
   0.0060876370
   0.0058623527
   0.0056292304
   0.0054083964
   0.0051919972
   0.0053075866
   0.0059351550
   0.0057961575
   0.0049675676
   0.0041857124
   0.0036206413
   0.0035605226
   0.0037317024
   0.0037840178
   0.0036523208
   0.0034960038
   0.0036672997
   0.0048159593
   0.0056158430
   0.0048319663
   0.0034781626
   0.0027887054
   0.0028560969
   0.0031296537
   0.0032015787
   0.0030723020
   0.0029579417
   0.0029280081
   0.0029358477
   0.0029382125
   0.0029162156
   0.0028114304
   0.0019248803
   0.0003636340
  -0.0007483585
  -0.0009909787
  -0.0007835556
  -0.0006348616
  -0.0009666980
  -0.0018018291
  -0.0026844820
  -0.0033226622
  -0.0038042168
  -0.0040848107
  -0.0041576511
  -0.0040956357
  -0.0033529859
  -0.0022789456
  -0.0024348672
  -0.0035294603
  -0.0047343031
  -0.0049113444
  -0.0042926230
  -0.0037454625
  -0.0036391275
  -0.0037659390
  -0.0038336217
  -0.0037754517
  -0.0036844094
  -0.0039303210
  -0.0051465610
  -0.0057447401
  -0.0048831254
  -0.0036842950
  -0.0031436375
  -0.0032439463
  -0.0034561345
  -0.0034507323
  -0.0029726502
  -0.0025445136
  -0.0027097486
  -0.0031103388
  -0.0033071648
  -0.0032409176
  -0.0031027401
  -0.0028895967
  -0.0019581807
  -0.0006285455
   0.0002034242
   0.0003185847
   0.0001203774
   0.0000076994
   0.0000514899
   0.0002768969
   0.0011953636
   0.0022352378
   0.0028780071
   0.0030790737
   0.0030660989
   0.0029915473
   0.0022812305
   0.0012472395
   0.0014046438
   0.0024141879
   0.0031511981
   0.0031816189
   0.0031347420
   0.0037129891
   0.0039770315
   0.0034729338
   0.0027875421
   0.0024868342
   0.0028564956
   0.0034658933
   0.0039875739
   0.0045793298
   0.0049682940
   0.0050380034
   0.0048854676
   0.0045145267
   0.0036240410
   0.0031335978
   0.0034601375
   0.0039318414
   0.0040134369
   0.0037686782
   0.0034730569
   0.0032764164
   0.0031429233
   0.0025789739
   0.0013483955
   0.0004449065
   0.0008047973
   0.0012656009
   0.0007674483
  -0.0000660739
  -0.0001834635
   0.0000943112
   0.0002588726
   0.0000832292
  -0.0000845314
   0.0000396123
   0.0002405514
   0.0001535759
   0.0001613848
   0.0003419417
   0.0003695441
   0.0002684083
   0.0003298708
   0.0003789859
   0.0005728033
   0.0007630651
   0.0007240887
   0.0007204189
   0.0009634843
   0.0011902480
   0.0008254552
  -0.0001939875
  -0.0012091889
  -0.0020724560
  -0.0021513123
  -0.0018539694
  -0.0019483213
  -0.0025893482
  -0.0030829641
  -0.0031069998
  -0.0030158066
  -0.0030069146
  -0.0033001400
  -0.0041615484
  -0.0045651448
  -0.0039206748
  -0.0030175750
  -0.0025896377
  -0.0026338135
  -0.0027679689
  -0.0027622564
  -0.0026875332
  -0.0030424914
  -0.0037018120
  -0.0036127184
  -0.0028923221
  -0.0022927907
  -0.0020230601
  -0.0016238632
  -0.0009641566
  -0.0008977606
  -0.0014042376
  -0.0013900896
  -0.0007531119
  -0.0001690534
   0.0000868764
   0.0005331409
   0.0009156286
   0.0006842319
   0.0000860921
  -0.0003133752
  -0.0003488462
  -0.0002146865
  -0.0001468077
  -0.0001712017
  -0.0001160629
   0.0001063172
   0.0001130690
  -0.0003540812
  -0.0011620035
  -0.0017105576
  -0.0016903102
  -0.0014973171
  -0.0014395996
  -0.0013433861
  -0.0010060775
  -0.0009007407
  -0.0011262859
  -0.0013796324
  -0.0015967478
  -0.0016188198
  -0.0014129904
  -0.0011943896
  -0.0010942609
  -0.0010159105
  -0.0007570532
  -0.0005387674
  -0.0006430777
  -0.0008694530
  -0.0009688128
  -0.0009010553
  -0.0006474543
  -0.0003310147
   0.0000007247
   0.0002855334
   0.0004274922
   0.0004445977
   0.0004205332
   0.0004130604
   0.0004260066
   0.0004463007
   0.0005684434
   0.0007831419
   0.0009269367
   0.0008761674
   0.0007362994
   0.0006843010
   0.0007143254
   0.0007466390
   0.0007771748
   0.0007649017
   0.0007704967
   0.0008092443
   0.0008503911
   0.0009451543
   0.0010321615
   0.0008482968
   0.0005805086
   0.0006323105
   0.0009326759
   0.0011544039
   0.0011749180
   0.0010895231
   0.0010265784
   0.0010113340
   0.0009225444
   0.0006546423
   0.0004698373
   0.0005974749
   0.0008382942
   0.0009501697
   0.0009076384
   0.0008259634
   0.0007821216
   0.0007703214
   0.0007605525
   0.0007378767
   0.0006115211
   0.0003883266
   0.0002889732
   0.0003393381
   0.0004154414
   0.0004317858
   0.0004346521
   0.0004867403
   0.0004984126
   0.0003645464
   0.0001674033
  -0.0000026574
  -0.0000079239
   0.0000879618
   0.0001613097
   0.0001906658
   0.0001796122
   0.0000886729
  -0.0000529573
  -0.0000884408
   0.0000168134
   0.0001411839
   0.0001910858
   0.0001774775
   0.0001533404
   0.0001482215
   0.0001234428
   0.0000436384
   0.0000229579
   0.0000903797
   0.0001646906
   0.0001901890
   0.0001910912
   0.0002469766
   0.0003247263
   0.0003389599
   0.0002601168
   0.0001935236
   0.0002245142
   0.0002943535
   0.0003279287
   0.0003253298
   0.0003375671
   0.0003383365
   0.0003044263
   0.0002511380
   0.0002300925
   0.0002418000
   0.0002562041
   0.0002565573
   0.0002465694
   0.0002411463
   0.0002438872
   0.0002397765
   0.0002152689
   0.0001797793
   0.0001675514
   0.0001869477
   0.0002044410
   0.0002003882
   0.0001809657
   0.0001585254
   0.0001416746
   0.0001420129
   0.0001559742
   0.0001670368
   0.0001682111
   0.0001637615
   0.0001600195
   0.0001617591
   0.0001618755
   0.0001573704
   0.0001517165
   0.0001479042
   0.0001460602
   0.0001488503
   0.0001542194
   0.0001557352
   0.0001524832
   0.0001505327
   0.0001568549
   0.0001614930
   0.0001534143
   0.0001362563
   0.0001224229
   0.0001193698
   0.0001244820
   0.0001271020
   0.0001242173
   0.0001183340
   0.0001122328
   0.0001064688
   0.0000971775
   0.0000865855
   0.0000823388
   0.0000827227
   0.0000817491
   0.0000768057
   0.0000702078
   0.0000657778
   0.0000614877
   0.0000552004
   0.0000484702
   0.0000422285
   0.0000381830
   0.0000366801
   0.0000350113
   0.0000320571
   0.0000291596
   0.0000266970
   0.0000232147
   0.0000175444
   0.0000113908
   0.0000068052
   0.0000039737
   0.0000011790
  -0.0000025210
  -0.0000065769
  -0.0000101703
  -0.0000136644
  -0.0000175307
  -0.0000215704
  -0.0000250774
  -0.0000279076
  -0.0000303272
  -0.0000325873
  -0.0000349655
  -0.0000373764
  -0.0000397828
  -0.0000422508
  -0.0000447898
  -0.0000474614
  -0.0000501166
  -0.0000524041
  -0.0000544461
  -0.0000565181
  -0.0000586948
  -0.0000608563
  -0.0000629421
  -0.0000649793
  -0.0000669928
  -0.0000689928
  -0.0000708763
  -0.0000726247
  -0.0000743206
  -0.0000760103
  -0.0000776822
  -0.0000792980
  -0.0000808453
  -0.0000823581
  -0.0000838429
  -0.0000852920
  -0.0000866869
  -0.0000880056
  -0.0000892676
  -0.0000904954
  -0.0000916918
  -0.0000928489
  -0.0000939616
  -0.0000950302
  -0.0000960571
  -0.0000970448
  -0.0000979922
  -0.0000988974
  -0.0000997617
  -0.0001005879
  -0.0001013768
  -0.0001021277
  -0.0001028403
  -0.0001035152
  -0.0001041534
  -0.0001047553
  -0.0001053212
  -0.0001058517
  -0.0001063472
  -0.0001068082
  -0.0001072351
  -0.0001076283
  -0.0001079884
  -0.0001083157
  -0.0001086107
  -0.0001088739
  -0.0001091057
  -0.0001093065
  -0.0001094768
  -0.0001096171
  -0.0001097278
  -0.0001098094
  -0.0001098623
