  -0.0000420927
  -0.0000443645
  -0.0000466221
  -0.0000488972
  -0.0000511643
  -0.0000534594
  -0.0000557462
  -0.0000580250
  -0.0000603047
  -0.0000625995
  -0.0000648957
  -0.0000670868
  -0.0000691685
  -0.0000713133
  -0.0000734504
  -0.0000761990
  -0.0000796297
  -0.0000822903
  -0.0000838830
  -0.0000850685
  -0.0000869485
  -0.0000903748
  -0.0000955412
  -0.0001012334
  -0.0001053910
  -0.0001057436
  -0.0001023591
  -0.0001022995
  -0.0001068598
  -0.0001156666
  -0.0001279891
  -0.0001427705
  -0.0001484670
  -0.0001392647
  -0.0001210958
  -0.0001125189
  -0.0001178730
  -0.0001304746
  -0.0001246882
  -0.0001124887
  -0.0000975115
  -0.0000779668
  -0.0000768232
  -0.0001266381
  -0.0002083501
  -0.0002306429
  -0.0002188903
  -0.0001828419
  -0.0001246399
  -0.0000786957
  -0.0000807290
  -0.0001599265
  -0.0002648168
  -0.0002583946
  -0.0001669220
  -0.0000350347
   0.0001073460
   0.0001504823
   0.0000953122
   0.0000044178
  -0.0000899758
  -0.0000860612
  -0.0000681605
  -0.0001335665
  -0.0001616032
  -0.0000398950
   0.0000350521
   0.0000448794
   0.0000668943
   0.0000669951
  -0.0001228755
  -0.0004157867
  -0.0004376956
   0.0000031251
   0.0005019841
   0.0005805710
   0.0002126578
  -0.0006187371
  -0.0014543904
  -0.0013757387
  -0.0006207175
  -0.0003903067
  -0.0008783010
  -0.0013072995
  -0.0013417267
  -0.0012666928
  -0.0015097405
  -0.0015907485
  -0.0007855494
   0.0005247153
   0.0009971914
   0.0000603771
  -0.0008488877
  -0.0013737890
  -0.0015400763
  -0.0012110875
  -0.0003138009
   0.0006062461
   0.0004429145
  -0.0007416536
  -0.0014585363
  -0.0016294622
  -0.0018472049
  -0.0015262442
  -0.0012236425
  -0.0015144063
  -0.0012813851
  -0.0001514514
   0.0007506318
   0.0005770093
   0.0004720155
  -0.0001738241
  -0.0005739940
   0.0006906432
   0.0033835310
   0.0052189106
   0.0040855835
   0.0013033339
  -0.0011619329
  -0.0017330037
  -0.0003763863
   0.0006147594
   0.0011232517
   0.0022989588
   0.0034322449
   0.0024365681
  -0.0013556790
  -0.0061687259
  -0.0075389801
  -0.0050248622
  -0.0013794365
   0.0012546975
   0.0000159795
  -0.0036537188
  -0.0052867910
  -0.0046902609
  -0.0053419517
  -0.0083460454
  -0.0098005024
  -0.0071816122
  -0.0050393725
  -0.0050926777
  -0.0048342522
  -0.0027826198
  -0.0008085578
   0.0008629794
   0.0035939875
   0.0047464769
   0.0034121922
   0.0019758633
   0.0012436186
  -0.0010652504
  -0.0054675575
  -0.0068772900
  -0.0038762385
  -0.0037187893
  -0.0052788720
  -0.0044705179
  -0.0007133307
   0.0020917681
   0.0028334784
   0.0026323638
   0.0028257410
   0.0030227174
   0.0061930063
   0.0137307234
   0.0164247038
   0.0153101505
   0.0137194612
   0.0116259250
   0.0115338767
   0.0144176195
   0.0155998975
   0.0106402515
   0.0063601101
   0.0045679119
   0.0030607253
  -0.0035832279
  -0.0136504607
  -0.0188532002
  -0.0109738840
   0.0026736876
   0.0114408077
   0.0108653662
   0.0019878724
  -0.0084491137
  -0.0102595417
  -0.0047050610
   0.0014307683
  -0.0022935496
  -0.0098303187
  -0.0144767115
  -0.0174990306
  -0.0208279338
  -0.0146328775
  -0.0057190804
  -0.0033388351
  -0.0029149504
  -0.0007376461
  -0.0004250198
  -0.0053438417
  -0.0097439318
  -0.0092060440
  -0.0087590670
  -0.0114537004
  -0.0135112226
  -0.0108811739
  -0.0086490787
  -0.0067361057
   0.0042267146
   0.0185136685
   0.0199278384
   0.0080816124
  -0.0118567444
  -0.0255001380
  -0.0191866857
  -0.0051113357
   0.0122680360
   0.0218334417
   0.0253570161
   0.0307411752
   0.0311595641
   0.0258112461
   0.0177989197
   0.0103547602
   0.0131769543
   0.0245309080
   0.0317462203
   0.0299975788
   0.0264453947
   0.0139385728
  -0.0001483426
  -0.0026182389
   0.0060970352
   0.0071309495
  -0.0090311984
  -0.0164730872
  -0.0088683849
   0.0024504664
   0.0119858015
   0.0138833473
   0.0053483743
  -0.0028879155
  -0.0046937209
  -0.0081367341
  -0.0191809335
  -0.0243418722
  -0.0122260578
   0.0068795390
   0.0129029026
   0.0054620085
  -0.0157946898
  -0.0417976791
  -0.0383292350
  -0.0128038565
  -0.0002725541
   0.0035604807
  -0.0055200583
  -0.0206255252
  -0.0424512685
  -0.0555243933
  -0.0432817448
  -0.0148644969
   0.0091988991
   0.0246784457
   0.0295666864
   0.0194754466
   0.0091368704
  -0.0017534426
  -0.0167701521
  -0.0184756261
  -0.0024765650
   0.0104576210
   0.0196427278
   0.0304196007
   0.0336404229
   0.0301371932
   0.0203547173
   0.0113786925
   0.0048151963
  -0.0016685141
  -0.0019170848
  -0.0009990654
  -0.0015427050
  -0.0017637763
   0.0004192904
   0.0100107911
   0.0115963423
   0.0172061826
   0.0372345420
   0.0486575956
   0.0331224776
   0.0037085875
  -0.0175645063
  -0.0244659859
  -0.0130206845
   0.0015156722
   0.0074330918
  -0.0009048161
  -0.0240141736
  -0.0440945796
  -0.0460331175
  -0.0356163891
  -0.0162087537
  -0.0018128102
  -0.0021658735
  -0.0130139203
  -0.0239684932
  -0.0237213212
  -0.0106507049
  -0.0020744484
  -0.0148664864
  -0.0252649116
  -0.0137724983
  -0.0033489871
  -0.0000974710
  -0.0054027824
  -0.0162141686
  -0.0317017380
  -0.0416180241
  -0.0189892162
   0.0128647867
   0.0315869749
   0.0307976463
   0.0120757176
  -0.0065133654
  -0.0109784425
  -0.0065362488
   0.0112967603
   0.0246360264
   0.0207369927
   0.0011350641
  -0.0129917505
   0.0010219285
   0.0141349740
   0.0158788191
   0.0230299965
   0.0340168726
   0.0451823528
   0.0478249525
   0.0418050358
   0.0260169849
   0.0073662624
   0.0000210720
   0.0117299795
   0.0136767219
   0.0097153178
   0.0059540690
   0.0016312618
  -0.0012151257
  -0.0100694766
  -0.0151294273
  -0.0176745552
  -0.0150677619
  -0.0071825982
   0.0012061523
   0.0045090144
  -0.0016021686
  -0.0110598427
  -0.0159742496
  -0.0117767151
  -0.0021188169
   0.0029044170
  -0.0004063487
   0.0009256754
  -0.0104953736
  -0.0362129279
  -0.0380921661
  -0.0143459547
   0.0009757785
  -0.0006349354
  -0.0021072874
  -0.0015734447
  -0.0059036701
  -0.0070380491
  -0.0061528705
  -0.0115813476
  -0.0191189437
  -0.0115954816
   0.0074180755
   0.0194755028
   0.0315406069
   0.0368244094
   0.0294620092
   0.0165626141
   0.0051782300
  -0.0047342935
  -0.0067121626
  -0.0010567445
   0.0099936382
   0.0168952605
   0.0175428901
   0.0090147592
   0.0065869677
   0.0131238480
   0.0238255314
   0.0359885095
   0.0474890321
   0.0612703750
   0.0647718272
   0.0515798047
   0.0275881598
   0.0052796073
   0.0023576180
   0.0119590861
   0.0157156596
   0.0199733285
   0.0118743686
  -0.0046111702
  -0.0224138094
  -0.0406914859
  -0.0520250170
  -0.0449920973
  -0.0342147703
  -0.0239975916
  -0.0185174399
  -0.0214879977
  -0.0219555529
  -0.0229779195
  -0.0161268345
  -0.0049938392
  -0.0005187611
  -0.0060625911
  -0.0174577531
  -0.0263507471
  -0.0277559514
  -0.0222025865
  -0.0175649042
  -0.0097549951
   0.0045997999
   0.0227443452
   0.0363979285
   0.0385876217
   0.0330466652
   0.0191658739
   0.0016341902
  -0.0034094168
  -0.0010799432
  -0.0162727287
  -0.0369692872
  -0.0476460717
  -0.0392764380
  -0.0058439553
   0.0254837853
   0.0299658033
   0.0155233672
   0.0008290508
   0.0004216623
   0.0120566401
   0.0231923385
   0.0245200826
   0.0253167247
   0.0157784712
  -0.0027011845
  -0.0059667541
   0.0048227694
   0.0163211597
   0.0291255957
   0.0310914848
   0.0082523535
  -0.0198913011
  -0.0313371474
  -0.0217914462
  -0.0009114960
   0.0228541691
   0.0299793231
   0.0125767523
  -0.0069223735
  -0.0116763758
  -0.0102485563
  -0.0221393468
  -0.0340868896
  -0.0367325514
  -0.0294042665
  -0.0223240619
  -0.0237344951
  -0.0248013267
  -0.0264810282
  -0.0271558921
  -0.0211958547
  -0.0041617497
   0.0121783707
   0.0181140153
   0.0207968373
   0.0232553620
   0.0239855553
   0.0206549264
   0.0112200699
   0.0013646486
  -0.0126166718
  -0.0176806966
  -0.0085186938
   0.0097097689
   0.0266642685
   0.0244880475
   0.0086141373
  -0.0129425237
  -0.0336704469
  -0.0368493558
  -0.0286127452
  -0.0225065151
  -0.0218338655
  -0.0267935894
  -0.0252157669
  -0.0191270833
  -0.0156736901
  -0.0059263286
   0.0171289646
   0.0378228027
   0.0471552742
   0.0466835065
   0.0372208967
   0.0310586020
   0.0408292924
   0.0591851341
   0.0720414092
   0.0624227632
   0.0365692708
   0.0086474006
  -0.0109441282
  -0.0121292131
   0.0062593383
   0.0250997539
   0.0198754501
  -0.0051886315
  -0.0338718002
  -0.0477784158
  -0.0458940698
  -0.0452787996
  -0.0380433805
  -0.0291418966
  -0.0217507266
  -0.0141556301
  -0.0120536213
  -0.0042653426
   0.0074767567
   0.0215847646
   0.0336660181
   0.0339922030
   0.0253834547
   0.0211169802
   0.0142192763
   0.0096936021
   0.0132459289
   0.0276808137
   0.0444454212
   0.0429333383
   0.0291215173
   0.0191377703
   0.0081548990
  -0.0119427031
  -0.0371440809
  -0.0476866400
  -0.0318498120
  -0.0136564464
  -0.0077668714
  -0.0130869258
  -0.0174117657
  -0.0217077537
  -0.0134778338
   0.0123553009
   0.0339014608
   0.0321434644
   0.0110820169
  -0.0013283669
   0.0034201203
   0.0100853838
   0.0266553071
   0.0447951382
   0.0474875616
   0.0379854043
   0.0226005789
   0.0060851112
  -0.0098328618
  -0.0195097090
  -0.0234747288
  -0.0219243266
  -0.0227830234
  -0.0306196262
  -0.0377391794
  -0.0344205048
  -0.0234776524
  -0.0143442853
  -0.0106715426
  -0.0092000885
  -0.0068859183
  -0.0011699207
   0.0124333363
   0.0212397055
   0.0152760481
  -0.0041257702
  -0.0185939140
  -0.0156888967
   0.0019643900
   0.0220538032
   0.0328966839
   0.0346162053
   0.0221697124
  -0.0010664156
  -0.0162121013
  -0.0114345581
  -0.0042352439
  -0.0119002146
  -0.0070172374
   0.0001595610
  -0.0079202564
  -0.0065441073
  -0.0026421988
  -0.0153847173
  -0.0298039889
  -0.0346502298
  -0.0235683341
  -0.0037223747
   0.0181852606
   0.0366642428
   0.0395820706
   0.0146254213
  -0.0017986896
   0.0064163131
   0.0180834292
   0.0173540922
   0.0267197449
   0.0422463428
   0.0392535762
   0.0226302568
   0.0059223497
   0.0123558372
   0.0381435079
   0.0609270589
   0.0654614436
   0.0512996331
   0.0282433409
   0.0115607780
   0.0188846687
   0.0335882768
   0.0369934984
   0.0217481836
  -0.0129134988
  -0.0538822888
  -0.0795393497
  -0.0772072395
  -0.0669327118
  -0.0717987352
  -0.0894007995
  -0.1025039007
  -0.1031937766
  -0.0885706216
  -0.0680467807
  -0.0514160613
  -0.0513205227
  -0.0722509540
  -0.1003668467
  -0.1190516672
  -0.1193415699
  -0.1199235811
  -0.1255995415
  -0.1205523884
  -0.1097735260
  -0.0934514364
  -0.0819819195
  -0.0739171053
  -0.0781124989
  -0.0879368838
  -0.0946721591
  -0.0904028518
  -0.0930654761
  -0.1132130446
  -0.1302223719
  -0.1371605315
  -0.1434964823
  -0.1419001360
  -0.1168236590
  -0.0672068284
  -0.0109798092
   0.0472613657
   0.1036354425
   0.1428661612
   0.1599267394
   0.1750140501
   0.1974020827
   0.2164189311
   0.2192829260
   0.1845072288
   0.1159762677
   0.0430935827
  -0.0100989210
  -0.0378633320
  -0.0499225628
  -0.0485759402
  -0.0443795086
  -0.0464570511
  -0.0557382198
  -0.0654870474
  -0.0637558053
  -0.0498694522
  -0.0260164140
  -0.0063976336
  -0.0005761547
  -0.0029384666
  -0.0038994052
  -0.0050140195
  -0.0222155744
  -0.0502939047
  -0.0623940886
  -0.0567933826
  -0.0581980463
  -0.0538791748
  -0.0345063295
  -0.0096137199
   0.0114427496
   0.0219220863
   0.0295754964
   0.0404155788
   0.0472166455
   0.0622649450
   0.0894754053
   0.1023443958
   0.0971757975
   0.0773306741
   0.0422449588
   0.0043620649
  -0.0146924151
  -0.0070854205
   0.0176646467
   0.0326984748
   0.0406715305
   0.0451008703
   0.0479554801
   0.0462712936
   0.0455863049
   0.0540406259
   0.0671705419
   0.0829262767
   0.0919337180
   0.0926212585
   0.0851362929
   0.0760625930
   0.0659400015
   0.0437302874
   0.0207212628
   0.0063963966
   0.0013260357
   0.0030332470
   0.0028037689
  -0.0018472292
  -0.0083957436
  -0.0156389390
  -0.0262242590
  -0.0363924444
  -0.0428030010
  -0.0362600268
  -0.0132900350
   0.0090108970
   0.0246044022
   0.0342607058
   0.0181259609
  -0.0117879125
  -0.0307646209
  -0.0333392926
  -0.0185497041
  -0.0015980724
   0.0091225893
   0.0216521044
   0.0429464602
   0.0651546302
   0.0840103736
   0.0699972123
   0.0411091179
   0.0270853475
   0.0233651254
   0.0357227791
   0.0709192526
   0.1218315414
   0.1771831954
   0.2112772774
   0.2205449089
   0.2096541163
   0.1883254418
   0.1707093645
   0.1526280503
   0.1353235438
   0.1198853051
   0.0983644289
   0.0745340622
   0.0453350674
   0.0089864912
  -0.0321542293
  -0.0639048870
  -0.0695382898
  -0.0588281943
  -0.0492950962
  -0.0421971203
  -0.0306199766
  -0.0150862165
  -0.0013013436
   0.0124533004
   0.0047028769
  -0.0286770618
  -0.0505849319
  -0.0269067176
   0.0177876531
   0.0420449635
   0.0226774422
  -0.0269733049
  -0.0975487397
  -0.1756612818
  -0.2222217429
  -0.2294257584
  -0.2062911496
  -0.1779289067
  -0.1715716770
  -0.1818867729
  -0.1851074048
  -0.1695876404
  -0.1275408907
  -0.0767099545
  -0.0492925444
  -0.0309828156
  -0.0234310336
  -0.0326857162
  -0.0337084547
  -0.0287427365
  -0.0107900036
   0.0151602167
   0.0293622192
   0.0269255139
   0.0228503156
   0.0203384164
   0.0129107870
   0.0155247079
   0.0328073430
   0.0610482013
   0.0892290982
   0.1047802187
   0.1156466185
   0.1225400580
   0.1121342242
   0.0841738574
   0.0462513555
   0.0043669176
  -0.0183090671
  -0.0118113711
   0.0097333140
   0.0338465597
   0.0387447046
   0.0096568702
  -0.0304102588
  -0.0455685293
  -0.0229208775
   0.0228195434
   0.0800387972
   0.1067931894
   0.0990247653
   0.0796867014
   0.0546160631
   0.0149359368
  -0.0205123711
  -0.0302509442
  -0.0290489962
  -0.0301470325
  -0.0368932283
  -0.0480648586
  -0.0484134079
  -0.0330187561
   0.0038068400
   0.0390270429
   0.0485932833
   0.0391259939
   0.0247211677
   0.0119477979
  -0.0068848111
  -0.0192344939
  -0.0269942723
  -0.0280298474
  -0.0278077299
  -0.0174874656
  -0.0020415314
   0.0093534130
   0.0166582349
   0.0200057009
   0.0103483593
   0.0010070156
  -0.0074341298
  -0.0115670752
  -0.0003990108
   0.0207251509
   0.0467199227
   0.0683620278
   0.0838276868
   0.0919916294
   0.1002861860
   0.1217001489
   0.1505512863
   0.1632391472
   0.1386876783
   0.0906713026
   0.0502026911
   0.0307391511
   0.0265725618
   0.0382515542
   0.0467784828
   0.0348508782
  -0.0012156612
  -0.0375850115
  -0.0730716602
  -0.1212371176
  -0.1639513832
  -0.1868759282
  -0.1918048366
  -0.1833019895
  -0.1705468754
  -0.1534157138
  -0.1318091600
  -0.1070882820
  -0.0764542190
  -0.0515905306
  -0.0589847583
  -0.0770448801
  -0.0739405034
  -0.0657955043
  -0.0579926102
  -0.0400931307
  -0.0183510280
  -0.0107325766
  -0.0153188047
  -0.0235677372
  -0.0440297483
  -0.0569813458
  -0.0526256688
  -0.0334012954
  -0.0010541166
   0.0266347635
   0.0435524879
   0.0460221754
   0.0352660147
   0.0167928106
  -0.0068341052
  -0.0124821263
   0.0068829860
   0.0295417703
   0.0348439539
   0.0253549272
   0.0080218067
  -0.0141580996
  -0.0224166552
  -0.0178514724
  -0.0081253724
   0.0037014436
   0.0031649635
  -0.0211291290
  -0.0510567861
  -0.0795253800
  -0.1071980065
  -0.1124431567
  -0.0960263936
  -0.0835668912
  -0.0700332825
  -0.0482035603
  -0.0318907824
  -0.0255371598
  -0.0266680269
  -0.0280923735
  -0.0386941284
  -0.0541697263
  -0.0613081320
  -0.0606737887
  -0.0771483767
  -0.1008993369
  -0.1102927386
  -0.1160516519
  -0.1277657026
  -0.1275656295
  -0.1139284378
  -0.0905141332
  -0.0538991129
  -0.0242586252
  -0.0147577870
  -0.0185994326
  -0.0179075067
  -0.0022312566
   0.0198277803
   0.0397391276
   0.0522101257
   0.0659256858
   0.0786657490
   0.0989845431
   0.1179658835
   0.1213400086
   0.1164652920
   0.1179050312
   0.1251242273
   0.1400827837
   0.1629927104
   0.1869370400
   0.2189223100
   0.2445813604
   0.2521061157
   0.2463615612
   0.2357015057
   0.2333035695
   0.2401791035
   0.2610809468
   0.2700347152
   0.2733462580
   0.2519058696
   0.2006429554
   0.1419729252
   0.0890409620
   0.0534927820
   0.0284100382
   0.0052834219
  -0.0087381428
  -0.0291218503
  -0.0473726039
  -0.0542104675
  -0.0545775276
  -0.0575528905
  -0.0490476647
  -0.0388525910
  -0.0359109066
  -0.0419234103
  -0.0452158280
  -0.0357668851
  -0.0224837917
  -0.0143828294
  -0.0191712845
  -0.0267382428
  -0.0301939498
  -0.0262949420
  -0.0018462950
   0.0310925703
   0.0525702660
   0.0562622763
   0.0414117274
   0.0050466947
  -0.0413443141
  -0.0681462118
  -0.0713372177
  -0.0579095708
  -0.0452489140
  -0.0552963809
  -0.0928476706
  -0.1439797977
  -0.1865289791
  -0.2034739508
  -0.2046308802
  -0.2031493619
  -0.2000836071
  -0.2035290077
  -0.2095177932
  -0.2062032662
  -0.1928894958
  -0.1761312763
  -0.1420366320
  -0.0811878551
  -0.0177736705
   0.0375244576
   0.0773695124
   0.1138348887
   0.1376036246
   0.1507335406
   0.1641813418
   0.1820703246
   0.2003202262
   0.2076395021
   0.2081908493
   0.1850366483
   0.1278771138
   0.0653637425
   0.0167604253
  -0.0156764408
  -0.0298810685
  -0.0397021404
  -0.0460297008
  -0.0554722774
  -0.0756680693
  -0.1028337661
  -0.1345696584
  -0.1592363877
  -0.1712625282
  -0.1802099822
  -0.1845480998
  -0.1919797817
  -0.1922690789
  -0.1794303199
  -0.1648399049
  -0.1477298924
  -0.1284139290
  -0.1160472405
  -0.1072557449
  -0.0921507017
  -0.0732261482
  -0.0634279294
  -0.0634034500
  -0.0648397292
  -0.0705333355
  -0.0801509436
  -0.0852568298
  -0.0751435370
  -0.0541141936
  -0.0270502634
   0.0023189908
   0.0203515817
   0.0358075269
   0.0542144032
   0.0719681442
   0.0875740188
   0.0886184558
   0.0802334208
   0.0644714148
   0.0405566982
   0.0255467612
   0.0289822057
   0.0326995734
   0.0325733621
   0.0211798609
  -0.0062622188
  -0.0283254288
  -0.0246343786
   0.0030579612
   0.0388580707
   0.0796343260
   0.1141264349
   0.1403859641
   0.1483879365
   0.1370109740
   0.1042947409
   0.0608498149
   0.0375728670
   0.0404652813
   0.0526233766
   0.0626864133
   0.0629322878
   0.0539440061
   0.0412717887
   0.0308845739
   0.0264442313
   0.0347359983
   0.0334706290
   0.0237504369
   0.0124329947
  -0.0016959871
  -0.0240467017
  -0.0463067151
  -0.0552687876
  -0.0480778767
  -0.0203928332
   0.0065414215
   0.0216927288
   0.0168433911
   0.0017708904
  -0.0138142992
  -0.0264874291
  -0.0050368597
   0.0251876330
   0.0387877726
   0.0450425265
   0.0515131136
   0.0601691512
   0.0685679828
   0.0827605006
   0.0917817386
   0.0867904641
   0.0826944583
   0.0913707800
   0.0992647146
   0.0927214247
   0.0880009366
   0.0831465041
   0.0673117521
   0.0477531580
   0.0446762016
   0.0554934265
   0.0700219511
   0.0704024620
   0.0481431838
   0.0069882125
  -0.0416467506
  -0.0745303428
  -0.0909617243
  -0.0892533181
  -0.0816487671
  -0.0769916398
  -0.0748552777
  -0.0800845121
  -0.0842638600
  -0.0775803114
  -0.0671265569
  -0.0569305274
  -0.0428108811
  -0.0239448746
  -0.0039367098
   0.0149538119
   0.0298523204
   0.0417071531
   0.0552085407
   0.0551987663
   0.0459436339
   0.0322926932
   0.0011682742
  -0.0443508341
  -0.0906595387
  -0.1359710783
  -0.1602689742
  -0.1693234280
  -0.1703907873
  -0.1762279393
  -0.1999072348
  -0.2284704591
  -0.2492242154
  -0.2429743314
  -0.2054137862
  -0.1563943636
  -0.1092605413
  -0.0631804113
  -0.0278722887
  -0.0100423677
   0.0020729454
   0.0193211966
   0.0453201463
   0.0768403523
   0.1108857784
   0.1338713055
   0.1326409382
   0.1174752590
   0.0912508486
   0.0649239364
   0.0662088849
   0.1027130995
   0.1623958646
   0.2151622247
   0.2369833834
   0.2245615083
   0.1857345255
   0.1493756298
   0.1271277263
   0.1198192195
   0.1278151802
   0.1386414876
   0.1322425219
   0.1110626264
   0.0780071426
   0.0499157293
   0.0346746659
   0.0343094352
   0.0502794160
   0.0630731088
   0.0689056765
   0.0608318663
   0.0493377404
   0.0256315003
  -0.0144933540
  -0.0554243567
  -0.0683190808
  -0.0614320856
  -0.0532471237
  -0.0535762107
  -0.0613292811
  -0.0696387156
  -0.0806364647
  -0.0838115115
  -0.0757696628
  -0.0616247630
  -0.0524261147
  -0.0547625931
  -0.0666822095
  -0.0967122905
  -0.1234311315
  -0.1307283933
  -0.1256224639
  -0.1135892737
  -0.1114449105
  -0.1162073509
  -0.1190950034
  -0.1248087641
  -0.1347269143
  -0.1259053601
  -0.0957242944
  -0.0542105972
  -0.0087067954
   0.0333246569
   0.0583520584
   0.0683888858
   0.0713165011
   0.0773103900
   0.0909741370
   0.1039331734
   0.1092201461
   0.0972331034
   0.0654995466
   0.0260853237
  -0.0022755002
  -0.0097521319
  -0.0121642670
  -0.0153019287
  -0.0191846054
  -0.0295896001
  -0.0347973437
  -0.0373052206
  -0.0391219371
  -0.0358982085
  -0.0293934195
  -0.0285191398
  -0.0217796434
  -0.0113644158
  -0.0020802546
   0.0085558886
   0.0158008096
   0.0174900693
   0.0090124972
  -0.0117238294
  -0.0383792966
  -0.0564668474
  -0.0545457824
  -0.0389510013
  -0.0259990708
  -0.0260407073
  -0.0225158008
  -0.0165539296
  -0.0259820867
  -0.0253992927
  -0.0066905032
   0.0135492045
   0.0340175949
   0.0472497315
   0.0556966136
   0.0570690994
   0.0562047110
   0.0549136643
   0.0506927966
   0.0457998719
   0.0378636001
   0.0320142516
   0.0392999615
   0.0465730035
   0.0428846434
   0.0415142032
   0.0389567708
   0.0323489611
   0.0466654714
   0.0709110351
   0.0917282820
   0.1061800384
   0.0974285920
   0.0752782598
   0.0516795385
   0.0270949144
   0.0037300351
  -0.0100990551
  -0.0087139100
  -0.0006047259
   0.0059353289
   0.0042839936
   0.0068847160
   0.0147298347
   0.0202355687
   0.0229084475
   0.0284817375
   0.0306509520
   0.0298248395
   0.0274732454
   0.0207909337
   0.0199174325
   0.0220090095
   0.0284545032
   0.0201319900
  -0.0177145265
  -0.0565585368
  -0.0750057002
  -0.0790093246
  -0.0712019326
  -0.0620944980
  -0.0666906865
  -0.0845311864
  -0.1125969959
  -0.1313783930
  -0.1347675257
  -0.1232820065
  -0.0944590246
  -0.0650858200
  -0.0445346453
  -0.0299314284
  -0.0225442375
  -0.0124512893
  -0.0038235712
   0.0061541161
   0.0105732923
   0.0170406876
   0.0212095345
   0.0164413809
   0.0093968487
   0.0018152620
  -0.0023922376
  -0.0034850303
   0.0002187289
   0.0080324678
   0.0198387138
   0.0330193789
   0.0493994144
   0.0577235106
   0.0584664539
   0.0532035280
   0.0326509823
   0.0136874175
   0.0085726868
   0.0034590757
   0.0022277378
   0.0013473068
  -0.0086906200
  -0.0169584916
  -0.0230317783
  -0.0275433272
  -0.0250317524
  -0.0145354922
   0.0021460301
   0.0118632102
  -0.0025345663
  -0.0228712917
  -0.0397028367
  -0.0542136247
  -0.0631719776
  -0.0562889614
  -0.0465153517
  -0.0439170396
  -0.0461988936
  -0.0542478352
  -0.0698032807
  -0.0794892233
  -0.0723513365
  -0.0493586300
  -0.0319834795
  -0.0231681144
  -0.0216955227
  -0.0264654712
  -0.0276815230
  -0.0266229001
  -0.0226563623
  -0.0123592020
  -0.0038302061
   0.0034355012
   0.0072163892
   0.0156383119
   0.0289146973
   0.0429826559
   0.0526424065
   0.0576039684
   0.0589795683
   0.0605566252
   0.0675345746
   0.0792881987
   0.0871350777
   0.0836735017
   0.0658329152
   0.0641030571
   0.0758320289
   0.0882029559
   0.0970505897
   0.1061757567
   0.1041373985
   0.0936051026
   0.0792513067
   0.0570417656
   0.0395934410
   0.0303694441
   0.0283461713
   0.0253014100
   0.0069388862
  -0.0141534936
  -0.0248386555
  -0.0305917475
  -0.0368560855
  -0.0406083384
  -0.0390720313
  -0.0352191147
  -0.0268879256
  -0.0136057707
  -0.0069726383
  -0.0068902173
  -0.0145788673
  -0.0300848870
  -0.0403662438
  -0.0392395633
  -0.0323091584
  -0.0236076913
  -0.0170255286
  -0.0155560120
  -0.0177106254
  -0.0245468498
  -0.0386889038
  -0.0546986700
  -0.0676935605
  -0.0799599097
  -0.0866449288
  -0.0866219200
  -0.0836640300
  -0.0795800044
  -0.0686455295
  -0.0649464695
  -0.0579607784
  -0.0323562010
  -0.0019000383
   0.0308370814
   0.0417829136
   0.0415631057
   0.0410658985
   0.0361500558
   0.0364246438
   0.0477893147
   0.0691960982
   0.0800113768
   0.0792771267
   0.0711178119
   0.0478960117
   0.0270922891
   0.0296387620
   0.0514199105
   0.0575002557
   0.0595105881
   0.0650700338
   0.0561230123
   0.0354420712
   0.0141803689
  -0.0000976006
   0.0020441251
   0.0171590664
   0.0405644788
   0.0578225091
   0.0640476975
   0.0606983545
   0.0554263894
   0.0477457623
   0.0454607511
   0.0445145774
   0.0476102177
   0.0578768740
   0.0689057630
   0.0780977075
   0.0855471218
   0.0854488152
   0.0836624730
   0.0830473326
   0.0869497095
   0.0961984409
   0.1102633288
   0.1258208935
   0.1286604091
   0.1253038433
   0.1170274949
   0.1080559508
   0.0993095213
   0.0878271593
   0.0759517008
   0.0502346958
   0.0236241738
   0.0049528558
  -0.0126971984
  -0.0325551453
  -0.0438615935
  -0.0484431204
  -0.0541501341
  -0.0574825665
  -0.0564182780
  -0.0516602923
  -0.0395918191
  -0.0243925003
  -0.0199771042
  -0.0295370647
  -0.0396025061
  -0.0368849763
  -0.0244242932
  -0.0137634029
  -0.0015727614
   0.0027106605
  -0.0072031029
  -0.0219110143
  -0.0411654550
  -0.0575335579
  -0.0683049382
  -0.0693636042
  -0.0731348481
  -0.0756504234
  -0.0805410126
  -0.0871891830
  -0.0918967828
  -0.0896506098
  -0.0867883016
  -0.0835786983
  -0.0803241587
  -0.0843370818
  -0.0940846984
  -0.1020768532
  -0.1053960079
  -0.1036457359
  -0.0953676142
  -0.0797160679
  -0.0645480965
  -0.0589845853
  -0.0544058264
  -0.0496293731
  -0.0461908059
  -0.0476500940
  -0.0546874684
  -0.0714821474
  -0.0763015909
  -0.0732867842
  -0.0792984056
  -0.0867200103
  -0.0867873501
  -0.0900471230
  -0.0922961937
  -0.0883821394
  -0.0784315952
  -0.0678564388
  -0.0614441090
  -0.0591604385
  -0.0646131873
  -0.0875537347
  -0.1039731361
  -0.0931310426
  -0.0727201267
  -0.0593203759
  -0.0506862227
  -0.0433682442
  -0.0409049102
  -0.0308964676
  -0.0134085521
   0.0134616757
   0.0467918470
   0.0729884046
   0.0840080813
   0.0893527924
   0.0947139815
   0.1067409005
   0.1215453582
   0.1353739730
   0.1460031915
   0.1494169333
   0.1423137328
   0.1252600746
   0.1043581017
   0.0899797400
   0.0799805398
   0.0725510204
   0.0613417370
   0.0456365611
   0.0300224215
   0.0187241604
   0.0077754305
   0.0007681782
  -0.0016213801
  -0.0009848942
  -0.0023281744
  -0.0116661602
  -0.0058873780
   0.0092787813
   0.0093144753
   0.0023888382
   0.0028477806
  -0.0009152981
  -0.0106279123
  -0.0177349663
  -0.0223028696
  -0.0254619745
  -0.0250908532
  -0.0225105460
  -0.0215314204
  -0.0272274660
  -0.0352106464
  -0.0359770267
  -0.0286531447
  -0.0208184232
  -0.0185670300
  -0.0125686473
  -0.0111448630
  -0.0119846986
  -0.0114073757
  -0.0108295251
  -0.0119762519
  -0.0165840270
  -0.0163164585
  -0.0129400368
  -0.0107067609
  -0.0065784951
  -0.0036076267
  -0.0082970997
  -0.0114613513
  -0.0098038932
  -0.0080727938
  -0.0003766281
   0.0044007129
   0.0073967837
   0.0077864505
   0.0076277285
   0.0117982837
   0.0133341929
   0.0060011982
   0.0004712513
  -0.0042862526
  -0.0109051948
  -0.0127059435
  -0.0226433096
  -0.0410231894
  -0.0529583455
  -0.0520620820
  -0.0444117297
  -0.0322629417
  -0.0226083076
  -0.0220616790
  -0.0211990422
  -0.0221977988
  -0.0334646475
  -0.0359669842
  -0.0377710069
  -0.0422629593
  -0.0344951278
  -0.0257291019
  -0.0276008969
  -0.0237667810
  -0.0140937614
  -0.0161054389
  -0.0268729137
  -0.0368590784
  -0.0413958591
  -0.0439154826
  -0.0324928312
  -0.0132800011
  -0.0048330974
  -0.0080535044
  -0.0114345278
  -0.0163321105
  -0.0212561923
  -0.0135966278
   0.0015345823
   0.0182402396
   0.0333900764
   0.0453829016
   0.0529411321
   0.0602088977
   0.0676368168
   0.0687195298
   0.0760093094
   0.0843922251
   0.0858398790
   0.0887685322
   0.0977383463
   0.1055717747
   0.1113555134
   0.1122862036
   0.1101740614
   0.1083737928
   0.1035280967
   0.0890059730
   0.0678920333
   0.0589368376
   0.0619239644
   0.0594235697
   0.0597785632
   0.0617859546
   0.0631635872
   0.0624540327
   0.0556288845
   0.0519087186
   0.0492161655
   0.0473339819
   0.0471689843
   0.0426841292
   0.0228067761
   0.0098761115
   0.0156978191
   0.0275563627
   0.0384941591
   0.0458860253
   0.0512886910
   0.0485130552
   0.0433265083
   0.0471596856
   0.0519869141
   0.0500443539
   0.0471992159
   0.0407186683
   0.0298981651
   0.0217887302
   0.0099021089
  -0.0047915993
  -0.0096517451
  -0.0157269651
  -0.0204917928
  -0.0265958388
  -0.0351905526
  -0.0366178229
  -0.0428690173
  -0.0570173295
  -0.0609313406
  -0.0555343407
  -0.0491806142
  -0.0469830539
  -0.0486389983
  -0.0562904319
  -0.0636848758
  -0.0688012717
  -0.0721592214
  -0.0718601065
  -0.0679822089
  -0.0524286232
  -0.0311346047
  -0.0229335107
  -0.0261271289
  -0.0386449881
  -0.0543790115
  -0.0643604361
  -0.0629124795
  -0.0575390506
  -0.0506755833
  -0.0472981712
  -0.0485800057
  -0.0497309666
  -0.0565452159
  -0.0584966854
  -0.0533547722
  -0.0444301973
  -0.0382023923
  -0.0330426213
  -0.0268114948
  -0.0240775214
  -0.0251377877
  -0.0252062390
  -0.0257058768
  -0.0304438379
  -0.0307009746
  -0.0247853935
  -0.0206531748
  -0.0152737083
  -0.0114053559
  -0.0098784254
  -0.0042891222
   0.0002026705
   0.0030523841
   0.0116705285
   0.0206911264
   0.0234121162
   0.0253429427
   0.0255241675
   0.0207404700
   0.0160406422
   0.0125598720
   0.0142308370
   0.0226630877
   0.0298544786
   0.0357643680
   0.0404363300
   0.0422260760
   0.0357101675
   0.0333546679
   0.0443906238
   0.0567221936
   0.0560960678
   0.0401364928
   0.0265514041
   0.0143480350
   0.0073522365
   0.0051478860
   0.0082130136
   0.0008039306
  -0.0046831637
  -0.0001160196
  -0.0061111346
  -0.0212929719
  -0.0282520946
  -0.0261166192
  -0.0231396215
  -0.0152078130
  -0.0144044845
  -0.0160521855
  -0.0140506155
  -0.0102171354
  -0.0109942589
  -0.0095896817
  -0.0093017123
  -0.0121952814
  -0.0088952041
  -0.0025419015
  -0.0002823207
   0.0030766667
   0.0048084494
   0.0080870532
   0.0088689299
   0.0104710284
   0.0086426950
   0.0036200450
   0.0040631347
   0.0073393265
   0.0112555130
   0.0084762443
   0.0013819839
  -0.0146105304
  -0.0296373089
  -0.0385836989
  -0.0400442672
  -0.0369850691
  -0.0408917882
  -0.0474732460
  -0.0522791090
  -0.0663797644
  -0.0682986237
  -0.0595511563
  -0.0545754517
  -0.0520526103
  -0.0548453730
  -0.0530836399
  -0.0499059116
  -0.0461924494
  -0.0418798405
  -0.0354732067
  -0.0292993428
  -0.0219969428
  -0.0205573291
  -0.0302150859
  -0.0365729903
  -0.0298704766
  -0.0207817388
  -0.0143718742
  -0.0065168167
  -0.0042069880
  -0.0100018081
  -0.0123485453
  -0.0130709190
  -0.0219271162
  -0.0265373912
  -0.0290927736
  -0.0292770043
  -0.0291605588
  -0.0294136647
  -0.0294859219
  -0.0275528248
  -0.0211953011
  -0.0171943668
  -0.0207152554
  -0.0213548449
  -0.0154240096
  -0.0101874099
  -0.0067703767
   0.0009426803
   0.0073379295
   0.0060971476
   0.0073793930
   0.0132159439
   0.0201218306
   0.0254726961
   0.0294432518
   0.0328622441
   0.0296899913
   0.0213341110
   0.0086958230
   0.0019860200
   0.0063009662
   0.0068998793
   0.0052048588
   0.0030017145
  -0.0034911968
  -0.0119464788
  -0.0135780217
  -0.0140440545
  -0.0073888344
  -0.0002143761
   0.0109371001
   0.0176546603
   0.0071798562
   0.0029495956
   0.0066875319
   0.0139292785
   0.0239947934
   0.0342691741
   0.0410392437
   0.0416886812
   0.0430354551
   0.0385376899
   0.0296595652
   0.0335770708
   0.0422786935
   0.0493503693
   0.0561807939
   0.0596763642
   0.0614419898
   0.0679620546
   0.0722998262
   0.0735938138
   0.0777703073
   0.0782111082
   0.0776884356
   0.0779295527
   0.0739575005
   0.0697037631
   0.0662697804
   0.0647511106
   0.0636615642
   0.0643426172
   0.0595896918
   0.0545117016
   0.0536688083
   0.0456250134
   0.0430586110
   0.0475420995
   0.0454340660
   0.0502683874
   0.0584129108
   0.0574427336
   0.0514759621
   0.0459190248
   0.0430912169
   0.0348046399
   0.0232368079
   0.0140203883
   0.0075557653
  -0.0003725195
  -0.0025402212
  -0.0035649925
  -0.0129005585
  -0.0166150760
  -0.0139025026
  -0.0051650518
  -0.0002475632
  -0.0016627549
  -0.0019117733
  -0.0035359642
  -0.0102894748
  -0.0144003542
  -0.0127709305
  -0.0078317892
  -0.0062372464
  -0.0055798942
  -0.0126637664
  -0.0223996018
  -0.0335208375
  -0.0430593635
  -0.0480014112
  -0.0427714200
  -0.0357944914
  -0.0345063554
  -0.0289332557
  -0.0241046173
  -0.0274719393
  -0.0327123147
  -0.0341076840
  -0.0353547025
  -0.0370287296
  -0.0367641280
  -0.0305645218
  -0.0216527445
  -0.0133579067
  -0.0081925781
  -0.0030755647
  -0.0074384981
  -0.0191912009
  -0.0154693483
  -0.0013888282
   0.0033304490
   0.0100040182
   0.0132229461
   0.0119727227
   0.0157886565
   0.0253590013
   0.0296581725
   0.0365815278
   0.0392160528
   0.0453618390
   0.0408867496
   0.0294847758
   0.0256511616
   0.0269130364
   0.0272416909
   0.0270034629
   0.0240003467
   0.0219697128
   0.0293849858
   0.0353872090
   0.0369438780
   0.0433331687
   0.0430267489
   0.0395026209
   0.0325094996
   0.0222454599
   0.0146681303
   0.0073641518
   0.0046005827
   0.0076460317
   0.0103157793
   0.0049221874
  -0.0003395750
  -0.0037304970
  -0.0069430814
  -0.0178059997
  -0.0198346353
  -0.0152313971
  -0.0159273712
  -0.0176561438
  -0.0188062224
  -0.0189741740
  -0.0209237751
  -0.0188245257
  -0.0180702639
  -0.0187265435
  -0.0219803912
  -0.0370540739
  -0.0495735810
  -0.0417260013
  -0.0364229008
  -0.0307079594
  -0.0270717585
  -0.0239996071
  -0.0273455334
  -0.0313360791
  -0.0336401505
  -0.0417517090
  -0.0429941214
  -0.0368228438
  -0.0293156176
  -0.0299623476
  -0.0311644384
  -0.0324555067
  -0.0304854657
  -0.0291413084
  -0.0288075937
  -0.0239630697
  -0.0196033143
  -0.0175469340
  -0.0181538051
  -0.0180948255
  -0.0125555427
  -0.0017079703
   0.0086929036
   0.0165682669
   0.0184506191
   0.0138429391
   0.0099421235
   0.0022296815
  -0.0033652983
   0.0004094375
   0.0057239373
   0.0070642541
   0.0001470245
  -0.0070190625
  -0.0119736440
  -0.0180021068
  -0.0175730179
  -0.0163421618
  -0.0169367845
  -0.0171511214
  -0.0168697259
  -0.0171429818
  -0.0173706742
  -0.0172418030
  -0.0211911794
  -0.0386875328
  -0.0432263679
  -0.0395069675
  -0.0401623951
  -0.0394401035
  -0.0372993862
  -0.0395765693
  -0.0415589407
  -0.0398251858
  -0.0303019486
  -0.0222816945
  -0.0106430757
   0.0094555169
   0.0203834956
   0.0158447946
   0.0115865592
   0.0167035995
   0.0204728754
   0.0170172852
   0.0190657465
   0.0231477135
   0.0289919282
   0.0334896632
   0.0428978432
   0.0528703756
   0.0561199848
   0.0511600664
   0.0437465926
   0.0362076168
   0.0271026128
   0.0168347672
   0.0101217395
   0.0065177120
  -0.0033596235
  -0.0113971515
  -0.0148048816
  -0.0158480253
  -0.0160872956
  -0.0185398389
  -0.0180771060
  -0.0173588064
  -0.0153330252
  -0.0154453144
  -0.0153875069
  -0.0071425015
   0.0065542494
   0.0119946244
   0.0159333570
   0.0213188092
   0.0241273364
   0.0236269417
   0.0384190257
   0.0573858170
   0.0591143776
   0.0558516637
   0.0510150934
   0.0449773059
   0.0441909832
   0.0384318839
   0.0326760239
   0.0219703010
   0.0081861599
   0.0061784614
   0.0017753642
  -0.0036275999
  -0.0040211574
   0.0003042903
  -0.0077575986
  -0.0175273678
  -0.0234026748
  -0.0232266009
  -0.0225070903
  -0.0231189697
  -0.0239576160
  -0.0280158821
  -0.0333593734
  -0.0441185400
  -0.0483470196
  -0.0542436832
  -0.0585905373
  -0.0609546954
  -0.0671951942
  -0.0723560508
  -0.0768759036
  -0.0736339496
  -0.0668380814
  -0.0608792247
  -0.0554919560
  -0.0532202657
  -0.0510709287
  -0.0459478291
  -0.0346717552
  -0.0214538261
  -0.0103307740
  -0.0016054006
   0.0035934106
   0.0029230269
   0.0025761928
   0.0043818820
   0.0128463234
   0.0118803587
   0.0191485567
   0.0313639189
   0.0340672499
   0.0291344533
   0.0271291335
   0.0305750228
   0.0330576030
   0.0397939725
   0.0467569445
   0.0496939016
   0.0533296874
   0.0585984520
   0.0666464853
   0.0691960982
   0.0613355090
   0.0539352696
   0.0536452372
   0.0564984629
   0.0556918993
   0.0529464951
   0.0464711937
   0.0411579468
   0.0336423476
   0.0267619739
   0.0195288383
   0.0189203713
   0.0172782236
   0.0108900834
   0.0125322614
   0.0154055766
   0.0143081631
   0.0128025417
   0.0084502728
   0.0057140678
  -0.0027510401
  -0.0055527983
  -0.0117070918
  -0.0162747528
  -0.0150167618
  -0.0212947970
  -0.0296593186
  -0.0360819375
  -0.0401492082
  -0.0451621552
  -0.0508399321
  -0.0554789811
  -0.0604514420
  -0.0623017937
  -0.0622656803
  -0.0700613516
  -0.0756936731
  -0.0658312285
  -0.0579680444
  -0.0522016488
  -0.0438859863
  -0.0315283543
  -0.0194921194
  -0.0119222806
  -0.0067493055
  -0.0018839741
  -0.0015023855
   0.0041422670
   0.0113788049
   0.0057047691
  -0.0020635754
  -0.0043732753
  -0.0095188214
  -0.0165106107
  -0.0202278053
  -0.0194135130
  -0.0209004073
  -0.0200733477
  -0.0156338745
  -0.0137125975
  -0.0139402077
  -0.0075159237
   0.0063003823
   0.0165152903
   0.0206465619
   0.0218363437
   0.0198607927
   0.0156896752
   0.0176292035
   0.0228524521
   0.0244404296
   0.0321441305
   0.0348766896
   0.0331064406
   0.0314062777
   0.0303172417
   0.0276368158
   0.0223083536
   0.0138323992
   0.0087590194
   0.0103230798
   0.0105242342
   0.0026296620
  -0.0034757022
  -0.0073813522
  -0.0272029305
  -0.0372770521
  -0.0331178758
  -0.0390717545
  -0.0473056534
  -0.0449857396
  -0.0373372124
  -0.0368305855
  -0.0356644958
  -0.0285768522
  -0.0303320331
  -0.0267912885
  -0.0157258103
  -0.0092161341
  -0.0090976689
  -0.0073442310
  -0.0020888682
   0.0012074576
  -0.0009409741
  -0.0026527751
   0.0019567434
   0.0108557431
   0.0163627746
   0.0234454530
   0.0289870151
   0.0287372264
   0.0306511164
   0.0338903067
   0.0343046258
   0.0347404098
   0.0409414389
   0.0468060761
   0.0463848673
   0.0464841686
   0.0516859827
   0.0516622818
   0.0458491766
   0.0453202328
   0.0431943069
   0.0392316054
   0.0396165147
   0.0362172139
   0.0287873269
   0.0244031873
   0.0237741810
   0.0206259750
   0.0159754692
   0.0158406167
   0.0140866252
   0.0138868073
   0.0066648259
   0.0067838490
   0.0115550604
   0.0105485275
   0.0040849897
  -0.0031644350
  -0.0102047962
  -0.0163329020
  -0.0195631267
  -0.0195637755
  -0.0193548794
  -0.0218803114
  -0.0248907455
  -0.0259694491
  -0.0340682835
  -0.0424196097
  -0.0474828041
  -0.0451150130
  -0.0436225957
  -0.0425023853
  -0.0441653361
  -0.0441435383
  -0.0436703001
  -0.0438301942
  -0.0420571080
  -0.0371578170
  -0.0345075448
  -0.0349900903
  -0.0331116565
  -0.0263061567
  -0.0226842151
  -0.0221131894
  -0.0192903076
  -0.0130440221
  -0.0116077559
  -0.0102627422
  -0.0028955698
  -0.0003778188
   0.0022174396
   0.0069098267
   0.0108140807
   0.0101809873
   0.0101455658
   0.0132586790
   0.0151961659
   0.0159692802
   0.0160171230
   0.0161963584
   0.0183820726
   0.0195705484
   0.0143281921
   0.0173859586
   0.0319663656
   0.0389187803
   0.0396529352
   0.0394491903
   0.0377065086
   0.0358302502
   0.0337660893
   0.0340832177
   0.0374061913
   0.0386100986
   0.0417427260
   0.0433831221
   0.0332571874
   0.0269849909
   0.0314046688
   0.0387495875
   0.0406868365
   0.0394231366
   0.0397095794
   0.0379510121
   0.0353559654
   0.0360304185
   0.0350673169
   0.0334933178
   0.0338557329
   0.0316115407
   0.0293718509
   0.0278837369
   0.0281703829
   0.0279910394
   0.0233666694
   0.0154692791
   0.0146338679
   0.0101196289
   0.0003986403
  -0.0029248209
  -0.0057426126
  -0.0118516063
  -0.0148675850
  -0.0194135995
  -0.0236452753
  -0.0295316196
  -0.0355814045
  -0.0358814017
  -0.0384656316
  -0.0495614711
  -0.0508933022
  -0.0484730924
  -0.0512750240
  -0.0412737003
  -0.0277085584
  -0.0237479457
  -0.0217624949
  -0.0201947669
  -0.0118845928
  -0.0065205449
  -0.0040181831
  -0.0031062763
  -0.0080471467
  -0.0072113247
   0.0003751709
   0.0076687205
   0.0048051235
   0.0043025261
   0.0080373161
   0.0104374234
   0.0116567448
   0.0136252461
   0.0178542533
   0.0202483792
   0.0173558828
   0.0109016137
   0.0076215481
   0.0043537999
   0.0042924394
   0.0091579330
   0.0112824533
   0.0099950828
   0.0081181238
   0.0038076324
  -0.0025225589
  -0.0103515425
  -0.0142647448
  -0.0136257737
  -0.0134299651
  -0.0137698817
  -0.0093222386
  -0.0066494549
  -0.0094381132
  -0.0125256701
  -0.0123051702
  -0.0142022533
  -0.0186823856
  -0.0200724395
  -0.0214932266
  -0.0258667224
  -0.0258472385
  -0.0258457377
  -0.0379354076
  -0.0460654683
  -0.0407283865
  -0.0357804828
  -0.0375946735
  -0.0378197449
  -0.0342647366
  -0.0320236368
  -0.0312566640
  -0.0314012261
  -0.0311896832
  -0.0313575007
  -0.0261571831
  -0.0108495108
  -0.0060705923
  -0.0132284474
  -0.0074231055
   0.0008755136
   0.0012070856
   0.0070850659
   0.0125100743
   0.0167359416
   0.0249912664
   0.0303224014
   0.0365726443
   0.0415104146
   0.0427600929
   0.0410962858
   0.0365616978
   0.0333999417
   0.0352758454
   0.0382038369
   0.0397305814
   0.0399718715
   0.0366726116
   0.0295281250
   0.0239187604
   0.0198949514
   0.0227120204
   0.0231962137
   0.0221851223
   0.0223488786
   0.0219795478
   0.0172427069
   0.0161610104
   0.0173365155
   0.0141652358
   0.0099231758
   0.0100801290
   0.0023018994
  -0.0132095603
  -0.0155616129
  -0.0118639844
  -0.0148263377
  -0.0157744792
  -0.0136566064
  -0.0121401337
  -0.0118808820
  -0.0101692926
  -0.0123230237
  -0.0129925117
  -0.0124403731
  -0.0059725496
   0.0034310573
   0.0000033561
  -0.0019375367
   0.0003106575
   0.0030354592
   0.0040773755
   0.0024903651
   0.0026155228
   0.0009255314
   0.0000882299
   0.0037948408
   0.0109479990
   0.0130056336
   0.0108538963
   0.0089108215
   0.0043275820
  -0.0006330947
   0.0003522449
   0.0008491870
  -0.0004340449
  -0.0051995218
  -0.0092771724
  -0.0120357678
  -0.0138540975
  -0.0126633080
  -0.0112521525
  -0.0121025237
  -0.0093992231
  -0.0075914290
  -0.0103479960
  -0.0115313293
  -0.0171609650
  -0.0213621454
  -0.0248833757
  -0.0293787059
  -0.0336753817
  -0.0355615139
  -0.0437831818
  -0.0514319772
  -0.0432614607
  -0.0422229706
  -0.0426288907
  -0.0435727288
  -0.0428199808
  -0.0402942591
  -0.0359269090
  -0.0332949919
  -0.0247552917
  -0.0198548935
  -0.0101430443
  -0.0025249670
  -0.0089877498
  -0.0139576892
  -0.0111477780
  -0.0076186330
  -0.0057846037
  -0.0038311014
   0.0015129099
   0.0060638973
   0.0055046095
   0.0026214203
  -0.0021169944
  -0.0031561298
  -0.0044962904
  -0.0021538976
   0.0005077493
   0.0025803768
   0.0033505890
   0.0090029866
   0.0126851144
   0.0092040069
   0.0090043231
   0.0104322810
   0.0108500774
   0.0132462014
   0.0132273705
   0.0132385376
   0.0163179333
   0.0111485089
   0.0042766684
   0.0007949757
  -0.0063643486
  -0.0105623804
  -0.0160298903
  -0.0225886722
  -0.0263022728
  -0.0308053794
  -0.0395024177
  -0.0409466375
  -0.0318001440
  -0.0244061023
  -0.0275756910
  -0.0312684625
  -0.0282584653
  -0.0259112264
  -0.0256786122
  -0.0243661310
  -0.0236705504
  -0.0213488851
  -0.0182880089
  -0.0125781839
  -0.0145385197
  -0.0223545400
  -0.0252593237
  -0.0238818338
  -0.0236733270
  -0.0238042698
  -0.0188134278
  -0.0143345498
  -0.0119018149
  -0.0094796156
  -0.0057025071
  -0.0030440906
   0.0008495036
   0.0058128544
   0.0153502473
   0.0243945893
   0.0246038270
   0.0282028289
   0.0304893495
   0.0295829786
   0.0295682953
   0.0328778443
   0.0365775531
   0.0359912472
   0.0377017165
   0.0399322288
   0.0454347147
   0.0544421993
   0.0596805594
   0.0631555860
   0.0714150671
   0.0724436747
   0.0710914729
   0.0761159632
   0.0787928599
   0.0769138768
   0.0701772608
   0.0696843007
   0.0748375454
   0.0735189054
   0.0704574323
   0.0714285178
   0.0717112843
   0.0685676368
   0.0662269632
   0.0646307034
   0.0581387509
   0.0522070550
   0.0559328866
   0.0604772188
   0.0542086077
   0.0470889724
   0.0470148424
   0.0481882932
   0.0476663126
   0.0476599549
   0.0474456094
   0.0420237193
   0.0349598414
   0.0300946312
   0.0275209585
   0.0264493088
   0.0291021760
   0.0333345568
   0.0323822503
   0.0294411715
   0.0338802295
   0.0338784563
   0.0319321810
   0.0308755174
   0.0274906361
   0.0230582385
   0.0212515084
   0.0128962335
   0.0083565334
   0.0059693275
   0.0037832543
  -0.0053412813
  -0.0140347299
  -0.0170885175
  -0.0161183835
  -0.0227842257
  -0.0280984673
  -0.0283776614
  -0.0295550479
  -0.0339830427
  -0.0432489616
  -0.0411236455
  -0.0327264747
  -0.0314617627
  -0.0307758182
  -0.0300964563
  -0.0303104255
  -0.0344620807
  -0.0412544888
  -0.0431145545
  -0.0418497517
  -0.0419673130
  -0.0349907693
  -0.0270158280
  -0.0361144613
  -0.0445561404
  -0.0436974609
  -0.0432454108
  -0.0445595571
  -0.0417871651
  -0.0414383779
  -0.0362027642
  -0.0354684492
  -0.0347643831
  -0.0343855979
  -0.0322880698
  -0.0314347879
  -0.0323372663
  -0.0283526545
  -0.0200093857
  -0.0140595639
  -0.0153750812
  -0.0133784374
  -0.0093358017
  -0.0094688161
  -0.0103315611
  -0.0140356900
  -0.0164245524
  -0.0182087106
  -0.0185591715
  -0.0183480568
  -0.0184628112
  -0.0168439447
  -0.0167770418
  -0.0234699410
  -0.0230682292
  -0.0238059349
  -0.0276276728
  -0.0251811845
  -0.0258106060
  -0.0354578790
  -0.0335729448
  -0.0244281727
  -0.0235665738
  -0.0256718653
  -0.0265917690
  -0.0279593028
  -0.0303502974
  -0.0326807554
  -0.0373941247
  -0.0420782139
  -0.0475722445
  -0.0427158139
  -0.0352750755
  -0.0421674510
  -0.0520914918
  -0.0557290941
  -0.0541409220
  -0.0538749363
  -0.0500077214
  -0.0480024492
  -0.0490020795
  -0.0490799722
  -0.0486822047
  -0.0481430540
  -0.0458585618
  -0.0434195384
  -0.0429066359
  -0.0428256725
  -0.0401460164
  -0.0347440384
  -0.0331197658
  -0.0321831374
  -0.0206656999
  -0.0123943251
  -0.0113243665
  -0.0124553115
  -0.0091326536
  -0.0090450513
  -0.0101339965
  -0.0083910770
  -0.0034952710
  -0.0006656742
   0.0017824333
   0.0085129286
   0.0114361324
   0.0063268208
   0.0031399314
   0.0048006298
   0.0075016859
   0.0050567416
   0.0077736573
   0.0168966704
   0.0232308913
   0.0206644802
   0.0179190846
   0.0167542622
   0.0163924914
   0.0178382380
   0.0181167487
   0.0158626005
   0.0145342423
   0.0191079020
   0.0257968050
   0.0150618323
   0.0067051562
   0.0079247544
   0.0111366585
   0.0123634232
   0.0137106513
   0.0162362087
   0.0168688652
   0.0174851128
   0.0112549508
   0.0137354463
   0.0119387631
   0.0091629629
   0.0069417018
   0.0041446677
   0.0094563127
   0.0136374814
   0.0140518265
   0.0158607753
   0.0170818138
   0.0180303402
   0.0156782270
   0.0155700509
   0.0160480811
   0.0118902672
   0.0088210568
   0.0112859954
   0.0123665631
   0.0092740974
   0.0093182640
   0.0100977792
   0.0098013241
   0.0113033688
   0.0135336865
   0.0140247695
   0.0139420371
   0.0139829989
   0.0101925306
   0.0191848735
   0.0237630658
   0.0208903215
   0.0207048452
   0.0224975278
   0.0249315559
   0.0266215248
   0.0248953645
   0.0208367395
   0.0237044841
   0.0294090759
   0.0346459308
   0.0337224287
   0.0330852915
   0.0372285735
   0.0427598637
   0.0415602901
   0.0362636338
   0.0357844575
   0.0412857238
   0.0421277088
   0.0384472505
   0.0387656245
   0.0389518923
   0.0362322692
   0.0374394244
   0.0365849575
   0.0328044279
   0.0331434969
   0.0312813639
   0.0290255765
   0.0275874635
   0.0266165078
   0.0221767275
   0.0175091467
   0.0112450682
   0.0113098692
   0.0133057346
   0.0109619341
   0.0145883779
   0.0115200498
   0.0032722980
   0.0001587006
  -0.0005438200
  -0.0046716636
  -0.0072899353
  -0.0100131482
  -0.0128768447
  -0.0236943680
  -0.0288712789
  -0.0219566039
  -0.0213632050
  -0.0255770965
  -0.0287327155
  -0.0253474233
  -0.0292857840
  -0.0276855192
  -0.0199523956
  -0.0203996883
  -0.0220033568
  -0.0179724764
  -0.0098996048
  -0.0186163995
  -0.0259194611
  -0.0258143903
  -0.0207561955
  -0.0217821389
  -0.0208045011
  -0.0196090319
  -0.0227601789
  -0.0266194921
  -0.0278114753
  -0.0255492567
  -0.0189933076
  -0.0175442482
  -0.0140950632
  -0.0123296798
  -0.0144854653
  -0.0084622314
  -0.0048943606
  -0.0067358678
  -0.0067440204
  -0.0057083761
  -0.0058047581
  -0.0054974560
  -0.0049992108
  -0.0020603628
  -0.0000862109
   0.0004635546
   0.0006238055
  -0.0014777889
   0.0005601822
   0.0023158954
  -0.0014732330
   0.0002238490
   0.0008577016
   0.0025346766
   0.0052970888
   0.0012041663
   0.0055364845
   0.0173931207
   0.0250144482
   0.0272068402
   0.0249868895
   0.0291713712
   0.0335551432
   0.0333228837
   0.0325985724
   0.0328607780
   0.0309935545
   0.0350977215
   0.0333080101
   0.0211549188
   0.0150139203
   0.0164829568
   0.0097987897
   0.0081541508
   0.0083204978
   0.0021622206
  -0.0019080663
  -0.0006070726
  -0.0037980591
  -0.0051940204
  -0.0033981788
  -0.0056418278
  -0.0101825443
  -0.0112816964
  -0.0125470917
  -0.0152261769
  -0.0146453680
  -0.0116480992
  -0.0121447008
  -0.0059491947
  -0.0046442822
  -0.0044340411
  -0.0022080224
  -0.0022463443
  -0.0026832064
  -0.0024691905
  -0.0023508593
  -0.0024231603
  -0.0024189062
  -0.0023761076
  -0.0047966725
  -0.0090454622
  -0.0086461766
  -0.0078892031
  -0.0112264881
  -0.0198119682
  -0.0135704444
  -0.0009140218
  -0.0011962810
  -0.0032048791
   0.0002975136
  -0.0015088154
  -0.0005557936
   0.0041366778
   0.0014064918
  -0.0033319043
  -0.0023027233
  -0.0014527361
  -0.0021127140
  -0.0028973880
  -0.0081515861
  -0.0113234496
  -0.0083180931
  -0.0128427423
  -0.0184975710
  -0.0203058711
  -0.0196559233
  -0.0205852035
  -0.0230328855
  -0.0208591904
  -0.0166758288
  -0.0195840293
  -0.0202905736
  -0.0192292780
  -0.0192914105
  -0.0195910617
  -0.0193546502
  -0.0167657709
  -0.0185555472
  -0.0163864754
  -0.0151228447
  -0.0138533969
  -0.0130595271
  -0.0118509446
  -0.0071638106
  -0.0022935024
   0.0018600237
   0.0032312826
   0.0075610331
   0.0114784782
   0.0144758162
   0.0139118705
   0.0163929153
   0.0173140560
   0.0162450186
   0.0096574410
   0.0131429903
   0.0271351928
   0.0301519197
   0.0275013145
   0.0286038703
   0.0345413487
   0.0379759715
   0.0358621426
   0.0339032211
   0.0349027086
   0.0328742200
   0.0364086111
   0.0395409012
   0.0316459113
   0.0271853149
   0.0286070362
   0.0270466823
   0.0280392801
   0.0233433535
   0.0169958204
   0.0138861888
   0.0111562333
   0.0112743915
   0.0122630753
   0.0138780449
   0.0113202881
   0.0144319265
   0.0176028169
   0.0116923912
   0.0102594379
   0.0120183209
   0.0118259549
   0.0112935555
   0.0115106689
   0.0106786875
   0.0081828297
   0.0069316116
   0.0112671515
   0.0135235833
   0.0172072076
   0.0181799755
   0.0174958734
   0.0162080834
   0.0117153654
   0.0112685788
   0.0122413077
   0.0119356448
   0.0115711147
   0.0062341367
  -0.0053076417
  -0.0061183919
   0.0010697354
   0.0011841386
  -0.0008262253
  -0.0004752714
  -0.0025299779
  -0.0064627243
  -0.0087894845
  -0.0097101278
  -0.0139550942
  -0.0182123868
  -0.0134144254
  -0.0080111500
  -0.0136455042
  -0.0176482075
  -0.0143091016
  -0.0138182911
  -0.0124110800
  -0.0117708721
  -0.0120442664
  -0.0120210846
  -0.0118842122
  -0.0118953447
  -0.0136665971
  -0.0179417777
  -0.0195538194
  -0.0206346163
  -0.0206988162
  -0.0233400103
  -0.0257870089
  -0.0295776935
  -0.0253619639
  -0.0249939003
  -0.0284973809
  -0.0274934819
  -0.0270981019
  -0.0258316167
  -0.0231887401
  -0.0231088061
  -0.0217304944
  -0.0195665132
  -0.0155012882
  -0.0133303091
  -0.0113055875
  -0.0060248947
   0.0002816964
   0.0010721833
   0.0022649390
   0.0039803587
  -0.0041799651
   0.0005148708
   0.0093097135
   0.0101226997
   0.0108864590
   0.0131415155
   0.0158391418
   0.0237425785
   0.0226920649
   0.0215222861
   0.0226484347
   0.0238127251
   0.0285140234
   0.0365750749
   0.0293977747
   0.0225654601
   0.0251220448
   0.0260003164
   0.0247700529
   0.0247660220
   0.0230380841
   0.0268251314
   0.0324486776
   0.0312869864
   0.0304031053
   0.0282232557
   0.0217171649
   0.0178538857
   0.0140531629
   0.0127440897
   0.0126158587
   0.0045403013
  -0.0038837514
  -0.0062543214
  -0.0130917827
  -0.0179209660
  -0.0189098919
  -0.0204693679
  -0.0230103914
  -0.0260873002
  -0.0288732251
  -0.0304964468
  -0.0287389089
  -0.0264454942
  -0.0212230501
  -0.0156256830
  -0.0153200806
  -0.0156242773
  -0.0175822257
  -0.0205603306
  -0.0304392750
  -0.0304779056
  -0.0250086398
  -0.0284861187
  -0.0318533584
  -0.0362390680
  -0.0384614710
  -0.0373209332
  -0.0372282491
  -0.0377194792
  -0.0414244255
  -0.0440314351
  -0.0401112912
  -0.0319559165
  -0.0404118204
  -0.0455371733
  -0.0400018435
  -0.0358755154
  -0.0320953448
  -0.0341982921
  -0.0371281866
  -0.0370917142
  -0.0366878961
  -0.0368674342
  -0.0366503294
  -0.0326347896
  -0.0297707601
  -0.0307148924
  -0.0319695574
  -0.0322479773
  -0.0298250731
  -0.0301012657
  -0.0327752863
  -0.0305446140
  -0.0276716577
  -0.0261592115
  -0.0266294654
  -0.0219047821
  -0.0207442370
  -0.0214505824
  -0.0233314685
  -0.0234368637
  -0.0228591342
  -0.0249717824
  -0.0319918483
  -0.0294166749
  -0.0274744261
  -0.0287795852
  -0.0290101104
  -0.0287159995
  -0.0330098553
  -0.0292159573
  -0.0208041768
  -0.0177035627
  -0.0195046055
  -0.0175356285
  -0.0140287139
  -0.0056495608
  -0.0037447196
  -0.0034777544
   0.0058230311
   0.0089072880
   0.0130839588
   0.0226534905
   0.0199100758
   0.0133980122
   0.0186530450
   0.0245960550
   0.0251095587
   0.0264584605
   0.0316398909
   0.0335135197
   0.0346805609
   0.0372013867
   0.0375437557
   0.0345944767
   0.0300770934
   0.0262936921
   0.0252318688
   0.0237907456
   0.0235702976
   0.0229166087
   0.0203546264
   0.0193271996
   0.0245922663
   0.0264888953
   0.0248477899
   0.0274726875
   0.0368697610
   0.0379255337
   0.0360028684
   0.0368999450
   0.0439000857
   0.0447461796
   0.0415608005
   0.0448282675
   0.0479181123
   0.0480519701
   0.0444134164
   0.0368765945
   0.0249116653
   0.0255163696
   0.0340629638
   0.0287428057
   0.0240514808
   0.0211109988
   0.0193422375
   0.0201370805
   0.0181921502
   0.0153486341
   0.0116406429
   0.0119260693
   0.0152096728
   0.0183320111
   0.0123624414
   0.0057514485
   0.0054296015
   0.0019903818
  -0.0004324136
  -0.0041190505
  -0.0050258699
  -0.0041856654
  -0.0043284772
  -0.0042752247
  -0.0038653694
  -0.0042600480
  -0.0088572871
  -0.0100538894
  -0.0092749321
  -0.0139894821
  -0.0152864367
  -0.0137572917
  -0.0137105561
  -0.0139321330
  -0.0161206974
  -0.0150531997
  -0.0127800475
  -0.0130823413
  -0.0125607153
  -0.0096305700
  -0.0062290160
  -0.0008900100
  -0.0004425763
   0.0021226471
   0.0062966801
   0.0057096130
   0.0059786694
   0.0088986857
   0.0112076399
   0.0102351186
   0.0049553600
   0.0057327906
   0.0118822098
   0.0122119671
   0.0105771502
   0.0120813660
   0.0136811160
   0.0143896066
   0.0143895418
   0.0132920418
   0.0154563215
   0.0177885657
   0.0215188910
   0.0293700084
   0.0262609088
   0.0214264058
   0.0229807567
   0.0238360886
   0.0228873763
   0.0228530533
   0.0255105828
   0.0243256060
   0.0225392811
   0.0228081990
   0.0230061832
   0.0217810187
   0.0146962297
   0.0119883143
   0.0112921239
   0.0111605583
   0.0075387595
   0.0040112615
   0.0024328599
   0.0008380303
  -0.0011757629
  -0.0010086513
  -0.0009762776
  -0.0012013641
  -0.0012147214
  -0.0011707144
  -0.0011681951
  -0.0043238889
  -0.0077630870
  -0.0073025989
  -0.0059542204
  -0.0040057558
  -0.0052788850
  -0.0079376861
  -0.0106003926
  -0.0145127299
  -0.0189117344
  -0.0150792576
  -0.0037954321
  -0.0011242088
   0.0037347506
   0.0052501110
   0.0053658428
   0.0103552922
   0.0114884299
   0.0102542479
   0.0104506362
   0.0109164354
   0.0174591847
   0.0219844696
   0.0098716006
   0.0016281547
   0.0025345166
   0.0047987658
   0.0001069533
  -0.0002701021
  -0.0013468120
  -0.0016652894
  -0.0015020745
  -0.0015470252
  -0.0015467052
  -0.0011820518
  -0.0011197684
  -0.0012926054
  -0.0026101322
  -0.0050761347
  -0.0063137854
  -0.0043194765
  -0.0051067080
  -0.0048513358
  -0.0010574421
  -0.0013175903
  -0.0021308416
  -0.0016675526
  -0.0021759753
  -0.0074235985
  -0.0085816438
  -0.0073383447
  -0.0075856032
  -0.0079995288
  -0.0078101946
  -0.0099538139
  -0.0123401895
  -0.0142008303
  -0.0139116456
  -0.0170101231
  -0.0229038068
  -0.0196764669
  -0.0129625137
  -0.0123878723
  -0.0098547029
  -0.0131817594
  -0.0148163600
  -0.0137268223
  -0.0136954360
  -0.0141114159
  -0.0140358025
  -0.0123622771
  -0.0022516398
   0.0042868784
  -0.0020377389
  -0.0032435841
  -0.0012721085
  -0.0015711906
  -0.0021822880
  -0.0019580933
  -0.0018308142
  -0.0019393398
  -0.0019596926
  -0.0017436812
   0.0007786472
  -0.0015033482
  -0.0044928088
  -0.0066200970
  -0.0062903138
  -0.0064299454
  -0.0044478421
  -0.0018505724
  -0.0017857514
  -0.0022467945
  -0.0015792173
   0.0031650656
   0.0049000739
   0.0037134553
   0.0042131822
   0.0072844989
   0.0117750327
   0.0143773929
   0.0095849978
   0.0092947880
   0.0106291709
   0.0102542566
   0.0092130980
   0.0050882966
   0.0087485357
   0.0076226120
  -0.0047677298
  -0.0046439665
   0.0026239864
   0.0074544053
   0.0054902809
   0.0061552320
   0.0064322333
   0.0037448931
   0.0036854974
   0.0042962843
   0.0040663932
   0.0039532416
   0.0085596383
   0.0158600314
   0.0108094313
   0.0039657701
  -0.0024024467
  -0.0022336250
  -0.0011328380
  -0.0025880956
  -0.0077242791
  -0.0083165274
  -0.0071692211
  -0.0075380762
  -0.0079376558
  -0.0052456519
  -0.0097272288
  -0.0109422122
  -0.0109946395
  -0.0137685194
  -0.0146555490
  -0.0138647024
  -0.0138636211
  -0.0142734509
  -0.0138813578
  -0.0136084133
  -0.0120358716
  -0.0101233960
  -0.0119878688
  -0.0141828601
  -0.0178786678
  -0.0199700674
  -0.0207146802
  -0.0247310892
  -0.0208426257
  -0.0171387087
  -0.0180745932
  -0.0183507339
  -0.0174818302
  -0.0203040156
  -0.0310935910
  -0.0295129963
  -0.0208170998
  -0.0218779327
  -0.0209864569
  -0.0156641406
  -0.0155591606
  -0.0163883092
  -0.0181803431
  -0.0200166647
  -0.0203892046
  -0.0214565595
  -0.0153092595
  -0.0078890777
  -0.0148926049
  -0.0215836833
  -0.0157770266
  -0.0132510108
  -0.0122671537
  -0.0086121175
  -0.0056106231
  -0.0014638349
   0.0032251809
   0.0038679981
   0.0032434582
   0.0045806186
   0.0094983860
   0.0102827365
   0.0092657718
   0.0085738675
   0.0074555341
   0.0066070399
   0.0043902248
   0.0058272522
   0.0038362468
   0.0036871975
   0.0043240995
   0.0041808171
   0.0040237161
   0.0042291007
   0.0068691504
   0.0075772993
   0.0082633519
   0.0105164103
   0.0103670129
   0.0099471405
   0.0115297377
   0.0124330595
   0.0098132611
   0.0081117401
   0.0042320832
   0.0102727588
   0.0182433233
   0.0191873733
   0.0199887426
   0.0205218125
   0.0177468816
   0.0193677635
   0.0207067179
   0.0203760999
   0.0220822658
   0.0223731330
   0.0287960504
   0.0323951344
   0.0223618362
   0.0176489254
   0.0161795213
   0.0161418681
   0.0157436681
   0.0128363716
   0.0060140779
   0.0031164611
   0.0046944475
   0.0046648907
   0.0040726354
   0.0015975850
  -0.0026446883
  -0.0066227612
  -0.0072135391
  -0.0062423931
  -0.0093733035
  -0.0143161816
  -0.0178673364
  -0.0178440983
  -0.0174045819
  -0.0176941862
  -0.0174404229
  -0.0172820944
  -0.0205878288
  -0.0237793494
  -0.0229045550
  -0.0225092571
  -0.0216609706
  -0.0194007717
  -0.0167223655
  -0.0161368728
  -0.0164554587
  -0.0187125176
  -0.0193549659
  -0.0200262358
  -0.0232319769
  -0.0215703451
  -0.0123308216
  -0.0082825029
  -0.0114921797
  -0.0160307250
  -0.0135203310
  -0.0103081154
  -0.0082653804
  -0.0081076141
  -0.0067292030
  -0.0042579889
   0.0044868576
   0.0114268856
   0.0036177874
  -0.0036569318
  -0.0013253649
   0.0026724450
   0.0083335678
   0.0113975580
   0.0102246565
   0.0107159558
   0.0138792602
   0.0138473117
   0.0127242814
   0.0128307319
   0.0174526021
   0.0218241430
   0.0207146110
   0.0204959535
   0.0205546476
   0.0162892414
   0.0139782501
   0.0131677984
   0.0153009210
   0.0167445483
   0.0139630651
   0.0159889112
   0.0169653250
   0.0142744111
   0.0144546931
   0.0173351532
   0.0215353388
   0.0228543421
   0.0220054587
   0.0221455748
   0.0224756867
   0.0223655254
   0.0195298331
   0.0130093661
   0.0046889332
   0.0058943152
   0.0130813682
   0.0188257540
   0.0179002883
   0.0180745673
   0.0157730996
   0.0151448891
   0.0172888155
   0.0170379110
   0.0186568380
   0.0201462970
   0.0202815215
   0.0224772567
   0.0220672020
   0.0141278422
   0.0091994960
   0.0111014230
   0.0114498036
   0.0105427450
   0.0106262040
   0.0108959091
   0.0108123507
   0.0107566580
   0.0108041030
   0.0108174844
   0.0108070785
   0.0108105342
   0.0083872407
   0.0041346148
   0.0045186072
   0.0052657803
   0.0043822582
  -0.0000936492
  -0.0019399435
  -0.0014098069
  -0.0064798296
  -0.0133474792
  -0.0138948604
  -0.0123233437
  -0.0127563726
  -0.0135226448
  -0.0134046986
  -0.0150907231
  -0.0148370291
  -0.0126321336
  -0.0127148832
  -0.0138816519
  -0.0162406158
  -0.0209617960
  -0.0284780656
  -0.0253575135
  -0.0237808415
  -0.0252159053
  -0.0252986550
  -0.0243711825
  -0.0222574401
  -0.0248035022
  -0.0255303133
  -0.0247181489
  -0.0247798100
  -0.0242048745
  -0.0151874251
  -0.0115745012
  -0.0142680231
  -0.0157797514
  -0.0098653467
  -0.0068662354
  -0.0021876064
  -0.0005223326
  -0.0014126229
  -0.0013148280
  -0.0007786022
   0.0021160143
   0.0105896061
   0.0120786845
   0.0102716127
   0.0107590152
   0.0113353779
   0.0110615208
   0.0109536691
   0.0110709579
   0.0115133764
   0.0156799873
   0.0128973840
   0.0103311589
   0.0141689640
   0.0143572040
   0.0106002585
   0.0130261426
   0.0177707641
   0.0144748994
   0.0138751299
   0.0170132889
   0.0128232021
   0.0124592516
   0.0136989522
   0.0123094216
   0.0134930274
   0.0142842331
   0.0028670099
   0.0030182406
   0.0120964904
   0.0123057930
   0.0101148542
   0.0107596293
   0.0114044563
   0.0111666392
   0.0110423958
   0.0111606924
   0.0111778798
   0.0109349376
   0.0143184046
   0.0224614965
   0.0179520669
   0.0101099324
   0.0075616126
   0.0042155925
  -0.0005601164
  -0.0014412481
  -0.0005401195
  -0.0007906646
  -0.0010793105
  -0.0009759363
  -0.0043950126
  -0.0088909483
  -0.0128752834
  -0.0142346905
  -0.0206858759
  -0.0237689651
  -0.0246095749
  -0.0245301511
  -0.0248202009
  -0.0248176751
  -0.0246487029
  -0.0246745316
  -0.0247082534
  -0.0237176969
  -0.0225401331
  -0.0248203869
  -0.0223376813
  -0.0195111968
  -0.0157804261
  -0.0144072914
  -0.0154678475
  -0.0177088522
  -0.0191640964
  -0.0184821697
  -0.0183989011
  -0.0216070598
  -0.0296302938
  -0.0254036652
  -0.0188891710
  -0.0134649887
  -0.0117483044
  -0.0124776154
  -0.0122940896
  -0.0119619060
  -0.0108571228
  -0.0086123338
  -0.0059422748
  -0.0037927692
   0.0064167153
   0.0089724740
   0.0003100816
  -0.0015456179
   0.0008413735
   0.0004403079
  -0.0003084401
   0.0020635261
   0.0065245368
   0.0019964125
   0.0014910930
   0.0037511431
   0.0008418830
  -0.0003500638
   0.0004051975
   0.0003576678
   0.0001943440
  -0.0014102338
  -0.0009891790
   0.0011431712
   0.0004660081
  -0.0044091855
  -0.0035094305
   0.0022939639
   0.0019199137
   0.0008315983
   0.0017624221
   0.0020516700
   0.0020687584
   0.0022107787
   0.0024002704
   0.0032836325
   0.0057676585
   0.0034518764
   0.0029412916
   0.0020188379
   0.0027638018
  -0.0021662636
  -0.0141363537
  -0.0092053563
  -0.0023692621
  -0.0011538280
  -0.0020688821
  -0.0036424354
  -0.0042511468
  -0.0014473087
  -0.0008534943
  -0.0065149786
  -0.0055350400
  -0.0036601025
   0.0037951566
   0.0064661670
   0.0014717517
   0.0007593120
   0.0031924210
   0.0013935541
   0.0033450635
   0.0035963710
   0.0030076047
   0.0044785753
   0.0057268005
   0.0052216310
   0.0050884133
   0.0053188866
   0.0053101545
   0.0065861806
   0.0089864912
   0.0150725583
   0.0157512844
   0.0123632891
   0.0132476503
   0.0123095254
   0.0094711906
   0.0050737041
   0.0049210586
   0.0057263680
   0.0034415747
  -0.0015773597
  -0.0035547990
  -0.0022186143
  -0.0022899054
  -0.0050089161
  -0.0049164958
  -0.0062939078
  -0.0070038646
  -0.0064348196
  -0.0067200903
  -0.0097718668
  -0.0202131740
  -0.0211338389
  -0.0148436506
  -0.0135462808
  -0.0169796536
  -0.0190325438
  -0.0183895592
  -0.0182058950
  -0.0185734828
  -0.0185655465
  -0.0184531795
  -0.0184762575
  -0.0150683630
  -0.0095883843
  -0.0134140232
  -0.0183149578
  -0.0159242097
  -0.0155324885
  -0.0189273691
  -0.0183099062
  -0.0157520413
  -0.0178048752
  -0.0132919985
  -0.0086882932
  -0.0075821303
  -0.0068643324
  -0.0068132156
  -0.0068256109
  -0.0044803702
  -0.0017940078
   0.0049205223
   0.0061317431
   0.0047316336
   0.0051082649
   0.0053054273
   0.0048487019
   0.0050764980
   0.0054409503
   0.0053457966
   0.0052864796
   0.0053434006
   0.0053522062
   0.0053348198
   0.0053388853
   0.0053459912
   0.0054300859
   0.0113669415
   0.0143455957
   0.0165754247
   0.0141351081
   0.0080863093
   0.0119000330
   0.0187494356
   0.0179021740
   0.0166310005
   0.0174831580
   0.0177337035
   0.0174139498
   0.0174162161
   0.0174048241
   0.0147751474
   0.0127715490
   0.0149719551
   0.0182408278
   0.0146839727
   0.0046403032
   0.0043675620
   0.0064579409
   0.0055589008
   0.0050208443
   0.0054269201
   0.0054997828
   0.0053588883
   0.0053739738
   0.0054173532
   0.0052997530
   0.0028536587
  -0.0015078592
  -0.0013189012
  -0.0035947842
  -0.0070806933
  -0.0050476462
  -0.0035807838
  -0.0060284282
  -0.0032841233
  -0.0004920315
   0.0023984223
   0.0067625745
   0.0070827174
   0.0063239750
   0.0069531975
   0.0087163147
   0.0107561174
   0.0142880780
   0.0155907718
   0.0126800932
   0.0130412022
   0.0167441720
   0.0169351021
   0.0142469043
   0.0074191135
   0.0142205392
   0.0212994334
   0.0187967897
   0.0177501902
   0.0163861554
   0.0155761491
   0.0143427456
   0.0120256950
   0.0119757243
   0.0124402952
   0.0136362056
   0.0194030163
   0.0207004467
   0.0144063918
   0.0053916802
   0.0056260546
   0.0072159048
   0.0064303519
   0.0061596521
   0.0068440569
   0.0069121406
   0.0068308485
   0.0073189602
   0.0077467343
   0.0079672818
   0.0084026981
   0.0086977433
   0.0089542183
   0.0090847286
   0.0094954320
   0.0100993967
   0.0143560968
   0.0172262418
   0.0163803383
   0.0204499531
   0.0238966901
   0.0230332575
   0.0228573220
   0.0233640095
   0.0233436260
   0.0232010490
   0.0231394960
   0.0208509124
   0.0202941590
   0.0195335655
   0.0172854766
   0.0173590227
   0.0138252500
   0.0077709325
  -0.0005893169
   0.0045002650
   0.0134791443
   0.0120639666
   0.0103368246
   0.0089154622
   0.0071165343
   0.0067695896
   0.0062371037
   0.0005962983
   0.0009972991
   0.0028562653
   0.0089228752
   0.0126472623
   0.0069131699
  -0.0019275892
  -0.0074660481
  -0.0063402888
  -0.0076429004
  -0.0132506302
  -0.0131111023
  -0.0117118795
  -0.0125640412
  -0.0129193375
  -0.0125939830
  -0.0125760647
  -0.0126867363
  -0.0144262305
  -0.0190132414
  -0.0218185076
  -0.0215941930
  -0.0230903601
  -0.0253461950
  -0.0248395292
  -0.0241681684
  -0.0243159008
  -0.0244611332
  -0.0245549202
  -0.0245532594
  -0.0243522911
  -0.0243324308
  -0.0243846202
  -0.0243729255
  -0.0243618406
  -0.0243728130
  -0.0242433970
  -0.0239123292
  -0.0236023067
  -0.0189165654
  -0.0183991000
  -0.0256609577
  -0.0239370031
  -0.0136446133
  -0.0097398187
  -0.0116464341
  -0.0172731677
  -0.0232846507
  -0.0222188657
  -0.0210901697
  -0.0218957083
  -0.0217585851
  -0.0167523678
  -0.0147105799
  -0.0093179136
  -0.0126858410
  -0.0201417341
  -0.0209318801
  -0.0173809849
  -0.0112600542
  -0.0095608342
  -0.0094527835
  -0.0089201981
  -0.0067462045
  -0.0068330109
  -0.0071130441
  -0.0067743125
  -0.0066948974
  -0.0064742893
  -0.0063677307
  -0.0066167408
  -0.0066170220
  -0.0063700273
  -0.0063798796
  -0.0068770694
  -0.0090598297
  -0.0067784471
  -0.0061537745
  -0.0070602795
  -0.0066970642
  -0.0064684030
  -0.0069532235
  -0.0070000110
  -0.0068802526
  -0.0069218329
  -0.0069661205
  -0.0069571333
  -0.0069603856
  -0.0069774693
  -0.0069902279
  -0.0098307902
  -0.0179950354
  -0.0124259623
  -0.0043398908
  -0.0063701008
  -0.0077027580
  -0.0062262653
   0.0006854065
   0.0063756757
   0.0049175641
   0.0042876469
   0.0051551346
   0.0058541535
   0.0133758986
   0.0185931485
   0.0131593733
   0.0062831084
   0.0062687970
   0.0131111153
   0.0130536192
   0.0098314692
   0.0097609246
   0.0055804824
   0.0041101030
   0.0051362086
   0.0050478970
   0.0046608122
   0.0046979767
   0.0044246819
   0.0045293375
   0.0048279291
   0.0047530119
   0.0046811309
   0.0037308175
   0.0023206961
   0.0048957878
   0.0050938671
   0.0043760562
   0.0045447344
   0.0047210504
   0.0046023732
   0.0045519225
   0.0046677754
   0.0049945658
   0.0036634223
   0.0014211958
   0.0018137790
   0.0035697396
   0.0026774611
   0.0016704841
  -0.0004627583
  -0.0072574029
  -0.0058747620
   0.0014539445
   0.0033844709
   0.0042994865
   0.0042652873
   0.0049141949
   0.0080270010
   0.0055242665
   0.0049680062
   0.0057756164
   0.0058026388
   0.0077595276
   0.0122790776
   0.0077625767
   0.0045938703
   0.0038546919
   0.0063404488
   0.0071708733
   0.0069411655
   0.0070143699
   0.0074603651
   0.0075571320
   0.0074523380
   0.0078107698
   0.0087239007
   0.0134004125
   0.0150310386
   0.0113849334
   0.0111657872
   0.0127432074
   0.0128105991
   0.0094497863
   0.0115823077
   0.0100248905
   0.0088762521
   0.0094147021
   0.0095108722
   0.0094795248
   0.0127253367
   0.0165947270
   0.0151503645
   0.0104019370
   0.0114375640
   0.0127566235
   0.0130429884
   0.0090263069
   0.0090800749
   0.0099845774
   0.0073625862
  -0.0025050510
  -0.0005538249
   0.0061695087
   0.0096055674
   0.0082477258
   0.0020711765
  -0.0031922904
  -0.0028833928
  -0.0021530209
  -0.0026774287
  -0.0030192311
  -0.0025669327
   0.0026344212
   0.0060310102
  -0.0014487749
  -0.0043822539
  -0.0023869672
  -0.0025149703
  -0.0032932136
  -0.0031266763
  -0.0029627539
  -0.0030903284
  -0.0031457542
  -0.0031280789
  -0.0029667653
   0.0014207465
   0.0035895614
  -0.0020293562
  -0.0045221753
  -0.0028744527
  -0.0028794026
  -0.0035343099
  -0.0034230613
  -0.0049903792
  -0.0072057887
  -0.0094467242
  -0.0096322827
  -0.0093083814
  -0.0115197168
  -0.0136980526
  -0.0156791266
  -0.0157399962
  -0.0154970713
  -0.0155329729
  -0.0157493598
  -0.0203594401
  -0.0222699349
  -0.0211098267
  -0.0209502699
  -0.0245909342
  -0.0329854452
  -0.0305848232
  -0.0247058444
  -0.0259881546
  -0.0270951479
  -0.0258783220
  -0.0252801095
  -0.0255997377
  -0.0256275819
  -0.0241941183
  -0.0216774573
  -0.0215372375
  -0.0155859408
  -0.0118576656
  -0.0214567887
  -0.0260581283
  -0.0230011878
  -0.0228217275
  -0.0237651072
  -0.0233268883
  -0.0214691668
  -0.0167330741
  -0.0161924227
  -0.0132343553
  -0.0099962116
  -0.0104975318
  -0.0107448206
  -0.0103740972
  -0.0089188963
  -0.0028402305
   0.0021655694
   0.0030412352
   0.0048084451
   0.0076767952
   0.0097537495
   0.0138173180
   0.0139385901
   0.0131686720
   0.0134994976
   0.0136693218
   0.0134944201
   0.0134508849
   0.0134831016
   0.0133133812
   0.0137366357
   0.0183356268
   0.0175617686
   0.0124133117
   0.0151176850
   0.0174349778
   0.0081009018
   0.0110307616
   0.0206040172
   0.0252730641
   0.0223617367
   0.0200466626
   0.0187804759
   0.0188780948
   0.0189007965
   0.0188815980
   0.0190104994
   0.0198548200
   0.0246557872
   0.0248470762
   0.0153225285
   0.0112534327
   0.0136362834
   0.0135703665
   0.0091186277
   0.0058866427
   0.0070584630
   0.0097975830
   0.0077420547
   0.0059200574
   0.0029376764
  -0.0004672697
   0.0012464939
   0.0046484082
  -0.0003512479
  -0.0020287840
  -0.0011136957
  -0.0018626226
  -0.0052031245
  -0.0024457409
   0.0076264483
   0.0053495507
   0.0010951930
   0.0020111888
   0.0003174081
   0.0012304958
   0.0016794372
   0.0015171920
   0.0032153338
   0.0010733658
   0.0049175900
   0.0071764395
   0.0057923367
   0.0056519785
   0.0061595180
   0.0022004940
  -0.0080100385
  -0.0037980258
   0.0008155111
   0.0000915401
   0.0015600572
   0.0012129287
  -0.0006287957
  -0.0002858672
   0.0000548654
  -0.0002009230
  -0.0000575419
   0.0009831828
   0.0093629279
   0.0183218950
   0.0124231640
   0.0047791780
   0.0058782566
   0.0081611140
   0.0085457854
   0.0056874649
   0.0058332812
   0.0065180494
   0.0062127238
   0.0060425968
   0.0061648031
   0.0061323529
   0.0025993755
   0.0001970720
   0.0057390618
   0.0069659302
   0.0056677863
   0.0082737708
   0.0082215900
   0.0075654575
   0.0084732298
   0.0107807265
   0.0125663032
   0.0133028455
   0.0138772967
   0.0118117949
   0.0118339345
   0.0135716857
   0.0141234480
   0.0117554795
   0.0141859179
   0.0142981595
   0.0147407379
   0.0135975879
   0.0114602138
   0.0100703329
   0.0012657980
   0.0004243819
   0.0090356964
   0.0116505125
   0.0078139876
   0.0054191827
   0.0060656273
   0.0063169988
   0.0057066029
   0.0009540044
  -0.0014613082
   0.0001380739
   0.0090517809
   0.0113410479
   0.0003475301
  -0.0038954626
  -0.0055944607
  -0.0060259111
  -0.0060654067
  -0.0061492159
  -0.0061561878
  -0.0042705092
  -0.0046205943
  -0.0066865761
  -0.0062832727
  -0.0058613416
  -0.0042799697
  -0.0046975139
  -0.0066500301
  -0.0062515966
  -0.0058646156
  -0.0061295849
  -0.0061892219
  -0.0065159258
  -0.0087151988
  -0.0063205626
  -0.0035154928
  -0.0046601894
  -0.0068389578
  -0.0061464566
  -0.0057652495
  -0.0061215491
  -0.0061545703
  -0.0060270312
  -0.0060385702
  -0.0052230323
  -0.0011116154
  -0.0047276979
  -0.0070276303
  -0.0093274156
  -0.0179274102
  -0.0155231033
  -0.0049596114
  -0.0048597998
  -0.0064783072
  -0.0006456259
   0.0010884625
  -0.0004989151
  -0.0006026184
   0.0000031222
  -0.0001001861
   0.0000531667
   0.0046790636
   0.0094340866
   0.0014573448
  -0.0049906604
  -0.0041422946
  -0.0030724952
  -0.0061521310
  -0.0062978652
  -0.0030229159
  -0.0047357553
  -0.0100876025
  -0.0102286009
  -0.0095220392
  -0.0087783823
  -0.0098126685
  -0.0122873729
  -0.0120449497
  -0.0141028698
  -0.0126481273
  -0.0111662975
  -0.0118918372
  -0.0146709935
  -0.0151179748
  -0.0157922419
  -0.0181036138
  -0.0191637504
  -0.0194601016
  -0.0172307614
  -0.0147302585
  -0.0145743823
  -0.0160524710
  -0.0117638700
  -0.0107711943
  -0.0118360191
  -0.0115912820
  -0.0127015234
  -0.0132799535
  -0.0144597793
  -0.0217224932
  -0.0135661929
  -0.0073203875
  -0.0054003215
  -0.0072212678
  -0.0066324318
  -0.0063300083
  -0.0057287337
  -0.0078988046
  -0.0032236789
  -0.0026180944
  -0.0024457150
   0.0048927301
   0.0075499136
   0.0009340101
  -0.0013769462
   0.0005974617
   0.0005091584
   0.0002640407
   0.0026389763
   0.0000840015
   0.0010826800
   0.0019616458
   0.0022276159
   0.0023413712
  -0.0004134306
   0.0011700180
   0.0012972029
  -0.0010859614
  -0.0008238903
  -0.0006034371
  -0.0034167524
  -0.0071847218
  -0.0050189543
  -0.0045079981
  -0.0059077615
  -0.0057442517
  -0.0077117886
  -0.0079761653
  -0.0050315486
  -0.0032003716
  -0.0045440856
  -0.0105086902
  -0.0090906321
  -0.0041896864
  -0.0031263497
   0.0009689857
   0.0027852645
  -0.0004351616
  -0.0057844393
  -0.0121466384
  -0.0039130712
   0.0061304672
   0.0095532006
   0.0095638574
   0.0097751451
   0.0090323705
   0.0058204404
   0.0074047460
   0.0119475168
   0.0109663931
   0.0124671965
   0.0200485137
   0.0215517261
   0.0118495606
   0.0105667400
   0.0106119013
   0.0076253800
   0.0079932835
   0.0095253003
   0.0071403044
   0.0069382937
   0.0076189098
   0.0070929849
   0.0027782286
   0.0013152752
   0.0042452177
   0.0027115281
   0.0011450868
   0.0059933008
   0.0066666596
   0.0052712687
   0.0076176729
   0.0058337786
   0.0068947975
   0.0052366214
   0.0067160465
   0.0093110456
   0.0103903893
   0.0097834490
   0.0076205101
   0.0056415597
   0.0059940231
   0.0074375725
   0.0064324452
   0.0080368879
   0.0089793593
   0.0083717314
   0.0083537352
   0.0077434300
  -0.0011004773
   0.0022844200
   0.0111098826
   0.0121102698
   0.0124600690
   0.0111717470
   0.0128671654
   0.0114016710
   0.0100169585
   0.0134223401
   0.0142477606
   0.0135325879
   0.0182959452
   0.0236273396
   0.0130305584
   0.0041053828
   0.0054705244
   0.0068637701
   0.0058287097
   0.0055852096
   0.0055923761
   0.0037197326
   0.0077641380
   0.0061675408
   0.0024302727
   0.0060530589
   0.0077096088
   0.0064980593
   0.0039105641
   0.0067240736
   0.0108481658
   0.0097683073
   0.0088032941
   0.0091250113
   0.0091918105
   0.0088471407
   0.0083834564
   0.0060960188
   0.0071002162
   0.0089589282
   0.0061097549
   0.0044517345
   0.0075478160
   0.0088442256
   0.0077840199
   0.0071985617
   0.0052375902
   0.0023887923
  -0.0003103270
  -0.0007232491
  -0.0087213576
  -0.0075061276
   0.0005642195
  -0.0015682496
  -0.0048156937
  -0.0033932514
  -0.0028010048
  -0.0034041849
  -0.0059201569
  -0.0079673597
  -0.0068978898
  -0.0033027886
  -0.0011958018
   0.0010640001
  -0.0040272457
  -0.0065816480
  -0.0078254877
  -0.0097267963
  -0.0062185063
  -0.0069395739
  -0.0073764218
  -0.0056384586
  -0.0057687008
  -0.0065438478
  -0.0067846318
  -0.0037016473
   0.0022723931
   0.0003220436
  -0.0021638688
  -0.0009869780
  -0.0035483725
  -0.0077361598
  -0.0071054278
  -0.0064809800
  -0.0076449375
  -0.0102675948
  -0.0123352806
  -0.0131408927
  -0.0127663071
  -0.0149146147
  -0.0169104066
  -0.0185968982
  -0.0184446982
  -0.0182229311
  -0.0183977204
  -0.0185730287
  -0.0184122307
  -0.0182591310
  -0.0206027197
  -0.0254108966
  -0.0303428109
  -0.0219430061
  -0.0160310624
  -0.0178820759
  -0.0139023123
  -0.0108490653
  -0.0094486099
  -0.0124369520
  -0.0140971565
  -0.0120149517
  -0.0120347428
  -0.0119435681
  -0.0009519401
   0.0082584820
  -0.0000778691
  -0.0085896536
  -0.0059663432
  -0.0049592741
  -0.0064634596
  -0.0057935823
  -0.0004695183
   0.0007447697
  -0.0005162561
   0.0020393417
   0.0044768021
   0.0039220806
   0.0047202892
   0.0059322625
   0.0038491084
   0.0059277256
   0.0066393994
   0.0060072618
   0.0083430136
   0.0076101258
   0.0055832374
   0.0061297752
   0.0065228457
   0.0062343140
   0.0062002982
   0.0070029260
   0.0111735462
   0.0105944155
   0.0120239261
   0.0127071285
   0.0123626707
   0.0146468558
   0.0138349379
   0.0118347173
   0.0100951064
   0.0078301976
  -0.0011317434
   0.0014559768
   0.0107760166
   0.0112012866
   0.0117692502
   0.0126940239
   0.0103748065
   0.0082214560
   0.0064171781
   0.0067240650
   0.0068801142
   0.0088449695
   0.0138468100
   0.0220081056
   0.0195611632
   0.0089363778
   0.0080602081
   0.0119721821
   0.0091370866
   0.0087114534
   0.0127785641
   0.0114652178
   0.0131973595
   0.0167007666
   0.0141736912
   0.0111318448
   0.0103391947
   0.0102330123
   0.0070607033
   0.0088743966
   0.0071549963
   0.0033798224
   0.0023548469
   0.0021009686
  -0.0024637034
  -0.0062284191
  -0.0052282007
  -0.0047950723
  -0.0053744841
  -0.0053879521
  -0.0051958672
  -0.0058545428
  -0.0074678300
  -0.0051226887
  -0.0047985971
  -0.0054659140
  -0.0053304343
  -0.0081046775
  -0.0120570986
  -0.0097565996
  -0.0176138629
  -0.0248584120
  -0.0171852714
  -0.0129798179
  -0.0179414880
  -0.0183222237
  -0.0167208777
  -0.0190060879
  -0.0190415137
  -0.0194724580
  -0.0199373188
  -0.0214386887
  -0.0151132995
  -0.0096296531
  -0.0148012572
  -0.0238575491
  -0.0229406599
  -0.0186790986
  -0.0173514843
  -0.0169457070
  -0.0171828407
  -0.0173668422
  -0.0149321568
  -0.0127830274
  -0.0111225375
  -0.0112522347
  -0.0114213756
  -0.0082592476
  -0.0043618357
  -0.0051051856
  -0.0033908260
  -0.0038181364
  -0.0025910054
   0.0010895451
  -0.0036011700
  -0.0010133283
   0.0021938093
   0.0010949080
   0.0005411804
   0.0013556315
   0.0020687692
   0.0043131206
   0.0035270846
   0.0007140564
   0.0009816163
   0.0014976544
   0.0014920445
   0.0031898074
   0.0009546986
  -0.0027022190
  -0.0052444539
   0.0030280505
   0.0084174506
   0.0060222738
   0.0052518756
   0.0038795298
   0.0037139803
   0.0039130241
   0.0014907587
  -0.0022098134
  -0.0002059831
   0.0025560640
   0.0084008427
   0.0084985351
  -0.0007196806
  -0.0065535357
  -0.0031476654
   0.0021962014
   0.0022286573
   0.0013462882
   0.0024175910
   0.0004622363
  -0.0016315183
   0.0003377500
   0.0031195678
   0.0003055050
   0.0001478384
  -0.0012408463
  -0.0013560454
   0.0006940244
   0.0011387576
   0.0003419455
   0.0000070512
  -0.0033967784
  -0.0032721955
   0.0015466848
   0.0014181731
  -0.0008359747
  -0.0000587004
   0.0006429383
   0.0046040210
   0.0094052737
   0.0059655388
   0.0054171845
   0.0101347707
   0.0109048877
   0.0110101878
   0.0121514391
   0.0120140522
   0.0048310257
   0.0005105886
   0.0129844759
   0.0158115356
   0.0100546549
   0.0116614244
   0.0139047991
   0.0092520357
   0.0092210343
   0.0157624428
   0.0110948447
   0.0086061880
   0.0129691914
   0.0188909442
   0.0196190010
   0.0126448533
   0.0103249266
   0.0092530910
   0.0095947420
   0.0103885209
   0.0076136161
   0.0090491254
   0.0097261216
   0.0103607849
   0.0122521980
   0.0128670573
   0.0132375818
   0.0111623056
   0.0093670669
   0.0058522376
   0.0038147958
   0.0039028773
   0.0040651822
   0.0041352112
   0.0069444611
   0.0045558279
  -0.0005570388
   0.0007466909
   0.0019713320
  -0.0039719648
  -0.0025764956
  -0.0019904332
  -0.0031475218
  -0.0010062103
   0.0006376882
   0.0003393794
  -0.0013084145
   0.0012497809
  -0.0008826701
  -0.0016156668
  -0.0016756390
  -0.0088812733
  -0.0061556731
   0.0001564953
  -0.0013645963
  -0.0027244407
  -0.0018037282
  -0.0016250429
  -0.0019972053
  -0.0020001021
  -0.0014916518
   0.0006533472
   0.0006255904
   0.0072669265
   0.0155713051
   0.0055793493
  -0.0071387863
  -0.0030000252
   0.0003654874
  -0.0017980443
   0.0001845907
  -0.0004813838
  -0.0074062857
  -0.0077481962
  -0.0042530377
  -0.0092243083
  -0.0119167187
  -0.0126372630
  -0.0120045372
  -0.0103962151
  -0.0128244477
  -0.0129184206
  -0.0121624808
  -0.0133724862
  -0.0150381877
  -0.0147992245
  -0.0131161193
  -0.0112015201
  -0.0103676400
  -0.0155361128
  -0.0167385971
  -0.0140383456
  -0.0148084929
  -0.0133114176
  -0.0119751491
  -0.0078941898
  -0.0105668005
  -0.0144809673
  -0.0134444494
  -0.0106257628
  -0.0186546452
  -0.0262163184
  -0.0159671047
  -0.0090294684
  -0.0129683135
  -0.0123145337
  -0.0108051366
  -0.0098998037
  -0.0102379298
  -0.0084001378
  -0.0085104548
  -0.0073639096
  -0.0047856957
  -0.0007568407
   0.0035347142
  -0.0010998887
  -0.0044956589
  -0.0054423645
  -0.0029251902
  -0.0025355022
  -0.0034862422
  -0.0073462724
  -0.0048906627
  -0.0020317657
  -0.0033354694
  -0.0037756903
  -0.0035199103
  -0.0033880662
  -0.0030777271
  -0.0029902278
  -0.0007933811
   0.0033342541
   0.0050008067
   0.0065917295
   0.0082073739
   0.0061055856
   0.0052261247
   0.0023032894
   0.0026194304
   0.0078801077
   0.0089749435
   0.0076428226
   0.0078783561
   0.0083236593
   0.0082573965
   0.0079183707
   0.0054372178
   0.0044393824
   0.0041209172
   0.0051684685
   0.0065023324
  -0.0036059625
   0.0010693228
   0.0105102299
   0.0091476439
   0.0087245062
   0.0109205744
   0.0115842626
   0.0114412964
   0.0114616108
   0.0108986338
   0.0101358995
   0.0130545188
   0.0205472130
   0.0265017534
   0.0172617628
   0.0112100922
   0.0156467715
   0.0166939418
   0.0109355474
   0.0100498585
   0.0133358840
   0.0101196462
   0.0070701188
   0.0063245459
   0.0088948883
   0.0089654891
   0.0062078625
   0.0065748276
   0.0073041645
   0.0073306117
   0.0093934406
   0.0073839299
   0.0084044454
   0.0088398877
   0.0071496550
   0.0115639093
   0.0114771720
   0.0062063574
   0.0064680484
   0.0076441287
   0.0070802608
   0.0067861413
   0.0069681230
   0.0047881437
   0.0044767112
   0.0040300111
   0.0010277205
  -0.0001555537
   0.0003582236
  -0.0027807531
  -0.0120715224
  -0.0114418414
  -0.0044004837
  -0.0035097047
  -0.0032868520
  -0.0030760361
  -0.0060138401
  -0.0045445743
  -0.0057585674
  -0.0049001560
  -0.0067470306
  -0.0071037454
  -0.0046612793
   0.0037623880
  -0.0030918944
  -0.0127335844
  -0.0111372727
  -0.0109573410
  -0.0131494691
  -0.0092981485
  -0.0086502421
  -0.0152200095
  -0.0132459376
  -0.0140631493
  -0.0186749942
  -0.0179764078
  -0.0168080518
  -0.0173262091
  -0.0172136129
  -0.0168532002
  -0.0165835297
  -0.0163496353
  -0.0161586792
  -0.0162046148
  -0.0159904250
  -0.0157300531
  -0.0155575993
  -0.0167085862
  -0.0175572187
  -0.0150674678
  -0.0150797507
  -0.0141958393
  -0.0132102177
  -0.0154220374
  -0.0113459914
  -0.0077031862
  -0.0051587417
  -0.0066284831
  -0.0084911481
  -0.0060935363
  -0.0171209764
  -0.0132483899
  -0.0027104282
  -0.0019384787
  -0.0037324558
  -0.0003790174
   0.0020378267
   0.0044201882
   0.0040348598
   0.0080537726
   0.0062923768
   0.0066433567
   0.0147847013
   0.0192742879
   0.0107759388
   0.0061900566
   0.0086181898
   0.0113528940
   0.0106640604
   0.0103939964
   0.0109684951
   0.0111654023
   0.0110428024
   0.0112238845
   0.0114223055
   0.0114973697
   0.0114496955
   0.0115800198
   0.0119219952
   0.0119053267
   0.0120143376
   0.0144134632
   0.0127028857
   0.0142359707
   0.0127010779
   0.0118462996
   0.0119262726
   0.0097689950
   0.0119842055
   0.0127678511
   0.0098475062
   0.0100747314
   0.0106035411
   0.0104797389
   0.0100240644
   0.0099154428
   0.0068994511
   0.0019777559
   0.0007078751
  -0.0006294682
  -0.0097484903
  -0.0083306960
   0.0017662233
   0.0007552746
  -0.0014156962
  -0.0002567693
   0.0001958535
  -0.0002792870
  -0.0003115682
  -0.0001620564
  -0.0001947616
  -0.0002282258
   0.0057229859
   0.0134411321
   0.0061775056
  -0.0023749793
   0.0001117095
   0.0013558806
  -0.0000344818
  -0.0001428430
   0.0002703995
  -0.0020835645
  -0.0018011271
  -0.0039080789
  -0.0006544535
  -0.0000135537
  -0.0021381002
   0.0001379277
   0.0006437458
  -0.0000373937
   0.0003180682
   0.0007307495
   0.0004676949
  -0.0033073562
  -0.0021310890
   0.0015905119
   0.0007959012
   0.0000807102
   0.0005999507
   0.0007107984
   0.0005196871
   0.0005290835
   0.0005838168
   0.0005651490
   0.0005504808
   0.0007389617
   0.0034069892
   0.0036565677
   0.0003478295
  -0.0001632574
  -0.0057459817
  -0.0053815554
   0.0019057166
   0.0012874786
   0.0016475431
   0.0040408620
   0.0036270952
   0.0014401293
   0.0046135187
   0.0045976677
   0.0020109063
   0.0067951242
   0.0129758043
   0.0169981256
   0.0121305885
   0.0078952711
   0.0078034303
   0.0094367984
   0.0092594573
   0.0103663209
   0.0093707042
   0.0088369208
   0.0095878782
   0.0111001039
   0.0091645545
   0.0102224551
   0.0085629123
   0.0059608938
   0.0056148486
   0.0060829920
   0.0025622894
   0.0000676350
   0.0023802116
   0.0035796892
   0.0027683067
  -0.0006931421
  -0.0002512339
   0.0004231184
  -0.0000055159
  -0.0001444392
  -0.0000879816
  -0.0004132551
  -0.0003969991
  -0.0000056563
   0.0012560222
   0.0019076728
  -0.0004337378
  -0.0003862597
   0.0001762274
  -0.0002639635
  -0.0074711819
  -0.0047144548
   0.0056158304
   0.0046480146
   0.0020412572
   0.0010415682
   0.0007736588
   0.0013092293
   0.0017409538
   0.0000010484
  -0.0005520703
   0.0001003116
   0.0057971504
   0.0100776551
   0.0005405840
  -0.0064176149
  -0.0041286727
   0.0007470040
  -0.0017478772
  -0.0029920741
  -0.0002163938
  -0.0002779136
  -0.0010148831
  -0.0007586282
   0.0018683475
   0.0056540848
   0.0033964778
   0.0027019353
   0.0031519051
   0.0046090813
   0.0010023165
   0.0026426265
   0.0013460365
   0.0005232625
   0.0025241077
   0.0006664138
  -0.0012707531
  -0.0005707848
  -0.0003249216
  -0.0006740314
  -0.0010336868
  -0.0030678796
  -0.0051381764
  -0.0040056425
  -0.0003197235
  -0.0032690058
  -0.0078406251
  -0.0078050479
  -0.0084083855
  -0.0119550336
  -0.0169113451
  -0.0110043837
  -0.0059228903
  -0.0047828456
  -0.0097485336
  -0.0072350601
  -0.0078375457
  -0.0086049554
  -0.0100873084
  -0.0096368888
  -0.0079720436
  -0.0071397940
  -0.0003671313
   0.0007885648
  -0.0037419837
  -0.0104615178
  -0.0098797185
  -0.0065485966
  -0.0077275055
  -0.0104429420
  -0.0098807998
  -0.0090981100
  -0.0086393259
  -0.0072563390
  -0.0094226298
  -0.0097810746
  -0.0072561617
  -0.0080693598
  -0.0097612273
  -0.0091463551
  -0.0087603385
  -0.0089668818
  -0.0094554131
  -0.0130459077
  -0.0139581217
  -0.0129602041
  -0.0129698272
  -0.0131543391
  -0.0124121613
  -0.0107971181
  -0.0104355334
  -0.0077684630
  -0.0076135988
  -0.0080694333
  -0.0077714688
  -0.0075553285
  -0.0075726500
  -0.0075084717
  -0.0073908801
  -0.0083204848
  -0.0154019177
  -0.0161581819
  -0.0071516617
  -0.0054126563
  -0.0076294411
  -0.0070722164
  -0.0062745882
  -0.0064963207
  -0.0065569611
  -0.0063402888
  -0.0062405939
  -0.0061900177
  -0.0018629829
   0.0036886088
   0.0021139825
  -0.0015934494
   0.0001159275
   0.0004661617
   0.0001612260
   0.0012613458
   0.0020517747
   0.0028199403
   0.0026297641
   0.0025479741
   0.0026589416
   0.0026600441
   0.0026230699
   0.0026290786
   0.0026361750
   0.0026294596
   0.0026218412
   0.0006460549
  -0.0004877597
   0.0008058889
  -0.0005965461
  -0.0013134198
   0.0008975618
   0.0010360659
   0.0019863985
   0.0025820476
   0.0011010737
   0.0007269197
  -0.0012608143
   0.0001991423
   0.0004412784
   0.0020913516
   0.0031821860
   0.0027356571
   0.0026565188
   0.0020057600
  -0.0039899636
  -0.0033239481
   0.0035384233
   0.0037038716
   0.0021299585
   0.0027252560
   0.0031231225
   0.0028379988
   0.0027734093
   0.0028663321
   0.0028525108
   0.0028190671
   0.0050386632
   0.0095412507
   0.0047786893
   0.0012768141
   0.0023642577
   0.0019540460
   0.0026460017
   0.0027950778
   0.0026156123
   0.0026413961
   0.0026619929
   0.0012560101
   0.0020693656
   0.0024842833
   0.0007618940
  -0.0006071289
  -0.0007260391
  -0.0004876875
  -0.0018889413
  -0.0010738753
   0.0006070584
   0.0003424580
  -0.0014582159
   0.0008403399
   0.0018082798
   0.0029487903
   0.0028245763
   0.0013999001
   0.0022902332
   0.0031874629
   0.0027737774
   0.0026421383
   0.0028039600
   0.0027888447
   0.0027230057
   0.0027239100
   0.0027240004
   0.0017023037
  -0.0023652615
  -0.0001483835
   0.0041640657
   0.0059225746
   0.0053754183
   0.0059208619
   0.0065270885
   0.0059052877
   0.0079736266
   0.0083481430
   0.0076727298
   0.0076904708
   0.0101053825
   0.0126605919
   0.0082763615
   0.0061438876
   0.0073259061
   0.0072597730
   0.0066471367
   0.0066169701
   0.0066236997
   0.0064420942
   0.0062944441
   0.0061960640
   0.0060749908
   0.0059441821
   0.0058225856
   0.0057016335
   0.0055776452
   0.0054542279
   0.0053316972
   0.0052089070
   0.0050860951
   0.0049636163
   0.0048413105
   0.0051770493
   0.0058103762
   0.0059183664
   0.0048927387
   0.0055834710
   0.0042745340
   0.0036500785
   0.0038849888
   0.0037708446
   0.0035265254
   0.0034361780
   0.0027982515
   0.0026093087
   0.0032213308
   0.0015871592
  -0.0007529020
   0.0001018146
   0.0032648989
   0.0029360295
   0.0021615325
   0.0023465158
   0.0016627419
   0.0015920045
   0.0016822562
   0.0013409313
   0.0005333470
  -0.0005713069
   0.0012984679
   0.0021271364
   0.0009063104
  -0.0014598269
  -0.0018179621
  -0.0013542804
  -0.0015131672
  -0.0016660942
  -0.0015976693
  -0.0015798007
  -0.0016167762
  -0.0016247929
  -0.0016227563
  -0.0016315256
  -0.0016402945
  -0.0016453603
  -0.0016508902
  -0.0016570014
  -0.0016980285
  -0.0021840262
  -0.0021004211
  -0.0027398237
  -0.0028377225
  -0.0029799383
  -0.0034744843
  -0.0034051555
  -0.0035821661
  -0.0035320855
  -0.0034140766
  -0.0033606117
  -0.0033325396
  -0.0039237842
  -0.0039280927
  -0.0036292646
  -0.0038780373
  -0.0038332470
  -0.0042045898
  -0.0044258063
  -0.0047274816
  -0.0042992556
  -0.0035792225
  -0.0033837136
  -0.0033990214
  -0.0034441001
  -0.0035043127
  -0.0033536451
  -0.0032438479
  -0.0034273144
  -0.0030743779
  -0.0028119590
  -0.0019532618
  -0.0014868467
  -0.0024313353
  -0.0027868664
  -0.0023944511
  -0.0022969564
  -0.0023126192
  -0.0021987302
  -0.0020820469
  -0.0020076799
  -0.0018056342
  -0.0015655192
  -0.0014618609
  -0.0016869657
  -0.0011516352
  -0.0008882134
  -0.0007163577
  -0.0006680897
  -0.0006645995
  -0.0006205588
  -0.0005789616
  -0.0005510124
  -0.0004962968
  -0.0002191171
  -0.0000855360
   0.0000951129
   0.0001679603
  -0.0000716420
  -0.0001385212
   0.0000490047
   0.0001286029
   0.0000586001
   0.0001475742
   0.0001827497
   0.0001541295
   0.0001514886
   0.0001585516
   0.0001402632
  -0.0000645029
   0.0000467099
   0.0002860528
   0.0003647537
   0.0004448543
   0.0004789735
   0.0004402110
   0.0004163845
   0.0004039366
   0.0003831569
   0.0003617545
   0.0003441285
   0.0004246158
   0.0005663859
   0.0004647976
   0.0002819136
   0.0002287154
   0.0002430490
   0.0002221431
   0.0001983968
   0.0001894090
   0.0001790724
   0.0001655441
   0.0001539591
   0.0001436243
   0.0001331764
   0.0001231249
   0.0001137307
   0.0001047617
   0.0000961779
   0.0000880392
   0.0000803219
   0.0000729991
   0.0000603089
  -0.0000107755
  -0.0000496564
  -0.0000319948
  -0.0000500793
  -0.0000531191
  -0.0000231964
  -0.0000226714
  -0.0000269230
  -0.0000225410
  -0.0000193937
  -0.0000185961
  -0.0000169048
  -0.0000191288
  -0.0000369468
  -0.0000400430
  -0.0000491916
  -0.0000590420
  -0.0000489908
  -0.0000150448
   0.0000001006
  -0.0000095571
  -0.0000028848
   0.0000140670
   0.0000151707
   0.0000133036
   0.0000084582
   0.0000105134
   0.0000133468
   0.0000234660
   0.0000305777
   0.0000233518
   0.0000229189
   0.0000262517
   0.0000229383
   0.0000233017
   0.0000204942
   0.0000203547
   0.0000287574
   0.0000307537
   0.0000275344
   0.0000265016
   0.0000291346
   0.0000311497
   0.0000337277
   0.0000369544
   0.0000405307
   0.0000396531
   0.0000396870
   0.0000402437
   0.0000403869
   0.0000421577
   0.0000425512
   0.0000426593
   0.0000426251
   0.0000427842
   0.0000425058
   0.0000424703
   0.0000431749
   0.0000438865
   0.0000440243
   0.0000434154
   0.0000432048
   0.0000430961
   0.0000429652
   0.0000426007
   0.0000422773
   0.0000416773
   0.0000414774
   0.0000416868
   0.0000413661
   0.0000408445
   0.0000404123
   0.0000398687
   0.0000392618
   0.0000387927
   0.0000381685
   0.0000374936
   0.0000367946
   0.0000360885
   0.0000353153
   0.0000344841
   0.0000336242
   0.0000327630
   0.0000318848
   0.0000309518
   0.0000299969
   0.0000290132
   0.0000280013
   0.0000269651
   0.0000259057
   0.0000248231
   0.0000237187
   0.0000225933
   0.0000214477
   0.0000202838
   0.0000191008
   0.0000178996
   0.0000166822
   0.0000154490
   0.0000142008
   0.0000129384
   0.0000116627
   0.0000103743
   0.0000090739
   0.0000077623
   0.0000064403
   0.0000051085
   0.0000037677
   0.0000024185
   0.0000010616
  -0.0000003022
  -0.0000016723
  -0.0000030481
