  -0.0001896126
  -0.0001889775
  -0.0001883191
  -0.0001876551
  -0.0001869797
  -0.0001862932
  -0.0001855990
  -0.0001848906
  -0.0001841792
  -0.0001834529
  -0.0001827187
  -0.0001819740
  -0.0001812340
  -0.0001805034
  -0.0001797382
  -0.0001789172
  -0.0001781002
  -0.0001773087
  -0.0001764839
  -0.0001756304
  -0.0001747759
  -0.0001739293
  -0.0001730773
  -0.0001722170
  -0.0001713171
  -0.0001703118
  -0.0001690514
  -0.0001676119
  -0.0001665425
  -0.0001662359
  -0.0001664398
  -0.0001667192
  -0.0001657373
  -0.0001636442
  -0.0001609520
  -0.0001574879
  -0.0001536641
  -0.0001508728
  -0.0001491010
  -0.0001474838
  -0.0001455473
  -0.0001434428
  -0.0001414004
  -0.0001413149
  -0.0001457216
  -0.0001515992
  -0.0001543649
  -0.0001573108
  -0.0001629923
  -0.0001664528
  -0.0001618967
  -0.0001512121
  -0.0001389971
  -0.0001315491
  -0.0001333230
  -0.0001472241
  -0.0001660265
  -0.0001843378
  -0.0001968888
  -0.0002008622
  -0.0001917702
  -0.0001802306
  -0.0001771924
  -0.0001806476
  -0.0001804117
  -0.0001688450
  -0.0001526749
  -0.0001445394
  -0.0001332080
  -0.0001070114
  -0.0000735307
  -0.0000453782
  -0.0000324558
  -0.0000232239
   0.0000085578
   0.0000620214
   0.0001139919
   0.0001119688
   0.0000392979
  -0.0000601636
  -0.0001370526
  -0.0001448812
  -0.0001042212
  -0.0000609457
  -0.0000202905
  -0.0000117365
  -0.0000509141
  -0.0000860473
  -0.0000647071
   0.0000233807
   0.0001390275
   0.0002001536
   0.0001595047
   0.0000852573
   0.0000140558
  -0.0000701298
  -0.0001844653
  -0.0003179473
  -0.0004889934
  -0.0006301810
  -0.0006241760
  -0.0005029671
  -0.0003665822
  -0.0003138596
  -0.0003084866
  -0.0002271746
  -0.0000693398
   0.0000877106
   0.0001304197
   0.0000058369
  -0.0001363862
  -0.0002274480
  -0.0003532198
  -0.0004651941
  -0.0005139982
  -0.0005221194
  -0.0005284285
  -0.0005481636
  -0.0004846706
  -0.0002563859
   0.0000912455
   0.0004295318
   0.0005982373
   0.0006381552
   0.0007376062
   0.0009467106
   0.0011193897
   0.0011101178
   0.0008689519
   0.0004632396
   0.0000128257
  -0.0002654441
  -0.0004741260
  -0.0007098701
  -0.0010203214
  -0.0012303264
  -0.0009816625
  -0.0003417139
   0.0003668502
   0.0008743611
   0.0010327245
   0.0008318890
   0.0005872423
   0.0007802851
   0.0013741306
   0.0018212277
   0.0017051749
   0.0012535878
   0.0007688110
   0.0007503983
   0.0010526488
   0.0010728875
   0.0005944929
  -0.0001274640
  -0.0007815234
  -0.0011639735
  -0.0011022165
  -0.0008039517
  -0.0007278241
  -0.0008178613
  -0.0008116951
  -0.0005851937
  -0.0003788095
  -0.0005413935
  -0.0009878401
  -0.0016176145
  -0.0020549216
  -0.0019620029
  -0.0011741694
  -0.0000174093
   0.0010934569
   0.0019679281
   0.0023934731
   0.0024903677
   0.0028385589
   0.0034844348
   0.0040035715
   0.0043453590
   0.0044594094
   0.0042280361
   0.0037554553
   0.0029632111
   0.0015383113
  -0.0005818634
  -0.0028565152
  -0.0050026536
  -0.0063711973
  -0.0065860247
  -0.0055630814
  -0.0038728793
  -0.0021956185
  -0.0009854267
  -0.0005733460
  -0.0006234223
  -0.0006554271
  -0.0001286805
   0.0007380220
   0.0011033207
  -0.0000492838
  -0.0026526027
  -0.0052238872
  -0.0071084024
  -0.0080265904
  -0.0080520602
  -0.0074713316
  -0.0069444124
  -0.0062308111
  -0.0045522132
  -0.0018033182
   0.0012205756
   0.0032995581
   0.0045738309
   0.0058719814
   0.0078777563
   0.0098636709
   0.0113129648
   0.0120509426
   0.0125773605
   0.0129193740
   0.0130335355
   0.0128288605
   0.0117861655
   0.0095042984
   0.0061668506
   0.0025816161
  -0.0003457946
  -0.0026918711
  -0.0046248476
  -0.0063614617
  -0.0074103862
  -0.0077892969
  -0.0086228827
  -0.0099811732
  -0.0115906744
  -0.0133297089
  -0.0150526481
  -0.0152825114
  -0.0130053549
  -0.0091741884
  -0.0051914771
  -0.0027576573
  -0.0021597199
  -0.0022762423
  -0.0017475922
  -0.0000644487
   0.0025061069
   0.0052572897
   0.0069537239
   0.0068213587
   0.0060680104
   0.0054917083
   0.0050122630
   0.0047816687
   0.0054190462
   0.0073171543
   0.0096743993
   0.0119161962
   0.0143191714
   0.0161699079
   0.0168114064
   0.0167269532
   0.0165057259
   0.0154827043
   0.0130824979
   0.0097270597
   0.0056942749
   0.0015807033
  -0.0020191417
  -0.0046960981
  -0.0056919732
  -0.0052831673
  -0.0044495121
  -0.0038081196
  -0.0041075352
  -0.0056236859
  -0.0078411620
  -0.0095635205
  -0.0093445898
  -0.0058542537
   0.0006626075
   0.0066914366
   0.0096450420
   0.0097104633
   0.0083475165
   0.0073136115
   0.0079003171
   0.0090482687
   0.0092284928
   0.0073212488
   0.0039362488
   0.0013460978
   0.0003787618
  -0.0001809756
  -0.0006591830
  -0.0004573128
   0.0002677795
   0.0004807848
  -0.0003569367
  -0.0018578485
  -0.0038212983
  -0.0060298783
  -0.0081230734
  -0.0095761954
  -0.0097629053
  -0.0096432719
  -0.0102019295
  -0.0110581039
  -0.0114485420
  -0.0111245252
  -0.0107712572
  -0.0107265029
  -0.0111427276
  -0.0125438078
  -0.0138475388
  -0.0139125485
  -0.0122771760
  -0.0093205290
  -0.0054385037
  -0.0006424393
   0.0041362334
   0.0078978917
   0.0099080136
   0.0103157350
   0.0095535840
   0.0078762008
   0.0057903374
   0.0041693418
   0.0030823168
   0.0026794917
   0.0034899055
   0.0051656411
   0.0074974579
   0.0096629301
   0.0108343288
   0.0106970055
   0.0093561764
   0.0070483395
   0.0048982657
   0.0038540859
   0.0043042321
   0.0054797834
   0.0065598163
   0.0064094873
   0.0055340183
   0.0044194857
   0.0031328486
   0.0022344829
   0.0016126034
   0.0000385144
  -0.0012012038
   0.0003102905
   0.0043543611
   0.0090386946
   0.0124069882
   0.0135289422
   0.0128455895
   0.0119706596
   0.0117033006
   0.0112422799
   0.0103468901
   0.0095193318
   0.0085335977
   0.0060977767
   0.0011704799
  -0.0052162285
  -0.0101923416
  -0.0121817940
  -0.0115484655
  -0.0096008382
  -0.0072147549
  -0.0046920301
  -0.0022218761
   0.0003475966
   0.0025771680
   0.0036083446
   0.0032964131
   0.0016146197
  -0.0014275247
  -0.0052463723
  -0.0078315400
  -0.0084964579
  -0.0079692168
  -0.0071801959
  -0.0068251312
  -0.0062070962
  -0.0045292888
  -0.0017218762
   0.0016448620
   0.0058725370
   0.0102947549
   0.0127956423
   0.0118819856
   0.0075232421
   0.0016527227
  -0.0033857878
  -0.0068489218
  -0.0091188463
  -0.0106880981
  -0.0124105689
  -0.0133494428
  -0.0120038702
  -0.0088497537
  -0.0055746339
  -0.0039774364
  -0.0039676035
  -0.0044276179
  -0.0055444231
  -0.0074278753
  -0.0098913793
  -0.0125750248
  -0.0143770728
  -0.0160534864
  -0.0169428020
  -0.0155854900
  -0.0126177665
  -0.0098825943
  -0.0086728590
  -0.0084360806
  -0.0075900699
  -0.0054503188
  -0.0027012028
  -0.0009614615
  -0.0008112167
  -0.0017525313
  -0.0027308050
  -0.0020826754
   0.0005200561
   0.0038674830
   0.0065281018
   0.0081843307
   0.0097329963
   0.0124644818
   0.0156608780
   0.0179794467
   0.0186615495
   0.0184157652
   0.0174765908
   0.0151970986
   0.0110594006
   0.0058674046
   0.0007340529
  -0.0040895790
  -0.0085551661
  -0.0127945438
  -0.0164756894
  -0.0191559209
  -0.0205762477
  -0.0221857199
  -0.0247629510
  -0.0257039309
  -0.0225951583
  -0.0159677327
  -0.0077140668
  -0.0010666203
   0.0024290990
   0.0036592930
   0.0047156578
   0.0069464275
   0.0101333140
   0.0130454415
   0.0145334672
   0.0145710034
   0.0135928156
   0.0118351734
   0.0105147398
   0.0103534643
   0.0119739878
   0.0149581827
   0.0185517439
   0.0220770253
   0.0248756858
   0.0266147228
   0.0268397126
   0.0254890670
   0.0231318510
   0.0199728661
   0.0166798468
   0.0136922302
   0.0110537531
   0.0086671497
   0.0065593125
   0.0053156090
   0.0040021057
   0.0014465718
  -0.0031762973
  -0.0080944863
  -0.0120263578
  -0.0145892854
  -0.0166716401
  -0.0188770195
  -0.0209496777
  -0.0221105844
  -0.0217240363
  -0.0197305286
  -0.0170291996
  -0.0144010742
  -0.0116492273
  -0.0087339585
  -0.0063365070
  -0.0046402812
  -0.0039518908
  -0.0048641005
  -0.0066871514
  -0.0074231747
  -0.0060151138
  -0.0029636770
   0.0007157213
   0.0038847083
   0.0058868154
   0.0062030484
   0.0054747988
   0.0038300416
   0.0003685592
  -0.0052255538
  -0.0113317051
  -0.0158377891
  -0.0183555407
  -0.0198948519
  -0.0211817252
  -0.0217522295
  -0.0208033838
  -0.0179485138
  -0.0135075417
  -0.0086779636
  -0.0033776228
   0.0023721761
   0.0077734025
   0.0131260565
   0.0174322115
   0.0188438392
   0.0167299455
   0.0126267232
   0.0088830855
   0.0068269531
   0.0064887387
   0.0069841354
   0.0077946086
   0.0088133071
   0.0106119677
   0.0139280402
   0.0192896143
   0.0251935249
   0.0297639986
   0.0321206338
   0.0324671963
   0.0315869207
   0.0299806428
   0.0271888002
   0.0230525365
   0.0192087468
   0.0164821159
   0.0138610988
   0.0106019492
   0.0067084661
   0.0021729491
  -0.0035915916
  -0.0099712772
  -0.0147915868
  -0.0168101439
  -0.0167952961
  -0.0157839911
  -0.0146015954
  -0.0139321309
  -0.0129936509
  -0.0107794967
  -0.0068509356
  -0.0023523361
   0.0011766293
   0.0027753168
   0.0022191338
  -0.0002581702
  -0.0039421741
  -0.0077315685
  -0.0106988728
  -0.0123692627
  -0.0128190882
  -0.0118957767
  -0.0109858269
  -0.0114466633
  -0.0136920156
  -0.0175181546
  -0.0217773673
  -0.0254380718
  -0.0274943671
  -0.0284883244
  -0.0291794167
  -0.0292980350
  -0.0288444319
  -0.0278544265
  -0.0259415843
  -0.0229056997
  -0.0197174231
  -0.0166337883
  -0.0134961912
  -0.0100484971
  -0.0065867305
  -0.0043792224
  -0.0028386978
  -0.0012499422
   0.0022160191
   0.0080308175
   0.0147786959
   0.0210923732
   0.0260441301
   0.0301421254
   0.0337429968
   0.0367728968
   0.0381273553
   0.0367576702
   0.0327080313
   0.0262049687
   0.0181970378
   0.0096263711
   0.0015128238
  -0.0042405305
  -0.0078770114
  -0.0102155703
  -0.0120493543
  -0.0132522376
  -0.0136658552
  -0.0139580010
  -0.0148435415
  -0.0161354776
  -0.0174213787
  -0.0191287252
  -0.0213522351
  -0.0234130630
  -0.0242944370
  -0.0242943613
  -0.0241535217
  -0.0241812351
  -0.0247471816
  -0.0269448719
  -0.0314736052
  -0.0374701504
  -0.0433134071
  -0.0486095044
  -0.0534984864
  -0.0569087226
  -0.0579547103
  -0.0565934465
  -0.0533847163
  -0.0497607146
  -0.0470324550
  -0.0453315349
  -0.0441187240
  -0.0427596823
  -0.0411925819
  -0.0404092590
  -0.0409677816
  -0.0425453739
  -0.0441184083
  -0.0458092531
  -0.0471098126
  -0.0476069364
  -0.0473812396
  -0.0460786221
  -0.0437738281
  -0.0411085832
  -0.0376128711
  -0.0324314025
  -0.0270516474
  -0.0224988874
  -0.0186092918
  -0.0145237075
  -0.0106648908
  -0.0073667619
  -0.0043942217
  -0.0013681448
   0.0018027601
   0.0049710250
   0.0080912036
   0.0118355143
   0.0169518420
   0.0226724149
   0.0285874360
   0.0345145273
   0.0398343483
   0.0442573035
   0.0477790624
   0.0509383757
   0.0541389497
   0.0579637629
   0.0626123897
   0.0676099400
   0.0727722934
   0.0776448367
   0.0814588550
   0.0836263700
   0.0840931417
   0.0832764112
   0.0815253293
   0.0793807678
   0.0762467059
   0.0715345593
   0.0653296019
   0.0586042262
   0.0520423532
   0.0461620779
   0.0422895522
   0.0402934436
   0.0383527365
   0.0353452723
   0.0315296127
   0.0271617307
   0.0222022595
   0.0164146947
   0.0110856077
   0.0059264272
   0.0006801336
  -0.0030227993
  -0.0049027086
  -0.0055072645
  -0.0045654664
  -0.0017872217
   0.0010638090
   0.0028636487
   0.0034924155
   0.0037416971
   0.0041403885
   0.0045543520
   0.0046302236
   0.0043709071
   0.0034569803
   0.0016588134
  -0.0005724173
  -0.0022444774
  -0.0027857495
  -0.0023438946
  -0.0005850554
   0.0016768290
   0.0032893187
   0.0042407754
   0.0047170138
   0.0052364914
   0.0070155392
   0.0100408258
   0.0131159307
   0.0151416213
   0.0161854248
   0.0169581043
   0.0173936779
   0.0174033366
   0.0166234604
   0.0148351201
   0.0123585536
   0.0098514632
   0.0071606942
   0.0047340635
   0.0031709781
   0.0023948531
   0.0013002236
  -0.0006546564
  -0.0027264390
  -0.0043732555
  -0.0052503153
  -0.0059545648
  -0.0065669864
  -0.0068250277
  -0.0064760057
  -0.0052798379
  -0.0039322781
  -0.0036820546
  -0.0046259409
  -0.0059188455
  -0.0069985804
  -0.0082905241
  -0.0104888786
  -0.0129196265
  -0.0145318637
  -0.0149630941
  -0.0147644163
  -0.0140650163
  -0.0133946554
  -0.0131751326
  -0.0136676228
  -0.0156075850
  -0.0188559598
  -0.0227640648
  -0.0267102740
  -0.0302158720
  -0.0332107357
  -0.0360383216
  -0.0393860228
  -0.0426452178
  -0.0448416582
  -0.0455378639
  -0.0452822569
  -0.0451616563
  -0.0455776853
  -0.0460208217
  -0.0458847168
  -0.0448130358
  -0.0435032343
  -0.0421205952
  -0.0401035027
  -0.0368744704
  -0.0323897629
  -0.0274827894
  -0.0225607407
  -0.0169954006
  -0.0111995407
  -0.0047285979
   0.0028373266
   0.0115909585
   0.0204043742
   0.0286597560
   0.0365664541
   0.0437390190
   0.0500336189
   0.0555995145
   0.0605053897
   0.0635824844
   0.0643956040
   0.0636474688
   0.0626579558
   0.0618371220
   0.0604735982
   0.0584174291
   0.0561396919
   0.0546752005
   0.0546283845
   0.0560832425
   0.0578214083
   0.0595566828
   0.0609989404
   0.0628443110
   0.0654302539
   0.0682800105
   0.0712950879
   0.0735573460
   0.0743077159
   0.0741670784
   0.0733709025
   0.0706550413
   0.0653578960
   0.0585226895
   0.0511021182
   0.0440330587
   0.0374979774
   0.0311072329
   0.0245813558
   0.0179944208
   0.0116209634
   0.0062860144
   0.0018037828
  -0.0024846950
  -0.0068847283
  -0.0113804466
  -0.0149555061
  -0.0169861712
  -0.0178263855
  -0.0185188287
  -0.0190416206
  -0.0197487727
  -0.0209862164
  -0.0225544405
  -0.0235415925
  -0.0238050275
  -0.0238308218
  -0.0239324585
  -0.0242988434
  -0.0258533686
  -0.0288193320
  -0.0325418646
  -0.0371825625
  -0.0420721000
  -0.0471055577
  -0.0517993466
  -0.0554168334
  -0.0572573431
  -0.0575663063
  -0.0572310943
  -0.0563128911
  -0.0548540686
  -0.0527261226
  -0.0502503893
  -0.0478757499
  -0.0458668894
  -0.0440662137
  -0.0417533392
  -0.0387249922
  -0.0353740210
  -0.0320468871
  -0.0284416346
  -0.0243246503
  -0.0195143768
  -0.0145775309
  -0.0096479888
  -0.0051127635
  -0.0025039050
  -0.0016190210
  -0.0011153577
  -0.0008453508
  -0.0013599823
  -0.0025749964
  -0.0044363018
  -0.0068240290
  -0.0107440930
  -0.0154809998
  -0.0195996002
  -0.0234399936
  -0.0271661371
  -0.0301135534
  -0.0313746955
  -0.0313907301
  -0.0310854663
  -0.0303314223
  -0.0289758148
  -0.0269261985
  -0.0240911382
  -0.0208638987
  -0.0177705673
  -0.0149671722
  -0.0117724666
  -0.0083704068
  -0.0055012521
  -0.0033498437
  -0.0019950607
  -0.0016529753
  -0.0022480315
  -0.0037065447
  -0.0055678779
  -0.0070455783
  -0.0080047379
  -0.0088375535
  -0.0097603436
  -0.0109251580
  -0.0122171093
  -0.0134463450
  -0.0145214602
  -0.0150530269
  -0.0150321440
  -0.0142136838
  -0.0124625173
  -0.0103097756
  -0.0077659167
  -0.0048829103
  -0.0026994251
  -0.0014265979
  -0.0009212863
  -0.0008471876
  -0.0008708100
  -0.0007202997
   0.0005135270
   0.0036200360
   0.0082327944
   0.0132644972
   0.0182622369
   0.0239552984
   0.0305813857
   0.0365931448
   0.0404015447
   0.0415585501
   0.0413917143
   0.0412463421
   0.0414007290
   0.0415581335
   0.0414360809
   0.0402906912
   0.0382584731
   0.0354534240
   0.0312617840
   0.0262085797
   0.0225226490
   0.0212986643
   0.0218692065
   0.0231955603
   0.0245809896
   0.0258249229
   0.0275285196
   0.0296760228
   0.0313683195
   0.0318625647
   0.0315529450
   0.0302866011
   0.0278800819
   0.0238670827
   0.0181715844
   0.0115630494
   0.0049438545
  -0.0011410054
  -0.0073184737
  -0.0138927262
  -0.0204663158
  -0.0260831056
  -0.0294810822
  -0.0304282108
  -0.0294229157
  -0.0279138430
  -0.0262683497
  -0.0246801139
  -0.0227316041
  -0.0199928652
  -0.0169670938
  -0.0146350409
  -0.0129242475
  -0.0111332634
  -0.0088496451
  -0.0054719289
  -0.0020477439
  -0.0006924360
  -0.0019813909
  -0.0039951363
  -0.0058300490
  -0.0076572689
  -0.0101875994
  -0.0133986704
  -0.0167745016
  -0.0200240127
  -0.0230723462
  -0.0258619793
  -0.0285441552
  -0.0307215687
  -0.0316556297
  -0.0321842041
  -0.0333223720
  -0.0350140374
  -0.0367780985
  -0.0385443313
  -0.0404770337
  -0.0421259359
  -0.0428224194
  -0.0427787218
  -0.0424099760
  -0.0415922607
  -0.0404684103
  -0.0393311389
  -0.0382910726
  -0.0378058043
  -0.0383167280
  -0.0392303606
  -0.0402168309
  -0.0409344876
  -0.0403852702
  -0.0385410107
  -0.0359484015
  -0.0327125008
  -0.0287632866
  -0.0241776620
  -0.0185642686
  -0.0119620136
  -0.0047391807
   0.0020983426
   0.0078093301
   0.0123348552
   0.0158279664
   0.0177238144
   0.0174851005
   0.0163050911
   0.0145107788
   0.0125304410
   0.0106973691
   0.0095863477
   0.0096031310
   0.0113084524
   0.0151465201
   0.0208869659
   0.0271663517
   0.0323312429
   0.0356032404
   0.0373801797
   0.0374497978
   0.0359011183
   0.0346294969
   0.0335770448
   0.0314366624
   0.0282097891
   0.0245207525
   0.0204691692
   0.0165562160
   0.0135321113
   0.0118841775
   0.0110425137
   0.0107352159
   0.0107754602
   0.0110969077
   0.0109765496
   0.0100029563
   0.0081689514
   0.0063847094
   0.0056994602
   0.0061856010
   0.0075075029
   0.0091599075
   0.0104305542
   0.0108371430
   0.0103631305
   0.0090895181
   0.0074427963
   0.0057177978
   0.0037754342
   0.0024081492
   0.0023246631
   0.0032297659
   0.0048999878
   0.0061264699
   0.0065842116
   0.0055114663
   0.0035348202
   0.0024698686
   0.0023549471
   0.0018544977
   0.0006586932
  -0.0005400839
  -0.0010279061
  -0.0010110368
  -0.0011789428
  -0.0022782498
  -0.0045207866
  -0.0076834280
  -0.0113150443
  -0.0153384432
  -0.0185051172
  -0.0200284317
  -0.0201678319
  -0.0189741615
  -0.0170723920
  -0.0150367650
  -0.0136422830
  -0.0139478247
  -0.0154628820
  -0.0166968157
  -0.0173002352
  -0.0172997680
  -0.0163234867
  -0.0133876355
  -0.0084693241
  -0.0026474603
   0.0035591019
   0.0099624771
   0.0168758480
   0.0241547969
   0.0310723734
   0.0370741835
   0.0421644190
   0.0464497669
   0.0500359041
   0.0531428208
   0.0559508874
   0.0587655194
   0.0606383255
   0.0611201344
   0.0608009444
   0.0595110410
   0.0577981644
   0.0556096908
   0.0525264599
   0.0482012528
   0.0432285120
   0.0381338070
   0.0323313691
   0.0262399166
   0.0208187493
   0.0162113706
   0.0119759624
   0.0081640387
   0.0053795506
   0.0035492677
   0.0028787616
   0.0034098284
   0.0042870208
   0.0041473352
   0.0030696620
   0.0012574169
  -0.0014555335
  -0.0056069695
  -0.0103920774
  -0.0149214293
  -0.0186142158
  -0.0212377327
  -0.0227760213
  -0.0227852759
  -0.0221049407
  -0.0216316163
  -0.0217109309
  -0.0222396568
  -0.0226508628
  -0.0224962865
  -0.0208869027
  -0.0172014897
  -0.0118330851
  -0.0050835779
   0.0025867421
   0.0102681677
   0.0162725926
   0.0200501731
   0.0220502210
   0.0234222671
   0.0249135755
   0.0262818844
   0.0270438321
   0.0273757488
   0.0281119274
   0.0298035170
   0.0317055769
   0.0332702153
   0.0344432048
   0.0350550330
   0.0365630578
   0.0399431186
   0.0440637770
   0.0476998741
   0.0508835928
   0.0543430313
   0.0580297574
   0.0618146987
   0.0649851731
   0.0670192093
   0.0671540643
   0.0654628281
   0.0627034840
   0.0583937055
   0.0522777844
   0.0455417779
   0.0395609138
   0.0336213609
   0.0265885371
   0.0182323897
   0.0093879590
  -0.0001647209
  -0.0093784910
  -0.0170399693
  -0.0244580281
  -0.0324418313
  -0.0411043157
  -0.0499271212
  -0.0594378877
  -0.0687168214
  -0.0761934508
  -0.0813021576
  -0.0842422510
  -0.0852026745
  -0.0845074789
  -0.0830121934
  -0.0810434573
  -0.0788578876
  -0.0764020650
  -0.0729619059
  -0.0686617482
  -0.0632284728
  -0.0569914840
  -0.0502574092
  -0.0424564512
  -0.0347960549
  -0.0280802622
  -0.0220608139
  -0.0171499011
  -0.0133655027
  -0.0095961389
  -0.0059768845
  -0.0040076181
  -0.0048548080
  -0.0072618512
  -0.0099731016
  -0.0121023405
  -0.0132552299
  -0.0139473701
  -0.0148054371
  -0.0159191743
  -0.0167508284
  -0.0177199004
  -0.0197361975
  -0.0233635450
  -0.0274003310
  -0.0310016064
  -0.0342145915
  -0.0376289941
  -0.0408619909
  -0.0438823332
  -0.0469576604
  -0.0499639377
  -0.0522678353
  -0.0538809059
  -0.0550281769
  -0.0560643292
  -0.0568437634
  -0.0572209306
  -0.0568119340
  -0.0550912927
  -0.0519711822
  -0.0477081060
  -0.0429496232
  -0.0381700933
  -0.0336485188
  -0.0293581712
  -0.0249101539
  -0.0205552385
  -0.0164016019
  -0.0128224845
  -0.0096926509
  -0.0061689275
  -0.0021215347
   0.0023178124
   0.0069502909
   0.0116415584
   0.0161545045
   0.0201791067
   0.0233435207
   0.0266148112
   0.0305642652
   0.0349299251
   0.0392826310
   0.0434789046
   0.0476937254
   0.0517898268
   0.0550736420
   0.0572336068
   0.0584623766
   0.0587846347
   0.0591039635
   0.0590327420
   0.0583985032
   0.0578987406
   0.0572636433
   0.0560146976
   0.0540787125
   0.0513009980
   0.0472574952
   0.0421169843
   0.0363216673
   0.0300362463
   0.0229217849
   0.0157721608
   0.0103394940
   0.0071859532
   0.0058301222
   0.0058926484
   0.0064655756
   0.0068047420
   0.0073081484
   0.0073323140
   0.0068776301
   0.0061507907
   0.0046433795
   0.0029258542
   0.0010715168
  -0.0004759052
  -0.0019132020
  -0.0031075176
  -0.0036419693
  -0.0038464613
  -0.0045946217
  -0.0057470200
  -0.0066750951
  -0.0073395043
  -0.0081918998
  -0.0103798267
  -0.0137039090
  -0.0161459696
  -0.0172555024
  -0.0179050688
  -0.0183708052
  -0.0188157975
  -0.0196928914
  -0.0208003915
  -0.0216670566
  -0.0227257205
  -0.0239413470
  -0.0251902548
  -0.0259263956
  -0.0262296646
  -0.0269003411
  -0.0277532821
  -0.0283048605
  -0.0279599772
  -0.0267224073
  -0.0250535439
  -0.0229298779
  -0.0200827222
  -0.0172155926
  -0.0148237444
  -0.0127499120
  -0.0102037009
  -0.0070170669
  -0.0034544766
   0.0007356341
   0.0055057355
   0.0104886311
   0.0158795170
   0.0219847063
   0.0283731024
   0.0337750913
   0.0378734527
   0.0410058606
   0.0427016673
   0.0427280045
   0.0413625616
   0.0386861809
   0.0352582435
   0.0313870687
   0.0265970973
   0.0208752871
   0.0145115490
   0.0068953503
  -0.0012806122
  -0.0093634993
  -0.0171421868
  -0.0242351594
  -0.0300932513
  -0.0335982054
  -0.0345843474
  -0.0339691734
  -0.0329594466
  -0.0318686882
  -0.0307716169
  -0.0302490902
  -0.0303557268
  -0.0306517234
  -0.0308458812
  -0.0307159503
  -0.0296075664
  -0.0281429361
  -0.0262248668
  -0.0228232666
  -0.0173856227
  -0.0105816155
  -0.0034164051
   0.0036839750
   0.0098594439
   0.0147431420
   0.0183964858
   0.0215207249
   0.0246353432
   0.0276384767
   0.0301049048
   0.0324061511
   0.0345286302
   0.0362037055
   0.0378481635
   0.0395837537
   0.0414785033
   0.0434254475
   0.0454721851
   0.0476272133
   0.0498453572
   0.0515374772
   0.0521171604
   0.0520231874
   0.0510855912
   0.0486063101
   0.0448242095
   0.0399595446
   0.0343746726
   0.0286296942
   0.0225662455
   0.0162851551
   0.0104269925
   0.0051441042
   0.0013013120
  -0.0008801606
  -0.0023121157
  -0.0036971070
  -0.0049653232
  -0.0059346490
  -0.0062513265
  -0.0061903520
  -0.0061145209
  -0.0061082952
  -0.0060001511
  -0.0050335903
  -0.0045778219
  -0.0054894774
  -0.0073773296
  -0.0095553946
  -0.0115981930
  -0.0130589636
  -0.0143921858
  -0.0159456756
  -0.0176756727
  -0.0191664002
  -0.0207513660
  -0.0227840133
  -0.0255138133
  -0.0287843841
  -0.0322286339
  -0.0356111820
  -0.0385783196
  -0.0407811613
  -0.0424034106
  -0.0433365247
  -0.0436610302
  -0.0437603565
  -0.0437852922
  -0.0429123016
  -0.0410723854
  -0.0381254109
  -0.0339280389
  -0.0290088562
  -0.0233905261
  -0.0171797861
  -0.0111278179
  -0.0056084013
  -0.0005165477
   0.0047996830
   0.0102304093
   0.0154052205
   0.0201354597
   0.0234279866
   0.0263275515
   0.0289661435
   0.0312418354
   0.0324459473
   0.0330315140
   0.0343253567
   0.0355786456
   0.0360117319
   0.0358574460
   0.0354141202
   0.0346175024
   0.0337773766
   0.0330513490
   0.0315960491
   0.0289892486
   0.0262693092
   0.0239628991
   0.0217485049
   0.0184123942
   0.0144307572
   0.0108110495
   0.0076382672
   0.0042244554
  -0.0001146633
  -0.0054401476
  -0.0118155038
  -0.0182331346
  -0.0242603224
  -0.0295261181
  -0.0340783729
  -0.0373794474
  -0.0393923987
  -0.0407370345
  -0.0414369774
  -0.0416043940
  -0.0415546235
  -0.0414611682
  -0.0405795164
  -0.0387505971
  -0.0358650845
  -0.0319823699
  -0.0276655336
  -0.0234483644
  -0.0194279287
  -0.0158497709
  -0.0120984871
  -0.0083362354
  -0.0050086697
  -0.0024415884
  -0.0009249348
   0.0008541999
   0.0035964714
   0.0064474616
   0.0077996740
   0.0073025678
   0.0054274524
   0.0035928390
   0.0018133329
   0.0002896290
  -0.0008966152
  -0.0013813715
  -0.0003187772
   0.0023729286
   0.0055160292
   0.0089046022
   0.0133877618
   0.0185787124
   0.0236607032
   0.0278347304
   0.0310387638
   0.0338299752
   0.0362765052
   0.0382429435
   0.0393727910
   0.0407132224
   0.0420816197
   0.0430214254
   0.0435674738
   0.0442813428
   0.0447062225
   0.0445395129
   0.0434749149
   0.0426253829
   0.0423142733
   0.0413205685
   0.0399473735
   0.0392242372
   0.0387675913
   0.0379399775
   0.0367125460
   0.0357245354
   0.0343701905
   0.0323544994
   0.0295187573
   0.0260418827
   0.0218929049
   0.0177028684
   0.0134447668
   0.0093449092
   0.0049672196
   0.0005185843
  -0.0038534458
  -0.0090076367
  -0.0158722194
  -0.0241992141
  -0.0320848905
  -0.0387261159
  -0.0442150201
  -0.0485905280
  -0.0509429083
  -0.0512804055
  -0.0498007633
  -0.0471314151
  -0.0445627568
  -0.0415504949
  -0.0372280276
  -0.0318885610
  -0.0267480627
  -0.0223158528
  -0.0183827491
  -0.0149785353
  -0.0118284212
  -0.0086433060
  -0.0050076243
  -0.0012205785
   0.0020216756
   0.0046928773
   0.0071392849
   0.0090670898
   0.0099607410
   0.0099535065
   0.0090448522
   0.0075437159
   0.0058972783
   0.0044099785
   0.0036064671
   0.0034785247
   0.0032072858
   0.0023849685
   0.0010978496
  -0.0008291399
  -0.0032272571
  -0.0056102257
  -0.0076736317
  -0.0094652131
  -0.0114083115
  -0.0135946084
  -0.0158124494
  -0.0184944233
  -0.0221353055
  -0.0253784533
  -0.0274127547
  -0.0285692298
  -0.0296288280
  -0.0308527117
  -0.0321167324
  -0.0336788836
  -0.0357306588
  -0.0380038003
  -0.0397250351
  -0.0408194802
  -0.0411826708
  -0.0407864641
  -0.0408261845
  -0.0407129068
  -0.0393446736
  -0.0369943261
  -0.0344423842
  -0.0311025993
  -0.0273046535
  -0.0231327222
  -0.0185844065
  -0.0138301911
  -0.0086559090
  -0.0031045960
   0.0021107082
   0.0068182124
   0.0108502397
   0.0144301259
   0.0174034628
   0.0203456774
   0.0241178920
   0.0286146949
   0.0335660352
   0.0381741840
   0.0421262389
   0.0458188991
   0.0492544119
   0.0519730003
   0.0540583094
   0.0555729122
   0.0572270793
   0.0583987558
   0.0583383166
   0.0568021491
   0.0550310681
   0.0531650672
   0.0504660992
   0.0464863814
   0.0409285914
   0.0350622676
   0.0298898262
   0.0250907518
   0.0199533215
   0.0148770753
   0.0107293361
   0.0079427104
   0.0063817600
   0.0047516208
   0.0024958750
  -0.0005934399
  -0.0041891527
  -0.0078977263
  -0.0127707444
  -0.0180444437
  -0.0224303426
  -0.0255038012
  -0.0279103961
  -0.0299337889
  -0.0317383280
  -0.0334832864
  -0.0356171539
  -0.0385644314
  -0.0416452633
  -0.0446167947
  -0.0476170496
  -0.0503341481
  -0.0527395310
  -0.0546119458
  -0.0560449614
  -0.0569942490
  -0.0579553542
  -0.0587412907
  -0.0591078523
  -0.0591849195
  -0.0589885648
  -0.0586629861
  -0.0581115214
  -0.0571027794
  -0.0553752065
  -0.0532180825
  -0.0502703505
  -0.0464597159
  -0.0426953166
  -0.0392810654
  -0.0354836878
  -0.0314626082
  -0.0272883916
  -0.0233817639
  -0.0198149187
  -0.0151589059
  -0.0092398622
  -0.0039855345
  -0.0003688508
   0.0022746515
   0.0048979286
   0.0076343924
   0.0100846685
   0.0122435815
   0.0140938786
   0.0157608608
   0.0176372022
   0.0193494222
   0.0203927838
   0.0214616367
   0.0226757354
   0.0241510723
   0.0256577462
   0.0272023223
   0.0287125819
   0.0302310228
   0.0316676115
   0.0328111579
   0.0333107059
   0.0329203196
   0.0320995994
   0.0314088733
   0.0311217146
   0.0310054699
   0.0308773444
   0.0307065189
   0.0301780076
   0.0288425886
   0.0268861246
   0.0242711552
   0.0209913803
   0.0174694952
   0.0141511740
   0.0116331523
   0.0100902124
   0.0089784852
   0.0082748645
   0.0083201591
   0.0087309397
   0.0086330767
   0.0077766700
   0.0063314504
   0.0049769995
   0.0034045736
   0.0013188794
  -0.0003679435
  -0.0014467801
  -0.0024572644
  -0.0041336174
  -0.0063015275
  -0.0084260028
  -0.0098398892
  -0.0106810239
  -0.0109563598
  -0.0109333432
  -0.0108775124
  -0.0104674894
  -0.0096944577
  -0.0092437699
  -0.0092318449
  -0.0087714050
  -0.0071315049
  -0.0046885580
  -0.0017509834
   0.0013683443
   0.0045060613
   0.0074686903
   0.0098162148
   0.0116219167
   0.0128702475
   0.0136041029
   0.0137342612
   0.0135360884
   0.0136002647
   0.0139466757
   0.0143784743
   0.0147538360
   0.0150317779
   0.0153473569
   0.0158851986
   0.0160965905
   0.0150664732
   0.0135303816
   0.0119933265
   0.0103933867
   0.0086952128
   0.0071768172
   0.0064536721
   0.0064330102
   0.0070554907
   0.0083343567
   0.0094523008
   0.0098224847
   0.0097111728
   0.0096294165
   0.0096886840
   0.0099842122
   0.0108259971
   0.0119759473
   0.0130969543
   0.0143835877
   0.0160047386
   0.0180382950
   0.0195670386
   0.0205206442
   0.0216732937
   0.0229849890
   0.0241860455
   0.0246834218
   0.0241467796
   0.0238488007
   0.0242433409
   0.0246258739
   0.0246378810
   0.0244582301
   0.0248448791
   0.0255653893
   0.0264011214
   0.0272490879
   0.0281015238
   0.0284925287
   0.0283884552
   0.0280751109
   0.0272727484
   0.0261012235
   0.0248372280
   0.0235747728
   0.0222833417
   0.0204554577
   0.0180539509
   0.0149177931
   0.0115177712
   0.0091200949
   0.0083609944
   0.0085059651
   0.0092498365
   0.0107965047
   0.0124711419
   0.0134125839
   0.0137289079
   0.0137089214
   0.0134206770
   0.0130407448
   0.0124645222
   0.0110319183
   0.0097044244
   0.0086795986
   0.0071081726
   0.0047121441
   0.0021543439
  -0.0007170167
  -0.0039747547
  -0.0073133350
  -0.0100539767
  -0.0117467405
  -0.0133362237
  -0.0147068053
  -0.0156542748
  -0.0170731875
  -0.0190203842
  -0.0205170332
  -0.0213334354
  -0.0219720175
  -0.0224594827
  -0.0232138170
  -0.0238695321
  -0.0240744849
  -0.0240018872
  -0.0239472306
  -0.0241743667
  -0.0250144926
  -0.0262298161
  -0.0277450123
  -0.0293932201
  -0.0307979036
  -0.0319965106
  -0.0326899513
  -0.0328890837
  -0.0324903897
  -0.0318160138
  -0.0311364993
  -0.0305100253
  -0.0303192133
  -0.0304664667
  -0.0306999535
  -0.0307350403
  -0.0301500038
  -0.0296221112
  -0.0294539496
  -0.0289723933
  -0.0284857866
  -0.0283772815
  -0.0281280125
  -0.0275466248
  -0.0270423044
  -0.0261934289
  -0.0248337306
  -0.0231788312
  -0.0216320582
  -0.0202205442
  -0.0186467017
  -0.0172232564
  -0.0157994323
  -0.0142530633
  -0.0126042899
  -0.0109533562
  -0.0093613251
  -0.0083047116
  -0.0085225944
  -0.0094073331
  -0.0098687275
  -0.0098033138
  -0.0094262262
  -0.0086001666
  -0.0079455057
  -0.0072567871
  -0.0060029969
  -0.0041003954
  -0.0015938946
   0.0008512788
   0.0032928400
   0.0053930323
   0.0067918802
   0.0077905545
   0.0083354173
   0.0087482949
   0.0087275093
   0.0084573170
   0.0083327608
   0.0088351130
   0.0098301346
   0.0109738489
   0.0120156740
   0.0127390413
   0.0131553734
   0.0140345505
   0.0152734461
   0.0161550222
   0.0169066925
   0.0178054016
   0.0185083999
   0.0186333437
   0.0181502723
   0.0168567453
   0.0145302350
   0.0119218487
   0.0098446857
   0.0081653657
   0.0064915441
   0.0047187789
   0.0031168026
   0.0018155853
   0.0009322593
   0.0005977953
   0.0002862794
  -0.0005461636
  -0.0010007642
  -0.0005074367
  -0.0004927297
  -0.0011312332
  -0.0013736900
  -0.0006613950
   0.0000460222
   0.0001718042
  -0.0000017017
  -0.0000973960
   0.0000226650
   0.0008175863
   0.0025987176
   0.0051364644
   0.0075987614
   0.0096474497
   0.0110308362
   0.0116070120
   0.0119781037
   0.0125113711
   0.0129694601
   0.0127830797
   0.0121947340
   0.0116987970
   0.0115029953
   0.0108563227
   0.0094978088
   0.0081011918
   0.0067298010
   0.0054652967
   0.0042520413
   0.0031183416
   0.0021267618
   0.0017284996
   0.0022938426
   0.0031192305
   0.0039631933
   0.0041861718
   0.0034591910
   0.0030937102
   0.0037654927
   0.0050212891
   0.0063703843
   0.0074131335
   0.0085372149
   0.0096186392
   0.0100495653
   0.0098936014
   0.0096184308
   0.0098526853
   0.0105487294
   0.0105310585
   0.0095207838
   0.0081063317
   0.0072362148
   0.0070663324
   0.0070938033
   0.0070009414
   0.0068709322
   0.0067926655
   0.0063633012
   0.0055231476
   0.0045728133
   0.0035636282
   0.0024677223
   0.0013043990
  -0.0001091613
  -0.0012955736
  -0.0017248924
  -0.0019408952
  -0.0023190156
  -0.0024170263
  -0.0019225274
  -0.0014936845
  -0.0018453579
  -0.0028333079
  -0.0040156947
  -0.0051282249
  -0.0064439718
  -0.0077093675
  -0.0089991825
  -0.0104776783
  -0.0121265566
  -0.0139196441
  -0.0161859172
  -0.0186556912
  -0.0205409084
  -0.0220160433
  -0.0239135831
  -0.0252734834
  -0.0258441266
  -0.0266758943
  -0.0279653810
  -0.0298060801
  -0.0315181360
  -0.0330237745
  -0.0344524973
  -0.0360803904
  -0.0378484286
  -0.0388295961
  -0.0390045376
  -0.0389641985
  -0.0390818699
  -0.0389992601
  -0.0375120298
  -0.0345785269
  -0.0311963324
  -0.0280145454
  -0.0249812113
  -0.0219024752
  -0.0187559896
  -0.0158375745
  -0.0134607256
  -0.0114039986
  -0.0091055527
  -0.0066915754
  -0.0042195503
  -0.0018986724
   0.0005734851
   0.0032972842
   0.0057712878
   0.0079007818
   0.0099948253
   0.0121755935
   0.0141152034
   0.0157602169
   0.0173397662
   0.0189636570
   0.0205894668
   0.0216527770
   0.0227329929
   0.0242075597
   0.0259479476
   0.0276570365
   0.0290276938
   0.0301227449
   0.0308160593
   0.0309129362
   0.0302010873
   0.0297769905
   0.0306234418
   0.0317737935
   0.0323571508
   0.0323777938
   0.0327925476
   0.0334442730
   0.0337104225
   0.0336498950
   0.0340741181
   0.0347249092
   0.0350312084
   0.0351953928
   0.0349112012
   0.0338780538
   0.0322224347
   0.0305209844
   0.0291564632
   0.0274705172
   0.0255585461
   0.0233959804
   0.0208536846
   0.0179718713
   0.0147946169
   0.0114804951
   0.0078836146
   0.0044094874
   0.0013835734
  -0.0012427063
  -0.0032046256
  -0.0048575920
  -0.0064797568
  -0.0079686373
  -0.0094518223
  -0.0104851831
  -0.0113937743
  -0.0124461102
  -0.0135636629
  -0.0141422981
  -0.0145191623
  -0.0152322485
  -0.0154855703
  -0.0148650051
  -0.0142887561
  -0.0142403871
  -0.0146527042
  -0.0151846623
  -0.0160639783
  -0.0172563736
  -0.0184156137
  -0.0185457719
  -0.0178726713
  -0.0167706255
  -0.0154088314
  -0.0145005773
  -0.0143040458
  -0.0144181568
  -0.0144725988
  -0.0144277649
  -0.0143885748
  -0.0143949003
  -0.0144134474
  -0.0144781162
  -0.0153024852
  -0.0167918998
  -0.0176773645
  -0.0177226655
  -0.0175177253
  -0.0177411495
  -0.0186113624
  -0.0194958423
  -0.0203091891
  -0.0207415937
  -0.0208508311
  -0.0213945185
  -0.0224232217
  -0.0235707326
  -0.0240866308
  -0.0239938699
  -0.0232935104
  -0.0222668399
  -0.0211548072
  -0.0198192619
  -0.0181902831
  -0.0162200571
  -0.0143404836
  -0.0124804975
  -0.0112096513
  -0.0103610587
  -0.0097260863
  -0.0089457140
  -0.0081765748
  -0.0076389326
  -0.0064510750
  -0.0051329822
  -0.0041070820
  -0.0029705516
  -0.0018110867
  -0.0002309031
   0.0015193917
   0.0038706016
   0.0072032087
   0.0108219139
   0.0138406073
   0.0163496093
   0.0183568159
   0.0198217871
   0.0207781324
   0.0212995607
   0.0216663875
   0.0213846831
   0.0207099411
   0.0206593752
   0.0203700197
   0.0191827758
   0.0180711597
   0.0177794306
   0.0179786008
   0.0181020295
   0.0180539888
   0.0180121725
   0.0181269526
   0.0188170096
   0.0196526660
   0.0203185195
   0.0208289635
   0.0212332885
   0.0214015131
   0.0213259358
   0.0206728468
   0.0199158106
   0.0196247001
   0.0197654891
   0.0204495489
   0.0211266393
   0.0215667708
   0.0222214758
   0.0227029943
   0.0225048720
   0.0215787273
   0.0205979512
   0.0193789032
   0.0180686346
   0.0170900427
   0.0161399850
   0.0149825124
   0.0140154857
   0.0135963255
   0.0127576137
   0.0108917087
   0.0086991179
   0.0073518270
   0.0068047370
   0.0058637937
   0.0042262028
   0.0031605026
   0.0029759087
   0.0030527651
   0.0024892377
   0.0018681511
   0.0013840835
   0.0013272388
   0.0019503203
   0.0017629829
   0.0002455777
  -0.0009901384
  -0.0012086918
  -0.0009726259
  -0.0009192483
  -0.0010538373
  -0.0011804684
  -0.0012375183
  -0.0012542504
  -0.0009546929
  -0.0005944399
  -0.0007812035
  -0.0014017720
  -0.0025032977
  -0.0040247625
  -0.0059726928
  -0.0075162690
  -0.0081333255
  -0.0088518748
  -0.0100817772
  -0.0111142213
  -0.0124573269
  -0.0138014677
  -0.0148377210
  -0.0160679807
  -0.0177110372
  -0.0197714990
  -0.0220330753
  -0.0244870671
  -0.0267222179
  -0.0286628240
  -0.0302791393
  -0.0317127231
  -0.0331703082
  -0.0342084302
  -0.0350932384
  -0.0353821267
  -0.0350173580
  -0.0352871437
  -0.0359983739
  -0.0364497802
  -0.0362039454
  -0.0354459496
  -0.0349944171
  -0.0344148602
  -0.0333068929
  -0.0322796543
  -0.0308048730
  -0.0289817363
  -0.0278321421
  -0.0270350698
  -0.0256355123
  -0.0235949360
  -0.0213605175
  -0.0192410812
  -0.0175897043
  -0.0164023847
  -0.0156701453
  -0.0149183234
  -0.0143016596
  -0.0141095850
  -0.0141500251
  -0.0136856018
  -0.0126694864
  -0.0115321657
  -0.0109943796
  -0.0109434993
  -0.0105011621
  -0.0095135139
  -0.0083138375
  -0.0071564066
  -0.0057803657
  -0.0039187585
  -0.0020016601
  -0.0005066734
   0.0008922290
   0.0023731407
   0.0036402850
   0.0047201084
   0.0057849854
   0.0068614970
   0.0079170891
   0.0086799395
   0.0099857108
   0.0113361557
   0.0121015148
   0.0132715297
   0.0150326238
   0.0163907311
   0.0169349109
   0.0175023977
   0.0182318342
   0.0192012345
   0.0200110840
   0.0208620554
   0.0219180174
   0.0228729613
   0.0237392855
   0.0249535611
   0.0260103059
   0.0263715647
   0.0265464683
   0.0272840231
   0.0284919227
   0.0294251252
   0.0296587635
   0.0298084916
   0.0305103536
   0.0314108302
   0.0323388309
   0.0328506637
   0.0334388945
   0.0340916173
   0.0343303817
   0.0336660811
   0.0327133467
   0.0317533020
   0.0310059749
   0.0306915448
   0.0306541096
   0.0303759657
   0.0297734174
   0.0290740174
   0.0287052590
   0.0286362469
   0.0283156934
   0.0274854786
   0.0265383753
   0.0255807042
   0.0249922462
   0.0241520193
   0.0227646203
   0.0215819847
   0.0205069453
   0.0191084736
   0.0171015321
   0.0153220929
   0.0145431764
   0.0139063240
   0.0128663335
   0.0115894080
   0.0102637411
   0.0087308021
   0.0070932061
   0.0055490113
   0.0037119611
   0.0017846107
   0.0001674150
  -0.0007397170
  -0.0021747369
  -0.0043856084
  -0.0062998458
  -0.0072923637
  -0.0074797984
  -0.0076617005
  -0.0084647738
  -0.0093976505
  -0.0103462146
  -0.0109053950
  -0.0110344472
  -0.0110392046
  -0.0116084514
  -0.0124277865
  -0.0128026874
  -0.0130193316
  -0.0136958538
  -0.0145518881
  -0.0155485473
  -0.0166710088
  -0.0174571851
  -0.0176390834
  -0.0175155663
  -0.0174145356
  -0.0174395218
  -0.0174844692
  -0.0174706820
  -0.0174381203
  -0.0174281587
  -0.0174370345
  -0.0174645964
  -0.0173570634
  -0.0166762611
  -0.0159942214
  -0.0157704185
  -0.0159807498
  -0.0167615602
  -0.0174002054
  -0.0171005852
  -0.0166593932
  -0.0169713865
  -0.0178989579
  -0.0188614520
  -0.0196547871
  -0.0203282792
  -0.0206248692
  -0.0206285685
  -0.0204066721
  -0.0192031915
  -0.0177178172
  -0.0166330307
  -0.0157692822
  -0.0145590721
  -0.0128641998
  -0.0107866845
  -0.0088392933
  -0.0074791457
  -0.0059942107
  -0.0041910264
  -0.0024651012
  -0.0012538812
  -0.0003577756
   0.0000518845
   0.0000228410
  -0.0001330617
   0.0002041238
   0.0008534488
   0.0015960195
   0.0023806505
   0.0032355320
   0.0038582827
   0.0045192248
   0.0048861008
   0.0048347875
   0.0045986000
   0.0041856958
   0.0033159867
   0.0025690182
   0.0022797321
   0.0024524313
   0.0031740714
   0.0037035852
   0.0037613124
   0.0041336553
   0.0053638038
   0.0067559917
   0.0076078027
   0.0073506553
   0.0075823013
   0.0089194185
   0.0099496393
   0.0101090373
   0.0099312727
   0.0098848543
   0.0099720360
   0.0102381034
   0.0109878041
   0.0116238989
   0.0119780595
   0.0124288623
   0.0122400236
   0.0112523274
   0.0097283741
   0.0083995974
   0.0071981837
   0.0059656060
   0.0047636380
   0.0038903267
   0.0031781255
   0.0022992931
   0.0012122043
   0.0003747294
  -0.0004576110
  -0.0011255605
  -0.0019690695
  -0.0026143368
  -0.0032458068
  -0.0041424162
  -0.0052603540
  -0.0063304075
  -0.0072591418
  -0.0078154776
  -0.0085687690
  -0.0093041156
  -0.0096215898
  -0.0100461891
  -0.0109132671
  -0.0115422574
  -0.0117256720
  -0.0117550545
  -0.0119510002
  -0.0128186210
  -0.0137471520
  -0.0141677768
  -0.0142416244
  -0.0146216071
  -0.0155818791
  -0.0162876803
  -0.0159854466
  -0.0155637360
  -0.0152967279
  -0.0152758577
  -0.0153229010
  -0.0148366478
  -0.0141899475
  -0.0139727099
  -0.0138349510
  -0.0131558153
  -0.0117561808
  -0.0101086636
  -0.0092707775
  -0.0086573155
  -0.0074757355
  -0.0061431736
  -0.0047812344
  -0.0034998899
  -0.0020672632
  -0.0002654999
   0.0015396534
   0.0032245565
   0.0051568448
   0.0071186633
   0.0088709825
   0.0104904606
   0.0120579006
   0.0133214895
   0.0145901313
   0.0159133539
   0.0166196349
   0.0168891933
   0.0175107054
   0.0181210438
   0.0183227518
   0.0182324276
   0.0176952298
   0.0168992307
   0.0164699321
   0.0159975798
   0.0152960588
   0.0147270821
   0.0139595792
   0.0133683814
   0.0131940206
   0.0128247697
   0.0120814841
   0.0115019284
   0.0106360285
   0.0097615986
   0.0097194591
   0.0100642161
   0.0102327097
   0.0100581166
   0.0092901958
   0.0084590303
   0.0075657339
   0.0069453177
   0.0066639858
   0.0060332001
   0.0053655348
   0.0049623120
   0.0038405297
   0.0020088770
   0.0004295623
  -0.0006910033
  -0.0016373144
  -0.0029464795
  -0.0041322639
  -0.0045630132
  -0.0049126047
  -0.0055829037
  -0.0064770233
  -0.0073451177
  -0.0081284494
  -0.0088928275
  -0.0093081508
  -0.0092163633
  -0.0082677095
  -0.0068522853
  -0.0059646022
  -0.0051115754
  -0.0039238100
  -0.0031559977
  -0.0026616604
  -0.0019722158
  -0.0009933391
  -0.0003983283
   0.0000289393
   0.0006873836
   0.0016354899
   0.0021859889
   0.0021296455
   0.0018262919
   0.0013141813
   0.0006741687
  -0.0000027462
  -0.0008887164
  -0.0023765143
  -0.0036858587
  -0.0039117575
  -0.0038885237
  -0.0041160980
  -0.0043875667
  -0.0045092733
  -0.0047277217
  -0.0054962195
  -0.0062036179
  -0.0064411449
  -0.0068673440
  -0.0075616406
  -0.0079835886
  -0.0085488268
  -0.0097120402
  -0.0108373918
  -0.0112727874
  -0.0114728300
  -0.0113411024
  -0.0113235313
  -0.0119682873
  -0.0125850521
  -0.0130016430
  -0.0136793773
  -0.0142063735
  -0.0146018732
  -0.0152707064
  -0.0157560757
  -0.0158530157
  -0.0155244953
  -0.0147534067
  -0.0139640739
  -0.0131064867
  -0.0123490212
  -0.0114416610
  -0.0102855230
  -0.0085738446
  -0.0065065043
  -0.0046398961
  -0.0029866216
  -0.0014423510
  -0.0001075598
   0.0006004843
   0.0013478250
   0.0024076101
   0.0032988056
   0.0037723194
   0.0039164278
   0.0044041278
   0.0044867326
   0.0044129292
   0.0054814437
   0.0067251219
   0.0074189325
   0.0079563259
   0.0082413824
   0.0082526370
   0.0077854032
   0.0068078795
   0.0061380514
   0.0059318676
   0.0058719739
   0.0057243897
   0.0055037116
   0.0052875434
   0.0051148871
   0.0049672701
   0.0048291703
   0.0049697435
   0.0052318932
   0.0048002512
   0.0041897663
   0.0037905408
   0.0030842826
   0.0021907866
   0.0011435258
   0.0004011989
   0.0001693679
   0.0001783681
   0.0001892303
   0.0001589472
   0.0001364755
   0.0001406197
   0.0001515605
   0.0000457469
  -0.0002536685
  -0.0001585384
   0.0001320315
   0.0003047661
   0.0005939487
   0.0010676707
   0.0015419361
   0.0014667741
   0.0010517857
   0.0012541885
   0.0019846155
   0.0030116318
   0.0040968021
   0.0050655851
   0.0056137508
   0.0064309042
   0.0081554482
   0.0099196002
   0.0107233351
   0.0116476264
   0.0129227577
   0.0136445809
   0.0140344116
   0.0150330278
   0.0162640955
   0.0167635551
   0.0169572458
   0.0174802649
   0.0177625121
   0.0170658014
   0.0161018554
   0.0156407274
   0.0155833563
   0.0153927589
   0.0144736972
   0.0133919914
   0.0122814346
   0.0115103157
   0.0110522936
   0.0102214653
   0.0089804157
   0.0078095157
   0.0068266198
   0.0057928121
   0.0045554088
   0.0037250274
   0.0033646928
   0.0025630424
   0.0011462067
  -0.0001606743
  -0.0008734505
  -0.0014265512
  -0.0023440233
  -0.0032272799
  -0.0042990114
  -0.0056227074
  -0.0068415396
  -0.0078273533
  -0.0087918965
  -0.0094060491
  -0.0099591805
  -0.0106154637
  -0.0109282891
  -0.0111418855
  -0.0123226512
  -0.0136897935
  -0.0142400967
  -0.0145908510
  -0.0152081713
  -0.0161200995
  -0.0169812977
  -0.0176214579
  -0.0181287202
  -0.0186548831
  -0.0189552735
  -0.0190067610
  -0.0182817309
  -0.0167818118
  -0.0158552126
  -0.0158463620
  -0.0156962931
  -0.0151059538
  -0.0142786429
  -0.0134303356
  -0.0125735918
  -0.0116737981
  -0.0109770710
  -0.0108300133
  -0.0105680606
  -0.0100266130
  -0.0092797745
  -0.0086491442
  -0.0085525753
  -0.0088003822
  -0.0087616176
  -0.0080794479
  -0.0075615396
  -0.0075523305
  -0.0075183812
  -0.0068834644
  -0.0060927416
  -0.0055054047
  -0.0047718005
  -0.0037031218
  -0.0030289821
  -0.0026814348
  -0.0020469864
  -0.0014437310
  -0.0006694731
   0.0001205130
   0.0010051916
   0.0020119387
   0.0030656862
   0.0036135287
   0.0036993240
   0.0044516825
   0.0063195772
   0.0087243895
   0.0108031799
   0.0124297852
   0.0141727387
   0.0159602836
   0.0170969364
   0.0181389723
   0.0193207114
   0.0200035591
   0.0201423028
   0.0205916637
   0.0210711241
   0.0207020248
   0.0201301948
   0.0199425265
   0.0200261465
   0.0198312816
   0.0190219624
   0.0183693532
   0.0182386900
   0.0185831187
   0.0193518590
   0.0198179110
   0.0197991492
   0.0196093978
   0.0194815500
   0.0194050005
   0.0193009017
   0.0191233593
   0.0187269379
   0.0177950612
   0.0164974687
   0.0153826836
   0.0149042332
   0.0146017217
   0.0135382852
   0.0119407872
   0.0107348939
   0.0095938221
   0.0082487318
   0.0073254746
   0.0065533355
   0.0055793470
   0.0043917647
   0.0036226457
   0.0029581456
   0.0022289137
   0.0013092939
   0.0004717797
   0.0004441480
   0.0005217741
   0.0003607386
  -0.0000089905
  -0.0010037988
  -0.0023211923
  -0.0031941059
  -0.0041339444
  -0.0054035305
  -0.0061852374
  -0.0062673561
  -0.0061166206
  -0.0066693366
  -0.0082319902
  -0.0098100964
  -0.0109190383
  -0.0118350181
  -0.0125486346
  -0.0136057948
  -0.0149618947
  -0.0159135559
  -0.0167452605
  -0.0177404172
  -0.0187008154
  -0.0190694223
  -0.0185925249
  -0.0175245432
  -0.0162081889
  -0.0144439890
  -0.0127974982
  -0.0117412749
  -0.0106229621
  -0.0095135846
  -0.0086008913
  -0.0076596993
  -0.0065574212
  -0.0058338784
  -0.0057570334
  -0.0058855995
  -0.0053852233
  -0.0046699048
  -0.0040986556
  -0.0034652311
  -0.0030664450
  -0.0025008079
  -0.0016763997
  -0.0007029100
  -0.0000394174
  -0.0001019990
   0.0006293182
   0.0021122738
   0.0033525027
   0.0036304724
   0.0033337333
   0.0030532840
   0.0029327263
   0.0028499258
   0.0027048655
   0.0025364439
   0.0021491724
   0.0015602446
   0.0013780560
   0.0006899744
  -0.0008365686
  -0.0023914985
  -0.0030599945
  -0.0033050364
  -0.0040363504
  -0.0052913564
  -0.0062358348
  -0.0064050582
  -0.0065447059
  -0.0072944735
  -0.0084837969
  -0.0093328365
  -0.0098268948
  -0.0105777937
  -0.0117077612
  -0.0128727095
  -0.0141503155
  -0.0153249463
  -0.0158374104
  -0.0157977910
  -0.0156544515
  -0.0156383917
  -0.0156871142
  -0.0153789464
  -0.0144796313
  -0.0132717065
  -0.0121107088
  -0.0110533617
  -0.0099919164
  -0.0092406955
  -0.0090292721
  -0.0090170832
  -0.0083024996
  -0.0068237828
  -0.0057344385
  -0.0055544378
  -0.0053933921
  -0.0041008828
  -0.0024670619
  -0.0007298360
   0.0004172198
   0.0012408325
   0.0023766342
   0.0035928579
   0.0046333497
   0.0055156239
   0.0060951493
   0.0064913712
   0.0076247274
   0.0084790231
   0.0079390565
   0.0064632891
   0.0052485060
   0.0048710220
   0.0048619302
   0.0047036811
   0.0038661005
   0.0022985974
   0.0010378098
   0.0006628652
   0.0007431479
   0.0007556915
   0.0006146570
   0.0007373787
   0.0014983333
   0.0026242644
   0.0034491713
   0.0039101200
   0.0045955446
   0.0051849041
   0.0059153444
   0.0066166634
   0.0069010078
   0.0068676457
   0.0067556041
   0.0062251548
   0.0055022344
   0.0046684377
   0.0039273477
   0.0036601061
   0.0037210162
   0.0036216962
   0.0033542955
   0.0034288275
   0.0034486347
   0.0028363759
   0.0024083411
   0.0029636795
   0.0036616565
   0.0038512186
   0.0037267571
   0.0037060813
   0.0041152963
   0.0045447186
   0.0048626549
   0.0052327050
   0.0054858210
   0.0060449483
   0.0067721223
   0.0066381511
   0.0058759320
   0.0059007781
   0.0067146703
   0.0073066674
   0.0073294934
   0.0075658766
   0.0082573994
   0.0091679577
   0.0099943481
   0.0102630088
   0.0101357533
   0.0101035439
   0.0109058710
   0.0122464665
   0.0129827171
   0.0129014960
   0.0125578652
   0.0124914301
   0.0131130142
   0.0136483812
   0.0136314754
   0.0131958640
   0.0122315897
   0.0114055452
   0.0109585251
   0.0098382504
   0.0081487250
   0.0064769817
   0.0049893928
   0.0041051755
   0.0037559237
   0.0030910651
   0.0019625672
   0.0008219550
  -0.0001693611
  -0.0016384065
  -0.0027518066
  -0.0030293545
  -0.0029915570
  -0.0035846487
  -0.0044576014
  -0.0054193126
  -0.0060531828
  -0.0061801505
  -0.0060961303
  -0.0060473358
  -0.0060373893
  -0.0056330921
  -0.0049127082
  -0.0050444231
  -0.0056810873
  -0.0060202512
  -0.0059645467
  -0.0059573765
  -0.0063836147
  -0.0070289565
  -0.0074975943
  -0.0076230760
  -0.0075721629
  -0.0074158518
  -0.0067457952
  -0.0060272244
  -0.0057680695
  -0.0058414210
  -0.0059053196
  -0.0058710118
  -0.0058143805
  -0.0057790008
  -0.0057598035
  -0.0057516612
  -0.0058234142
  -0.0061406081
  -0.0064137106
  -0.0066299722
  -0.0062152310
  -0.0057432348
  -0.0056294117
  -0.0057264060
  -0.0054856745
  -0.0047236044
  -0.0042309173
  -0.0039274702
  -0.0033492175
  -0.0029217875
  -0.0029139747
  -0.0031469009
  -0.0029629737
  -0.0016800914
  -0.0002150686
   0.0007937519
   0.0015739246
   0.0020805240
   0.0021335304
   0.0022415760
   0.0028770357
   0.0038885970
   0.0045513219
   0.0052245551
   0.0065657996
   0.0074083484
   0.0069241823
   0.0061965765
   0.0059232051
   0.0058704108
   0.0056200636
   0.0053796743
   0.0052719532
   0.0051840393
   0.0045508509
   0.0037933576
   0.0034971274
   0.0035699461
   0.0036641728
   0.0033474448
   0.0022312507
   0.0009125352
   0.0002528523
  -0.0003070159
  -0.0011928386
  -0.0022364702
  -0.0030797260
  -0.0041717672
  -0.0053600540
  -0.0062682197
  -0.0071507717
  -0.0082336757
  -0.0093780327
  -0.0103939107
  -0.0111615651
  -0.0119608116
  -0.0127249258
  -0.0135525649
  -0.0139931004
  -0.0140091224
  -0.0139827221
  -0.0145579358
  -0.0152183855
  -0.0148860648
  -0.0143753052
  -0.0144473979
  -0.0142662193
  -0.0139237222
  -0.0137423795
  -0.0137570632
  -0.0134894238
  -0.0127146359
  -0.0118755629
  -0.0107366565
  -0.0096012283
  -0.0091338254
  -0.0089144679
  -0.0080360963
  -0.0068448740
  -0.0063025490
  -0.0061234473
  -0.0056317727
  -0.0049639798
  -0.0042407792
  -0.0039799060
  -0.0041830760
  -0.0044728785
  -0.0046543841
  -0.0047772737
  -0.0049227393
  -0.0047887820
  -0.0028673644
  -0.0005281737
  -0.0004498903
  -0.0011852051
  -0.0006779527
   0.0007249237
   0.0022936481
   0.0034662362
   0.0044292681
   0.0054386047
   0.0064758820
   0.0069897626
   0.0073208119
   0.0079706309
   0.0087826684
   0.0097273665
   0.0105680038
   0.0114908204
   0.0125833540
   0.0130737988
   0.0125687928
   0.0125575370
   0.0131692743
   0.0136274478
   0.0136943766
   0.0135825635
   0.0135325532
   0.0132351298
   0.0124787804
   0.0119202819
   0.0114795229
   0.0108628515
   0.0113436932
   0.0127690147
   0.0133506549
   0.0126313821
   0.0122045252
   0.0127863876
   0.0131440860
   0.0127365793
   0.0121448121
   0.0119629529
   0.0120764806
   0.0121652278
   0.0120256041
   0.0112893497
   0.0105658953
   0.0103470707
   0.0104442342
   0.0105220741
   0.0104951952
   0.0104223475
   0.0103574957
   0.0103067404
   0.0102404669
   0.0101436481
   0.0100001559
   0.0097059913
   0.0088526980
   0.0080536889
   0.0075537799
   0.0067263264
   0.0059260913
   0.0053894403
   0.0045191503
   0.0035562901
   0.0024762484
   0.0016910480
   0.0013591124
   0.0008157024
  -0.0005252689
  -0.0019390039
  -0.0025376496
  -0.0025164865
  -0.0024828352
  -0.0031154743
  -0.0040355259
  -0.0046974894
  -0.0054573703
  -0.0060023227
  -0.0061491809
  -0.0060882923
  -0.0058647242
  -0.0056750699
  -0.0063634363
  -0.0073459989
  -0.0079658356
  -0.0086350526
  -0.0090852392
  -0.0088926470
  -0.0082951994
  -0.0076829407
  -0.0072220475
  -0.0064757671
  -0.0058813724
  -0.0056708454
  -0.0052410985
  -0.0045664424
  -0.0041494866
  -0.0036030014
  -0.0029318198
  -0.0025673655
  -0.0020196290
  -0.0007832236
   0.0003914130
   0.0007600220
   0.0005960222
   0.0004689756
   0.0007002517
   0.0012573366
   0.0018951625
   0.0022572748
   0.0025252752
   0.0032160051
   0.0037911090
   0.0039264892
   0.0038364541
   0.0038063431
   0.0038723111
   0.0038785621
   0.0033822766
   0.0032284957
   0.0036651905
   0.0040125408
   0.0035041309
   0.0026665592
   0.0023132545
   0.0023652560
   0.0024518960
   0.0023810393
   0.0017205277
   0.0008685728
   0.0007239505
   0.0012246018
   0.0010286645
   0.0004218727
   0.0000600391
  -0.0002774948
  -0.0011524164
  -0.0024630419
  -0.0035310981
  -0.0039369849
  -0.0039935341
  -0.0040843078
  -0.0042677426
  -0.0044669456
  -0.0046369051
  -0.0047852001
  -0.0049221497
  -0.0050818545
  -0.0055693374
  -0.0065124712
  -0.0071820683
  -0.0074388356
  -0.0080418561
  -0.0088212298
  -0.0092056921
  -0.0092287478
  -0.0091855553
  -0.0094603017
  -0.0100122955
  -0.0106166518
  -0.0109070603
  -0.0109076992
  -0.0108494341
  -0.0108427097
  -0.0108209582
  -0.0107723758
  -0.0108187613
  -0.0114606626
  -0.0122221608
  -0.0125115504
  -0.0124342926
  -0.0123394042
  -0.0123479834
  -0.0123615800
  -0.0120222191
  -0.0112188113
  -0.0105911505
  -0.0099016389
  -0.0092834486
  -0.0086354541
  -0.0071258132
  -0.0052195263
  -0.0042329929
  -0.0044575963
  -0.0046072511
  -0.0040044427
  -0.0029942071
  -0.0024873666
  -0.0025517033
  -0.0026992875
  -0.0024068361
  -0.0021215335
  -0.0020367305
  -0.0023414010
  -0.0026479325
  -0.0027083931
  -0.0030297914
  -0.0037988548
  -0.0043096914
  -0.0043508903
  -0.0046355049
  -0.0053884845
  -0.0058873456
  -0.0058896599
  -0.0058566160
  -0.0065351911
  -0.0074396171
  -0.0083936495
  -0.0089476293
  -0.0090358210
  -0.0089614671
  -0.0089404870
  -0.0089841377
  -0.0090370558
  -0.0090761815
  -0.0090988510
  -0.0089878598
  -0.0083366634
  -0.0081920034
  -0.0084281378
  -0.0078017092
  -0.0065680028
  -0.0053933605
  -0.0049581884
  -0.0051339847
  -0.0053855882
  -0.0052217030
  -0.0047793090
  -0.0043679135
  -0.0042947704
  -0.0037881571
  -0.0024954117
  -0.0016456448
  -0.0016682599
  -0.0018094391
  -0.0010377779
   0.0003168102
   0.0012833810
   0.0022950016
   0.0031861504
   0.0037978473
   0.0044703167
   0.0056978290
   0.0068184245
   0.0071465737
   0.0071940930
   0.0078063757
   0.0085123373
   0.0092644672
   0.0099435322
   0.0102442382
   0.0102521924
   0.0102324357
   0.0105799755
   0.0111618884
   0.0117290077
   0.0119711381
   0.0119831123
   0.0119627963
   0.0119787666
   0.0120009032
   0.0120032402
   0.0119948391
   0.0119942924
   0.0120249248
   0.0122919165
   0.0130460728
   0.0134095158
   0.0125833401
   0.0117519221
   0.0123214479
   0.0134456253
   0.0139427239
   0.0138167322
   0.0136388362
   0.0136376494
   0.0136821171
   0.0136735316
   0.0136189003
   0.0138076164
   0.0147811074
   0.0160369467
   0.0160633723
   0.0151845992
   0.0146425153
   0.0149295729
   0.0155313006
   0.0159376710
   0.0159103490
   0.0156797913
   0.0154787525
   0.0153389230
   0.0151969597
   0.0150233060
   0.0148586418
   0.0147090274
   0.0145589206
   0.0144147226
   0.0142575075
   0.0140892576
   0.0139407038
   0.0138355192
   0.0134924035
   0.0126283898
   0.0119881752
   0.0115589170
   0.0108272508
   0.0102063814
   0.0094358773
   0.0087368649
   0.0084645617
   0.0084253134
   0.0078766743
   0.0071607864
   0.0068602281
   0.0069133128
   0.0070257345
   0.0067289500
   0.0058959740
   0.0053543977
   0.0053224496
   0.0053796175
   0.0047706553
   0.0038968024
   0.0029858262
   0.0022994345
   0.0015014897
   0.0007268937
  -0.0001638733
  -0.0008391775
  -0.0008096162
  -0.0006758843
  -0.0014272507
  -0.0023715852
  -0.0029956806
  -0.0032784972
  -0.0033328963
  -0.0034362211
  -0.0038467731
  -0.0041722015
  -0.0043440018
  -0.0049464819
  -0.0056257704
  -0.0062737700
  -0.0070355219
  -0.0075828947
  -0.0083404915
  -0.0090194127
  -0.0092908675
  -0.0093190581
  -0.0097712875
  -0.0103660130
  -0.0108492220
  -0.0111932493
  -0.0113593238
  -0.0114491985
  -0.0115459151
  -0.0116594440
  -0.0117921324
  -0.0114746001
  -0.0107928622
  -0.0104948051
  -0.0104892902
  -0.0100323097
  -0.0093860715
  -0.0088622481
  -0.0084548740
  -0.0080929801
  -0.0078518825
  -0.0075409396
  -0.0063951546
  -0.0050157477
  -0.0040381988
  -0.0035112732
  -0.0031439693
  -0.0026980678
  -0.0019757131
  -0.0012257557
  -0.0009549886
  -0.0010027677
  -0.0005858978
   0.0001847040
   0.0001260401
  -0.0007037524
  -0.0012519390
  -0.0012508059
  -0.0010878101
  -0.0012190374
  -0.0014842481
  -0.0013192644
  -0.0010675211
  -0.0008317945
  -0.0006098456
  -0.0002695719
   0.0000108034
   0.0001107740
  -0.0003903479
  -0.0009364615
  -0.0009196028
  -0.0005956122
  -0.0006847171
  -0.0009524544
  -0.0010669941
  -0.0010215394
  -0.0010122639
  -0.0015591020
  -0.0023967558
  -0.0032998700
  -0.0042437159
  -0.0054390794
  -0.0067632982
  -0.0075085383
  -0.0080875940
  -0.0087779767
  -0.0096532449
  -0.0106253446
  -0.0116513661
  -0.0124396913
  -0.0134422669
  -0.0142129010
  -0.0142152620
  -0.0139188487
  -0.0139835301
  -0.0147810822
  -0.0154697125
  -0.0158330166
  -0.0164833658
  -0.0170661423
  -0.0172677619
  -0.0172256426
  -0.0165077839
  -0.0150339116
  -0.0145062715
  -0.0147900212
  -0.0145540345
  -0.0135206471
  -0.0125601265
  -0.0117682585
  -0.0109203640
  -0.0100874398
  -0.0093081306
  -0.0084806973
  -0.0075409736
  -0.0068302194
  -0.0060829542
  -0.0051885643
  -0.0043791883
  -0.0039788214
  -0.0034104824
  -0.0029303515
  -0.0026862666
  -0.0021679922
  -0.0016962801
  -0.0015915778
  -0.0013388166
  -0.0006705216
  -0.0002384082
   0.0001006786
   0.0006594379
   0.0010167307
   0.0010211053
   0.0008884397
   0.0010631535
   0.0011222268
   0.0008641061
   0.0006237931
   0.0001668182
  -0.0007363573
  -0.0019095280
  -0.0025541931
  -0.0021140477
  -0.0019673587
  -0.0024030282
  -0.0027635017
  -0.0027744356
  -0.0026291758
  -0.0025672215
  -0.0025997074
  -0.0025251717
  -0.0017462324
  -0.0003667555
   0.0005579024
   0.0006921738
   0.0005437280
   0.0006412204
   0.0014415038
   0.0023356348
   0.0031977042
   0.0037441351
   0.0038842777
   0.0041997861
   0.0049845345
   0.0058767640
   0.0067618222
   0.0072595054
   0.0078983122
   0.0085627011
   0.0091715206
   0.0099411624
   0.0104100097
   0.0104745800
   0.0103918944
   0.0103647353
   0.0103958614
   0.0104177808
   0.0104173579
   0.0104331715
   0.0107565192
   0.0115651907
   0.0121935422
   0.0128845902
   0.0135769325
   0.0144255807
   0.0154440823
   0.0164234191
   0.0169015917
   0.0174731187
   0.0180051652
   0.0176979570
   0.0175685184
   0.0185055212
   0.0195266490
   0.0197823318
   0.0195462693
   0.0192972655
   0.0192028254
   0.0190726166
   0.0186434190
   0.0184860651
   0.0180731924
   0.0179973121
   0.0182413161
   0.0177241427
   0.0162678074
   0.0150270432
   0.0146201931
   0.0141133096
   0.0132981447
   0.0127218578
   0.0120290825
   0.0112370819
   0.0102813880
   0.0093808078
   0.0084475523
   0.0074115086
   0.0062947425
   0.0056057802
   0.0049122095
   0.0041699806
   0.0032646405
   0.0024083310
   0.0014999216
   0.0007543821
   0.0002229625
  -0.0005210355
  -0.0011006274
  -0.0017994396
  -0.0027362328
  -0.0038203589
  -0.0044392777
  -0.0050309490
  -0.0056481747
  -0.0061843990
  -0.0069033562
  -0.0073800643
  -0.0074666790
  -0.0073895563
  -0.0073973173
  -0.0079744375
  -0.0087582364
  -0.0090999923
  -0.0090217206
  -0.0091087116
  -0.0098564453
  -0.0105551041
  -0.0109228614
  -0.0115437775
  -0.0123090205
  -0.0132698252
  -0.0139058190
  -0.0138613135
  -0.0135780309
  -0.0139645158
  -0.0150400477
  -0.0158282567
  -0.0160294597
  -0.0160186269
  -0.0160855304
  -0.0162233019
  -0.0163214414
  -0.0158901479
  -0.0151741072
  -0.0148961148
  -0.0149329187
  -0.0144677884
  -0.0134585414
  -0.0125005964
  -0.0118149685
  -0.0111013444
  -0.0101732907
  -0.0094571680
  -0.0087032023
  -0.0082246584
  -0.0077539033
  -0.0071563901
  -0.0067167498
  -0.0060433373
  -0.0055243394
  -0.0053073013
  -0.0047773886
  -0.0042171085
  -0.0038947848
  -0.0032916444
  -0.0025976999
  -0.0017516589
  -0.0010302579
  -0.0001877534
   0.0003529389
   0.0003665081
   0.0011892219
   0.0027784556
   0.0042509264
   0.0052013743
   0.0055909021
   0.0062681288
   0.0069815496
   0.0072579524
   0.0071924819
   0.0072172598
   0.0079246203
   0.0090953726
   0.0097650833
   0.0093367631
   0.0087864132
   0.0086600944
   0.0087901794
   0.0088836979
   0.0088408349
   0.0087766156
   0.0087677196
   0.0087888272
   0.0087734100
   0.0087055734
   0.0086575036
   0.0086474245
   0.0086097697
   0.0085304046
   0.0084421612
   0.0083777967
   0.0083132819
   0.0082227520
   0.0077821710
   0.0068742452
   0.0059170577
   0.0048916473
   0.0037335396
   0.0025233170
   0.0013803160
   0.0004777049
  -0.0004972545
  -0.0016760159
  -0.0025926118
  -0.0032564376
  -0.0040948313
  -0.0047073097
  -0.0052354359
  -0.0060513180
  -0.0070444382
  -0.0086628519
  -0.0099568510
  -0.0103505730
  -0.0102661135
  -0.0102233099
  -0.0103378186
  -0.0104603622
  -0.0105301103
  -0.0105878918
  -0.0106406280
  -0.0106707087
  -0.0106227866
  -0.0099414515
  -0.0086598268
  -0.0082769439
  -0.0088143172
  -0.0092645505
  -0.0092672233
  -0.0087892072
  -0.0079444805
  -0.0074249890
  -0.0073399904
  -0.0074257882
  -0.0071083721
  -0.0062489352
  -0.0056717734
  -0.0056162633
  -0.0054213012
  -0.0046548411
  -0.0040586877
  -0.0036973607
  -0.0030359035
  -0.0024957462
  -0.0023072245
  -0.0018428984
  -0.0011797101
  -0.0008463119
  -0.0008867149
  -0.0009911051
  -0.0004573249
   0.0003309905
   0.0006788637
   0.0011137639
   0.0017058277
   0.0022310209
   0.0029017278
   0.0032988675
   0.0035671937
   0.0041987369
   0.0046247036
   0.0040575009
   0.0031359987
   0.0032261145
   0.0039401363
   0.0042099902
   0.0034691628
   0.0024669988
   0.0020043128
   0.0019626089
   0.0019494251
   0.0017891231
   0.0016435388
   0.0021645000
   0.0032029236
   0.0034633196
   0.0030458071
   0.0026775511
   0.0026756989
   0.0030862522
   0.0036035317
   0.0040159030
   0.0041093294
   0.0040039920
   0.0039053146
   0.0038490079
   0.0032993460
   0.0025051372
   0.0021265838
   0.0021642815
   0.0022723953
   0.0022753825
   0.0022283619
   0.0022150595
   0.0022733902
   0.0023461104
   0.0023716799
   0.0025412126
   0.0027709193
   0.0026188429
   0.0025867042
   0.0031065290
   0.0035721038
   0.0038976635
   0.0040204256
   0.0040321018
   0.0040082090
   0.0039981147
   0.0040015906
   0.0040043922
   0.0037934536
   0.0030562902
   0.0029006925
   0.0036535105
   0.0043019506
   0.0040906560
   0.0036687206
   0.0038559419
   0.0044511585
   0.0049844549
   0.0050914968
   0.0049425477
   0.0050352064
   0.0059272403
   0.0070347783
   0.0069171864
   0.0057010334
   0.0047528064
   0.0045646483
   0.0044182219
   0.0041675653
   0.0039643789
   0.0036131512
   0.0027519947
   0.0014980568
   0.0005031170
   0.0001728030
  -0.0000694012
  -0.0008711269
  -0.0015934414
  -0.0018473477
  -0.0018613244
  -0.0022295462
  -0.0029104609
  -0.0035525113
  -0.0037985089
  -0.0040705458
  -0.0048472844
  -0.0057885799
  -0.0067741171
  -0.0073193739
  -0.0074088547
  -0.0073693552
  -0.0074164452
  -0.0074910428
  -0.0075137261
  -0.0074963178
  -0.0074828260
  -0.0074836417
  -0.0071845303
  -0.0067208822
  -0.0069573613
  -0.0070921683
  -0.0061377168
  -0.0047052353
  -0.0039679608
  -0.0039951931
  -0.0041783439
  -0.0041708152
  -0.0040716871
  -0.0037657553
  -0.0032922933
  -0.0026552945
  -0.0016274209
  -0.0005374113
  -0.0003831625
  -0.0006756525
  -0.0005374974
   0.0000917089
   0.0006531815
   0.0011354662
   0.0018016465
   0.0021818855
   0.0021627122
   0.0021089987
   0.0026537479
   0.0032869249
   0.0034882642
   0.0033359075
   0.0032599236
   0.0038659048
   0.0045447653
   0.0047092755
   0.0045422301
   0.0043844936
   0.0043590301
   0.0043317283
   0.0042168447
   0.0041098003
   0.0036774109
   0.0028666990
   0.0023294495
   0.0022046080
   0.0019874171
   0.0017559516
   0.0015683175
   0.0017407882
   0.0019380204
   0.0019304147
   0.0017820552
   0.0014870005
   0.0007130563
   0.0004545471
   0.0011236245
   0.0021639091
   0.0025621031
   0.0026604344
   0.0026887160
   0.0026940529
   0.0026456018
   0.0025502816
   0.0024623664
   0.0024365709
   0.0025528131
   0.0030481277
   0.0029488658
   0.0024422903
   0.0021441701
   0.0021460147
   0.0022390988
   0.0022676581
   0.0022106569
   0.0016682018
   0.0008799988
   0.0002895834
  -0.0004274487
  -0.0009189416
  -0.0010317451
  -0.0011478681
  -0.0015404930
  -0.0019431540
  -0.0020691179
  -0.0020818206
  -0.0020212577
  -0.0022208295
  -0.0024013351
  -0.0021678887
  -0.0018985007
  -0.0016002213
  -0.0011285936
  -0.0007969915
  -0.0009578769
  -0.0014637654
  -0.0018195018
  -0.0019979368
  -0.0021154353
  -0.0024102779
  -0.0026833501
  -0.0025512134
  -0.0018162507
  -0.0015290604
  -0.0022488484
  -0.0029662551
  -0.0026501912
  -0.0018610226
  -0.0015287095
  -0.0016864687
  -0.0018905604
  -0.0019578831
  -0.0019810348
  -0.0020501377
  -0.0021493921
  -0.0021469187
  -0.0014931214
  -0.0005049626
  -0.0006627746
  -0.0015427442
  -0.0015921775
  -0.0011451211
  -0.0005836689
   0.0001018534
   0.0004547928
   0.0004370412
   0.0006068008
   0.0010474814
   0.0016033879
   0.0018058635
   0.0016853589
   0.0015336840
   0.0015709878
   0.0019342832
   0.0024592706
   0.0028243323
   0.0028513765
   0.0027357972
   0.0026401475
   0.0026023336
   0.0025637886
   0.0028987822
   0.0036186762
   0.0044245751
   0.0052009653
   0.0055213307
   0.0054836405
   0.0055391443
   0.0062581848
   0.0069936223
   0.0073509495
   0.0079563600
   0.0085460870
   0.0087518592
   0.0082821798
   0.0078903744
   0.0082633347
   0.0087521420
   0.0089034457
   0.0088182425
   0.0087527417
   0.0087906567
   0.0088852268
   0.0087271595
   0.0080040776
   0.0077136426
   0.0081127254
   0.0085458117
   0.0080244365
   0.0067974305
   0.0057530891
   0.0054228428
   0.0055073301
   0.0055331231
   0.0050862899
   0.0043914011
   0.0037716175
   0.0033050150
   0.0025200709
   0.0018599153
   0.0014151187
   0.0004420180
  -0.0009531172
  -0.0018384719
  -0.0025293672
  -0.0037421807
  -0.0049353385
  -0.0056125400
  -0.0065518848
  -0.0079144768
  -0.0087935745
  -0.0089557211
  -0.0091179511
  -0.0098819542
  -0.0108223786
  -0.0118104245
  -0.0123238696
  -0.0123853769
  -0.0123597088
  -0.0123980644
  -0.0124701318
  -0.0124987757
  -0.0125287176
  -0.0126492727
  -0.0135470853
  -0.0143481474
  -0.0137729210
  -0.0129633998
  -0.0127740902
  -0.0130056706
  -0.0132073786
  -0.0132781834
  -0.0133418800
  -0.0134679349
  -0.0136164130
  -0.0134568117
  -0.0124547828
  -0.0110858249
  -0.0106286677
  -0.0108890674
  -0.0109203741
  -0.0107317968
  -0.0104099592
  -0.0099996446
  -0.0092239021
  -0.0080826056
  -0.0071396598
  -0.0060519341
  -0.0048341953
  -0.0041304483
  -0.0034979203
  -0.0025837056
  -0.0014808025
  -0.0008874967
  -0.0005941675
   0.0000704555
   0.0007233305
   0.0015198500
   0.0021817403
   0.0023820974
   0.0025907066
   0.0032480264
   0.0039994341
   0.0045436720
   0.0049681249
   0.0051553322
   0.0054478303
   0.0061389226
   0.0065885372
   0.0065794770
   0.0064643105
   0.0069780826
   0.0073564025
   0.0067132197
   0.0054771711
   0.0052173989
   0.0063549329
   0.0074719591
   0.0076711003
   0.0073455330
   0.0071200446
   0.0071018295
   0.0070962994
   0.0070092643
   0.0068900033
   0.0068705256
   0.0074405969
   0.0080962741
   0.0079488680
   0.0069721940
   0.0062525866
   0.0064004839
   0.0065952528
   0.0063390953
   0.0063830857
   0.0066749903
   0.0066563119
   0.0066843220
   0.0070419926
   0.0073313582
   0.0073383124
   0.0072066404
   0.0071064227
   0.0070944801
   0.0071145461
   0.0071102155
   0.0070770680
   0.0070565197
   0.0070689055
   0.0070975986
   0.0071104415
   0.0070946783
   0.0066273031
   0.0058258156
   0.0054164971
   0.0054568488
   0.0051413682
   0.0042080534
   0.0030074174
   0.0023394642
   0.0021390579
   0.0015274368
   0.0007214290
  -0.0002504391
  -0.0013120766
  -0.0022610233
  -0.0026797076
  -0.0028323395
  -0.0035265705
  -0.0042928071
  -0.0046148733
  -0.0046153568
  -0.0048440169
  -0.0057260613
  -0.0066917749
  -0.0076024292
  -0.0076341272
  -0.0067657261
  -0.0069230106
  -0.0080651897
  -0.0088415218
  -0.0088781893
  -0.0087105063
  -0.0087249235
  -0.0088611446
  -0.0089496418
  -0.0089680716
  -0.0089991320
  -0.0090615711
  -0.0091005428
  -0.0088930510
  -0.0080913678
  -0.0071429438
  -0.0065075384
  -0.0061211898
  -0.0060225503
  -0.0060578164
  -0.0060840665
  -0.0058681470
  -0.0051168315
  -0.0044657361
  -0.0038446571
  -0.0032380445
  -0.0029793328
  -0.0030171000
  -0.0031159857
  -0.0028879014
  -0.0024193937
  -0.0019147803
  -0.0014639725
  -0.0015225607
  -0.0014095836
  -0.0009128875
  -0.0011343779
  -0.0024817646
  -0.0036306542
  -0.0033021944
  -0.0022744280
  -0.0020324567
  -0.0024334561
  -0.0027416795
  -0.0027464646
  -0.0026538678
  -0.0026371704
  -0.0026767544
  -0.0026700527
  -0.0021343182
  -0.0014362818
  -0.0016661565
  -0.0024518303
  -0.0028503425
  -0.0027336660
  -0.0020483335
  -0.0013061198
  -0.0009949498
  -0.0010220627
  -0.0010897832
  -0.0010755557
  -0.0007457982
   0.0000907417
   0.0006832612
   0.0007664646
   0.0006709437
   0.0009152639
   0.0017134271
   0.0023014230
   0.0023641613
   0.0022125028
   0.0021121349
   0.0020973894
   0.0021026757
   0.0020497489
   0.0019535133
   0.0018635957
   0.0018231657
   0.0017716454
   0.0016484250
   0.0018255469
   0.0025195469
   0.0032427943
   0.0037209922
   0.0041139276
   0.0043088948
   0.0042663159
   0.0041331553
   0.0043509724
   0.0051064494
   0.0059286670
   0.0067412449
   0.0071388114
   0.0071156243
   0.0069883031
   0.0069576820
   0.0069932713
   0.0070124447
   0.0071157013
   0.0077554374
   0.0080474039
   0.0075049008
   0.0069562945
   0.0068316120
   0.0069426890
   0.0069998947
   0.0069621856
   0.0069252050
   0.0067810322
   0.0060647807
   0.0049581985
   0.0038927003
   0.0034425339
   0.0034705718
   0.0035341523
   0.0030228700
   0.0021373636
   0.0016443418
   0.0015974588
   0.0014783721
   0.0006607344
  -0.0001599685
  -0.0004528367
  -0.0004209339
  -0.0004452619
  -0.0006065710
  -0.0007924226
  -0.0009655925
  -0.0013426548
  -0.0022714484
  -0.0031022717
  -0.0034510980
  -0.0035859037
  -0.0037755251
  -0.0040375056
  -0.0041959062
  -0.0030488284
  -0.0017338352
  -0.0013990487
  -0.0012499888
  -0.0006510310
  -0.0002352293
  -0.0003006827
  -0.0006652198
  -0.0015250669
  -0.0023585517
  -0.0023973707
  -0.0019630192
  -0.0018999438
  -0.0016675832
  -0.0014216966
  -0.0013462102
  -0.0013874684
  -0.0014254187
  -0.0014215982
  -0.0014004160
  -0.0013464804
  -0.0010427861
  -0.0005327420
  -0.0002342785
  -0.0003491620
  -0.0000401791
   0.0002949766
   0.0000733262
  -0.0005535998
  -0.0008597410
  -0.0008162873
  -0.0004393690
  -0.0005348961
  -0.0011151337
  -0.0014343678
  -0.0011871766
  -0.0012406933
  -0.0015631953
  -0.0018133922
  -0.0019137386
  -0.0019832784
  -0.0020280769
  -0.0017843620
  -0.0014056658
  -0.0013498300
  -0.0012696619
  -0.0012064705
  -0.0012729244
  -0.0014255462
  -0.0015591374
  -0.0017235920
  -0.0023762302
  -0.0025575616
  -0.0016151651
  -0.0005839229
  -0.0003280072
  -0.0005979418
  -0.0007845801
  -0.0002660216
   0.0004796634
   0.0007364925
   0.0008750074
   0.0015038015
   0.0023035492
   0.0031122598
   0.0029698964
   0.0022258595
   0.0018323749
   0.0018748591
   0.0019906013
   0.0019882315
   0.0019312846
   0.0019111529
   0.0019412399
   0.0021817504
   0.0029294980
   0.0035429801
   0.0036953330
   0.0036493301
   0.0036406676
   0.0036831253
   0.0037085345
   0.0037121101
   0.0040064426
   0.0040781288
   0.0038401825
   0.0036478352
   0.0036221028
   0.0036192772
   0.0034055672
   0.0025921699
   0.0018315681
   0.0011019264
   0.0002891704
  -0.0001493279
  -0.0003510105
  -0.0010744228
  -0.0019125468
  -0.0024061278
  -0.0031344672
  -0.0042548303
  -0.0054128508
  -0.0060019730
  -0.0061169905
  -0.0061584154
  -0.0063138073
  -0.0064904609
  -0.0066428617
  -0.0067769668
  -0.0072868943
  -0.0081937836
  -0.0086802703
  -0.0081201468
  -0.0073759231
  -0.0072037150
  -0.0078362014
  -0.0088567749
  -0.0093906432
  -0.0094048055
  -0.0093036169
  -0.0090332454
  -0.0086296286
  -0.0081194978
  -0.0078349704
  -0.0078148034
  -0.0078726871
  -0.0078783181
  -0.0074918698
  -0.0067341265
  -0.0062537721
  -0.0060584288
  -0.0054384494
  -0.0047394105
  -0.0043464663
  -0.0036946626
  -0.0030350247
  -0.0023972103
  -0.0016350973
  -0.0008056046
   0.0000320079
   0.0004071036
   0.0005108074
   0.0011430404
   0.0019905735
   0.0029295737
   0.0035426670
   0.0036762165
   0.0035808812
   0.0038696319
   0.0046146725
   0.0049600974
   0.0043753160
   0.0045576322
   0.0057438534
   0.0064838273
   0.0064994958
   0.0068211895
   0.0073532069
   0.0075654435
   0.0077985629
   0.0083605639
   0.0087175665
   0.0087898221
   0.0096314808
   0.0108670823
   0.0108000841
   0.0098820653
   0.0093082417
   0.0092691437
   0.0093214406
   0.0092065241
   0.0090067743
   0.0088726315
   0.0087981210
   0.0087124026
   0.0086116004
   0.0085169406
   0.0084320934
   0.0083804720
   0.0083469988
   0.0083331080
   0.0082985149
   0.0082559588
   0.0082369533
   0.0082387676
   0.0082431475
   0.0082418950
   0.0082383649
   0.0082366389
   0.0082363650
   0.0082358448
   0.0082276936
   0.0078616989
   0.0071144905
   0.0066563119
   0.0066294558
   0.0067656251
   0.0068206895
   0.0067550435
   0.0063309959
   0.0054515953
   0.0043206745
   0.0037018580
   0.0041437028
   0.0042795590
   0.0038375728
   0.0034672879
   0.0034405088
   0.0034372766
   0.0028058192
   0.0020580250
   0.0017666797
   0.0014575839
   0.0011293687
   0.0012572859
   0.0008925231
  -0.0001668084
  -0.0013261985
  -0.0018530002
  -0.0018868295
  -0.0019820335
  -0.0027815312
  -0.0037039981
  -0.0041252933
  -0.0041643508
  -0.0042004957
  -0.0047333338
  -0.0056965589
  -0.0063555655
  -0.0065221640
  -0.0066449475
  -0.0070659587
  -0.0074495233
  -0.0078374841
  -0.0083866334
  -0.0088261752
  -0.0090360091
  -0.0091047951
  -0.0091682367
  -0.0092632652
  -0.0093829567
  -0.0094785130
  -0.0095110923
  -0.0095357490
  -0.0095918500
  -0.0096335072
  -0.0095254717
  -0.0088277459
  -0.0081270846
  -0.0079107270
  -0.0081239837
  -0.0087596720
  -0.0087374975
  -0.0078215265
  -0.0067110771
  -0.0062571987
  -0.0063284127
  -0.0064044420
  -0.0063128616
  -0.0062118637
  -0.0062001862
  -0.0062117046
  -0.0061802199
  -0.0057693157
  -0.0053788612
  -0.0056786455
  -0.0061020328
  -0.0062219365
  -0.0061339771
  -0.0060717110
  -0.0061016894
  -0.0061891905
  -0.0062474984
  -0.0062617251
  -0.0063121609
  -0.0064196156
  -0.0065296762
  -0.0066186053
  -0.0065583706
  -0.0059277251
  -0.0053424563
  -0.0052740541
  -0.0055328201
  -0.0056055529
  -0.0049949140
  -0.0044307667
  -0.0044115782
  -0.0047056217
  -0.0049407145
  -0.0047512294
  -0.0043163654
  -0.0039098839
  -0.0038649554
  -0.0040367670
  -0.0037663677
  -0.0033639782
  -0.0030603556
  -0.0029018351
  -0.0029170579
  -0.0029781094
  -0.0031844927
  -0.0038183944
  -0.0037917769
  -0.0028934466
  -0.0018743932
  -0.0014981464
  -0.0011230662
  -0.0004372713
   0.0000246395
   0.0003159371
   0.0010066088
   0.0018268992
   0.0027695507
   0.0038076310
   0.0046651121
   0.0049943976
   0.0051922245
   0.0059037186
   0.0065607089
   0.0067753103
   0.0069000508
   0.0075586698
   0.0082248857
   0.0089426485
   0.0096548421
   0.0099752669
   0.0100098284
   0.0099844596
   0.0099956069
   0.0100197143
   0.0100245702
   0.0100155756
   0.0100099623
   0.0100113498
   0.0100136477
   0.0100095002
   0.0099623053
   0.0096315641
   0.0087703609
   0.0080988801
   0.0079140501
   0.0079376765
   0.0076082282
   0.0068684563
   0.0062909510
   0.0058289544
   0.0055781388
   0.0053748904
   0.0045943755
   0.0035469257
   0.0023604241
   0.0008974949
  -0.0002005455
  -0.0003879392
  -0.0003090598
  -0.0006511750
  -0.0016442029
  -0.0025877256
  -0.0029407209
  -0.0029033565
  -0.0028898154
  -0.0031001771
  -0.0037904032
  -0.0039272000
  -0.0035581486
  -0.0038844292
  -0.0046532743
  -0.0053785292
  -0.0061326034
  -0.0065470189
  -0.0066011831
  -0.0065384107
  -0.0065037443
  -0.0064914469
  -0.0064600847
  -0.0064290028
  -0.0063977100
  -0.0063640297
  -0.0063532663
  -0.0067646239
  -0.0075939157
  -0.0079611224
  -0.0073635562
  -0.0067952879
  -0.0064414593
  -0.0063251843
  -0.0063399462
  -0.0063777223
  -0.0062746121
  -0.0055916280
  -0.0048929717
  -0.0046710222
  -0.0047621746
  -0.0048325098
  -0.0047492118
  -0.0042571017
  -0.0034272531
  -0.0029559803
  -0.0029411603
  -0.0030507664
  -0.0030473600
  -0.0028414388
  -0.0017195025
  -0.0002367471
   0.0008393475
   0.0015808624
   0.0019977803
   0.0026636363
   0.0033790141
   0.0042254478
   0.0049259689
   0.0056877158
   0.0063674046
   0.0075531183
   0.0088450166
   0.0093165191
   0.0091111307
   0.0088208990
   0.0090831484
   0.0097619142
   0.0105024828
   0.0110977915
   0.0111811943
   0.0111289038
   0.0116532536
   0.0122023069
   0.0127143833
   0.0132571490
   0.0134703085
   0.0133621695
   0.0131800692
   0.0130758568
   0.0130355682
   0.0128709040
   0.0121273747
   0.0114257261
   0.0107637272
   0.0100000688
   0.0095767332
   0.0095263429
   0.0091459612
   0.0083539770
   0.0078638567
   0.0073845603
   0.0067615899
   0.0064072702
   0.0063957922
   0.0063289720
   0.0059471068
   0.0053082394
   0.0041830040
   0.0028294507
   0.0026678382
   0.0031662107
   0.0029612074
   0.0019220211
   0.0006992471
   0.0001451016
   0.0001874735
   0.0003187020
   0.0001165603
  -0.0006529212
  -0.0012612538
  -0.0012075494
  -0.0008860861
  -0.0012783433
  -0.0023829042
  -0.0031156751
  -0.0031918913
  -0.0030826046
  -0.0031282793
  -0.0032818380
  -0.0034209630
  -0.0035250390
  -0.0036325771
  -0.0038131863
  -0.0043151672
  -0.0047120986
  -0.0048347496
  -0.0046641930
  -0.0046786216
  -0.0051798804
  -0.0053984500
  -0.0053201189
  -0.0053082798
  -0.0054735375
  -0.0056788905
  -0.0058471151
  -0.0059724908
  -0.0060672958
  -0.0061532464
  -0.0062468583
  -0.0063583608
  -0.0064580899
  -0.0065355964
  -0.0065731440
  -0.0065974913
  -0.0066131825
  -0.0065527724
  -0.0058875880
  -0.0052019589
  -0.0054822555
  -0.0053364995
  -0.0041369480
  -0.0031731636
  -0.0029824539
  -0.0031603082
  -0.0032428789
  -0.0031553400
  -0.0030328013
  -0.0026509816
  -0.0018310732
  -0.0012503324
  -0.0008470305
  -0.0002395700
  -0.0003625483
  -0.0009914025
  -0.0012604760
  -0.0006207044
   0.0001682444
   0.0004176772
   0.0002685882
   0.0000983974
   0.0000348230
   0.0000016448
  -0.0000920055
  -0.0002145030
  -0.0003443839
  -0.0004886422
  -0.0006378049
  -0.0008284834
  -0.0010387927
  -0.0012067903
  -0.0013621299
  -0.0015622294
  -0.0017659865
  -0.0019659395
  -0.0021305482
  -0.0018805230
  -0.0012250042
  -0.0008778564
  -0.0009817172
  -0.0012218199
  -0.0013940679
  -0.0014985416
  -0.0015611171
  -0.0016403243
  -0.0016195184
  -0.0013639442
  -0.0014500186
  -0.0018042083
  -0.0024451715
  -0.0020476492
  -0.0007479937
   0.0000575624
   0.0001137186
  -0.0000414301
  -0.0000314823
   0.0000931773
   0.0001676363
   0.0001869141
   0.0002217943
   0.0003964672
   0.0011364976
   0.0016895064
   0.0012056354
   0.0004724729
   0.0002246771
   0.0003235561
   0.0003904813
   0.0004742558
   0.0011259476
   0.0017486212
   0.0018731054
   0.0016781888
   0.0019240059
   0.0025982012
   0.0029110556
   0.0027506109
   0.0026269398
   0.0031638560
   0.0037127401
   0.0037168018
   0.0034061770
   0.0035981418
   0.0041343623
   0.0041508754
   0.0037774089
   0.0034990693
   0.0029334107
   0.0022980987
   0.0019733508
   0.0019015246
   0.0016512089
   0.0007913543
   0.0000403566
  -0.0001917143
  -0.0001173826
  -0.0000871382
  -0.0006412525
  -0.0016844120
  -0.0028257729
  -0.0033987822
  -0.0034008919
  -0.0032489758
  -0.0032318617
  -0.0037851206
  -0.0045775909
  -0.0049121943
  -0.0048280959
  -0.0047130860
  -0.0051582134
  -0.0058831299
  -0.0057508127
  -0.0049461473
  -0.0049248579
  -0.0057045623
  -0.0062280195
  -0.0061953266
  -0.0060255388
  -0.0060461894
  -0.0061612107
  -0.0062089421
  -0.0061717658
  -0.0057224188
  -0.0050831663
  -0.0048465319
  -0.0048045616
  -0.0045640044
  -0.0040849302
  -0.0037995013
  -0.0036447747
  -0.0031475486
  -0.0027674056
  -0.0028010935
  -0.0027953159
  -0.0022735480
  -0.0018338117
  -0.0012910082
  -0.0007719142
  -0.0003981023
   0.0001840945
   0.0005546751
   0.0005131336
   0.0003424159
   0.0005615463
   0.0010765303
   0.0015652444
   0.0017545199
   0.0022318062
   0.0026520321
   0.0022086356
   0.0018390653
   0.0023704666
   0.0030435041
   0.0032623578
   0.0031798641
   0.0031162723
   0.0031502493
   0.0031945187
   0.0032290677
   0.0035670939
   0.0038625653
   0.0044122739
   0.0048960524
   0.0048821528
   0.0041114770
   0.0036466282
   0.0042731110
   0.0050264416
   0.0049520145
   0.0046132206
   0.0043400966
   0.0039989682
   0.0039840219
   0.0038942760
   0.0036683456
   0.0035273937
   0.0035221730
   0.0035215102
   0.0034698446
   0.0034244540
   0.0033815935
   0.0032951960
   0.0031919620
   0.0030862282
   0.0029699002
   0.0029614826
   0.0032545955
   0.0037328541
   0.0040087771
   0.0038693769
   0.0035540478
   0.0033197403
   0.0031786217
   0.0030421279
   0.0028715738
   0.0027100749
   0.0025552940
   0.0023967836
   0.0021000976
   0.0013869811
   0.0013971675
   0.0023274648
   0.0028313193
   0.0023895655
   0.0018235205
   0.0019660923
   0.0025137770
   0.0023613370
   0.0017413803
   0.0014045510
   0.0014525665
   0.0015936876
   0.0015267020
   0.0008321342
   0.0001150567
  -0.0001078432
  -0.0001257138
  -0.0007356795
  -0.0014800059
  -0.0017307040
  -0.0015902685
  -0.0018466710
  -0.0026670314
  -0.0032198976
  -0.0032602935
  -0.0031223945
  -0.0030538824
  -0.0030417454
  -0.0030363820
  -0.0030229508
  -0.0029925039
  -0.0029624359
  -0.0029440933
  -0.0029163243
  -0.0028954099
  -0.0027751982
  -0.0020881070
  -0.0013710436
  -0.0011330622
  -0.0012271723
  -0.0013599532
  -0.0014247180
  -0.0013891703
  -0.0008014099
  -0.0001300023
   0.0000653608
  -0.0000993894
  -0.0003249275
  -0.0007876186
  -0.0016263616
  -0.0016831898
  -0.0011786070
  -0.0008824153
  -0.0004830847
  -0.0000819871
  -0.0000254005
  -0.0002575908
  -0.0005156700
  -0.0006887096
  -0.0007344757
  -0.0002539724
   0.0004118064
   0.0008844782
   0.0006606807
  -0.0000257320
  -0.0003939019
  -0.0001974082
   0.0000431142
   0.0000225616
  -0.0001109701
   0.0000875818
   0.0006058241
   0.0012326938
   0.0015510809
   0.0015566880
   0.0015160838
   0.0015735142
   0.0016452016
   0.0016614383
   0.0016622248
   0.0016882792
   0.0017189950
   0.0017121721
   0.0016868071
   0.0016917942
   0.0017343642
   0.0017665256
   0.0017699396
   0.0017618996
   0.0017588808
   0.0017613706
   0.0017824252
   0.0018191419
   0.0018143985
   0.0012505490
   0.0004739361
   0.0001307596
   0.0001838508
   0.0000151574
  -0.0007280954
  -0.0010285885
  -0.0003840417
   0.0002670813
   0.0003914731
   0.0001940756
   0.0000128415
  -0.0000338043
  -0.0000546834
  -0.0001269890
  -0.0002484570
  -0.0003356931
   0.0000989058
   0.0007275142
   0.0008661623
   0.0000629905
  -0.0009495368
  -0.0011629376
  -0.0012600349
  -0.0015765886
  -0.0019242091
  -0.0021227392
  -0.0022256575
  -0.0023546289
  -0.0025360979
  -0.0027098097
  -0.0028437354
  -0.0029570156
  -0.0030387720
  -0.0031057159
  -0.0031766142
  -0.0032353818
  -0.0032798141
  -0.0033061374
  -0.0033132835
  -0.0033228500
  -0.0031912701
  -0.0024807810
  -0.0018381979
  -0.0016527480
  -0.0017182273
  -0.0017419775
  -0.0016927651
  -0.0016455286
  -0.0013382169
  -0.0008437328
  -0.0002825027
   0.0000281403
   0.0002033825
   0.0003712268
  -0.0000160073
  -0.0000534931
   0.0007498347
   0.0016159062
   0.0018625857
   0.0017459458
   0.0016847579
   0.0017659057
   0.0018425323
   0.0018435701
   0.0018144805
   0.0018127748
   0.0021696209
   0.0026662322
   0.0024165099
   0.0019191727
   0.0017290627
   0.0017873025
   0.0018407975
   0.0017701517
   0.0016728077
   0.0016174201
   0.0015468399
   0.0014287266
   0.0012875310
   0.0011658011
   0.0010228937
   0.0007599891
  -0.0000632124
  -0.0009642368
  -0.0016557996
  -0.0022568581
  -0.0029437726
  -0.0034438735
  -0.0036756660
  -0.0038122444
  -0.0039877099
  -0.0041658306
  -0.0043023294
  -0.0044292794
  -0.0045702680
  -0.0046868649
  -0.0047699925
  -0.0048310692
  -0.0047948941
  -0.0041934429
  -0.0034656895
  -0.0031788919
  -0.0032415494
  -0.0034035547
  -0.0037148915
  -0.0033330011
  -0.0022949549
  -0.0015987997
  -0.0014651442
  -0.0012378789
  -0.0007097183
  -0.0001247852
   0.0003826485
   0.0011245435
   0.0016667183
   0.0018665072
   0.0023876615
   0.0030489660
   0.0030497614
   0.0022461339
   0.0016943143
   0.0019099699
   0.0022339476
   0.0021727117
   0.0017969308
   0.0015915576
   0.0016025925
   0.0016368523
   0.0015931964
   0.0015345147
   0.0015169524
   0.0015322005
   0.0015839696
   0.0016314762
   0.0016427661
   0.0016320962
   0.0016405150
   0.0016726448
   0.0017134675
   0.0016600898
   0.0013523993
   0.0011042865
   0.0006421758
   0.0002912732
  -0.0000975578
  -0.0008038056
  -0.0012871939
  -0.0013822363
  -0.0013481217
  -0.0013920477
  -0.0015010390
  -0.0016172648
  -0.0017001612
  -0.0017905473
  -0.0021186132
  -0.0023780761
  -0.0023511556
  -0.0019574867
  -0.0014224075
  -0.0014572102
  -0.0015851791
  -0.0016455589
  -0.0017177122
  -0.0018659365
  -0.0020251704
  -0.0021577174
  -0.0019167309
  -0.0013922586
  -0.0016779792
  -0.0024152474
  -0.0030440382
  -0.0031918194
  -0.0029251699
  -0.0027608655
  -0.0028018485
  -0.0028895680
  -0.0029138307
  -0.0028216708
  -0.0022343251
  -0.0015617837
  -0.0013013435
  -0.0013540735
  -0.0013992052
  -0.0013200258
  -0.0012324805
  -0.0012099045
  -0.0012159098
  -0.0011932088
  -0.0011616784
  -0.0011281961
  -0.0010862205
  -0.0010542380
  -0.0010218491
  -0.0009857613
  -0.0009570008
  -0.0009195432
  -0.0008719827
  -0.0008236547
  -0.0007757985
  -0.0007454686
  -0.0007327981
  -0.0007253368
  -0.0007152842
  -0.0007670482
  -0.0010240593
  -0.0009723930
  -0.0007814334
  -0.0007214862
  -0.0005928307
  -0.0002899555
   0.0001269616
   0.0003150079
   0.0002358179
   0.0002730569
   0.0005387019
   0.0009066754
   0.0013008688
   0.0015592245
   0.0011411396
   0.0005643382
   0.0005465449
   0.0011201200
   0.0014430391
   0.0015782804
   0.0019791612
   0.0022625637
   0.0022315007
   0.0020462162
   0.0018953089
   0.0018130677
   0.0019572607
   0.0020977227
   0.0023964275
   0.0027774822
   0.0029119293
   0.0028397483
   0.0027586913
   0.0027618137
   0.0028020517
   0.0028263802
   0.0028164034
   0.0028761443
   0.0030970156
   0.0033399464
   0.0037783028
   0.0040675926
   0.0040906055
   0.0040033064
   0.0039557795
   0.0039841141
   0.0040100346
   0.0039878904
   0.0039364622
   0.0036169881
   0.0030195532
   0.0029403169
   0.0035046018
   0.0039386604
   0.0039519009
   0.0037988157
   0.0037238545
   0.0037286219
   0.0037223116
   0.0036566239
   0.0035602180
   0.0035873417
   0.0040378957
   0.0043329732
   0.0038222061
   0.0031185184
   0.0027898894
   0.0027619702
   0.0026978974
   0.0025430471
   0.0023658418
   0.0021857414
   0.0018977343
   0.0012486305
   0.0006640670
   0.0004192278
   0.0003393654
   0.0001277807
  -0.0005129562
  -0.0010888647
  -0.0012893933
  -0.0012863139
  -0.0013168807
  -0.0014108335
  -0.0014923071
  -0.0015219964
  -0.0015218638
  -0.0015431204
  -0.0015647394
  -0.0015629566
  -0.0015450484
  -0.0015275239
  -0.0015138528
  -0.0014857076
  -0.0014454430
  -0.0014049323
  -0.0013798943
  -0.0013521607
  -0.0013238981
  -0.0013257806
  -0.0016613713
  -0.0019404205
  -0.0016391842
  -0.0012330425
  -0.0011028875
  -0.0011647073
  -0.0012088376
  -0.0011803104
  -0.0011389610
  -0.0011244334
  -0.0011339900
  -0.0011379291
  -0.0009696637
  -0.0006329057
  -0.0007374951
  -0.0010289874
  -0.0011535495
  -0.0010914273
  -0.0010216858
  -0.0010158168
  -0.0010204059
  -0.0010054559
  -0.0008298649
  -0.0003658556
  -0.0000155144
   0.0001008728
   0.0003901331
   0.0007968255
   0.0010013370
   0.0009967126
   0.0009294588
   0.0010347957
   0.0014534566
   0.0017779645
   0.0021012339
   0.0023957192
   0.0024957753
   0.0024219440
   0.0022949246
   0.0021989656
   0.0021075783
   0.0021082588
   0.0021320191
   0.0021284271
   0.0021783061
   0.0021664014
   0.0019180086
   0.0014781991
   0.0011447492
   0.0009754329
   0.0006567580
   0.0004810627
   0.0005671554
   0.0006421871
   0.0005509575
   0.0001384716
  -0.0003279063
  -0.0005492415
  -0.0005691576
  -0.0005485959
  -0.0005783218
  -0.0006219836
  -0.0004964444
  -0.0003331573
  -0.0007617682
  -0.0013220863
  -0.0015078064
  -0.0014127438
  -0.0013135968
  -0.0013055896
  -0.0013222391
  -0.0012749218
  -0.0010673336
  -0.0008231027
  -0.0008472400
  -0.0008076745
  -0.0006045275
  -0.0005612683
  -0.0006136057
  -0.0006969192
  -0.0009376641
  -0.0011157532
  -0.0011386989
  -0.0010905074
  -0.0010596394
  -0.0010555898
  -0.0010510979
  -0.0010351030
  -0.0010189174
  -0.0010226069
  -0.0010289614
  -0.0010131046
  -0.0009913964
  -0.0009760784
  -0.0009483181
  -0.0009162396
  -0.0008940574
  -0.0008807984
  -0.0008709793
  -0.0009758062
  -0.0011966002
  -0.0011931321
  -0.0009194228
  -0.0006968979
  -0.0006514450
  -0.0006832554
  -0.0006885319
  -0.0006615147
  -0.0006373267
  -0.0006278877
  -0.0006223656
  -0.0005753867
  -0.0002519091
   0.0001310982
   0.0001437422
  -0.0001014874
  -0.0001842525
  -0.0000479287
   0.0000790331
   0.0000641696
  -0.0000237255
  -0.0001625258
  -0.0002482555
  -0.0003995038
  -0.0005609329
  -0.0006411478
  -0.0006554868
  -0.0006665371
  -0.0006845056
  -0.0007030753
  -0.0007195921
  -0.0007345842
  -0.0007444094
  -0.0007438873
  -0.0006819217
  -0.0005744829
  -0.0005011046
  -0.0005094888
  -0.0005409049
  -0.0005379101
  -0.0005089219
  -0.0004440615
  -0.0003973091
  -0.0003816951
  -0.0003728869
  -0.0003567716
  -0.0003402853
  -0.0003289907
  -0.0003164548
  -0.0003362627
  -0.0004616294
  -0.0004491482
  -0.0003101916
  -0.0002151756
  -0.0002062449
  -0.0002224677
  -0.0002189027
  -0.0001951037
  -0.0001348797
  -0.0000561982
   0.0000094450
   0.0000391939
   0.0000976884
   0.0001704632
   0.0001972598
   0.0001533203
   0.0000843688
   0.0000361238
   0.0000562168
   0.0001056416
   0.0000976499
   0.0000673058
   0.0000560037
   0.0000530469
   0.0000371427
   0.0000352591
   0.0000599531
   0.0000758605
   0.0000663976
   0.0000458917
   0.0000294275
   0.0000171304
   0.0000055929
  -0.0000207965
  -0.0000606856
  -0.0001025719
  -0.0001072195
  -0.0000931028
  -0.0000762478
  -0.0000617277
  -0.0000578081
  -0.0000605364
  -0.0000633970
  -0.0000653646
  -0.0000618827
  -0.0000433416
  -0.0000173262
   0.0000037809
   0.0000080005
  -0.0000159845
  -0.0000424932
  -0.0000288754
   0.0000064803
   0.0000356214
   0.0000520455
   0.0000633207
   0.0000682404
   0.0000680073
   0.0000655851
   0.0000638945
   0.0000631496
   0.0000640266
   0.0000766688
   0.0000887472
   0.0000788679
   0.0000645562
   0.0000590870
   0.0000640601
   0.0000643525
   0.0000596184
   0.0000580022
   0.0000571293
   0.0000593527
   0.0000604545
   0.0000585081
   0.0000588025
   0.0000616644
   0.0000629576
   0.0000651189
   0.0000651942
   0.0000622500
   0.0000581193
   0.0000544027
   0.0000513314
   0.0000488268
   0.0000463314
   0.0000435518
   0.0000407117
   0.0000380509
   0.0000355548
   0.0000328859
   0.0000302903
   0.0000259404
   0.0000188593
   0.0000120515
   0.0000063138
   0.0000034899
   0.0000029607
   0.0000029554
   0.0000011092
  -0.0000020179
  -0.0000010380
   0.0000020052
   0.0000035401
   0.0000030939
   0.0000014930
   0.0000001114
  -0.0000000944
   0.0000007459
   0.0000019418
   0.0000031082
   0.0000045802
   0.0000072899
   0.0000098631
   0.0000112111
   0.0000119331
   0.0000127612
   0.0000138510
   0.0000150020
   0.0000160331
   0.0000169683
   0.0000179329
   0.0000189396
   0.0000199489
   0.0000212752
   0.0000226196
   0.0000236452
   0.0000241066
   0.0000244689
   0.0000252016
   0.0000263107
   0.0000274521
   0.0000283568
   0.0000290771
   0.0000297956
   0.0000303556
   0.0000308658
   0.0000314221
   0.0000319087
   0.0000323051
   0.0000328290
   0.0000335874
   0.0000343397
   0.0000349364
   0.0000354422
   0.0000359490
   0.0000365204
   0.0000371252
   0.0000376542
   0.0000380682
   0.0000384070
   0.0000388546
   0.0000394126
   0.0000399326
   0.0000403451
   0.0000407318
   0.0000411627
   0.0000416161
   0.0000420563
   0.0000424664
   0.0000428593
   0.0000432479
   0.0000436341
   0.0000440151
   0.0000443827
   0.0000447424
   0.0000450983
   0.0000454495
   0.0000457943
   0.0000461320
   0.0000464630
   0.0000467878
   0.0000471054
   0.0000474163
   0.0000477222
   0.0000480230
   0.0000483176
   0.0000486057
   0.0000488875
   0.0000491631
   0.0000494326
   0.0000496959
   0.0000499534
   0.0000502052
   0.0000504514
   0.0000506918
   0.0000509265
   0.0000511557
   0.0000513796
   0.0000515981
   0.0000518114
   0.0000520196
   0.0000522228
   0.0000524210
   0.0000526144
   0.0000528031
   0.0000529872
   0.0000531667
   0.0000533417
   0.0000535124
   0.0000536788
