     0.000    0.0031683440
     0.020   -0.0014543152
     0.040   -0.0034582157
     0.060    0.0020866901
     0.080    0.0061954017
     0.100    0.0113220418
     0.120    0.0105538123
     0.140    0.0067824628
     0.160    0.0034705757
     0.180    0.0017738181
     0.200    0.0003334431
     0.220   -0.0016123259
     0.240    0.0017977008
     0.260    0.0056332880
     0.280    0.0105038366
     0.300    0.0046677326
     0.320   -0.0046333053
     0.340   -0.0098335554
     0.360   -0.0070303499
     0.380   -0.0010765212
     0.400   -0.0050241452
     0.420   -0.0078015426
     0.440   -0.0066787424
     0.460   -0.0057131253
     0.480   -0.0006393550
     0.500    0.0017988894
     0.520    0.0011228178
     0.540   -0.0009870922
     0.560   -0.0032880111
     0.580   -0.0032217570
     0.600   -0.0063302591
     0.620   -0.0055047646
     0.640   -0.0070512225
     0.660   -0.0025745695
     0.680    0.0013605135
     0.700   -0.0019945298
     0.720   -0.0028953672
     0.740    0.0006286492
     0.760    0.0085074483
     0.780    0.0048816902
     0.800   -0.0008501256
     0.820    0.0007589275
     0.840    0.0011252064
     0.860    0.0030317039
     0.880    0.0058909464
     0.900   -0.0025585707
     0.920   -0.0067670472
     0.940   -0.0037119912
     0.960    0.0007745482
     0.980   -0.0026721858
     1.000   -0.0068249571
     1.020   -0.0066109426
     1.040   -0.0013627140
     1.060   -0.0008125462
     1.080    0.0017493406
     1.100    0.0049859203
     1.120    0.0000280738
     1.140    0.0010304391
     1.160   -0.0011854510
     1.180    0.0020051640
     1.200    0.0024998833
     1.220   -0.0071657218
     1.240   -0.0095847627
     1.260   -0.0069961905
     1.280   -0.0074565749
     1.300   -0.0022952258
     1.320    0.0000540672
     1.340   -0.0058974701
     1.360   -0.0025181720
     1.380    0.0004332211
     1.400    0.0022312386
     1.420    0.0069622657
     1.440    0.0074087209
     1.460    0.0053549845
     1.480    0.0006874866
     1.500   -0.0032039210
     1.520    0.0044673321
     1.540    0.0061832598
     1.560    0.0025966131
     1.580    0.0013070330
     1.600   -0.0007272756
     1.620   -0.0000534936
     1.640   -0.0040438949
     1.660   -0.0073694055
     1.680   -0.0062362199
     1.700   -0.0026173529
     1.720    0.0054166967
     1.740    0.0116035455
     1.760    0.0122532789
     1.780    0.0095783386
     1.800   -0.0016464624
     1.820   -0.0039443110
     1.840   -0.0019986249
     1.860    0.0073798548
     1.880    0.0113833771
     1.900    0.0027313260
     1.920    0.0042563875
     1.940   -0.0005849775
     1.960   -0.0128107890
     1.980   -0.0111721338
     2.000   -0.0086847171
     2.020   -0.0072925930
     2.040   -0.0134445119
     2.060   -0.0063195159
     2.080    0.0073727551
     2.100    0.0053846542
     2.120    0.0061844142
     2.140    0.0066505259
     2.160    0.0011080339
     2.180    0.0033730067
     2.200    0.0121013228
     2.220    0.0034591236
     2.240    0.0010792343
     2.260    0.0121939894
     2.280    0.0115794348
     2.300    0.0009254784
     2.320   -0.0036329030
     2.340    0.0030424993
     2.360    0.0027519354
     2.380   -0.0097130752
     2.400   -0.0135219360
     2.420   -0.0011933017
     2.440    0.0039202429
     2.460    0.0064925319
     2.480    0.0025436790
     2.500   -0.0127552118
     2.520   -0.0058429336
     2.540    0.0030185166
     2.560    0.0062026128
     2.580    0.0112798747
     2.600    0.0059697170
     2.620    0.0015372266
     2.640   -0.0101780774
     2.660   -0.0208900377
     2.680   -0.0143596009
     2.700   -0.0058584724
     2.720    0.0002223083
     2.740    0.0063224767
     2.760    0.0025332629
     2.780   -0.0065054087
     2.800   -0.0015151785
     2.820    0.0123586778
     2.840    0.0216119209
     2.860    0.0135019287
     2.880    0.0062840574
     2.900    0.0003573187
     2.920   -0.0056491445
     2.940   -0.0071994001
     2.960    0.0023149048
     2.980    0.0102745867
     3.000   -0.0059766437
     3.020   -0.0131244988
     3.040   -0.0140460476
     3.060   -0.0081514031
     3.080    0.0065325442
     3.100    0.0059085927
     3.120   -0.0038456682
     3.140    0.0003056457
     3.160    0.0032045350
     3.180    0.0032769028
     3.200    0.0021741724
     3.220   -0.0048671351
     3.240   -0.0041178106
     3.260    0.0014553691
     3.280   -0.0032452869
     3.300   -0.0021889056
     3.320    0.0073134348
     3.340    0.0096369667
     3.360    0.0070448173
     3.380   -0.0006879674
     3.400   -0.0116487090
     3.420   -0.0122003046
     3.440   -0.0003307857
     3.460    0.0026625401
     3.480   -0.0002197586
     3.500   -0.0028216411
     3.520    0.0019053087
     3.540   -0.0015814817
     3.560   -0.0013422753
     3.580    0.0064071641
     3.600   -0.0015020232
     3.620   -0.0007260975
     3.640    0.0088585320
     3.660    0.0126619572
     3.680    0.0082878702
     3.700    0.0088293720
     3.720    0.0076929459
     3.740   -0.0016912179
     3.760   -0.0065465612
     3.780   -0.0098665390
     3.800   -0.0145308817
     3.820   -0.0151452562
     3.840   -0.0180638239
     3.860   -0.0114677090
     3.880   -0.0003089773
     3.900    0.0100156505
     3.920    0.0134636682
     3.940   -0.0007562910
     3.960   -0.0083487527
     3.980   -0.0002148751
     4.000    0.0077086958
     4.020    0.0171870688
     4.040    0.0130984727
     4.060   -0.0112502833
     4.080   -0.0277094241
     4.100   -0.0202913561
     4.120   -0.0067944957
     4.140    0.0078510892
     4.160    0.0051480058
     4.180   -0.0113787474
     4.200   -0.0050776577
     4.220   -0.0047657638
     4.240   -0.0025921257
     4.260    0.0106727019
     4.280    0.0238263891
     4.300    0.0242110799
     4.320    0.0124961998
     4.340    0.0026719962
     4.360    0.0036075311
     4.380    0.0426283770
     4.400    0.0618394010
     4.420    0.0503786354
     4.440    0.0041576261
     4.460   -0.0404999663
     4.480   -0.0502373513
     4.500   -0.0325985150
     4.520    0.0146747188
     4.540    0.0294221610
     4.560    0.0128135815
     4.580   -0.0207982695
     4.600   -0.0352964236
     4.620   -0.0238500234
     4.640   -0.0221331356
     4.660   -0.0350546288
     4.680   -0.0205712905
     4.700   -0.0099177426
     4.720    0.0014683497
     4.740    0.0129175983
     4.760   -0.0070979529
     4.780   -0.0225778200
     4.800   -0.0101691974
     4.820    0.0264362322
     4.840    0.0420902650
     4.860    0.0422647128
     4.880    0.0339713169
     4.900    0.0300203898
     4.920    0.0375184704
     4.940    0.0522779573
     4.960    0.0450414891
     4.980    0.0221726335
     5.000   -0.0043860321
     5.020   -0.0001888483
     5.040    0.0317885973
     5.060    0.0599821799
     5.080    0.0262359455
     5.100   -0.0442090512
     5.120   -0.0624068128
     5.140   -0.0585934243
     5.160   -0.0425503626
     5.180   -0.0390538911
     5.200   -0.0428935690
     5.220   -0.0387151651
     5.240   -0.0494822167
     5.260   -0.0557666059
     5.280   -0.0183440996
     5.300   -0.0108674320
     5.320   -0.0138682075
     5.340    0.0192143642
     5.360    0.0338696920
     5.380    0.0300012832
     5.400    0.0142435323
     5.420    0.0339306385
     5.440    0.0698858107
     5.460    0.0545151045
     5.480    0.0267282587
     5.500    0.0234592711
     5.520    0.0194215894
     5.540    0.0021211985
     5.560    0.0074191086
     5.580   -0.0024556301
     5.600   -0.0273917246
     5.620   -0.0384345883
     5.640   -0.0235351947
     5.660   -0.0083092690
     5.680    0.0051129693
     5.700    0.0042645469
     5.720   -0.0153398442
     5.740   -0.0354089293
     5.760   -0.0557292937
     5.780   -0.0442631943
     5.800   -0.0427518108
     5.820   -0.0637902821
     5.840   -0.0697119080
     5.860   -0.0729519585
     5.880   -0.0057697219
     5.900    0.0733245595
     5.920    0.0521585059
     5.940    0.0182662772
     5.960   -0.0076393244
     5.980   -0.0248913767
     6.000   -0.0468728240
     6.020   -0.0523786103
     6.040   -0.0414156812
     6.060   -0.0323460291
     6.080    0.0069310647
     6.100    0.0497315498
     6.120    0.0661908304
     6.140    0.0579267107
     6.160    0.0588578103
     6.180    0.0788593137
     6.200    0.0677110560
     6.220   -0.0197313807
     6.240   -0.0648917523
     6.260   -0.0500094479
     6.280   -0.0303709211
     6.300   -0.0050282486
     6.320    0.0085439759
     6.340    0.0012420561
     6.360   -0.0027474622
     6.380   -0.0038353634
     6.400   -0.0041761851
     6.420    0.0179820877
     6.440    0.0205188116
     6.460   -0.0014794146
     6.480   -0.0318269051
     6.500   -0.0516589626
     6.520   -0.0296267858
     6.540    0.0064637394
     6.560    0.0188681021
     6.580    0.0126760382
     6.600   -0.0014155351
     6.620   -0.0122622988
     6.640   -0.0257592304
     6.660   -0.0290693776
     6.680   -0.0117449267
     6.700    0.0205519398
     6.720    0.0339912531
     6.740    0.0252022253
     6.760    0.0176486930
     6.780    0.0368667386
     6.800    0.0473079362
     6.820   -0.0022137068
     6.840   -0.0346311560
     6.860   -0.0293311086
     6.880   -0.0415585772
     6.900   -0.0426853173
     6.920   -0.0375739410
     6.940    0.0016717126
     6.960    0.0386907248
     6.980    0.0522460736
     7.000    0.0699338378
     7.020    0.0482407426
     7.040    0.0158597836
     7.060    0.0086130392
     7.080    0.0081901804
     7.100   -0.0188618653
     7.120    0.0047830924
     7.140    0.0455765431
     7.160    0.0402553032
     7.180   -0.0190327810
     7.200    0.0151322681
     7.220    0.1041736891
     7.240    0.1129059663
     7.260    0.0331651920
     7.280   -0.0401834285
     7.300   -0.0420335143
     7.320   -0.0339166049
     7.340    0.0105785465
     7.360    0.0368576357
     7.380   -0.0476758672
     7.400   -0.0960786598
     7.420   -0.0646552438
     7.440   -0.0738262126
     7.460   -0.0959940079
     7.480   -0.1024915084
     7.500   -0.0692693761
     7.520   -0.0071814646
     7.540    0.0445535614
     7.560    0.0584741863
     7.580    0.0558464219
     7.600    0.0540308037
     7.620    0.0504960955
     7.640    0.0346612144
     7.660    0.0241144094
     7.680    0.0218151328
     7.700    0.0127066893
     7.720   -0.0033290214
     7.740    0.0066038381
     7.760    0.0364874052
     7.780    0.0564066747
     7.800    0.0670002741
     7.820    0.0254918101
     7.840   -0.0401818402
     7.860   -0.0718087905
     7.880   -0.0845587729
     7.900   -0.0606286017
     7.920   -0.0233970232
     7.940   -0.0048462198
     7.960   -0.0047033736
     7.980   -0.0031170574
     8.000   -0.0046450560
     8.020   -0.0028653088
     8.040   -0.0076188169
     8.060   -0.0170826348
     8.080   -0.0110813090
     8.100   -0.0042216852
     8.120    0.0642302064
     8.140    0.1148847961
     8.160    0.0785947381
     8.180    0.0000669984
     8.200   -0.0350756791
     8.220   -0.0142431222
     8.240    0.0491990323
     8.260    0.0846662294
     8.280    0.0247770457
     8.300   -0.0415501855
     8.320   -0.0185147736
     8.340    0.0189540531
     8.360    0.0270616747
     8.380    0.0150134022
     8.400   -0.0061724880
     8.420   -0.0408191592
     8.440   -0.0636766149
     8.460    0.0196819266
     8.480    0.0796864416
     8.500    0.0541558969
     8.520   -0.0151977518
     8.540   -0.0279456244
     8.560   -0.0082077318
     8.580   -0.0090997792
     8.600   -0.0304643914
     8.620   -0.0641974456
     8.640   -0.0847914174
     8.660   -0.0651095810
     8.680    0.0144625249
     8.700    0.0487232180
     8.720    0.0192804405
     8.740   -0.0232295163
     8.760   -0.0247047443
     8.780   -0.0008565012
     8.800    0.0118669904
     8.820    0.0072997615
     8.840   -0.0089535076
     8.860   -0.0255189053
     8.880   -0.0265517485
     8.900    0.0135280283
     8.920    0.0519955078
     8.940    0.0501030130
     8.960    0.0406347551
     8.980   -0.0239946024
     9.000   -0.0531409514
     9.020    0.0172598727
     9.040    0.0296040523
     9.060   -0.0177562253
     9.080   -0.0163686977
     9.100    0.0478739493
     9.120    0.0450456850
     9.140    0.0155539914
     9.160   -0.0062337166
     9.180   -0.0438281533
     9.200   -0.0589331223
     9.220   -0.0490076351
     9.240   -0.0626614085
     9.260   -0.1075825455
     9.280   -0.1280004575
     9.300   -0.0491659159
     9.320    0.0585175197
     9.340    0.0765661271
     9.360    0.0492244919
     9.380    0.0035182045
     9.400   -0.0171553984
     9.420   -0.0174891155
     9.440   -0.0310780050
     9.460   -0.0260705768
     9.480   -0.0078682377
     9.500   -0.0187343920
     9.520   -0.0183092693
     9.540    0.0212047100
     9.560    0.0660117601
     9.580    0.0835959792
     9.600    0.1010877711
     9.620    0.1066685137
     9.640    0.0790295420
     9.660    0.0459401361
     9.680   -0.0158647048
     9.700   -0.0450933802
     9.720   -0.0544000149
     9.740   -0.0743509073
     9.760   -0.1131741215
     9.780   -0.0259838388
     9.800    0.1174444548
     9.820    0.1426628472
     9.840    0.0670551283
     9.860   -0.0583520088
     9.880   -0.1177014211
     9.900   -0.0743441276
     9.920   -0.0017254036
     9.940   -0.0600553821
     9.960   -0.1136376327
     9.980   -0.1034689758
    10.000    0.0307501360
    10.020    0.2150646276
    10.040    0.1542056334
    10.060   -0.0494725449
    10.080   -0.1458268033
    10.100   -0.1385843140
    10.120   -0.0034419254
    10.140    0.1617581416
    10.160    0.2128226445
    10.180    0.1406800823
    10.200   -0.0467555298
    10.220   -0.1684153927
    10.240   -0.2050147347
    10.260   -0.0974174444
    10.280    0.0061815079
    10.300    0.0164462237
    10.320    0.0482275387
    10.340    0.0423401907
    10.360    0.0249696281
    10.380    0.0020331416
    10.400   -0.0158912312
    10.420   -0.0332955478
    10.440   -0.0299664126
    10.460    0.0261203581
    10.480    0.0668508591
    10.500    0.0270131024
    10.520   -0.0064999517
    10.540    0.0258353010
    10.560    0.0536587479
    10.580    0.0497973796
    10.600    0.0034600458
    10.620   -0.0302826897
    10.640    0.0080440035
    10.660    0.0161564232
    10.680    0.0083076974
    10.700    0.0282123810
    10.720    0.0063980257
    10.740   -0.0611860335
    10.760   -0.1387178938
    10.780   -0.1146532420
    10.800    0.0465748475
    10.820    0.1496407608
    10.840    0.1565280488
    10.860    0.0817079884
    10.880   -0.0615844023
    10.900   -0.1252835610
    10.920   -0.1022508278
    10.940    0.0005818050
    10.960    0.0704800807
    10.980    0.0774150165
    11.000    0.0665927076
    11.020    0.0079383700
    11.040   -0.0888812581
    11.060   -0.0693764296
    11.080    0.0332317567
    11.100   -0.0224432967
    11.120   -0.1028332451
    11.140   -0.0994195291
    11.160   -0.0735362959
    11.180    0.0257590882
    11.200    0.1302437918
    11.220    0.1641730080
    11.240    0.0952647121
    11.260    0.0174935579
    11.280    0.0267493327
    11.300    0.0210405716
    11.320    0.0062404750
    11.340   -0.0127647366
    11.360   -0.0317116733
    11.380   -0.0649609483
    11.400   -0.1113688625
    11.420   -0.1048028534
    11.440    0.0072079340
    11.460    0.1074424230
    11.480    0.0484968317
    11.500   -0.0827984356
    11.520   -0.1361611034
    11.540   -0.0968596807
    11.560   -0.0111610136
    11.580    0.0738303136
    11.600    0.0836547448
    11.620    0.0302859848
    11.640    0.0163390754
    11.660    0.0146513856
    11.680    0.0180557119
    11.700    0.0357648654
    11.720    0.0093562240
    11.740   -0.0323705405
    11.760   -0.0151092952
    11.780    0.0257613402
    11.800    0.0413523167
    11.820    0.0429025533
    11.840    0.0309507783
    11.860    0.0309458712
    11.880    0.0099995902
    11.900   -0.0563682720
    11.920   -0.1268589253
    11.940   -0.1453278289
    11.960   -0.1354389903
    11.980   -0.1062186568
    12.000   -0.0643112314
    12.020   -0.0126539424
    12.040    0.0144730762
    12.060    0.0024561753
    12.080   -0.0085650903
    12.100   -0.0136792235
    12.120    0.0240982186
    12.140    0.0595169145
    12.160    0.0744380720
    12.180    0.0922122897
    12.200    0.1037411135
    12.220    0.1092953298
    12.240    0.1136066497
    12.260    0.1165033515
    12.280    0.1256531752
    12.300    0.1002507817
    12.320    0.0466064467
    12.340   -0.0043907045
    12.360   -0.0849351431
    12.380   -0.0852772591
    12.400   -0.0299670764
    12.420   -0.0007871734
    12.440    0.0148785969
    12.460    0.0609456610
    12.480    0.0469396021
    12.500   -0.0971413005
    12.520   -0.1620494095
    12.540   -0.1480798094
    12.560   -0.0421889505
    12.580    0.0208257962
    12.600    0.0135383069
    12.620    0.0090072287
    12.640   -0.0191497172
    12.660   -0.0343637831
    12.680   -0.0281089307
    12.700   -0.0095273554
    12.720    0.0186533243
    12.740    0.1243078241
    12.760    0.1667931392
    12.780    0.0298534565
    12.800   -0.0954066361
    12.820   -0.0977623576
    12.840   -0.0318785354
    12.860   -0.0024592405
    12.880   -0.0271367497
    12.900   -0.0548634549
    12.920   -0.0828344204
    12.940   -0.1014047830
    12.960   -0.0960157220
    12.980   -0.0553555311
    13.000   -0.0140235085
    13.020    0.0169360621
    13.040    0.0355565189
    13.060    0.0493558670
    13.080    0.0711389478
    13.100    0.0924973468
    13.120    0.0335456632
    13.140   -0.0232622534
    13.160    0.0100806910
    13.180    0.0758271121
    13.200    0.1008628545
    13.220    0.0982031590
    13.240    0.0960999235
    13.260    0.0535515285
    13.280    0.0012271774
    13.300   -0.0155707701
    13.320   -0.0200922950
    13.340   -0.0325109711
    13.360   -0.0856283594
    13.380   -0.1269856305
    13.400   -0.1299651826
    13.420   -0.1055740129
    13.440    0.0034968744
    13.460    0.0262385294
    13.480   -0.0163948257
    13.500   -0.0284993108
    13.520    0.0208769974
    13.540    0.0792538423
    13.560    0.0819789883
    13.580    0.0854490756
    13.600    0.0761715274
    13.620    0.0641565064
    13.640    0.0665019398
    13.660    0.0636416020
    13.680    0.0492018058
    13.700    0.0264366826
    13.720    0.0119629427
    13.740   -0.0108118240
    13.760   -0.0642993787
    13.780   -0.0806041714
    13.800   -0.0525588897
    13.820   -0.0168314526
    13.840    0.0039556848
    13.860    0.0033754887
    13.880   -0.0187583463
    13.900   -0.0431147164
    13.920   -0.0439278344
    13.940    0.0210541334
    13.960    0.0996789370
    13.980    0.0797947752
    14.000    0.0035425713
    14.020   -0.0241121574
    14.040   -0.0194095092
    14.060   -0.0193300084
    14.080   -0.0129685032
    14.100   -0.0102144509
    14.120   -0.0148206799
    14.140   -0.0113703036
    14.160   -0.0430719519
    14.180   -0.0713356550
    14.200   -0.0623218291
    14.220   -0.0588209010
    14.240   -0.0731039099
    14.260   -0.0761869596
    14.280   -0.0509972745
    14.300   -0.0123512746
    14.320    0.0051692909
    14.340   -0.0052059868
    14.360   -0.0356213531
    14.380   -0.0613296881
    14.400    0.0012461490
    14.420    0.0487520201
    14.440    0.0471972795
    14.460    0.0508219259
    14.480    0.0503285696
    14.500    0.0537983251
    14.520    0.0584963982
    14.540    0.0576333804
    14.560    0.0502707996
    14.580    0.0639659152
    14.600    0.0533057037
    14.620   -0.0013132997
    14.640   -0.0387216840
    14.660   -0.0392808227
    14.680   -0.0336834389
    14.700   -0.0417524871
    14.720   -0.0310848084
    14.740   -0.0224526627
    14.760   -0.0216646250
    14.780   -0.0161179565
    14.800   -0.0123123693
    14.820    0.0043931011
    14.840    0.0282944015
    14.860    0.0391971901
    14.880    0.0285946301
    14.900    0.0150515845
    14.920    0.0098092502
    14.940    0.0261979221
    14.960    0.0406379790
    14.980    0.0522732399
    15.000    0.0316947240
    15.020   -0.0226754363
    15.040   -0.0556880937
    15.060   -0.0700462012
    15.080   -0.0788771402
    15.100   -0.0368320576
    15.120    0.0125425201
    15.140    0.0027259449
    15.160   -0.0256273337
    15.180    0.0010248926
    15.200    0.1086718548
    15.220    0.1457521551
    15.240    0.1096797124
    15.260    0.0666647009
    15.280    0.0175443443
    15.300   -0.0301912818
    15.320   -0.0700779901
    15.340   -0.0959562689
    15.360   -0.0857144336
    15.380   -0.0308966352
    15.400   -0.0170516139
    15.420   -0.0298207431
    15.440   -0.0137635578
    15.460    0.0302262472
    15.480    0.0437499019
    15.500    0.0210552594
    15.520   -0.0084486685
    15.540   -0.0146122552
    15.560    0.0116996542
    15.580    0.0208299778
    15.600   -0.0023943897
    15.620   -0.0154926443
    15.640   -0.0083404890
    15.660   -0.0116458857
    15.680   -0.0165085120
    15.700   -0.0264414711
    15.720   -0.0351583635
    15.740   -0.0399074031
    15.760   -0.0388608583
    15.780   -0.0033389634
    15.800    0.0345138144
    15.820    0.0542565974
    15.840    0.0877451544
    15.860    0.1066005267
    15.880    0.0930917827
    15.900    0.0735695071
    15.920    0.0357458774
    15.940   -0.0090879882
    15.960   -0.0368679476
    15.980   -0.0413852909
    16.000   -0.0291481506
    16.020   -0.0384257225
    16.040   -0.0539659932
    16.060   -0.0558836868
    16.080   -0.0438207335
    16.100   -0.0337717177
    16.120   -0.0365281785
    16.140   -0.0490775186
    16.160   -0.0610223479
    16.180   -0.0754673119
    16.200   -0.0587743437
    16.220   -0.0194972475
    16.240   -0.0004148552
    16.260    0.0075935517
    16.280   -0.0025496930
    16.300   -0.0249304195
    16.320   -0.0115234806
    16.340    0.0408033240
    16.360    0.0683751383
    16.380    0.0881469841
    16.400    0.1057497172
    16.420    0.1226006106
    16.440    0.1184398909
    16.460    0.0758554163
    16.480    0.0317473973
    16.500   -0.0061542373
    16.520   -0.0343766077
    16.540   -0.0521344924
    16.560   -0.0551717670
    16.580   -0.0519851959
    16.600   -0.0438515742
    16.620   -0.0293465645
    16.640    0.0080057004
    16.660    0.0354690224
    16.680    0.0402710435
    16.700    0.0396739763
    16.720    0.0341174842
    16.740    0.0342504714
    16.760    0.0436683554
    16.780    0.0500834324
    16.800    0.0181957443
    16.820   -0.0025239585
    16.840    0.0017267110
    16.860    0.0164036157
    16.880    0.0089083157
    16.900   -0.0205061268
    16.920   -0.0443809389
    16.940   -0.0631350419
    16.960   -0.0653235220
    16.980   -0.0664140402
    17.000   -0.0589259158
    17.020   -0.0412653654
    17.040   -0.0232033692
    17.060   -0.0182561195
    17.080   -0.0264070509
    17.100   -0.0334313796
    17.120   -0.0278510162
    17.140   -0.0126278025
    17.160    0.0446748855
    17.180    0.0810947541
    17.200    0.0706546707
    17.220    0.0232801604
    17.240   -0.0382228993
    17.260   -0.0512733710
    17.280   -0.0424916444
    17.300   -0.0289389269
    17.320   -0.0220237590
    17.340   -0.0091771868
    17.360    0.0022524445
    17.380    0.0047237507
    17.400   -0.0106495085
    17.420   -0.0226595751
    17.440   -0.0243643588
    17.460   -0.0238832109
    17.480   -0.0132492152
    17.500   -0.0149488762
    17.520   -0.0381661249
    17.540   -0.0534090592
    17.560   -0.0457110711
    17.580    0.0145198706
    17.600    0.0693616375
    17.620    0.0680128728
    17.640    0.0467085221
    17.660    0.0322201773
    17.680    0.0353899887
    17.700    0.0419788260
    17.720    0.0573060803
    17.740    0.0752330791
    17.760    0.0849898314
    17.780    0.0781495986
    17.800    0.0740997489
    17.820    0.0704102209
    17.840    0.0461054574
    17.860    0.0107935305
    17.880   -0.0045267544
    17.900   -0.0006219953
    17.920    0.0002898226
    17.940   -0.0118870167
    17.960   -0.0329735578
    17.980   -0.0856752960
    18.000   -0.1409472419
    18.020   -0.1630429017
    18.040   -0.1544668903
    18.060   -0.1242043502
    18.080   -0.0998726573
    18.100   -0.0838945721
    18.120   -0.0754197589
    18.140   -0.0732386986
    18.160   -0.0849079294
    18.180   -0.0761309438
    18.200   -0.0420430676
    18.220   -0.0138931124
    18.240   -0.0058267309
    18.260   -0.0182136608
    18.280   -0.0277817017
    18.300   -0.0209196931
    18.320    0.0199384045
    18.340    0.0656621058
    18.360    0.0846552538
    18.380    0.0899632187
    18.400    0.0864282972
    18.420    0.0928697108
    18.440    0.1007960290
    18.460    0.1031829468
    18.480    0.0890241066
    18.500    0.0559177988
    18.520   -0.0108217778
    18.540   -0.0888909536
    18.560   -0.1206538305
    18.580   -0.1141979566
    18.600   -0.0951766466
    18.620   -0.0379706504
    18.640    0.0193370679
    18.660    0.0381756782
    18.680    0.0584888599
    18.700    0.0778740710
    18.720    0.0948096874
    18.740    0.0930836755
    18.760    0.0384434778
    18.780   -0.0206562767
    18.800   -0.0238266262
    18.820   -0.0113259556
    18.840    0.0044777103
    18.860    0.0056071789
    18.880   -0.0101771505
    18.900   -0.0153926929
    18.920   -0.0122615355
    18.940   -0.0087167597
    18.960   -0.0163358278
    18.980   -0.0107093812
    19.000    0.0064748193
    19.020    0.0221433029
    19.040    0.0418955728
    19.060    0.0462676021
    19.080    0.0320912438
    19.100    0.0334089780
    19.120    0.0506755215
    19.140    0.0679859198
    19.160    0.0659600586
    19.180    0.0472310833
    19.200    0.0350953783
    19.220    0.0387123441
    19.240    0.0481836363
    19.260    0.0402408429
    19.280    0.0269954182
    19.300    0.0208682430
    19.320    0.0193449997
    19.340    0.0212769473
    19.360    0.0328976294
    19.380    0.0457828984
    19.400    0.0568162562
    19.420    0.0578442397
    19.440    0.0421787809
    19.460    0.0148004071
    19.480   -0.0097561455
    19.500   -0.0237176052
    19.520   -0.0267544768
    19.540   -0.0317377966
    19.560   -0.0433076781
    19.580   -0.0465140906
    19.600   -0.0373840135
    19.620   -0.0297528983
    19.640   -0.0341946452
    19.660   -0.0302414661
    19.680   -0.0169911794
    19.700   -0.0104021192
    19.720   -0.0005057572
    19.740    0.0442141953
    19.760    0.0890071810
    19.780    0.0963149312
    19.800    0.0831813248
    19.820    0.0541302477
    19.840    0.0202647801
    19.860   -0.0093480835
    19.880   -0.0293346881
    19.900   -0.0450443338
    19.920   -0.0569623050
    19.940   -0.0702272866
    19.960   -0.0794640141
    19.980   -0.0692920859
    20.000   -0.0524849526
    20.020   -0.0405690675
    20.040   -0.0290572405
    20.060   -0.0164983590
    20.080   -0.0043142547
    20.100    0.0030607619
    20.120    0.0012669249
    20.140   -0.0031843594
    20.160    0.0019852807
    20.180    0.0102669180
    20.200    0.0094379316
    20.220   -0.0012709034
    20.240   -0.0118395111
    20.260   -0.0219417313
    20.280   -0.0246207799
    20.300   -0.0268331075
    20.320   -0.0399211759
    20.340   -0.0557272076
    20.360   -0.0669344917
    20.380   -0.0631821445
    20.400   -0.0529689215
    20.420   -0.0388868394
    20.440   -0.0296815926
    20.460   -0.0331247032
    20.480   -0.0358448000
    20.500   -0.0301113947
    20.520   -0.0211794187
    20.540   -0.0232779131
    20.560   -0.0395651686
    20.580   -0.0367191015
    20.600   -0.0216625816
    20.620   -0.0006358767
    20.640    0.0220324305
    20.660    0.0397997807
    20.680    0.0423532998
    20.700    0.0277467600
    20.720    0.0234839745
    20.740    0.0332284853
    20.760    0.0411280639
    20.780    0.0362490240
    20.800    0.0241062784
    20.820    0.0119561392
    20.840   -0.0019009834
    20.860   -0.0075032935
    20.880   -0.0026238269
    20.900    0.0039773136
    20.920    0.0084723952
    20.940    0.0058756991
    20.960    0.0111299145
    20.980    0.0255386282
    21.000    0.0374301916
    21.020    0.0528569610
    21.040    0.0616150534
    21.060    0.0584961137
    21.080    0.0525216485
    21.100    0.0409908572
    21.120    0.0318391371
    21.140    0.0198750661
    21.160    0.0148169273
    21.180    0.0101189562
    21.200   -0.0043256498
    21.220   -0.0043207997
    21.240    0.0009142484
    21.260    0.0011972965
    21.280   -0.0064770452
    21.300   -0.0120334116
    21.320   -0.0098353380
    21.340   -0.0046414907
    21.360   -0.0008619982
    21.380   -0.0054003353
    21.400   -0.0063092159
    21.420   -0.0194941776
    21.440   -0.0378921619
    21.460   -0.0556712629
    21.480   -0.0487100142
    21.500   -0.0259812312
    21.520   -0.0030105705
    21.540    0.0085910951
    21.560   -0.0055511678
    21.580   -0.0170580760
    21.600   -0.0198845079
    21.620   -0.0201285073
    21.640   -0.0261078416
    21.660   -0.0364372209
    21.680   -0.0490467253
    21.700   -0.0507344767
    21.720   -0.0394281516
    21.740   -0.0311417962
    21.760   -0.0280998753
    21.780   -0.0231668772
    21.800   -0.0200814617
    21.820   -0.0211523922
    21.840   -0.0126049316
    21.860    0.0013178744
    21.880    0.0126654111
    21.900    0.0191313503
    21.920    0.0239987983
    21.940    0.0294587621
    21.960    0.0361615037
    21.980    0.0361352619
    22.000    0.0262920561
    22.020    0.0188086846
    22.040    0.0121377413
    22.060    0.0089341853
    22.080    0.0032957130
    22.100    0.0036149864
    22.120    0.0143967828
    22.140    0.0195352211
    22.160    0.0071338618
    22.180   -0.0051516067
    22.200   -0.0085317155
    22.220   -0.0114306906
    22.240   -0.0210394148
    22.260   -0.0299325140
    22.280   -0.0226689695
    22.300   -0.0100060096
    22.320   -0.0032138180
    22.340    0.0014820673
    22.360    0.0030346102
    22.380    0.0007692306
    22.400   -0.0002775148
    22.420   -0.0076278415
    22.440   -0.0199833522
    22.460   -0.0291835190
    22.480   -0.0361809659
    22.500   -0.0377453071
    22.520   -0.0219561015
    22.540   -0.0138291742
    22.560    0.0033092251
    22.580    0.0293532495
    22.600    0.0557404826
    22.620    0.0669845337
    22.640    0.0546872529
    22.660    0.0402572233
    22.680    0.0246568594
    22.700    0.0207762922
    22.720    0.0154691096
    22.740    0.0140111770
    22.760    0.0101959844
    22.780   -0.0014776742
    22.800   -0.0101627163
    22.820   -0.0206903650
    22.840   -0.0260750571
    22.860   -0.0276055708
    22.880   -0.0221603423
    22.900   -0.0088734877
    22.920    0.0015987563
    22.940    0.0162276554
    22.960    0.0216513784
    22.980    0.0224592884
    23.000    0.0131431787
    23.020    0.0079593564
    23.040    0.0086922270
    23.060    0.0089075429
    23.080    0.0069226778
    23.100   -0.0048065892
    23.120   -0.0183323773
    23.140   -0.0271069994
    23.160   -0.0215480538
    23.180   -0.0095258596
    23.200    0.0028711545
    23.220    0.0101010942
    23.240    0.0102053030
    23.260    0.0046757023
    23.280    0.0018686242
    23.300    0.0031575818
    23.320    0.0093549012
    23.340    0.0200280463
    23.360    0.0205022629
    23.380    0.0122886782
    23.400    0.0016281917
    23.420   -0.0022307000
    23.440   -0.0039738431
    23.460   -0.0041042772
    23.480    0.0008212383
    23.500    0.0020013859
    23.520    0.0071396981
    23.540    0.0134072494
    23.560    0.0155256421
    23.580    0.0116934623
    23.600    0.0090508703
    23.620    0.0010283384
    23.640   -0.0083169093
    23.660   -0.0064332353
    23.680    0.0058912143
    23.700    0.0213252257
    23.720    0.0249669257
    23.740    0.0217924610
    23.760    0.0215050025
    23.780    0.0108469364
    23.800   -0.0048090711
    23.820   -0.0088977502
    23.840   -0.0030776141
    23.860    0.0048462151
    23.880    0.0050399164
    23.900    0.0025013270
    23.920   -0.0091794957
    23.940   -0.0213779441
    23.960   -0.0229930386
    23.980   -0.0193902082
    24.000   -0.0132194151
    24.020   -0.0148923270
    24.040   -0.0195781421
    24.060   -0.0233572455
    24.080   -0.0220273291
    24.100   -0.0123142610
    24.120    0.0015189697
    24.140    0.0057289961
    24.160   -0.0056061003
    24.180   -0.0139962521
    24.200   -0.0072501675
    24.220    0.0042473818
    24.240    0.0141127355
    24.260    0.0254870690
    24.280    0.0290948846
    24.300    0.0307540711
    24.320    0.0267720188
    24.340    0.0201904447
    24.360    0.0117665626
    24.380    0.0104803256
    24.400    0.0117910953
    24.420    0.0052579822
    24.440   -0.0040822976
    24.460   -0.0103398523
    24.480   -0.0160363792
    24.500   -0.0200380026
    24.520   -0.0068698266
    24.540    0.0118549647
    24.560    0.0271366785
    24.580    0.0240807478
    24.600    0.0089785428
    24.620   -0.0002675685
    24.640    0.0001363695
    24.660    0.0087468489
    24.680    0.0132469086
    24.700    0.0108606262
    24.720    0.0033362681
    24.740   -0.0104096362
    24.760   -0.0133593906
    24.780   -0.0142974454
    24.800   -0.0150782720
    24.820   -0.0141181261
    24.840   -0.0185451710
    24.860   -0.0228562586
    24.880   -0.0286326061
    24.900   -0.0327115897
    24.920   -0.0320563732
    24.940   -0.0199980377
    24.960   -0.0079443770
    24.980   -0.0021192082
    25.000   -0.0051946414
    25.020   -0.0075495379
    25.040   -0.0045559878
    25.060   -0.0045267354
    25.080   -0.0078923721
    25.100   -0.0072538679
    25.120   -0.0096377893
    25.140   -0.0166472548
    25.160   -0.0116977340
    25.180   -0.0001494464
    25.200    0.0041014681
    25.220   -0.0013024687
    25.240    0.0039250883
    25.260    0.0178624206
    25.280    0.0329433097
    25.300    0.0489455033
    25.320    0.0501089630
    25.340    0.0390109607
    25.360    0.0266676203
    25.380    0.0084895816
    25.400   -0.0016102745
    25.420    0.0072394574
    25.440    0.0136955304
    25.460    0.0195712557
    25.480    0.0307544029
    25.500    0.0399646516
    25.520    0.0459130646
    25.540    0.0437952265
    25.560    0.0338263111
    25.580    0.0227427715
    25.600    0.0152545854
    25.620    0.0181173316
    25.640    0.0162170852
    25.660    0.0013951418
    25.680   -0.0160428721
    25.700   -0.0313388115
    25.720   -0.0353211246
    25.740   -0.0242566416
    25.760   -0.0159193979
    25.780   -0.0141033672
    25.800   -0.0118811473
    25.820   -0.0105874479
    25.840   -0.0062955213
    25.860    0.0015750165
    25.880    0.0066939659
    25.900    0.0094965503
    25.920    0.0127948235
    25.940    0.0108726638
    25.960    0.0048449492
    25.980   -0.0074598937
    26.000   -0.0154752872
    26.020   -0.0178158443
    26.040   -0.0087629946
    26.060    0.0004398435
    26.080    0.0030103122
    26.100    0.0005369030
    26.120   -0.0061388501
    26.140   -0.0172008914
    26.160   -0.0273126672
    26.180   -0.0288239322
    26.200   -0.0257821061
    26.220   -0.0206391306
    26.240   -0.0222541919
    26.260   -0.0226916532
    26.280   -0.0251215796
    26.300   -0.0234458918
    26.320   -0.0225753594
    26.340   -0.0188733647
    26.360   -0.0195043709
    26.380   -0.0183920864
    26.400   -0.0143202666
    26.420   -0.0040752903
    26.440    0.0045834789
    26.460    0.0081477264
    26.480    0.0018442920
    26.500   -0.0031245697
    26.520    0.0064166818
    26.540    0.0133781748
    26.560    0.0155255592
    26.580    0.0021882586
    26.600   -0.0105493415
    26.620   -0.0231250893
    26.640   -0.0303764208
    26.660   -0.0381259443
    26.680   -0.0497102861
    26.700   -0.0577622902
    26.720   -0.0629972189
    26.740   -0.0605453721
    26.760   -0.0559392996
    26.780   -0.0421860584
    26.800   -0.0300721623
    26.820   -0.0223926360
    26.840   -0.0171625882
    26.860   -0.0178613089
    26.880   -0.0179894411
    26.900   -0.0242662423
    26.920   -0.0222933057
    26.940   -0.0201726989
    26.960   -0.0148460731
    26.980   -0.0061413534
    27.000    0.0009407733
    27.020    0.0032500375
    27.040    0.0056896475
    27.060    0.0075273283
    27.080    0.0246051106
    27.100    0.0405396017
    27.120    0.0567543377
    27.140    0.0695479617
    27.160    0.0632469076
    27.180    0.0572193186
    27.200    0.0494867918
    27.220    0.0462007056
    27.240    0.0383883628
    27.260    0.0317825524
    27.280    0.0207542865
    27.300    0.0182515301
    27.320    0.0301646607
    27.340    0.0402138425
    27.360    0.0415801017
    27.380    0.0395998259
    27.400    0.0319979157
    27.420    0.0259626936
    27.440    0.0240283589
    27.460    0.0195188526
    27.480    0.0059179800
    27.500   -0.0050016583
    27.520   -0.0096175638
    27.540   -0.0101592482
    27.560   -0.0170237933
    27.580   -0.0261758761
    27.600   -0.0291718796
    27.620   -0.0265800053
    27.640   -0.0121353826
    27.660   -0.0046131770
    27.680    0.0083686984
    27.700    0.0159151665
    27.720    0.0181129912
    27.740    0.0195516489
    27.760    0.0252892951
    27.780    0.0353745802
    27.800    0.0413808106
    27.820    0.0428777812
    27.840    0.0403896889
    27.860    0.0379884769
    27.880    0.0348331020
    27.900    0.0322507572
    27.920    0.0238025652
    27.940    0.0133036877
    27.960    0.0016467338
    27.980   -0.0061610241
    28.000   -0.0110792206
    28.020   -0.0162489642
    28.040   -0.0192885264
    28.060   -0.0150985069
    28.080   -0.0053978984
    28.100    0.0025570678
    28.120    0.0028592402
    28.140    0.0021192928
    28.160    0.0009707059
    28.180    0.0049480344
    28.200    0.0123348088
    28.220    0.0114207462
    28.240    0.0080718289
    28.260    0.0065459662
    28.280    0.0036782016
    28.300    0.0064538566
    28.320    0.0090773160
    28.340    0.0024786267
    28.360   -0.0047945777
    28.380   -0.0135114677
    28.400   -0.0215923426
    28.420   -0.0287956280
    28.440   -0.0369635988
    28.460   -0.0360476231
    28.480   -0.0353973373
    28.500   -0.0341256152
    28.520   -0.0359150153
    28.540   -0.0395203892
    28.560   -0.0376346030
    28.580   -0.0338434027
    28.600   -0.0379323188
    28.620   -0.0425243578
    28.640   -0.0461490516
    28.660   -0.0536956097
    28.680   -0.0540393376
    28.700   -0.0485557159
    28.720   -0.0436016485
    28.740   -0.0392084976
    28.760   -0.0363169399
    28.780   -0.0346029229
    28.800   -0.0267279505
    28.820   -0.0193459622
    28.840   -0.0083929893
    28.860   -0.0005057202
    28.880    0.0067599096
    28.900    0.0101279856
    28.920    0.0158412697
    28.940    0.0235351283
    28.960    0.0297513575
    28.980    0.0368430095
    29.000    0.0404164997
    29.020    0.0421670230
    29.040    0.0411682445
    29.060    0.0410858683
    29.080    0.0352439636
    29.100    0.0298711882
    29.120    0.0259490630
    29.140    0.0191664224
    29.160    0.0126619145
    29.180    0.0088025802
    29.200    0.0021892510
    29.220   -0.0056452142
    29.240   -0.0149836117
    29.260   -0.0227505231
    29.280   -0.0223641042
    29.300   -0.0175164431
    29.320   -0.0133048161
    29.340   -0.0033964158
    29.360    0.0067078360
    29.380    0.0112557213
    29.400    0.0239616046
    29.420    0.0338341339
    29.440    0.0346705306
    29.460    0.0366454964
    29.480    0.0417520130
    29.500    0.0395852945
    29.520    0.0342437628
    29.540    0.0305003999
    29.560    0.0280652891
    29.580    0.0277071246
    29.600    0.0273828588
    29.620    0.0243285637
    29.640    0.0186147652
    29.660    0.0082365338
    29.680    0.0025637171
    29.700   -0.0044414980
    29.720   -0.0146092896
    29.740   -0.0229010048
    29.760   -0.0213950309
    29.780   -0.0205345733
    29.800   -0.0221792497
    29.820   -0.0189880584
    29.840   -0.0117225702
    29.860   -0.0058207169
    29.880   -0.0041744356
    29.900   -0.0076251960
    29.920   -0.0156338761
    29.940   -0.0118042826
    29.960   -0.0109439032
    29.980   -0.0093146258
    30.000   -0.0126783874
    30.020   -0.0180684986
    30.040   -0.0202476316
    30.060   -0.0174192558
    30.080   -0.0043797787
    30.100    0.0039618245
    30.120    0.0071506713
    30.140    0.0066014320
    30.160    0.0047778535
    30.180    0.0016340965
    30.200    0.0040201089
    30.220    0.0077675752
    30.240    0.0013862004
    30.260   -0.0004228659
    30.280   -0.0040140095
    30.300   -0.0085337494
    30.320   -0.0057827859
    30.340    0.0001019756
    30.360    0.0083224729
    30.380    0.0157211095
    30.400    0.0147680208
    30.420    0.0097985828
    30.440    0.0082699726
    30.460    0.0076723128
    30.480    0.0021976457
    30.500   -0.0045490848
    30.520   -0.0065397791
    30.540   -0.0052588948
    30.560    0.0021055999
    30.580    0.0096394676
    30.600    0.0166582351
    30.620    0.0234498316
    30.640    0.0227867805
    30.660    0.0213160778
    30.680    0.0193738776
    30.700    0.0179904960
    30.720    0.0205264589
    30.740    0.0254704516
    30.760    0.0278298474
    30.780    0.0246810389
    30.800    0.0222214666
    30.820    0.0179023286
    30.840    0.0158827944
    30.860    0.0132369239
    30.880    0.0138916545
    30.900    0.0120533502
    30.920    0.0080753255
    30.940    0.0050957663
    30.960   -0.0002919879
    30.980   -0.0036391588
    31.000   -0.0100496417
    31.020   -0.0204766113
    31.040   -0.0239058969
    31.060   -0.0259884377
    31.080   -0.0299642080
    31.100   -0.0286108446
    31.120   -0.0287758814
    31.140   -0.0327952222
    31.160   -0.0392300458
    31.180   -0.0390253973
    31.200   -0.0360036971
    31.220   -0.0311370314
    31.240   -0.0262921746
    31.260   -0.0197184305
    31.280   -0.0089157117
    31.300   -0.0071706549
    31.320   -0.0052176783
    31.340   -0.0110021615
    31.360   -0.0145451690
    31.380   -0.0173046545
    31.400   -0.0205357111
    31.420   -0.0209958395
    31.440   -0.0230421703
    31.460   -0.0244840236
    31.480   -0.0309769727
    31.500   -0.0373588384
    31.520   -0.0380173737
    31.540   -0.0341928199
    31.560   -0.0274863328
    31.580   -0.0195030506
    31.600   -0.0187470435
    31.620   -0.0115761184
    31.640   -0.0073309673
    31.660   -0.0056899012
    31.680   -0.0024458611
    31.700    0.0008852755
    31.720   -0.0007259204
    31.740   -0.0004655505
    31.760    0.0003388067
    31.780    0.0036892506
    31.800    0.0119529674
    31.820    0.0122883842
    31.840    0.0045792215
    31.860   -0.0043172937
    31.880   -0.0014408038
    31.900    0.0003211196
    31.920   -0.0018534219
    31.940   -0.0057835066
    31.960   -0.0065872467
    31.980   -0.0068323295
    32.000   -0.0099643806
    32.020   -0.0122017577
    32.040   -0.0159770541
    32.060   -0.0174674346
    32.080   -0.0197872353
    32.100   -0.0171622659
    32.120   -0.0094789467
    32.140   -0.0100867216
    32.160   -0.0119494827
    32.180   -0.0161527654
    32.200   -0.0137358770
    32.220   -0.0070825658
    32.240   -0.0014884149
    32.260    0.0049134696
    32.280    0.0007995725
    32.300    0.0001361344
    32.320   -0.0015719701
    32.340    0.0055237360
    32.360    0.0110573903
    32.380    0.0137113609
    32.400    0.0240066685
    32.420    0.0305067529
    32.440    0.0397874302
    32.460    0.0459039143
    32.480    0.0468147459
    32.500    0.0436280088
    32.520    0.0473573619
    32.540    0.0497614423
    32.560    0.0486582890
    32.580    0.0394568351
    32.600    0.0269757902
    32.620    0.0171168582
    32.640    0.0070135713
    32.660    0.0018121755
    32.680    0.0004061700
    32.700    0.0020735540
    32.720    0.0049579314
    32.740    0.0129389213
    32.760    0.0186940478
    32.780    0.0256917175
    32.800    0.0346555488
    32.820    0.0384785617
    32.840    0.0380425962
    32.860    0.0341767714
    32.880    0.0303358609
    32.900    0.0272044522
    32.920    0.0258291850
    32.940    0.0254169959
    32.960    0.0245999191
    32.980    0.0180094888
    33.000    0.0066328582
    33.020   -0.0026707777
    33.040   -0.0095850424
    33.060   -0.0119690705
    33.080   -0.0118815147
    33.100   -0.0157814302
    33.120   -0.0212882358
    33.140   -0.0253526596
    33.160   -0.0291673045
    33.180   -0.0288836223
    33.200   -0.0282819562
    33.220   -0.0269642694
    33.240   -0.0296893442
    33.260   -0.0322569443
    33.280   -0.0283767303
    33.300   -0.0250859978
    33.320   -0.0252447290
    33.340   -0.0263290365
    33.360   -0.0243869027
    33.380   -0.0202540273
    33.400   -0.0126041920
    33.420   -0.0076842650
    33.440   -0.0017917597
    33.460    0.0042134594
    33.480    0.0082192194
    33.500    0.0078961484
    33.520    0.0084130488
    33.540    0.0123206117
    33.560    0.0137967832
    33.580    0.0150835606
    33.600    0.0165372689
    33.620    0.0185716427
    33.640    0.0148925427
    33.660    0.0122707071
    33.680    0.0130983162
    33.700    0.0130480087
    33.720    0.0123928870
    33.740    0.0118544147
    33.760    0.0106163566
    33.780    0.0082892522
    33.800    0.0053740887
    33.820    0.0026473971
    33.840    0.0007944069
    33.860   -0.0004966589
    33.880   -0.0003635428
    33.900    0.0008263612
    33.920    0.0016699689
    33.940   -0.0001475315
    33.960   -0.0010378272
    33.980   -0.0011543080
    34.000   -0.0016775852
    34.020   -0.0004347720
    34.040    0.0020330100
    34.060    0.0036218183
    34.080    0.0028636399
    34.100    0.0008202024
    34.120   -0.0003581517
    34.140   -0.0018625864
    34.160   -0.0031068333
    34.180   -0.0054790276
    34.200   -0.0061115818
    34.220   -0.0049330431
    34.240   -0.0040902721
    34.260   -0.0037059179
    34.280   -0.0040912487
    34.300   -0.0043907637
    34.320   -0.0050907194
    34.340   -0.0054086654
    34.360   -0.0059371387
    34.380   -0.0058630618
    34.400   -0.0056390863
    34.420   -0.0050441478
    34.440   -0.0045834624
    34.460   -0.0040953332
    34.480   -0.0038787869
    34.500   -0.0041103339
    34.520   -0.0041144918
    34.540   -0.0037666819
    34.560   -0.0033868696
    34.580   -0.0028239381
    34.600   -0.0023011266
    34.620   -0.0020249393
    34.640   -0.0020892809
    34.660   -0.0026564075
    34.680   -0.0026451783
    34.700   -0.0025879986
    34.720   -0.0023485425
    34.740   -0.0021790204
    34.760   -0.0017442447
    34.780   -0.0017070481
    34.800   -0.0017608726
    34.820   -0.0016630637
    34.840   -0.0016179377
    34.860   -0.0014102665
    34.880   -0.0013572981
    34.900   -0.0012237264
    34.920   -0.0013266741
    34.940   -0.0013859280
    34.960   -0.0013619844
    34.980   -0.0012209813
    35.000   -0.0010248651
    35.020   -0.0008196209
    35.040   -0.0006760061
    35.060   -0.0004483921
    35.080   -0.0002488405
    35.100   -0.0001152424
    35.120    0.0001253613
    35.140    0.0003043504
    35.160    0.0004319669
    35.180    0.0004953159
    35.200    0.0005817808
    35.220    0.0006469166
    35.240    0.0007098292
    35.260    0.0007164086
    35.280    0.0006698020
    35.300    0.0006214764
    35.320    0.0005697108
    35.340    0.0005242410
    35.360    0.0004887453
    35.380    0.0004840078
    35.400    0.0004842787
    35.420    0.0005000658
    35.440    0.0005091286
    35.460    0.0005061998
    35.480    0.0004886590
    35.500    0.0004692666
    35.520    0.0004518631
    35.540    0.0004275240
    35.560    0.0004040899
    35.580    0.0003763098
    35.600    0.0003476725
    35.620    0.0003235591
    35.640    0.0003024872
    35.660    0.0002798623
    35.680    0.0002573863
    35.700    0.0002343956
    35.720    0.0002118588
    35.740    0.0001907841
    35.760    0.0001713172
    35.780    0.0001530810
    35.800    0.0001364954
    35.820    0.0001218999
    35.840    0.0001088170
    35.860    0.0000968138
    35.880    0.0000856343
    35.900    0.0000751087
    35.920    0.0000651658
    35.940    0.0000556913
    35.960    0.0000465506
    35.980    0.0000376014
