   0.0002957129
   0.0002955191
   0.0002952756
   0.0002950583
   0.0002947945
   0.0002945463
   0.0002942851
   0.0002940271
   0.0002937506
   0.0002934709
   0.0002931855
   0.0002928879
   0.0002925871
   0.0002922731
   0.0002919550
   0.0002916843
   0.0002915418
   0.0002913590
   0.0002908806
   0.0002902956
   0.0002901723
   0.0002903393
   0.0002900827
   0.0002896087
   0.0002894047
   0.0002890020
   0.0002878986
   0.0002864118
   0.0002855571
   0.0002853774
   0.0002852548
   0.0002847748
   0.0002842105
   0.0002850444
   0.0002880886
   0.0002901934
   0.0002903788
   0.0002923010
   0.0002954076
   0.0002956017
   0.0002935002
   0.0002924035
   0.0002939084
   0.0002964430
   0.0002959949
   0.0002936781
   0.0002928121
   0.0002938547
   0.0002875458
   0.0002724789
   0.0002628301
   0.0002663649
   0.0002840301
   0.0003016999
   0.0002971770
   0.0002889540
   0.0002914654
   0.0002888250
   0.0002777116
   0.0002626808
   0.0002537135
   0.0002474530
   0.0002337873
   0.0001955014
   0.0001261762
   0.0000587773
   0.0000401170
   0.0000541136
   0.0000618275
   0.0000658328
   0.0000977684
   0.0001451944
   0.0002090605
   0.0002952803
   0.0003489871
   0.0003623242
   0.0003602677
   0.0003462717
   0.0002895690
   0.0001724518
   0.0000204403
  -0.0000946482
  -0.0001540891
  -0.0001981297
  -0.0002452555
  -0.0002236006
  -0.0001142732
  -0.0000139248
  -0.0000481701
  -0.0002159202
  -0.0003700508
  -0.0004656750
  -0.0004965278
  -0.0003233551
   0.0000419062
   0.0003887660
   0.0006159583
   0.0007504116
   0.0007382318
   0.0004552197
  -0.0000037813
  -0.0002688632
  -0.0000850542
   0.0003122508
   0.0005842458
   0.0007322507
   0.0007927944
   0.0007554878
   0.0005488773
   0.0003443534
   0.0003072594
   0.0001582274
  -0.0000517741
   0.0000662004
   0.0006585558
   0.0013484233
   0.0019350083
   0.0025362963
   0.0032349224
   0.0036694259
   0.0037539949
   0.0036577354
   0.0036112535
   0.0037762521
   0.0042514930
   0.0047524097
   0.0047364369
   0.0043436835
   0.0040702669
   0.0036599904
   0.0029674646
   0.0025173107
   0.0021990558
   0.0018447704
   0.0014863465
   0.0011699860
   0.0005814900
   0.0000068887
  -0.0003840479
  -0.0008045160
  -0.0014264453
  -0.0020800531
  -0.0026094397
  -0.0030495040
  -0.0036953980
  -0.0040550097
  -0.0035976358
  -0.0029932368
  -0.0030831643
  -0.0032888598
  -0.0032516819
  -0.0038245896
  -0.0049215442
  -0.0057580628
  -0.0064938011
  -0.0076504729
  -0.0084015589
  -0.0078058498
  -0.0066621695
  -0.0060029415
  -0.0055528595
  -0.0047196908
  -0.0032985772
  -0.0014997860
  -0.0003235679
  -0.0000716601
  -0.0003240006
  -0.0009378342
  -0.0023248249
  -0.0032138944
  -0.0023331235
  -0.0003393525
   0.0020568005
   0.0041747767
   0.0053973344
   0.0055601882
   0.0047015642
   0.0031894321
   0.0012840226
   0.0001165054
  -0.0005126534
  -0.0010271781
  -0.0018375758
  -0.0027946759
  -0.0036515162
  -0.0045832319
  -0.0048281359
  -0.0045284835
  -0.0045707861
  -0.0047925513
  -0.0052758220
  -0.0047108226
  -0.0026308906
  -0.0007770139
  -0.0002375183
  -0.0006038736
  -0.0009789019
  -0.0009541080
  -0.0006824951
   0.0000990385
   0.0015337459
   0.0037642183
   0.0073251087
   0.0122977803
   0.0164957644
   0.0182643277
   0.0189381299
   0.0201800935
   0.0198952683
   0.0162882086
   0.0107568328
   0.0065996335
   0.0049552099
   0.0042493320
   0.0046712557
   0.0054867459
   0.0064615303
   0.0071889678
   0.0079768273
   0.0082398543
   0.0074811108
   0.0069331069
   0.0057025447
   0.0029060568
  -0.0005399756
  -0.0035304146
  -0.0054918846
  -0.0062044805
  -0.0061849771
  -0.0060723039
  -0.0061593917
  -0.0063052536
  -0.0065253925
  -0.0086376019
  -0.0116663385
  -0.0134255421
  -0.0142386906
  -0.0147879773
  -0.0152392519
  -0.0155895474
  -0.0158262554
  -0.0158885962
  -0.0144706067
  -0.0111015740
  -0.0082624691
  -0.0070318925
  -0.0064297184
  -0.0070658943
  -0.0084738737
  -0.0106127851
  -0.0128377399
  -0.0135447019
  -0.0103516336
  -0.0046499670
  -0.0023261963
  -0.0054606148
  -0.0097239682
  -0.0115117674
  -0.0108554016
  -0.0074953634
  -0.0013672173
   0.0058411032
   0.0106768605
   0.0112450400
   0.0103683183
   0.0104218091
   0.0071466616
   0.0015434420
  -0.0022705582
  -0.0049064423
  -0.0090831451
  -0.0147651998
  -0.0196151050
  -0.0215104386
  -0.0211386630
  -0.0202509050
  -0.0179687697
  -0.0131578389
  -0.0065499841
  -0.0013236864
   0.0020854604
   0.0053713046
   0.0080200333
   0.0076794263
   0.0040190095
  -0.0006170775
  -0.0050738494
  -0.0091831918
  -0.0113192953
  -0.0099833959
  -0.0048244209
   0.0009268791
   0.0042424803
   0.0046931044
   0.0035153496
  -0.0014403145
  -0.0092007185
  -0.0130445405
  -0.0122426344
  -0.0091179347
  -0.0062867186
  -0.0034989417
   0.0004588786
   0.0064950406
   0.0127220312
   0.0160754778
   0.0150702367
   0.0103558364
   0.0050931613
   0.0029278236
   0.0053226056
   0.0106061611
   0.0169303941
   0.0229723460
   0.0271780058
   0.0260960158
   0.0203833743
   0.0150573934
   0.0113991231
   0.0072502643
   0.0029727255
   0.0003236626
  -0.0015124038
  -0.0023187531
  -0.0008698779
   0.0009884860
  -0.0007828519
  -0.0063042634
  -0.0110465799
  -0.0093406864
  -0.0009923610
   0.0095606194
   0.0183599656
   0.0230712075
   0.0240870224
   0.0236944966
   0.0235113336
   0.0237444784
   0.0243889840
   0.0262943205
   0.0283986989
   0.0294235049
   0.0299714292
   0.0297205553
   0.0269315949
   0.0191988477
   0.0109232606
   0.0069869663
   0.0072236309
   0.0086184888
   0.0102066932
   0.0115339306
   0.0102409083
   0.0058890975
   0.0002015376
  -0.0052067451
  -0.0095845677
  -0.0118949480
  -0.0122761953
  -0.0118782959
  -0.0115814622
  -0.0097922211
  -0.0055510273
  -0.0006183289
   0.0028110321
   0.0037139690
   0.0019755011
  -0.0002496751
  -0.0006086922
  -0.0007331830
  -0.0031839649
  -0.0061810019
  -0.0081103446
  -0.0098734330
  -0.0119311615
  -0.0152622823
  -0.0195010152
  -0.0241459736
  -0.0289326416
  -0.0306709722
  -0.0297574409
  -0.0311194786
  -0.0354116228
  -0.0402656584
  -0.0428347473
  -0.0423774631
  -0.0390824074
  -0.0347083902
  -0.0319967170
  -0.0315675803
  -0.0320525062
  -0.0309955884
  -0.0265878728
  -0.0178692831
  -0.0060682854
   0.0051260825
   0.0128971861
   0.0179109605
   0.0221816317
   0.0260804803
   0.0269927396
   0.0259195960
   0.0268535920
   0.0290304117
   0.0305274014
   0.0327451722
   0.0362056437
   0.0388852411
   0.0396581144
   0.0393908051
   0.0404676672
   0.0427355498
   0.0427095669
   0.0361680968
   0.0249978073
   0.0155098171
   0.0118570109
   0.0111090653
   0.0098138133
   0.0065245722
   0.0016882721
  -0.0032584570
  -0.0063594671
  -0.0080255479
  -0.0101655687
  -0.0136365816
  -0.0192460071
  -0.0260764112
  -0.0275481083
  -0.0203451986
  -0.0100343462
  -0.0026966735
   0.0011151155
   0.0026612779
   0.0041859793
   0.0068841225
   0.0101478650
   0.0113052921
   0.0126544757
   0.0143306895
   0.0119460790
   0.0072054610
   0.0024235230
  -0.0037339278
  -0.0122222239
  -0.0236607044
  -0.0341573399
  -0.0412112690
  -0.0468923047
  -0.0525029806
  -0.0548726265
  -0.0540441015
  -0.0517036908
  -0.0473310142
  -0.0416953673
  -0.0349709112
  -0.0267782561
  -0.0169391466
  -0.0065727869
   0.0018481211
   0.0056747369
   0.0071328499
   0.0098981944
   0.0135154883
   0.0172749112
   0.0190719652
   0.0175649690
   0.0165304456
   0.0173308882
   0.0186396592
   0.0186041758
   0.0163519660
   0.0135362313
   0.0101328245
   0.0049601463
  -0.0024699951
  -0.0110829921
  -0.0201699858
  -0.0294398463
  -0.0360044769
  -0.0381462649
  -0.0353181314
  -0.0282557497
  -0.0200106049
  -0.0108403575
  -0.0018151799
   0.0067705929
   0.0153141071
   0.0215431069
   0.0250916167
   0.0270843590
   0.0275219375
   0.0258756528
   0.0233704442
   0.0199352798
   0.0141302563
   0.0064924170
  -0.0003785312
  -0.0047642953
  -0.0060229834
  -0.0050479351
  -0.0032007251
  -0.0025096419
  -0.0035099297
  -0.0064719885
  -0.0109295088
  -0.0139635900
  -0.0144564155
  -0.0131240142
  -0.0099697540
  -0.0046879837
   0.0028688945
   0.0111881053
   0.0170005623
   0.0181756932
   0.0142910574
   0.0093844814
   0.0071581245
   0.0074098151
   0.0074134903
   0.0061033749
   0.0053376533
   0.0057138305
   0.0069549340
   0.0081012994
   0.0086052552
   0.0091662325
   0.0110405991
   0.0134284475
   0.0155182950
   0.0172852862
   0.0183268203
   0.0167433246
   0.0122191595
   0.0084378337
   0.0067775060
   0.0047022833
   0.0043437593
   0.0075482363
   0.0124480979
   0.0167015929
   0.0190895064
   0.0197770011
   0.0189002975
   0.0152875822
   0.0087483634
   0.0042437740
   0.0047963710
   0.0060743023
   0.0038726561
  -0.0009232494
  -0.0068094732
  -0.0112128487
  -0.0131089737
  -0.0134759792
  -0.0147072099
  -0.0185052891
  -0.0238917352
  -0.0287572446
  -0.0285009536
  -0.0239381611
  -0.0174460910
  -0.0106395847
  -0.0028218936
   0.0058261134
   0.0159130143
   0.0274544868
   0.0398952849
   0.0511570385
   0.0608677695
   0.0679850549
   0.0711186481
   0.0695242967
   0.0640623267
   0.0592770680
   0.0565187991
   0.0548750477
   0.0527560155
   0.0495648192
   0.0444652724
   0.0370314222
   0.0284373516
   0.0201471577
   0.0126204594
   0.0055522777
  -0.0014982343
  -0.0076696547
  -0.0115417399
  -0.0140932262
  -0.0174402078
  -0.0209069275
  -0.0226198534
  -0.0225419120
  -0.0226934475
  -0.0259867649
  -0.0308925278
  -0.0364761330
  -0.0412207009
  -0.0454103048
  -0.0498318755
  -0.0529208026
  -0.0543828185
  -0.0536581166
  -0.0495646023
  -0.0436386265
  -0.0356504484
  -0.0223046764
  -0.0042793261
   0.0125478302
   0.0230515848
   0.0239677433
   0.0176039180
   0.0077467433
  -0.0039935325
  -0.0162338361
  -0.0273916292
  -0.0352010422
  -0.0375001621
  -0.0350211207
  -0.0299515825
  -0.0236909335
  -0.0168452974
  -0.0090659328
  -0.0001637947
   0.0069056460
   0.0115717340
   0.0145646077
   0.0144192806
   0.0090079031
   0.0001716061
  -0.0097181320
  -0.0183435881
  -0.0246974286
  -0.0279637765
  -0.0266668875
  -0.0224535955
  -0.0167767771
  -0.0109189928
  -0.0027179798
   0.0102654854
   0.0300759968
   0.0563546986
   0.0839660078
   0.1054429723
   0.1176419164
   0.1212978775
   0.1204512837
   0.1162552112
   0.1072156985
   0.0927695424
   0.0733644868
   0.0499356624
   0.0244510971
   0.0004560223
  -0.0231654144
  -0.0472146153
  -0.0689440364
  -0.0851501984
  -0.0960752948
  -0.1010623815
  -0.0977846719
  -0.0848865029
  -0.0650685038
  -0.0414408507
  -0.0162607730
   0.0070434420
   0.0252701361
   0.0401852886
   0.0522418870
   0.0580979367
   0.0586570565
   0.0569343084
   0.0522584380
   0.0436729933
   0.0318642044
   0.0177607766
   0.0029598042
  -0.0111528640
  -0.0251100685
  -0.0409261439
  -0.0599418177
  -0.0818480598
  -0.1035889727
  -0.1232011325
  -0.1399629811
  -0.1511993300
  -0.1568792454
  -0.1572787819
  -0.1539978199
  -0.1472176614
  -0.1350479526
  -0.1191340709
  -0.1005195237
  -0.0789545644
  -0.0545559895
  -0.0290475156
  -0.0063164273
   0.0111957303
   0.0206381511
   0.0227139121
   0.0213239762
   0.0160441141
   0.0050931324
  -0.0103291705
  -0.0288405632
  -0.0467959982
  -0.0618560947
  -0.0746687985
  -0.0850246205
  -0.0903411008
  -0.0909362135
  -0.0897176924
  -0.0883495980
  -0.0857676803
  -0.0820553808
  -0.0790062772
  -0.0744791849
  -0.0673300623
  -0.0602715004
  -0.0534835000
  -0.0452913039
  -0.0353321383
  -0.0233500843
  -0.0100375118
   0.0055261936
   0.0243347560
   0.0457126313
   0.0674447267
   0.0862054864
   0.1011660601
   0.1123826779
   0.1184124407
   0.1169687104
   0.1074282956
   0.0902456255
   0.0657549722
   0.0365027303
   0.0084804109
  -0.0145097437
  -0.0318324901
  -0.0414569319
  -0.0433449007
  -0.0372530175
  -0.0258988929
  -0.0173155297
  -0.0126720385
  -0.0068512446
   0.0026067218
   0.0131873271
   0.0222171007
   0.0293849787
   0.0352452926
   0.0410917984
   0.0467765201
   0.0508004334
   0.0525040647
   0.0513116348
   0.0475187848
   0.0442874758
   0.0433300121
   0.0438478989
   0.0445541707
   0.0471840791
   0.0548380429
   0.0675218080
   0.0850935709
   0.1059868420
   0.1258406172
   0.1400383279
   0.1464493054
   0.1471762840
   0.1459506075
   0.1428489238
   0.1362789050
   0.1287986543
   0.1225034614
   0.1177988255
   0.1141522602
   0.1118473728
   0.1120829533
   0.1144987107
   0.1179049614
   0.1225803982
   0.1262915413
   0.1275889868
   0.1269642774
   0.1257711248
   0.1259089172
   0.1268733193
   0.1275987801
   0.1278134370
   0.1288979602
   0.1312129300
   0.1329969674
   0.1321968464
   0.1272119640
   0.1179160918
   0.1044815334
   0.0854483329
   0.0595886096
   0.0287695891
  -0.0053252581
  -0.0409293240
  -0.0764294187
  -0.1120485504
  -0.1479816810
  -0.1813039838
  -0.2085997763
  -0.2307394307
  -0.2485253083
  -0.2612954422
  -0.2682575531
  -0.2689631744
  -0.2624553844
  -0.2501064335
  -0.2347603807
  -0.2149468266
  -0.1887269927
  -0.1595111413
  -0.1335859367
  -0.1125491635
  -0.0936617056
  -0.0743385377
  -0.0550675161
  -0.0349844158
  -0.0139739904
   0.0040747263
   0.0168153539
   0.0247401467
   0.0264198695
   0.0224786532
   0.0182257328
   0.0168473717
   0.0178099453
   0.0194224414
   0.0195087848
   0.0182699615
   0.0154599582
   0.0131928561
   0.0089985471
  -0.0004908368
  -0.0151971444
  -0.0326772083
  -0.0528064274
  -0.0768599612
  -0.1027606284
  -0.1256214070
  -0.1431954465
  -0.1569116608
  -0.1654197350
  -0.1668051392
  -0.1607587171
  -0.1483205787
  -0.1312928662
  -0.1151703988
  -0.1030994177
  -0.0950357989
  -0.0911561104
  -0.0915313986
  -0.0954115930
  -0.1005487228
  -0.1041488875
  -0.1076014666
  -0.1109894318
  -0.1102969284
  -0.1031056695
  -0.0897597203
  -0.0717214220
  -0.0459732190
  -0.0146381584
   0.0161135487
   0.0458603615
   0.0734376292
   0.0973401081
   0.1179120444
   0.1330146386
   0.1389211001
   0.1389113069
   0.1366407862
   0.1331328444
   0.1304001610
   0.1293669530
   0.1288367433
   0.1289104638
   0.1294313501
   0.1306124328
   0.1326428196
   0.1319154435
   0.1233371541
   0.1054367927
   0.0804358776
   0.0519091688
   0.0232259194
  -0.0034816485
  -0.0262336962
  -0.0418287870
  -0.0481740665
  -0.0446329144
  -0.0309079946
  -0.0079736689
   0.0224830078
   0.0560215468
   0.0923137037
   0.1307654752
   0.1659820710
   0.1940978239
   0.2138509200
   0.2279351588
   0.2377459185
   0.2418034036
   0.2384915079
   0.2245638891
   0.1987495545
   0.1631257972
   0.1217539692
   0.0752750778
   0.0261415057
  -0.0181731599
  -0.0527451381
  -0.0774531948
  -0.0929313301
  -0.0982127209
  -0.0950456283
  -0.0880487892
  -0.0800217055
  -0.0719054704
  -0.0653414866
  -0.0623691030
  -0.0623218351
  -0.0630316845
  -0.0616634455
  -0.0571661667
  -0.0502747770
  -0.0402354474
  -0.0258902343
  -0.0077551091
   0.0137615343
   0.0374908747
   0.0623340134
   0.0861772991
   0.1066389436
   0.1214966700
   0.1318751502
   0.1400884506
   0.1468453726
   0.1505032490
   0.1512432732
   0.1527639041
   0.1570995036
   0.1639660308
   0.1721627441
   0.1811534710
   0.1888996578
   0.1940555069
   0.1958585164
   0.1929842822
   0.1853608546
   0.1747727045
   0.1619502797
   0.1475515721
   0.1304619561
   0.1107994930
   0.0890382708
   0.0644683318
   0.0372303232
   0.0054954875
  -0.0298667135
  -0.0626809698
  -0.0895554710
  -0.1098268515
  -0.1253217908
  -0.1372037727
  -0.1459609790
  -0.1528148580
  -0.1599358656
  -0.1694957948
  -0.1809066518
  -0.1930018089
  -0.2038623637
  -0.2103058650
  -0.2113630321
  -0.2067740002
  -0.1977070591
  -0.1846378873
  -0.1671452295
  -0.1464340192
  -0.1225973106
  -0.0963471574
  -0.0682793589
  -0.0404462376
  -0.0173383650
  -0.0028765860
   0.0024323904
   0.0010362323
  -0.0053318641
  -0.0160684671
  -0.0306849863
  -0.0465242440
  -0.0623214376
  -0.0759175668
  -0.0861689875
  -0.0953539175
  -0.1048514733
  -0.1149865672
  -0.1277498711
  -0.1433616069
  -0.1575347801
  -0.1666235482
  -0.1708305342
  -0.1697261353
  -0.1628120151
  -0.1506151669
  -0.1313191382
  -0.1063114654
  -0.0806059047
  -0.0591592235
  -0.0409461280
  -0.0224206525
  -0.0028187081
   0.0137296502
   0.0245223784
   0.0304648076
   0.0327523021
   0.0317200409
   0.0278612616
   0.0238634865
   0.0220884692
   0.0223800737
   0.0224438420
   0.0190866623
   0.0119245917
   0.0024811446
  -0.0059110329
  -0.0151616610
  -0.0298936721
  -0.0491252785
  -0.0685013879
  -0.0837838024
  -0.0944853521
  -0.1013928592
  -0.1049992035
  -0.1046429236
  -0.1014395489
  -0.0985709522
  -0.0970912290
  -0.0974362339
  -0.0983570542
  -0.0994121615
  -0.1000352447
  -0.0996012330
  -0.0973605981
  -0.0908472068
  -0.0795538691
  -0.0666133107
  -0.0571134060
  -0.0513203440
  -0.0485085555
  -0.0477049653
  -0.0480286130
  -0.0507496240
  -0.0556432953
  -0.0620088118
  -0.0677421024
  -0.0702000322
  -0.0684196448
  -0.0631463488
  -0.0580661718
  -0.0527923337
  -0.0445022772
  -0.0325866802
  -0.0190785711
  -0.0031521201
   0.0156044722
   0.0347204420
   0.0531040560
   0.0729527720
   0.0944817383
   0.1167472236
   0.1382431602
   0.1562525846
   0.1716227410
   0.1853151406
   0.1957328662
   0.2030909360
   0.2079273654
   0.2085595191
   0.2048572297
   0.1986564642
   0.1900029364
   0.1781145943
   0.1616982204
   0.1413946053
   0.1181865450
   0.0935854555
   0.0701076286
   0.0483155811
   0.0278029971
   0.0100471099
  -0.0039384228
  -0.0142984548
  -0.0222051789
  -0.0267311762
  -0.0268986917
  -0.0215266318
  -0.0127123572
  -0.0039909162
   0.0054943926
   0.0202635603
   0.0429369081
   0.0707073308
   0.1003871519
   0.1301005448
   0.1584613101
   0.1840604458
   0.2055242562
   0.2215266747
   0.2293696739
   0.2305281346
   0.2276007421
   0.2196115305
   0.2068249541
   0.1912975271
   0.1756525448
   0.1614043139
   0.1490873085
   0.1384572750
   0.1278930841
   0.1166234525
   0.1068893405
   0.1003795992
   0.0957085712
   0.0892294021
   0.0812210015
   0.0717929020
   0.0612436359
   0.0494491429
   0.0364908772
   0.0235261608
   0.0112195449
  -0.0007526742
  -0.0114899801
  -0.0218024551
  -0.0328149393
  -0.0445969575
  -0.0564428019
  -0.0700158393
  -0.0848849489
  -0.0995454005
  -0.1129064552
  -0.1248682649
  -0.1367369843
  -0.1503121899
  -0.1632203330
  -0.1739472512
  -0.1845618178
  -0.1959269970
  -0.2041637145
  -0.2060056441
  -0.2003371843
  -0.1871125127
  -0.1678626678
  -0.1453141535
  -0.1235291889
  -0.1054655944
  -0.0931365190
  -0.0868560702
  -0.0845513273
  -0.0839341707
  -0.0837416661
  -0.0836115710
  -0.0835543653
  -0.0835738434
  -0.0836111373
  -0.0838170128
  -0.0866169121
  -0.0931921708
  -0.1026787769
  -0.1139764873
  -0.1263149584
  -0.1387161281
  -0.1486674989
  -0.1527000491
  -0.1507570428
  -0.1439179802
  -0.1323078609
  -0.1181324110
  -0.1022565460
  -0.0839337732
  -0.0636657896
  -0.0437041439
  -0.0270366105
  -0.0135924035
  -0.0025504585
   0.0062197414
   0.0133436111
   0.0201573810
   0.0301342071
   0.0421513506
   0.0532473052
   0.0629410154
   0.0723365550
   0.0817965638
   0.0889113919
   0.0942907515
   0.0976767292
   0.0974411848
   0.0949613194
   0.0915709692
   0.0879384252
   0.0836752092
   0.0782014583
   0.0718839686
   0.0657051385
   0.0605032142
   0.0563142969
   0.0512196287
   0.0441661260
   0.0364016536
   0.0292899117
   0.0218769345
   0.0129537052
   0.0039004025
  -0.0026154454
  -0.0074102018
  -0.0110824247
  -0.0128861497
  -0.0128881518
  -0.0112107635
  -0.0070962462
  -0.0008215255
   0.0062044877
   0.0118063822
   0.0162549295
   0.0201053358
   0.0252238186
   0.0336475008
   0.0451960454
   0.0587154908
   0.0719920198
   0.0839842211
   0.0961976926
   0.1082308739
   0.1192883781
   0.1294126670
   0.1389556838
   0.1469760098
   0.1530231186
   0.1589016097
   0.1662873969
   0.1724578070
   0.1749795557
   0.1718006822
   0.1655235219
   0.1583175912
   0.1482883440
   0.1334483250
   0.1155845348
   0.0975254575
   0.0794693073
   0.0617027270
   0.0454850011
   0.0300466892
   0.0151555971
  -0.0014223148
  -0.0200118263
  -0.0370645242
  -0.0506528116
  -0.0591231944
  -0.0650931857
  -0.0717144475
  -0.0778767627
  -0.0837363900
  -0.0884486148
  -0.0930930817
  -0.0950316069
  -0.0927428368
  -0.0879926676
  -0.0822783854
  -0.0763658889
  -0.0687647582
  -0.0601351173
  -0.0528092100
  -0.0473579367
  -0.0427412234
  -0.0399569355
  -0.0403034221
  -0.0422107607
  -0.0447224993
  -0.0458634332
  -0.0427489930
  -0.0377382000
  -0.0339923179
  -0.0323993469
  -0.0336464637
  -0.0365549129
  -0.0405759352
  -0.0489710796
  -0.0624884291
  -0.0759064003
  -0.0893857331
  -0.1038743507
  -0.1202101741
  -0.1364209255
  -0.1494799066
  -0.1602323379
  -0.1695305591
  -0.1739492387
  -0.1708008292
  -0.1619438110
  -0.1510886769
  -0.1405982427
  -0.1299164964
  -0.1180110973
  -0.1058437013
  -0.0959911305
  -0.0882633377
  -0.0800385455
  -0.0701540292
  -0.0588237227
  -0.0461275263
  -0.0320692595
  -0.0172121150
  -0.0017570939
   0.0129357413
   0.0253407307
   0.0344492624
   0.0397907391
   0.0413510128
   0.0401627026
   0.0377266359
   0.0338730821
   0.0292195808
   0.0269473039
   0.0262248750
   0.0249590426
   0.0235401677
   0.0238399755
   0.0261504353
   0.0285347350
   0.0309039761
   0.0330395990
   0.0357138517
   0.0380516568
   0.0387108053
   0.0367389613
   0.0341760989
   0.0339808948
   0.0370727274
   0.0430610766
   0.0501575468
   0.0564461627
   0.0614987668
   0.0661957777
   0.0707669577
   0.0737962580
   0.0728615970
   0.0690208648
   0.0640029889
   0.0579407746
   0.0504813029
   0.0415880750
   0.0322920040
   0.0230951739
   0.0139705754
   0.0055376058
  -0.0017889180
  -0.0084954044
  -0.0141491562
  -0.0172655154
  -0.0187494992
  -0.0200367865
  -0.0189761393
  -0.0160099894
  -0.0126464026
  -0.0091144546
  -0.0032106720
   0.0061102808
   0.0154451779
   0.0225907193
   0.0272439640
   0.0298674291
   0.0312764311
   0.0317983076
   0.0335431212
   0.0369519197
   0.0420086796
   0.0476337021
   0.0546931675
   0.0646056544
   0.0754473092
   0.0847205232
   0.0911805755
   0.0961637233
   0.0991846396
   0.1000285954
   0.0987915718
   0.0944595499
   0.0877036397
   0.0788559812
   0.0684115500
   0.0573828112
   0.0492550483
   0.0438562828
   0.0406709046
   0.0397337863
   0.0389214509
   0.0372015577
   0.0338084899
   0.0307599139
   0.0308927012
   0.0308624758
   0.0295726480
   0.0277206505
   0.0241097818
   0.0182127305
   0.0088043441
  -0.0029016181
  -0.0129742603
  -0.0202960443
  -0.0264862686
  -0.0335152303
  -0.0400912587
  -0.0433660412
  -0.0434634679
  -0.0424221290
  -0.0395656384
  -0.0349941549
  -0.0317024058
  -0.0309022993
  -0.0313878142
  -0.0325408434
  -0.0362057882
  -0.0424740225
  -0.0496244461
  -0.0564468132
  -0.0605178499
  -0.0612834956
  -0.0599843155
  -0.0561681929
  -0.0506632915
  -0.0432043619
  -0.0335871692
  -0.0214112772
  -0.0080910074
   0.0043212312
   0.0145116987
   0.0244587005
   0.0350361972
   0.0425551513
   0.0450145989
   0.0443254563
   0.0431780176
   0.0409266499
   0.0374996923
   0.0339095738
   0.0294255683
   0.0252886349
   0.0232191003
   0.0230293747
   0.0221347794
   0.0186854961
   0.0146741802
   0.0126810476
   0.0127704518
   0.0139157729
   0.0158391023
   0.0193496532
   0.0225515282
   0.0236357912
   0.0205726771
   0.0134709380
   0.0039854666
  -0.0062645880
  -0.0165304276
  -0.0267981824
  -0.0371721418
  -0.0467489110
  -0.0553708545
  -0.0629116356
  -0.0690573637
  -0.0748099155
  -0.0805269080
  -0.0866788157
  -0.0933340106
  -0.1000798023
  -0.1067061956
  -0.1133682205
  -0.1200009017
  -0.1256585925
  -0.1283953957
  -0.1285156614
  -0.1276644781
  -0.1267720258
  -0.1240192860
  -0.1177987171
  -0.1095530736
  -0.1011940667
  -0.0932714204
  -0.0853027710
  -0.0758031193
  -0.0635441868
  -0.0491303377
  -0.0323348306
  -0.0128794498
   0.0048609488
   0.0178532814
   0.0276934245
   0.0365995427
   0.0445561221
   0.0511206119
   0.0571380879
   0.0636847980
   0.0699756543
   0.0757757632
   0.0792330401
   0.0800367025
   0.0799102573
   0.0823477695
   0.0868383990
   0.0899181833
   0.0899572480
   0.0860619843
   0.0810773187
   0.0779682629
   0.0743055802
   0.0670815446
   0.0563308840
   0.0439713447
   0.0316832276
   0.0208063604
   0.0128725331
   0.0086558875
   0.0076267595
   0.0079967861
   0.0083146662
   0.0081304190
   0.0064827466
   0.0027913618
  -0.0009547230
  -0.0026594490
  -0.0025135831
  -0.0018239996
   0.0002560737
   0.0044024033
   0.0078852114
   0.0090624274
   0.0104491616
   0.0154156717
   0.0233291679
   0.0310246104
   0.0370118718
   0.0424435586
   0.0472916966
   0.0525589215
   0.0581714404
   0.0640990785
   0.0685683869
   0.0722599073
   0.0763066595
   0.0801463076
   0.0847377247
   0.0867997318
   0.0839032008
   0.0781756200
   0.0716199478
   0.0649845202
   0.0584242585
   0.0511674100
   0.0426546017
   0.0334298482
   0.0229024922
   0.0110924926
   0.0002567704
  -0.0084982159
  -0.0164740530
  -0.0245253634
  -0.0328416341
  -0.0404945535
  -0.0480266616
  -0.0564979116
  -0.0651594258
  -0.0715160886
  -0.0755436518
  -0.0782832737
  -0.0805378577
  -0.0817195186
  -0.0814217816
  -0.0795719740
  -0.0769666030
  -0.0737505079
  -0.0691140635
  -0.0644959408
  -0.0621166462
  -0.0604366850
  -0.0569171069
  -0.0533707871
  -0.0518439406
  -0.0522354184
  -0.0552558649
  -0.0600003966
  -0.0647176807
  -0.0693204810
  -0.0704987089
  -0.0671087923
  -0.0626224993
  -0.0576283657
  -0.0510926776
  -0.0437445818
  -0.0360709880
  -0.0283854473
  -0.0204125553
  -0.0133591357
  -0.0072576617
  -0.0016801224
   0.0040781666
   0.0079204853
   0.0103512036
   0.0142055633
   0.0198910041
   0.0258751035
   0.0292977318
   0.0298002530
   0.0280395497
   0.0239421182
   0.0199527921
   0.0160815814
   0.0121063020
   0.0094854244
   0.0074827189
   0.0049168463
   0.0020075045
   0.0003269042
   0.0003320938
   0.0011275486
   0.0004143341
  -0.0028427078
  -0.0064379144
  -0.0087942147
  -0.0111659638
  -0.0145717882
  -0.0173016421
  -0.0181649928
  -0.0177458228
  -0.0171501500
  -0.0170676950
  -0.0184517585
  -0.0194864951
  -0.0186228227
  -0.0165380779
  -0.0138554774
  -0.0121500681
  -0.0098744304
  -0.0075327224
  -0.0057800091
  -0.0052034205
  -0.0059232294
  -0.0068178210
  -0.0068924522
  -0.0052852864
  -0.0043914862
  -0.0054385204
  -0.0079597306
  -0.0123635939
  -0.0171629643
  -0.0217866702
  -0.0256753823
  -0.0273445926
  -0.0249407714
  -0.0196064500
  -0.0129688830
  -0.0074749566
  -0.0024226925
   0.0016612908
   0.0035459407
   0.0032458096
   0.0001973652
  -0.0036726385
  -0.0064602583
  -0.0073419416
  -0.0060658425
  -0.0024831849
   0.0015367580
   0.0036483866
   0.0038503918
   0.0050113893
   0.0090705439
   0.0132337891
   0.0172656491
   0.0215944909
   0.0267060714
   0.0328685529
   0.0399207619
   0.0475177368
   0.0562355532
   0.0662791831
   0.0754314087
   0.0827471614
   0.0868870762
   0.0904620531
   0.0946577281
   0.0975852651
   0.0984258239
   0.0981403736
   0.0979522778
   0.0971061538
   0.0931123069
   0.0858536153
   0.0766508694
   0.0688795671
   0.0622154101
   0.0547168737
   0.0461772876
   0.0393865047
   0.0341165840
   0.0299853675
   0.0258533921
   0.0198516251
   0.0112352611
   0.0021542590
  -0.0059599993
  -0.0140499479
  -0.0217484656
  -0.0287538838
  -0.0347728342
  -0.0399653194
  -0.0448885874
  -0.0511222019
  -0.0584455435
  -0.0653542793
  -0.0711458597
  -0.0761047953
  -0.0777680972
  -0.0756251420
  -0.0724498461
  -0.0681211127
  -0.0623482877
  -0.0560119704
  -0.0513366781
  -0.0476623231
  -0.0443647017
  -0.0414999356
  -0.0380023653
  -0.0342544956
  -0.0320430779
  -0.0317407152
  -0.0339389608
  -0.0377265637
  -0.0394475410
  -0.0402499386
  -0.0430135919
  -0.0488828318
  -0.0564703026
  -0.0622627141
  -0.0665373496
  -0.0708240911
  -0.0765987591
  -0.0817927694
  -0.0826833425
  -0.0782602541
  -0.0733849768
  -0.0716380166
  -0.0709658948
  -0.0676856556
  -0.0616415100
  -0.0548385127
  -0.0492903185
  -0.0430306127
  -0.0340083629
  -0.0230259741
  -0.0125669253
  -0.0042973190
   0.0023460943
   0.0071862684
   0.0115553240
   0.0161158290
   0.0190504525
   0.0197468913
   0.0193544233
   0.0191201076
   0.0193278333
   0.0197037431
   0.0200041905
   0.0219190312
   0.0262634374
   0.0301143748
   0.0321575182
   0.0344920456
   0.0381287382
   0.0418262935
   0.0463914025
   0.0510065257
   0.0561877794
   0.0612402390
   0.0666977641
   0.0724473165
   0.0788694243
   0.0863639133
   0.0925083043
   0.0957973249
   0.0984944852
   0.1019695418
   0.1046383703
   0.1052282792
   0.1035707594
   0.0997187884
   0.0941020052
   0.0879561687
   0.0840664340
   0.0809593658
   0.0772753620
   0.0745809120
   0.0738017147
   0.0742082980
   0.0746399969
   0.0746228677
   0.0730896610
   0.0688660155
   0.0641961078
   0.0584679849
   0.0507973617
   0.0422981412
   0.0327682857
   0.0233057255
   0.0145502755
   0.0072060211
   0.0011675380
  -0.0040508358
  -0.0072091506
  -0.0105217293
  -0.0145267970
  -0.0178579106
  -0.0220835111
  -0.0264383936
  -0.0313076973
  -0.0361305824
  -0.0413074671
  -0.0462658968
  -0.0514558958
  -0.0563878006
  -0.0615652599
  -0.0660041765
  -0.0681410245
  -0.0689196075
  -0.0686990963
  -0.0681336525
  -0.0701056049
  -0.0742159592
  -0.0752760535
  -0.0718900758
  -0.0678532614
  -0.0644769686
  -0.0607638380
  -0.0572990083
  -0.0522526560
  -0.0452168245
  -0.0395594589
  -0.0369844073
  -0.0362891936
  -0.0347905850
  -0.0323864494
  -0.0301801234
  -0.0296351009
  -0.0295518292
  -0.0285293324
  -0.0268135336
  -0.0254613361
  -0.0238922556
  -0.0199031030
  -0.0134185314
  -0.0066903314
   0.0001081564
   0.0082396808
   0.0186082521
   0.0298413052
   0.0402458189
   0.0487662883
   0.0552011166
   0.0601598715
   0.0634043346
   0.0651025453
   0.0662827969
   0.0674163587
   0.0689086939
   0.0707154979
   0.0724100948
   0.0738428754
   0.0745626265
   0.0746062445
   0.0742179829
   0.0714500653
   0.0669607007
   0.0633528748
   0.0602227870
   0.0568683213
   0.0540173958
   0.0520400950
   0.0497702610
   0.0465012967
   0.0433913375
   0.0393001722
   0.0345881389
   0.0290355396
   0.0231513063
   0.0175734577
   0.0111065537
   0.0027606496
  -0.0056188466
  -0.0128149697
  -0.0184408848
  -0.0239315480
  -0.0302907296
  -0.0366764795
  -0.0420561282
  -0.0453228159
  -0.0462744614
  -0.0477600751
  -0.0515472153
  -0.0549001994
  -0.0560212216
  -0.0569829856
  -0.0599425405
  -0.0633010897
  -0.0656540401
  -0.0689802462
  -0.0724616631
  -0.0742398822
  -0.0741936262
  -0.0734745979
  -0.0731057783
  -0.0731954355
  -0.0732698427
  -0.0730393575
  -0.0723941220
  -0.0692042266
  -0.0645135398
  -0.0595635301
  -0.0540638325
  -0.0477981640
  -0.0416617594
  -0.0354672673
  -0.0288305820
  -0.0225480156
  -0.0165652135
  -0.0114153019
  -0.0062814787
  -0.0024525071
  -0.0009581095
  -0.0012121942
  -0.0018288323
  -0.0019883195
  -0.0016952807
  -0.0016468383
  -0.0039440819
  -0.0062608984
  -0.0070003300
  -0.0083269638
  -0.0104133023
  -0.0119188169
  -0.0122682017
  -0.0119109895
  -0.0115158040
  -0.0114729196
  -0.0117122656
  -0.0119138480
  -0.0118990677
  -0.0118019517
  -0.0115411906
  -0.0090736156
  -0.0044364702
   0.0007202407
   0.0053719803
   0.0081375995
   0.0088061510
   0.0084835441
   0.0083006665
   0.0083978005
   0.0084730786
   0.0075537075
   0.0043182932
  -0.0000547489
  -0.0032359057
  -0.0037157940
  -0.0043320905
  -0.0073790187
  -0.0109664594
  -0.0133539645
  -0.0149712090
  -0.0179180724
  -0.0205794203
  -0.0190859866
  -0.0144299014
  -0.0106476686
  -0.0072181489
  -0.0021917831
   0.0044132301
   0.0092732501
   0.0127684209
   0.0168016975
   0.0210250430
   0.0256141292
   0.0296084567
   0.0315961290
   0.0319021596
   0.0320138209
   0.0329018717
   0.0319270873
   0.0272904730
   0.0209360869
   0.0151446258
   0.0096540854
   0.0039512444
  -0.0015611432
  -0.0059610906
  -0.0089936505
  -0.0091127381
  -0.0074223873
  -0.0060993203
  -0.0046686899
  -0.0011178113
   0.0026775792
   0.0053070484
   0.0081720386
   0.0115795506
   0.0140986974
   0.0165045531
   0.0202044538
   0.0241664744
   0.0255606601
   0.0238788486
   0.0197340083
   0.0153618267
   0.0131472867
   0.0130056565
   0.0124442854
   0.0096474325
   0.0075186432
   0.0076119070
   0.0101258139
   0.0137482501
   0.0173240004
   0.0206332038
   0.0232240330
   0.0260022245
   0.0298056194
   0.0330554815
   0.0346745365
   0.0370461302
   0.0417508745
   0.0476354006
   0.0524490634
   0.0547338945
   0.0568599735
   0.0599891940
   0.0637981614
   0.0667419241
   0.0667993466
   0.0661263575
   0.0665934712
   0.0668254379
   0.0658001441
   0.0644100781
   0.0629514230
   0.0614546068
   0.0601878781
   0.0603843940
   0.0619703254
   0.0638346603
   0.0647331837
   0.0639721997
   0.0613908602
   0.0577996575
   0.0547572394
   0.0525851935
   0.0501681713
   0.0471965104
   0.0447384359
   0.0437778644
   0.0437802856
   0.0419155894
   0.0375700521
   0.0339395318
   0.0325241153
   0.0300564897
   0.0259790170
   0.0210055251
   0.0160492636
   0.0132653697
   0.0128677557
   0.0127782720
   0.0102797850
   0.0060022007
   0.0030429993
   0.0016723185
  -0.0011707810
  -0.0057298069
  -0.0116498417
  -0.0176073800
  -0.0235321596
  -0.0292791969
  -0.0346457530
  -0.0397224391
  -0.0448510043
  -0.0505222106
  -0.0548187454
  -0.0579532420
  -0.0622022199
  -0.0664272385
  -0.0700095152
  -0.0739520107
  -0.0779500496
  -0.0795314638
  -0.0788902396
  -0.0778697159
  -0.0775915653
  -0.0778774493
  -0.0781238349
  -0.0773515760
  -0.0744104152
  -0.0714652431
  -0.0696579332
  -0.0697347616
  -0.0699189546
  -0.0689049718
  -0.0674979573
  -0.0647752478
  -0.0597562515
  -0.0529868982
  -0.0468596002
  -0.0414272630
  -0.0369920685
  -0.0334931394
  -0.0302776948
  -0.0277736317
  -0.0267116836
  -0.0267669126
  -0.0270884968
  -0.0271816846
  -0.0276239212
  -0.0281370198
  -0.0278529500
  -0.0272032081
  -0.0267706817
  -0.0265658542
  -0.0249302337
  -0.0210305937
  -0.0171677164
  -0.0146320873
  -0.0111639835
  -0.0064917196
  -0.0006285168
   0.0048959805
   0.0103906332
   0.0155130261
   0.0210197380
   0.0254790832
   0.0290549202
   0.0328516586
   0.0359988503
   0.0373792098
   0.0373889669
   0.0372355993
   0.0374111192
   0.0371594214
   0.0358481171
   0.0325844686
   0.0292080999
   0.0274885970
   0.0252745412
   0.0214649523
   0.0184956187
   0.0177096781
   0.0182695206
   0.0196482792
   0.0232735017
   0.0274023367
   0.0295195584
   0.0294097798
   0.0284579969
   0.0265192585
   0.0228633263
   0.0173207950
   0.0110894751
   0.0047031687
  -0.0015786262
  -0.0077510581
  -0.0125032076
  -0.0170939272
  -0.0207928594
  -0.0223662005
  -0.0222991690
  -0.0218509444
  -0.0217537020
  -0.0219398175
  -0.0220411001
  -0.0220077921
  -0.0219471823
  -0.0217799776
  -0.0202360271
  -0.0171199137
  -0.0134602485
  -0.0111201993
  -0.0085401969
  -0.0043124968
   0.0011750261
   0.0066841953
   0.0098066978
   0.0110839714
   0.0135081307
   0.0174948803
   0.0205582943
   0.0215180203
   0.0212425403
   0.0210202223
   0.0210914385
   0.0198300040
   0.0162516771
   0.0126145076
   0.0110139369
   0.0090311323
   0.0054352824
   0.0023304956
  -0.0009004268
  -0.0048099804
  -0.0090666519
  -0.0135686683
  -0.0178506759
  -0.0226242080
  -0.0263029393
  -0.0282817362
  -0.0316205796
  -0.0355443378
  -0.0377225524
  -0.0378422399
  -0.0381793669
  -0.0391018856
  -0.0387950419
  -0.0376671174
  -0.0358772078
  -0.0331395988
  -0.0297057028
  -0.0272392553
  -0.0260961893
  -0.0245118082
  -0.0228023154
  -0.0231588988
  -0.0265287085
  -0.0298698467
  -0.0309214306
  -0.0315887605
  -0.0328438565
  -0.0334577933
  -0.0336323122
  -0.0347979859
  -0.0365901469
  -0.0389646353
  -0.0413733819
  -0.0433468160
  -0.0437255011
  -0.0429778880
  -0.0420971804
  -0.0403838281
  -0.0382362473
  -0.0362439856
  -0.0332717645
  -0.0294937996
  -0.0269697453
  -0.0260534025
  -0.0232600585
  -0.0189065746
  -0.0152046032
  -0.0126286085
  -0.0106660554
  -0.0085135743
  -0.0069480028
  -0.0061509030
  -0.0048360247
  -0.0036166651
  -0.0014687327
   0.0007764758
   0.0019707140
   0.0013082611
   0.0008072093
   0.0011502458
   0.0024041363
   0.0035293876
   0.0038276071
   0.0036480975
   0.0058166923
   0.0104813059
   0.0140097955
   0.0153604607
   0.0179169593
   0.0218307869
   0.0263029935
   0.0316122427
   0.0373102955
   0.0438903967
   0.0498795047
   0.0535448616
   0.0549504306
   0.0571765382
   0.0608126236
   0.0639452411
   0.0656207936
   0.0665861352
   0.0672206740
   0.0672386705
   0.0686129444
   0.0704570062
   0.0723842926
   0.0740162271
   0.0745168041
   0.0734749593
   0.0722092425
   0.0708898253
   0.0680448264
   0.0635710370
   0.0602806070
   0.0596400694
   0.0583013909
   0.0556832634
   0.0522284438
   0.0487239351
   0.0457580923
   0.0433192792
   0.0416581456
   0.0403182746
   0.0377457527
   0.0351291646
   0.0339698114
   0.0332103055
   0.0297832322
   0.0256699761
   0.0235859214
   0.0213228379
   0.0143398756
   0.0044437772
  -0.0015112044
  -0.0040913893
  -0.0066983287
  -0.0129345957
  -0.0211356202
  -0.0264382057
  -0.0298304821
  -0.0332335527
  -0.0381442050
  -0.0427314301
  -0.0426834756
  -0.0389763077
  -0.0365230034
  -0.0354099351
  -0.0347578877
  -0.0342105488
  -0.0338441938
  -0.0336089710
  -0.0333846329
  -0.0325789938
  -0.0317532549
  -0.0313480666
  -0.0307286585
  -0.0299751442
  -0.0285915287
  -0.0266915369
  -0.0267038273
  -0.0285832966
  -0.0299409003
  -0.0310594795
  -0.0323089850
  -0.0351320484
  -0.0383290485
  -0.0410701520
  -0.0424091195
  -0.0422073276
  -0.0404331197
  -0.0398672783
  -0.0390011342
  -0.0360653434
  -0.0336349141
  -0.0323574852
  -0.0310444355
  -0.0281919706
  -0.0249078755
  -0.0224544447
  -0.0200170879
  -0.0160155690
  -0.0119918327
  -0.0079318867
  -0.0044912041
  -0.0003053573
   0.0048761193
   0.0083796451
   0.0098347514
   0.0125784279
   0.0164231063
   0.0194361411
   0.0217774082
   0.0232044754
   0.0243760034
   0.0264225256
   0.0282730090
   0.0289836534
   0.0293443854
   0.0298385588
   0.0319590834
   0.0342334383
   0.0328135624
   0.0294342052
   0.0260376248
   0.0231368296
   0.0197403432
   0.0163150804
   0.0117245090
   0.0074468380
   0.0055366590
   0.0031643650
   0.0001106549
  -0.0036017053
  -0.0067227902
  -0.0073648094
  -0.0060992336
  -0.0059974414
  -0.0055803565
  -0.0050909641
  -0.0038558594
  -0.0023799151
  -0.0007457079
   0.0021039444
   0.0051418963
   0.0075422663
   0.0086916095
   0.0095365915
   0.0095956222
   0.0093574506
   0.0103426751
   0.0115931094
   0.0119734857
   0.0114369808
   0.0108581299
   0.0102174550
   0.0090911785
   0.0073750544
   0.0054059243
   0.0024280246
  -0.0006317136
  -0.0028602702
  -0.0069984942
  -0.0138790571
  -0.0199233436
  -0.0227098467
  -0.0226921863
  -0.0220323404
  -0.0219670001
  -0.0222305258
  -0.0223495989
  -0.0222528298
  -0.0222051898
  -0.0228639624
  -0.0229863096
  -0.0224214150
  -0.0218385276
  -0.0216163938
  -0.0214398548
  -0.0196321366
  -0.0164611736
  -0.0140679227
  -0.0123551161
  -0.0114050858
  -0.0107805969
  -0.0087588975
  -0.0047165757
  -0.0009824329
   0.0005862352
   0.0002679408
  -0.0009334084
  -0.0015797241
  -0.0013128932
  -0.0010532784
  -0.0020546636
  -0.0044615424
  -0.0066248105
  -0.0072442004
  -0.0074683434
  -0.0077678006
  -0.0069120749
  -0.0032331546
   0.0003518907
   0.0026944120
   0.0058050344
   0.0101192260
   0.0148725463
   0.0194595040
   0.0236400880
   0.0263711344
   0.0286575447
   0.0315046251
   0.0335963988
   0.0342367593
   0.0340178201
   0.0337682688
   0.0337193422
   0.0340068271
   0.0347967825
   0.0348197552
   0.0355987898
   0.0349526870
   0.0321683233
   0.0278106582
   0.0241388075
   0.0227852079
   0.0230973746
   0.0229996985
   0.0194445828
   0.0147890831
   0.0124024056
   0.0112392074
   0.0070753406
   0.0022296007
   0.0009458473
   0.0014080325
  -0.0003894552
  -0.0041548866
  -0.0078439785
  -0.0103597357
  -0.0123144324
  -0.0143523467
  -0.0155869418
  -0.0162364380
  -0.0189322322
  -0.0222207686
  -0.0243636696
  -0.0250670829
  -0.0248722258
  -0.0245841844
  -0.0245443934
  -0.0245649412
  -0.0244644789
  -0.0243257505
  -0.0242555931
  -0.0241754618
  -0.0240457136
  -0.0239453308
  -0.0239185312
  -0.0238966608
  -0.0233028634
  -0.0220223158
  -0.0215466123
  -0.0223659764
  -0.0221930150
  -0.0208671112
  -0.0177889421
  -0.0143720958
  -0.0126304081
  -0.0117667538
  -0.0084675424
  -0.0034400997
  -0.0007011009
   0.0003956145
   0.0021584098
   0.0053026252
   0.0072601154
   0.0073598333
   0.0073140832
   0.0078899671
   0.0104483340
   0.0142163467
   0.0177936653
   0.0217616089
   0.0256740018
   0.0282211155
   0.0289111434
   0.0290773435
   0.0322011217
   0.0368804397
   0.0396508868
   0.0400296081
   0.0405941846
   0.0409970458
   0.0412316506
   0.0413849098
   0.0420505992
   0.0431877025
   0.0433721123
   0.0431671764
   0.0442987507
   0.0453843581
   0.0441418416
   0.0422666654
   0.0411504134
   0.0397359546
   0.0369222508
   0.0338535173
   0.0309283834
   0.0286604321
   0.0251571015
   0.0207616185
   0.0175010634
   0.0136092435
   0.0093853704
   0.0044775007
  -0.0000643533
  -0.0046434334
  -0.0094323854
  -0.0134462272
  -0.0165272980
  -0.0185080825
  -0.0221321522
  -0.0283308868
  -0.0361577976
  -0.0425487911
  -0.0459863369
  -0.0491636565
  -0.0541659211
  -0.0599675838
  -0.0637806347
  -0.0671877527
  -0.0707259778
  -0.0729350646
  -0.0733679199
  -0.0729261387
  -0.0726693093
  -0.0735322011
  -0.0740800460
  -0.0736126071
  -0.0733456231
  -0.0750040825
  -0.0760968812
  -0.0749155094
  -0.0730902753
  -0.0722745791
  -0.0721254757
  -0.0717036424
  -0.0696148573
  -0.0652987359
  -0.0611045426
  -0.0574738055
  -0.0543322259
  -0.0525522360
  -0.0513495069
  -0.0488908905
  -0.0451098936
  -0.0416648311
  -0.0373276415
  -0.0335524700
  -0.0311149578
  -0.0289480904
  -0.0275398075
  -0.0254118855
  -0.0206656300
  -0.0124173268
  -0.0044208443
  -0.0007785645
  -0.0008728220
  -0.0002801845
   0.0033129238
   0.0068201266
   0.0086814693
   0.0090235724
   0.0085520210
   0.0079893526
   0.0085508032
   0.0095364542
   0.0093962478
   0.0092404120
   0.0110761621
   0.0146958592
   0.0176839988
   0.0200106013
   0.0214981121
   0.0234725327
   0.0272185847
   0.0311010846
   0.0335276869
   0.0350965397
   0.0361456192
   0.0385713867
   0.0417188205
   0.0436659465
   0.0457780041
   0.0497158017
   0.0533052336
   0.0554587771
   0.0572646415
   0.0605398938
   0.0635519203
   0.0647603952
   0.0639415912
   0.0609397916
   0.0580005099
   0.0561978979
   0.0549171479
   0.0529662275
   0.0499798586
   0.0465259425
   0.0438591016
   0.0413487723
   0.0382552195
   0.0347883444
   0.0308471968
   0.0270483697
   0.0240795203
   0.0202548439
   0.0161357299
   0.0132639025
   0.0115698946
   0.0095606121
   0.0064703190
   0.0021104965
  -0.0015558375
  -0.0033434568
  -0.0034632729
  -0.0030635572
  -0.0028667078
  -0.0028457733
  -0.0028407300
  -0.0034946667
  -0.0061809694
  -0.0097663900
  -0.0103116438
  -0.0069905837
  -0.0037020039
  -0.0021200043
  -0.0019660523
  -0.0021817553
  -0.0010999041
   0.0029050725
   0.0077583615
   0.0104024972
   0.0122948820
   0.0153332817
   0.0182087301
   0.0210735540
   0.0247078904
   0.0277061883
   0.0288576201
   0.0286816485
   0.0282639890
   0.0281559523
   0.0279646077
   0.0259396632
   0.0218994807
   0.0185026763
   0.0170964026
   0.0157540851
   0.0137721479
   0.0108583359
   0.0078410911
   0.0034268282
  -0.0007702511
  -0.0027002779
  -0.0025109949
  -0.0017727046
  -0.0026832582
  -0.0056139644
  -0.0078521673
  -0.0078085638
  -0.0088136856
  -0.0109369278
  -0.0124727220
  -0.0130892571
  -0.0142695520
  -0.0177059704
  -0.0213920955
  -0.0231768519
  -0.0248998927
  -0.0272453806
  -0.0294088728
  -0.0311328278
  -0.0322008435
  -0.0325538962
  -0.0325102819
  -0.0324392102
  -0.0309967484
  -0.0275893304
  -0.0239717473
  -0.0212900792
  -0.0202570556
  -0.0180832642
  -0.0136317861
  -0.0072586663
  -0.0023287039
   0.0008523292
   0.0044058328
   0.0077575159
   0.0106584665
   0.0143395034
   0.0175237180
   0.0188125917
   0.0186983393
   0.0183299281
   0.0182701928
   0.0195659001
   0.0231455929
   0.0270833653
   0.0289589931
   0.0290248393
   0.0309034955
   0.0353544785
   0.0389003827
   0.0397608533
   0.0390202870
   0.0383275668
   0.0370747150
   0.0347825660
   0.0348597196
   0.0362047402
   0.0341657491
   0.0302155816
   0.0277263675
   0.0275181069
   0.0282442832
   0.0281031698
   0.0248164042
   0.0201480684
   0.0174606363
   0.0168318687
   0.0145325248
   0.0104807530
   0.0076301889
   0.0071986274
   0.0090954788
   0.0114011143
   0.0114739242
   0.0113239137
   0.0124781824
   0.0153181220
   0.0178474633
   0.0186994271
   0.0183600740
   0.0179331345
   0.0174399440
   0.0163865532
   0.0141023654
   0.0106404014
   0.0080734735
   0.0069198914
   0.0060969244
   0.0046626043
   0.0032403329
   0.0025255945
   0.0017346792
   0.0008406470
  -0.0000668357
   0.0000812793
   0.0015716184
   0.0028326337
   0.0024202923
   0.0024681008
   0.0048429270
   0.0075574043
   0.0086777074
   0.0083656851
   0.0077196438
   0.0063550655
   0.0049657584
   0.0025181140
  -0.0010262182
  -0.0048968225
  -0.0078384929
  -0.0102916381
  -0.0119815299
  -0.0134448106
  -0.0155917843
  -0.0192361705
  -0.0221299406
  -0.0231228155
  -0.0240920419
  -0.0254387501
  -0.0256843552
  -0.0243184038
  -0.0226847781
  -0.0219507310
  -0.0226743488
  -0.0250618611
  -0.0273365773
  -0.0294384080
  -0.0314382550
  -0.0326020639
  -0.0328120230
  -0.0325908035
  -0.0329093738
  -0.0340870054
  -0.0351045478
  -0.0353811733
  -0.0348196142
  -0.0348109557
  -0.0359607288
  -0.0390636521
  -0.0420866644
  -0.0433002348
  -0.0431340383
  -0.0439833785
  -0.0461803593
  -0.0483707269
  -0.0499761003
  -0.0513930165
  -0.0519075426
  -0.0503459318
  -0.0494471554
  -0.0506313098
  -0.0527510286
  -0.0540029047
  -0.0534760557
  -0.0530607271
  -0.0526683820
  -0.0521168150
  -0.0515789080
  -0.0512971075
  -0.0511924894
  -0.0509671719
  -0.0492335103
  -0.0452181254
  -0.0405268243
  -0.0359737889
  -0.0319463486
  -0.0289717099
  -0.0262343792
  -0.0237211336
  -0.0216210303
  -0.0198215080
  -0.0185718110
  -0.0180476579
  -0.0169069119
  -0.0128903742
  -0.0085463041
  -0.0065830933
  -0.0066915890
  -0.0065872853
  -0.0063892733
  -0.0053184751
  -0.0034429961
  -0.0014638202
   0.0009905118
   0.0028468650
   0.0033675793
   0.0031358640
   0.0029570259
   0.0029551041
   0.0035520921
   0.0062182489
   0.0103503327
   0.0133578276
   0.0148436833
   0.0158821457
   0.0176945003
   0.0205255248
   0.0215990984
   0.0213966958
   0.0217893372
   0.0226723829
   0.0232589600
   0.0232854452
   0.0231549670
   0.0247502363
   0.0289801769
   0.0327914390
   0.0340894230
   0.0335747777
   0.0329166194
   0.0328679277
   0.0336777949
   0.0366415706
   0.0387663487
   0.0376486512
   0.0370458411
   0.0395650964
   0.0414765907
   0.0407452395
   0.0402617194
   0.0415782094
   0.0422282512
   0.0408533630
   0.0379166470
   0.0351535575
   0.0340746355
   0.0343120880
   0.0348298556
   0.0351839817
   0.0353065023
   0.0353136250
   0.0353503335
   0.0354163676
   0.0347814277
   0.0334906857
   0.0326750473
   0.0321481839
   0.0315775398
   0.0299140645
   0.0275391823
   0.0248597945
   0.0224993456
   0.0208047414
   0.0187375016
   0.0170448163
   0.0164628865
   0.0167253714
   0.0171723239
   0.0171861176
   0.0155127732
   0.0130850507
   0.0111850228
   0.0098715936
   0.0085065890
   0.0074918364
   0.0071935970
   0.0071439152
   0.0049529115
   0.0004671545
  -0.0030005933
  -0.0038928281
  -0.0032180841
  -0.0030666545
  -0.0042903517
  -0.0069054111
  -0.0096062900
  -0.0115881296
  -0.0140611324
  -0.0185896160
  -0.0223638624
  -0.0237635735
  -0.0248923652
  -0.0266311258
  -0.0285267016
  -0.0301252811
  -0.0315929742
  -0.0325354264
  -0.0317530056
  -0.0292635132
  -0.0279319502
  -0.0294229339
  -0.0319557479
  -0.0332742327
  -0.0328739771
  -0.0305644894
  -0.0281270892
  -0.0260988418
  -0.0237495522
  -0.0212273806
  -0.0187230466
  -0.0155702644
  -0.0129221499
  -0.0110578982
  -0.0085195587
  -0.0048559943
  -0.0021380777
  -0.0003213348
   0.0009668602
   0.0003659680
   0.0010367852
   0.0052284854
   0.0102139497
   0.0138952287
   0.0151385005
   0.0160365216
   0.0177497365
   0.0210625212
   0.0239751659
   0.0245161302
   0.0248570047
   0.0264590859
   0.0281276674
   0.0286590119
   0.0283056520
   0.0280107734
   0.0286325737
   0.0300425118
   0.0313265972
   0.0313175990
   0.0297647226
   0.0281762941
   0.0276524590
   0.0279137514
   0.0274779943
   0.0251854948
   0.0223608305
   0.0213701853
   0.0206162192
   0.0192024253
   0.0180726181
   0.0177534948
   0.0170241782
   0.0147113730
   0.0111143667
   0.0081873862
   0.0067214495
   0.0037151327
  -0.0005668579
  -0.0037771736
  -0.0048126329
  -0.0060632767
  -0.0092898120
  -0.0125674348
  -0.0144450720
  -0.0150025800
  -0.0163360402
  -0.0194543580
  -0.0224546507
  -0.0248661185
  -0.0286025940
  -0.0321398180
  -0.0335965289
  -0.0335575726
  -0.0336213337
  -0.0333308855
  -0.0326856790
  -0.0324858276
  -0.0333793640
  -0.0339700680
  -0.0330885618
  -0.0317095863
  -0.0309944753
  -0.0308903487
  -0.0296562016
  -0.0269737421
  -0.0241481238
  -0.0227764373
  -0.0231328617
  -0.0233097802
  -0.0213042271
  -0.0181037506
  -0.0148272046
  -0.0111251320
  -0.0084842560
  -0.0075719172
  -0.0076941415
  -0.0071773749
  -0.0049371014
  -0.0026955662
  -0.0018555105
  -0.0021342056
  -0.0024939160
  -0.0024087966
  -0.0029725571
  -0.0041968531
  -0.0041813898
  -0.0045873841
  -0.0059366617
  -0.0071118973
  -0.0073366077
  -0.0071632343
  -0.0078463311
  -0.0096377910
  -0.0113034274
  -0.0118989304
  -0.0123776153
  -0.0133692904
  -0.0155500346
  -0.0170035798
  -0.0166541082
  -0.0155404076
  -0.0149187771
  -0.0157058126
  -0.0169119748
  -0.0166780819
  -0.0152682739
  -0.0141376500
  -0.0137990631
  -0.0138194194
  -0.0136996813
  -0.0126935620
  -0.0109401983
  -0.0085243180
  -0.0054930736
  -0.0027565248
   0.0000715739
   0.0033038421
   0.0067862657
   0.0101702016
   0.0129234075
   0.0158411982
   0.0200383476
   0.0244912206
   0.0279304216
   0.0299634862
   0.0320914443
   0.0352227934
   0.0377574251
   0.0385970082
   0.0382770827
   0.0378682589
   0.0378400716
   0.0380284927
   0.0390069884
   0.0412752324
   0.0432350788
   0.0437698419
   0.0431011170
   0.0410366525
   0.0389269800
   0.0379624333
   0.0369777942
   0.0349168892
   0.0320779108
   0.0292301330
   0.0277509554
   0.0276094011
   0.0279291134
   0.0280611997
   0.0279591220
   0.0278453792
   0.0278357305
   0.0273811565
   0.0248790124
   0.0208276382
   0.0186022858
   0.0180537688
   0.0161584929
   0.0115937815
   0.0068546054
   0.0041053782
   0.0028862697
   0.0011745794
  -0.0011478850
  -0.0026016535
  -0.0028076088
  -0.0031950060
  -0.0058510663
  -0.0100485048
  -0.0128832226
  -0.0133769154
  -0.0126926369
  -0.0122263075
  -0.0123568579
  -0.0126598855
  -0.0134596739
  -0.0149504914
  -0.0169615482
  -0.0196183826
  -0.0215530086
  -0.0225598217
  -0.0228202360
  -0.0236383028
  -0.0266421008
  -0.0307413537
  -0.0332539632
  -0.0335559717
  -0.0329225749
  -0.0325775663
  -0.0326988077
  -0.0327623664
  -0.0326120379
  -0.0326877027
  -0.0336847514
  -0.0350923586
  -0.0356157962
  -0.0355211231
  -0.0370699449
  -0.0389155966
  -0.0371530973
  -0.0335660216
  -0.0313973292
  -0.0312927147
  -0.0319432660
  -0.0305410036
  -0.0266606574
  -0.0247834178
  -0.0272858800
  -0.0292791246
  -0.0286023121
  -0.0268595439
  -0.0259186023
  -0.0260523256
  -0.0259784279
  -0.0240690838
  -0.0216009161
  -0.0202464600
  -0.0190150269
  -0.0173181136
  -0.0151492803
  -0.0120812767
  -0.0098478585
  -0.0092198461
  -0.0093484849
  -0.0092755304
  -0.0089099741
  -0.0090917892
  -0.0102561583
  -0.0119874782
  -0.0131486816
  -0.0133442579
  -0.0128896406
  -0.0111989863
  -0.0088502749
  -0.0073940085
  -0.0071091581
  -0.0073129268
  -0.0074178268
  -0.0071832292
  -0.0062702183
  -0.0055428205
  -0.0048730874
  -0.0037268593
  -0.0026807087
  -0.0023026476
  -0.0024375834
  -0.0026199423
  -0.0017853104
   0.0004710917
   0.0024028433
   0.0029799704
   0.0026583710
   0.0025110892
   0.0040862650
   0.0067091266
   0.0095095859
   0.0101217664
   0.0087752823
   0.0078018060
   0.0084416643
   0.0098785139
   0.0117865788
   0.0131302876
   0.0136027569
   0.0139554085
   0.0161490610
   0.0193721994
   0.0204392104
   0.0194721738
   0.0206952881
   0.0237430582
   0.0259715293
   0.0264034305
   0.0264824958
   0.0283215308
   0.0312853788
   0.0346527203
   0.0369339593
   0.0376439172
   0.0375560668
   0.0375355407
   0.0377394286
   0.0379255730
   0.0380442848
   0.0392471584
   0.0404335172
   0.0403659400
   0.0397444108
   0.0388098944
   0.0382045186
   0.0380935402
   0.0382112763
   0.0377157585
   0.0355646218
   0.0332848752
   0.0318462043
   0.0306284239
   0.0296481032
   0.0285687838
   0.0283660053
   0.0288418642
   0.0286711325
   0.0280828750
   0.0277386759
   0.0277090215
   0.0284877815
   0.0299808033
   0.0298783751
   0.0283885804
   0.0258269647
   0.0232525925
   0.0208100826
   0.0194054495
   0.0185452463
   0.0179559336
   0.0176218531
   0.0175284123
   0.0169118447
   0.0151407844
   0.0147558113
   0.0161960651
   0.0177174260
   0.0174050568
   0.0134740928
   0.0087965203
   0.0066759631
   0.0070144633
   0.0077993559
   0.0077502595
   0.0062799898
   0.0034052490
   0.0000849018
  -0.0022865892
  -0.0030449966
  -0.0035393402
  -0.0056347760
  -0.0092549573
  -0.0123391794
  -0.0135988251
  -0.0149418617
  -0.0182412972
  -0.0220056745
  -0.0239094535
  -0.0238442939
  -0.0231062500
  -0.0226795164
  -0.0231176875
  -0.0238302834
  -0.0236317402
  -0.0254143139
  -0.0294023066
  -0.0323130035
  -0.0328086152
  -0.0331757508
  -0.0334160906
  -0.0325004272
  -0.0317081372
  -0.0323649982
  -0.0322591658
  -0.0310147882
  -0.0298070252
  -0.0293394851
  -0.0292059425
  -0.0271562474
  -0.0225600349
  -0.0187177633
  -0.0175204656
  -0.0184913942
  -0.0197119210
  -0.0194676602
  -0.0184549856
  -0.0177016989
  -0.0176154423
  -0.0178489991
  -0.0179036643
  -0.0178005857
  -0.0177802691
  -0.0179418111
  -0.0180804021
  -0.0180820572
  -0.0186765773
  -0.0202881230
  -0.0215218545
  -0.0210867984
  -0.0191239707
  -0.0175379490
  -0.0171577244
  -0.0174671375
  -0.0170432624
  -0.0145625478
  -0.0107266652
  -0.0082286227
  -0.0071585509
  -0.0066289013
  -0.0061667818
  -0.0057576147
  -0.0055032716
  -0.0052432259
  -0.0048923559
  -0.0038788682
  -0.0009746659
   0.0025702832
   0.0053431534
   0.0066112770
   0.0068149950
   0.0074915979
   0.0092072088
   0.0108774310
   0.0122286311
   0.0141924309
   0.0164404090
   0.0177388339
   0.0179659437
   0.0180958509
   0.0207338396
   0.0223469898
   0.0206767676
   0.0183688880
   0.0180782555
   0.0184946285
   0.0184583031
   0.0180025655
   0.0175666313
   0.0174652692
   0.0173813687
   0.0166263944
   0.0164691022
   0.0169819045
   0.0166608262
   0.0154732243
   0.0154035728
   0.0146889641
   0.0116671226
   0.0082468722
   0.0066538542
   0.0068408587
   0.0074340417
   0.0065785508
   0.0041239420
   0.0021655661
   0.0013983610
   0.0000122457
  -0.0018658682
  -0.0030311686
  -0.0031543213
  -0.0028257152
  -0.0026428011
  -0.0027077287
  -0.0028218120
  -0.0028009819
  -0.0027336079
  -0.0027327449
  -0.0027763817
  -0.0027311729
  -0.0026555172
  -0.0026860426
  -0.0028299107
  -0.0039941613
  -0.0061830437
  -0.0074825888
  -0.0071224387
  -0.0061369105
  -0.0064818938
  -0.0074752348
  -0.0078865630
  -0.0085539869
  -0.0088756470
  -0.0096145329
  -0.0112833819
  -0.0125603121
  -0.0116529748
  -0.0083091733
  -0.0052559861
  -0.0042531734
  -0.0043207578
  -0.0041824053
  -0.0051347519
  -0.0067100589
  -0.0088383134
  -0.0112182801
  -0.0125364831
  -0.0126475264
  -0.0123240703
  -0.0121354180
  -0.0121744573
  -0.0122645373
  -0.0122835059
  -0.0122495041
  -0.0122242657
  -0.0122283890
  -0.0122389050
  -0.0121604468
  -0.0119960500
  -0.0118746171
  -0.0118504555
  -0.0118792029
  -0.0124002410
  -0.0154799748
  -0.0192955987
  -0.0186120682
  -0.0141601673
  -0.0106208979
  -0.0099266744
  -0.0107188379
  -0.0112471540
  -0.0110835703
  -0.0106629765
  -0.0104063458
  -0.0103965887
  -0.0104392852
  -0.0103282527
  -0.0101186297
  -0.0098868436
  -0.0097114899
  -0.0095439816
  -0.0094139155
  -0.0093604392
  -0.0093300222
  -0.0092074293
  -0.0095586101
  -0.0117307138
  -0.0130016453
  -0.0113495172
  -0.0089797376
  -0.0079583574
  -0.0081685441
  -0.0084423111
  -0.0082725660
  -0.0073897732
  -0.0056965712
  -0.0042621211
  -0.0019351203
   0.0008222942
   0.0024378031
   0.0026122613
   0.0022927228
   0.0029596741
   0.0052227143
   0.0091339436
   0.0121496634
   0.0129896838
   0.0125100159
   0.0120418977
   0.0121776447
   0.0139921929
   0.0173458961
   0.0204284992
   0.0222681847
   0.0227768998
   0.0225587015
   0.0223180219
   0.0223546546
   0.0225972530
   0.0228932554
   0.0249938069
   0.0285467362
   0.0297427148
   0.0285926851
   0.0278037993
   0.0289005371
   0.0312140216
   0.0328146755
   0.0330636630
   0.0326083627
   0.0310726300
   0.0297341575
   0.0292948733
   0.0279237398
   0.0249456970
   0.0224610832
   0.0217277516
   0.0221432356
   0.0225734853
   0.0225293578
   0.0222792139
   0.0213419944
   0.0192487536
   0.0172188908
   0.0149775909
   0.0129857737
   0.0120292784
   0.0120524643
   0.0113697072
   0.0077587048
   0.0036123644
   0.0017851012
   0.0021917138
   0.0031815596
   0.0036984986
   0.0037877799
   0.0037957302
   0.0036423336
   0.0027995751
   0.0013215261
   0.0000366859
  -0.0010397073
  -0.0021052208
  -0.0034211893
  -0.0043635157
  -0.0045968919
  -0.0046664674
  -0.0061851469
  -0.0081781494
  -0.0096190646
  -0.0113557979
  -0.0122204423
  -0.0125783917
  -0.0130301939
  -0.0149912943
  -0.0193491906
  -0.0231628089
  -0.0243728233
  -0.0237451145
  -0.0231238707
  -0.0232031998
  -0.0234891018
  -0.0234926107
  -0.0233251711
  -0.0233199384
  -0.0235168410
  -0.0258700623
  -0.0303045486
  -0.0335478769
  -0.0341796331
  -0.0322976667
  -0.0290667444
  -0.0255710713
  -0.0233064085
  -0.0227530816
  -0.0231268773
  -0.0234802336
  -0.0234427590
  -0.0231862513
  -0.0223119183
  -0.0208057677
  -0.0178912258
  -0.0145740649
  -0.0127231876
  -0.0124989036
  -0.0129798941
  -0.0132879773
  -0.0132088615
  -0.0129268008
  -0.0126438296
  -0.0103751266
  -0.0059635552
  -0.0025942822
  -0.0018471114
  -0.0026556473
  -0.0028894401
  -0.0009462145
   0.0019421570
   0.0049782223
   0.0069245640
   0.0074287403
   0.0071891305
   0.0070026681
   0.0071391559
   0.0072716433
   0.0072298213
   0.0075541737
   0.0094767586
   0.0128303787
   0.0161160783
   0.0176556091
   0.0176064513
   0.0171349577
   0.0169936420
   0.0176813101
   0.0204179109
   0.0245420481
   0.0274539809
   0.0281899577
   0.0276953795
   0.0272044477
   0.0271635400
   0.0273688083
   0.0275016318
   0.0272474549
   0.0249284702
   0.0211033602
   0.0179267743
   0.0168033923
   0.0171369345
   0.0175795360
   0.0169521705
   0.0141706219
   0.0108124413
   0.0083566110
   0.0073415152
   0.0072640399
   0.0074367375
   0.0074989049
   0.0074497760
   0.0074053738
   0.0074098585
   0.0068071135
   0.0048977295
   0.0044722030
   0.0061219388
   0.0076929598
   0.0072479840
   0.0052176586
   0.0028253451
   0.0028953377
   0.0032264265
   0.0015320977
  -0.0013063795
  -0.0036611179
  -0.0058489017
  -0.0085380539
  -0.0105171037
  -0.0110544362
  -0.0106142631
  -0.0100578934
  -0.0097885026
  -0.0096799888
  -0.0095103376
  -0.0092977189
  -0.0088961948
  -0.0079129976
  -0.0068163105
  -0.0053291357
  -0.0049036850
  -0.0059838609
  -0.0075887103
  -0.0084368580
  -0.0083986534
  -0.0080289015
  -0.0077668285
  -0.0077291985
  -0.0077863139
  -0.0078132038
  -0.0077949652
  -0.0077731020
  -0.0077714072
  -0.0077814787
  -0.0077880557
  -0.0077874161
  -0.0077847817
  -0.0077888001
  -0.0078755880
  -0.0080392187
  -0.0081582232
  -0.0081832846
  -0.0081581473
  -0.0081397208
  -0.0081436598
  -0.0081547143
  -0.0081589749
  -0.0081566621
  -0.0081542409
  -0.0081547902
  -0.0081568753
  -0.0080608868
  -0.0068024192
  -0.0058757519
  -0.0066307407
  -0.0079271382
  -0.0085418917
  -0.0083995857
  -0.0080963630
  -0.0080223642
  -0.0081258801
  -0.0082106985
  -0.0081551949
  -0.0081293819
  -0.0097253739
  -0.0121676382
  -0.0116873488
  -0.0092270158
  -0.0074630926
  -0.0073902141
  -0.0079685265
  -0.0074700347
  -0.0051817994
  -0.0028627702
  -0.0005024308
   0.0013959333
   0.0021971579
   0.0021484506
   0.0019002892
   0.0018318950
   0.0019134848
   0.0019826546
   0.0019777142
   0.0019425878
   0.0019268539
   0.0019167502
   0.0006656705
  -0.0023756104
  -0.0051898364
  -0.0069710766
  -0.0064191844
  -0.0057830591
  -0.0049066591
  -0.0040553132
  -0.0049800580
  -0.0062886014
  -0.0039073807
   0.0004486752
   0.0031613536
   0.0034106700
   0.0027321067
   0.0025534319
   0.0030039751
   0.0034853826
   0.0037121007
   0.0037651506
   0.0038756592
   0.0040968678
   0.0044651923
   0.0047783998
   0.0049712947
   0.0051356120
   0.0053479633
   0.0055593028
   0.0059651489
   0.0089034549
   0.0136735503
   0.0169211103
   0.0175521546
   0.0168825841
   0.0165173928
   0.0167937653
   0.0171708315
   0.0172642650
   0.0171495465
   0.0170530990
   0.0171083280
   0.0171557730
   0.0163498231
   0.0139733363
   0.0100961160
   0.0072726045
   0.0064987086
   0.0068855283
   0.0072845733
   0.0072312957
   0.0069901717
   0.0069390046
   0.0070735229
   0.0071201909
   0.0070448333
   0.0069609906
   0.0069412704
   0.0069651754
   0.0069846680
   0.0069828972
   0.0069727245
   0.0069681784
   0.0069702057
   0.0069729269
   0.0070337861
   0.0086616045
   0.0123729282
   0.0131162301
   0.0100289761
   0.0072413275
   0.0072111599
   0.0086730601
   0.0089495953
   0.0078424716
   0.0068539585
   0.0067557006
   0.0070870745
   0.0072538383
   0.0072540298
   0.0071522774
   0.0070260454
   0.0069970342
   0.0070344040
   0.0070290521
   0.0069864495
   0.0069543666
   0.0069518117
   0.0069630722
   0.0069691505
   0.0069667907
   0.0067278241
   0.0048461071
   0.0017910010
  -0.0003982680
  -0.0019985269
  -0.0029388762
  -0.0032543200
  -0.0032045821
  -0.0030616000
  -0.0030261346
  -0.0029824425
  -0.0028834904
  -0.0027971976
  -0.0027234659
  -0.0039180159
  -0.0078418970
  -0.0116782674
  -0.0130969291
  -0.0124422075
  -0.0114291028
  -0.0110942959
  -0.0111963483
  -0.0111865116
  -0.0109146960
  -0.0105533244
  -0.0102354081
  -0.0099249362
  -0.0097045949
  -0.0095472665
  -0.0093678690
  -0.0091374670
  -0.0089647983
  -0.0088656297
  -0.0086472217
  -0.0083619341
  -0.0081922756
  -0.0081774556
  -0.0083165128
  -0.0102040371
  -0.0133531225
  -0.0128309533
  -0.0096995103
  -0.0073639096
  -0.0071673251
  -0.0079428942
  -0.0083075254
  -0.0080856302
  -0.0077860067
  -0.0077301526
  -0.0078775467
  -0.0081005188
  -0.0081991453
  -0.0081755945
  -0.0081670372
  -0.0082004463
  -0.0082353154
  -0.0082381703
  -0.0075164967
  -0.0048342106
  -0.0015363243
   0.0009995567
   0.0013562604
  -0.0000714852
  -0.0007343420
  -0.0001105143
   0.0012478555
   0.0021027728
   0.0021544542
   0.0018908168
   0.0017672572
   0.0018434796
   0.0019901806
   0.0020150735
   0.0019384909
   0.0018837982
   0.0032898677
   0.0073869762
   0.0090902136
   0.0060887790
   0.0022414003
   0.0007482264
   0.0015884722
   0.0039663427
   0.0048271240
   0.0036035432
   0.0021714334
   0.0017562851
   0.0020898768
   0.0024257237
   0.0025423074
   0.0025554173
   0.0025751235
   0.0026892483
   0.0029849588
   0.0032774664
   0.0034215254
   0.0035284899
   0.0036841339
   0.0045946080
   0.0052116020
   0.0049151045
   0.0044686073
   0.0038201664
   0.0005314822
  -0.0035442860
  -0.0055467378
  -0.0053270216
  -0.0045105123
  -0.0051158592
  -0.0063993412
  -0.0062463241
  -0.0058429245
  -0.0064030815
  -0.0087493970
  -0.0114028923
  -0.0125320092
  -0.0124669617
  -0.0119037584
  -0.0122155023
  -0.0129284054
  -0.0132983235
  -0.0132388556
  -0.0130642608
  -0.0129573407
  -0.0129570263
  -0.0130425746
  -0.0131366587
  -0.0130963437
  -0.0129821455
  -0.0129991446
  -0.0131580774
  -0.0132939689
  -0.0133234246
  -0.0132827518
  -0.0131595735
  -0.0130396150
  -0.0130885632
  -0.0132178958
  -0.0132049116
  -0.0130740685
  -0.0130213005
  -0.0130807106
  -0.0130698368
  -0.0124497566
  -0.0097814558
  -0.0057104805
  -0.0028967330
  -0.0023609035
  -0.0029808283
  -0.0033721861
  -0.0032738844
  -0.0022162005
   0.0009138522
   0.0045980952
   0.0070522596
   0.0075720690
   0.0071458847
   0.0068382026
   0.0068758976
   0.0071976336
   0.0088156696
   0.0112691003
   0.0142239826
   0.0165612312
   0.0174930842
   0.0173898755
   0.0170590653
   0.0169677422
   0.0171290709
   0.0173698733
   0.0174982411
   0.0175137838
   0.0175486674
   0.0176607081
   0.0178521539
   0.0180718592
   0.0182248077
   0.0183735931
   0.0185062756
   0.0186444077
   0.0188303858
   0.0190915806
   0.0194065372
   0.0196527639
   0.0184553036
   0.0176941462
   0.0169955283
   0.0148438315
   0.0120017670
   0.0103216323
   0.0102830193
   0.0109716451
   0.0114524260
   0.0115473051
   0.0115545615
   0.0116409952
   0.0118473911
   0.0119845655
   0.0120176711
   0.0120252166
   0.0120422735
   0.0120612818
   0.0120687551
   0.0120659111
   0.0120619359
   0.0120619359
   0.0120643861
   0.0120663303
   0.0120668579
   0.0120434082
   0.0107054923
   0.0066499116
   0.0026531220
   0.0010902987
   0.0015133972
   0.0014521098
  -0.0009695340
  -0.0053342238
  -0.0084156416
  -0.0090050158
  -0.0083189051
  -0.0078391433
  -0.0079401296
  -0.0082075076
  -0.0082404867
  -0.0081248502
  -0.0081959544
  -0.0106185779
  -0.0151225927
  -0.0182851826
  -0.0188981003
  -0.0182193726
  -0.0176969324
  -0.0177281841
  -0.0183317025
  -0.0192642132
  -0.0215383368
  -0.0251122332
  -0.0269593088
  -0.0270754078
  -0.0273039849
  -0.0279606470
  -0.0285232035
  -0.0286772650
  -0.0285982286
  -0.0285982973
  -0.0286927608
  -0.0286928547
  -0.0286234345
  -0.0286369066
  -0.0287074976
  -0.0287037140
  -0.0286238537
  -0.0285557489
  -0.0284503719
  -0.0271130522
  -0.0241876257
  -0.0204636538
  -0.0178519913
  -0.0170945957
  -0.0173906886
  -0.0176104192
  -0.0174121832
  -0.0170333607
  -0.0166881209
  -0.0162830951
  -0.0134155681
  -0.0086560501
  -0.0053486680
  -0.0045749564
  -0.0049849944
  -0.0051897749
  -0.0048583649
  -0.0044250507
  -0.0040677156
  -0.0020025114
   0.0024511721
   0.0062518604
   0.0075333476
   0.0070602532
   0.0064601282
   0.0065249372
   0.0069567192
   0.0072130354
   0.0072178670
   0.0071416457
   0.0070827488
   0.0070718750
   0.0070934527
   0.0072064765
   0.0073155034
   0.0072718023
   0.0072481503
   0.0073343346
   0.0073891191
   0.0072903227
   0.0072302766
   0.0072118393
   0.0071644883
   0.0071250839
   0.0078719562
   0.0102284011
   0.0137642518
   0.0167271241
   0.0178678195
   0.0176251597
   0.0171349433
   0.0170220099
   0.0171799743
   0.0173019492
   0.0172874436
   0.0172245354
   0.0172012484
   0.0172199785
   0.0172412780
   0.0172445592
   0.0172376208
   0.0172339131
   0.0172365006
   0.0172407648
   0.0172430089
   0.0172434281
   0.0172438907
   0.0172452386
   0.0172469768
   0.0178520852
   0.0195472315
   0.0196417889
   0.0184344957
   0.0175578174
   0.0176972793
   0.0182798270
   0.0186933668
   0.0187963407
   0.0188532573
   0.0187563654
   0.0176909516
   0.0151559368
   0.0121212304
   0.0101323005
   0.0097904468
   0.0103400660
   0.0108373581
   0.0109886912
   0.0107228094
   0.0088247726
   0.0058620991
   0.0032317282
   0.0018153848
   0.0016825097
   0.0020501027
   0.0022513280
   0.0022610548
   0.0023086841
   0.0023919717
   0.0023395759
   0.0022127588
   0.0022376702
   0.0023638234
   0.0023714871
   0.0023585004
   0.0023828527
   0.0023898244
   0.0023715008
   0.0023089392
   0.0022029554
   0.0021250964
   0.0021304704
   0.0031474949
   0.0043864378
   0.0039175751
   0.0025918768
   0.0017948269
   0.0018337264
   0.0021580303
   0.0022878464
   0.0022036980
   0.0021046758
   0.0021120233
   0.0022118489
   0.0022432722
   0.0021939355
   0.0021582360
   0.0022657220
   0.0023818535
   0.0023309722
   0.0022614046
   0.0023258349
   0.0023497041
   0.0022661328
   0.0022294280
   0.0022902087
   0.0022882056
   0.0022349104
   0.0022327168
   0.0022276905
   0.0022021893
   0.0021929052
   0.0022421986
   0.0022530095
   0.0022158822
   0.0021789641
   0.0021711277
   0.0019480352
   0.0002984041
  -0.0021821850
  -0.0048711034
  -0.0057319065
  -0.0060087452
  -0.0068599321
  -0.0077880955
  -0.0081775857
  -0.0080690683
  -0.0078704457
  -0.0078257002
  -0.0078923125
  -0.0079420775
  -0.0089628144
  -0.0126878884
  -0.0150984492
  -0.0125504900
  -0.0084218356
  -0.0064299208
  -0.0068214311
  -0.0083694543
  -0.0091312477
  -0.0084742278
  -0.0084193457
  -0.0111493333
  -0.0151901735
  -0.0170832341
  -0.0173270829
  -0.0172362838
  -0.0173965934
  -0.0176507920
  -0.0177293767
  -0.0175496973
  -0.0170792084
  -0.0153165247
  -0.0132661250
  -0.0133332396
  -0.0146040626
  -0.0152682739
  -0.0136260439
  -0.0099852714
  -0.0067074028
  -0.0054407284
  -0.0055981904
  -0.0059260336
  -0.0058752243
  -0.0055478906
  -0.0052683162
  -0.0050820707
  -0.0048655346
  -0.0045650041
  -0.0032523588
  -0.0001139468
   0.0032679854
   0.0056867815
   0.0066632319
   0.0067283879
   0.0067038107
   0.0069268985
   0.0072563173
   0.0074308688
   0.0074434049
   0.0075094246
   0.0076486914
   0.0077498005
   0.0077170888
   0.0076595362
   0.0076741358
   0.0077068800
   0.0076837195
   0.0076845651
   0.0077192246
   0.0077320715
   0.0076866321
   0.0076799937
   0.0076416265
   0.0075194491
   0.0074076288
   0.0073715454
   0.0073864630
   0.0073559124
   0.0073347936
   0.0073632049
   0.0073790837
   0.0073478031
   0.0073535020
   0.0073936941
   0.0074315012
   0.0075238109
   0.0076789312
   0.0082317703
   0.0097434716
   0.0100362362
   0.0090880851
   0.0089417064
   0.0093116607
   0.0093927967
   0.0092477913
   0.0092326171
   0.0094676556
   0.0098883470
   0.0102642675
   0.0104997252
   0.0103441459
   0.0094073963
   0.0077520916
   0.0059426930
   0.0041691356
   0.0050173736
   0.0057680295
   0.0043335180
   0.0023374311
   0.0015014231
   0.0018349771
   0.0012496504
  -0.0009514624
  -0.0040347907
  -0.0055448695
  -0.0052149519
  -0.0050297363
  -0.0060179856
  -0.0054031779
  -0.0016680366
   0.0008746690
   0.0011403344
  -0.0005386840
  -0.0030424308
  -0.0051674166
  -0.0068364427
  -0.0072165227
  -0.0066770148
  -0.0067438222
  -0.0072426284
  -0.0069043993
  -0.0072532240
  -0.0096680887
  -0.0122670200
  -0.0134302544
  -0.0145162195
  -0.0163055004
  -0.0177736090
  -0.0182345431
  -0.0179724593
  -0.0182143928
  -0.0187326447
  -0.0184609953
  -0.0185573488
  -0.0196639231
  -0.0201003994
  -0.0196490815
  -0.0199578947
  -0.0209228136
  -0.0211729539
  -0.0219639790
  -0.0221695871
  -0.0208884757
  -0.0192420031
  -0.0179784582
  -0.0175439695
  -0.0176790443
  -0.0180397872
  -0.0188060183
  -0.0188054184
  -0.0180903436
  -0.0174509659
  -0.0173787812
  -0.0176234287
  -0.0177286286
  -0.0175976084
  -0.0174785678
  -0.0175028522
  -0.0164118459
  -0.0127377438
  -0.0109096259
  -0.0119219283
  -0.0122129077
  -0.0100967737
  -0.0077079352
  -0.0067878919
  -0.0070729555
  -0.0075160811
  -0.0073073363
  -0.0046951787
  -0.0022489578
  -0.0023373281
  -0.0020456491
   0.0001890330
   0.0034840588
   0.0065457307
   0.0082909274
   0.0101002466
   0.0119323468
   0.0129437349
   0.0130260417
   0.0128144457
   0.0139565721
   0.0165344497
   0.0185069803
   0.0188225693
   0.0182054813
   0.0178292283
   0.0186367754
   0.0197758664
   0.0213685482
   0.0214668965
   0.0193498158
   0.0165531328
   0.0143973849
   0.0134910052
   0.0140432950
   0.0150327693
   0.0149309121
   0.0142583313
   0.0135123263
   0.0105583909
   0.0071511969
   0.0081403026
   0.0121157664
   0.0148999783
   0.0149175809
   0.0137126655
   0.0130617817
   0.0132362356
   0.0134990349
   0.0134306085
   0.0130578138
   0.0121399315
   0.0118673534
   0.0114076010
   0.0088425993
   0.0058545211
   0.0048006099
   0.0042630823
   0.0034055432
   0.0020830367
   0.0018479816
   0.0023409715
   0.0019860023
   0.0010111489
  -0.0000787618
  -0.0008904586
  -0.0004934275
   0.0001452977
  -0.0011990980
  -0.0040583307
  -0.0056035677
  -0.0038555739
  -0.0016440579
  -0.0020850445
  -0.0046442176
  -0.0069393623
  -0.0075922987
  -0.0071771292
  -0.0067789334
  -0.0065056217
  -0.0059147370
  -0.0059700672
  -0.0058232910
  -0.0054826660
  -0.0040437962
  -0.0015838734
   0.0007910500
   0.0025325004
   0.0031770330
   0.0030597393
   0.0029226393
   0.0030176766
   0.0031789873
   0.0032390464
   0.0032047891
   0.0031583412
   0.0037206111
   0.0058690556
   0.0061209305
   0.0043591575
   0.0027250248
   0.0016989681
   0.0013757754
   0.0007924001
   0.0012999940
   0.0019168413
   0.0006868005
  -0.0011765670
  -0.0009050965
  -0.0005579240
  -0.0008507026
   0.0004661907
   0.0024841462
   0.0036297686
   0.0036252008
   0.0033714099
   0.0040162269
   0.0048190690
   0.0050099655
   0.0045545857
   0.0052586747
   0.0056338112
   0.0048006641
   0.0037298009
   0.0033007867
   0.0026666201
   0.0016408572
   0.0020586720
   0.0034845890
   0.0045442070
   0.0047045311
   0.0044149647
   0.0042334929
   0.0042863693
   0.0041592339
   0.0032009119
   0.0018395370
   0.0017739716
   0.0011996903
  -0.0013800104
  -0.0019844567
   0.0005542369
   0.0038631592
   0.0057639857
   0.0060114880
   0.0057036578
   0.0056221351
   0.0058305980
   0.0061175770
   0.0062652168
   0.0062631389
   0.0061241721
   0.0053213625
   0.0041591616
   0.0029076061
   0.0016106957
   0.0000684659
  -0.0004351926
  -0.0000785576
   0.0003702427
   0.0003073883
  -0.0013272735
  -0.0031587767
  -0.0039662342
  -0.0038277227
  -0.0034568907
  -0.0033369087
  -0.0034339842
  -0.0035271612
  -0.0035375854
  -0.0041202632
  -0.0046191237
  -0.0042760882
  -0.0041836231
  -0.0044790257
  -0.0047828592
  -0.0042057610
  -0.0033244217
  -0.0028755651
  -0.0029252607
  -0.0030369679
  -0.0029315873
  -0.0024303811
  -0.0014276216
  -0.0009440527
  -0.0007479344
   0.0002588283
   0.0030223604
   0.0050924024
   0.0048328482
   0.0042227023
   0.0037628776
   0.0024636504
   0.0016839425
   0.0017571665
   0.0024302706
   0.0028396137
   0.0047504944
   0.0065636839
   0.0050035510
   0.0013459833
  -0.0014737294
  -0.0010066772
   0.0003211290
   0.0013720135
   0.0018034153
   0.0018592305
   0.0022224194
   0.0013460769
  -0.0006349880
  -0.0020851496
  -0.0023470531
  -0.0019872354
  -0.0017306680
  -0.0012257425
  -0.0007549862
  -0.0010860670
  -0.0017226447
  -0.0020567932
  -0.0020106113
  -0.0018600291
  -0.0018100982
  -0.0018519889
  -0.0018924419
  -0.0018901906
  -0.0018675728
  -0.0018545221
  -0.0018412426
  -0.0012143459
  -0.0006747248
  -0.0001818869
   0.0004680471
  -0.0001595796
  -0.0011350095
   0.0006591488
   0.0044572926
   0.0064801484
   0.0056335329
   0.0050956620
   0.0046282773
   0.0031717374
   0.0032114598
   0.0050342896
   0.0069917437
   0.0081978661
   0.0084734003
   0.0083247666
   0.0082239971
   0.0082706579
   0.0083464094
   0.0083411767
   0.0072930439
   0.0050259382
   0.0032504178
   0.0030711699
   0.0034867218
   0.0033367309
   0.0038084795
   0.0039440856
   0.0018642789
  -0.0005707116
   0.0008470730
   0.0048347743
   0.0066868333
   0.0063374340
   0.0055316323
   0.0058588793
   0.0070635092
   0.0081553575
   0.0078175186
   0.0069582623
   0.0060995588
   0.0048732753
   0.0029637088
   0.0017168277
   0.0022457401
   0.0029414763
   0.0031362016
   0.0021910055
   0.0009386238
   0.0008846751
   0.0016837821
   0.0009189487
  -0.0008640966
  -0.0019905192
  -0.0019199137
  -0.0014757665
  -0.0013774457
  -0.0015812017
  -0.0017526287
  -0.0017538469
  -0.0022409620
  -0.0046969205
  -0.0079806217
  -0.0100615686
  -0.0104538378
  -0.0101795540
  -0.0093105368
  -0.0097575978
  -0.0110933599
  -0.0120073574
  -0.0120803263
  -0.0117834313
  -0.0116287518
  -0.0123869785
  -0.0140528714
  -0.0154545773
  -0.0164222860
  -0.0168301305
  -0.0175582546
  -0.0190694030
  -0.0193991110
  -0.0167524746
  -0.0145190563
  -0.0148076506
  -0.0154725630
  -0.0144087754
  -0.0132086085
  -0.0122682740
  -0.0117938425
  -0.0116885269
  -0.0117166455
  -0.0117296514
  -0.0117092698
  -0.0116894159
  -0.0116868176
  -0.0116921912
  -0.0114029826
  -0.0105924071
  -0.0095707270
  -0.0072339374
  -0.0048230586
  -0.0033237362
  -0.0022931858
  -0.0016863153
  -0.0014735885
  -0.0014931169
  -0.0015534904
  -0.0020026111
  -0.0038311558
  -0.0047143280
  -0.0034099079
  -0.0016736057
  -0.0009893666
  -0.0012564945
  -0.0016400788
  -0.0014978780
   0.0012698155
   0.0040250878
   0.0028498547
  -0.0001761635
  -0.0013005711
   0.0008668120
   0.0035266419
   0.0044812554
   0.0039879746
   0.0040743613
   0.0055742637
   0.0069523646
   0.0066491130
   0.0068704625
   0.0080424530
   0.0090930685
   0.0093548125
   0.0088549800
   0.0069732413
   0.0053068858
   0.0054311989
   0.0060559011
   0.0069018841
   0.0074324480
   0.0068838370
   0.0060142236
   0.0056534808
   0.0068668307
   0.0084095669
   0.0090962991
   0.0090503611
   0.0088922197
   0.0086704220
   0.0076638619
   0.0054280116
   0.0033939048
   0.0034333561
   0.0033487683
   0.0032546076
   0.0031750574
   0.0017688888
  -0.0003679454
  -0.0016720186
  -0.0017808514
  -0.0014019101
  -0.0012064870
  -0.0012870972
  -0.0014272519
  -0.0020629319
  -0.0024347122
  -0.0019759709
  -0.0015386061
  -0.0021154227
  -0.0034278307
  -0.0068111825
  -0.0095493119
  -0.0092776300
  -0.0088931810
  -0.0098313328
  -0.0110485133
  -0.0115159341
  -0.0113299848
  -0.0117833734
  -0.0124211610
  -0.0122571906
  -0.0116589881
  -0.0112819472
  -0.0110122420
  -0.0102130390
  -0.0100765078
  -0.0106166337
  -0.0112021050
  -0.0112041106
  -0.0100282967
  -0.0090417206
  -0.0086938464
  -0.0077484201
  -0.0065819984
  -0.0069485557
  -0.0082201413
  -0.0090616035
  -0.0101418445
  -0.0101135452
  -0.0090235290
  -0.0083793126
  -0.0087715023
  -0.0091338533
  -0.0083215034
  -0.0076478566
  -0.0069671413
  -0.0061753356
  -0.0055043810
  -0.0070137334
  -0.0071098809
  -0.0043424367
  -0.0014537732
  -0.0004130530
  -0.0001291283
   0.0007946302
   0.0033212745
   0.0051740949
   0.0051537494
   0.0043204001
   0.0038699928
   0.0040196274
   0.0044079540
   0.0046361047
   0.0046361083
   0.0046354542
   0.0044846885
   0.0039303388
   0.0037443462
   0.0026191737
   0.0011863093
   0.0015487820
   0.0032224116
   0.0045355556
   0.0037853804
   0.0027520315
   0.0020897275
   0.0017467774
   0.0017042326
   0.0018730921
   0.0020848667
   0.0022917204
   0.0024280568
   0.0025001641
   0.0025761704
   0.0026964617
   0.0028031075
   0.0028450025
   0.0028374270
   0.0028707082
   0.0035792429
   0.0045731820
   0.0045414352
   0.0038667043
   0.0033886540
   0.0033789142
   0.0035645429
   0.0036558310
   0.0036578294
   0.0037107239
   0.0037645471
   0.0030786363
   0.0009874123
  -0.0009316702
  -0.0015863875
  -0.0014671336
  -0.0017854615
  -0.0004645482
   0.0013881858
  -0.0002961448
  -0.0042145207
  -0.0068049199
  -0.0070125155
  -0.0061987129
  -0.0057707579
  -0.0059396430
  -0.0062150182
  -0.0062198281
  -0.0061719170
  -0.0076012717
  -0.0097407794
  -0.0104479112
  -0.0103214263
  -0.0089387106
  -0.0070217342
  -0.0059000074
  -0.0058064654
  -0.0061107687
  -0.0062570136
  -0.0061641691
  -0.0053990799
  -0.0046126767
  -0.0048400902
  -0.0055368397
  -0.0059237244
  -0.0058116511
  -0.0055004926
  -0.0052018810
  -0.0050296893
  -0.0049749157
  -0.0048677860
  -0.0046056335
  -0.0043354152
  -0.0041655399
  -0.0040145899
  -0.0038015158
  -0.0036892618
  -0.0041263668
  -0.0041560141
  -0.0057660962
  -0.0086215605
  -0.0080178398
  -0.0044854835
  -0.0019626329
  -0.0031674056
  -0.0048769468
  -0.0041234939
  -0.0020334777
  -0.0006771059
  -0.0005807770
  -0.0009911713
  -0.0011801518
  -0.0010680926
  -0.0009098446
  -0.0007782079
  -0.0006696034
  -0.0006053733
  -0.0005866739
  -0.0005914470
  -0.0005969391
  -0.0006338912
  -0.0008271395
  -0.0023265620
  -0.0046059696
  -0.0052811125
  -0.0032527841
  -0.0008397103
   0.0000798559
  -0.0003557450
  -0.0009503208
  -0.0011010413
  -0.0009546074
  -0.0007907642
  -0.0006615679
  -0.0005850112
  -0.0005657640
  -0.0006305575
  -0.0007470497
  -0.0003160219
   0.0002348072
   0.0000998254
   0.0004112692
   0.0017807835
   0.0035756812
   0.0045197563
   0.0046359348
   0.0056506296
   0.0064441337
   0.0071756765
   0.0082921959
   0.0091761992
   0.0093525503
   0.0085717774
   0.0084094694
   0.0090450055
   0.0098294536
   0.0109373253
   0.0121864731
   0.0120690117
   0.0112209615
   0.0120310998
   0.0133007556
   0.0140232133
   0.0157321280
   0.0167814352
   0.0165377237
   0.0163115643
   0.0159706826
   0.0151479396
   0.0144203467
   0.0142667080
   0.0149737061
   0.0156516569
   0.0152933606
   0.0150734023
   0.0154331261
   0.0158740653
   0.0147313715
   0.0131209894
   0.0125606157
   0.0132655179
   0.0132926861
   0.0119144479
   0.0100071454
   0.0089809698
   0.0089973221
   0.0093451385
   0.0094757540
   0.0093826746
   0.0098272781
   0.0104327949
   0.0107150796
   0.0105985144
   0.0099302267
   0.0093211830
   0.0085197502
   0.0080769752
   0.0073055041
   0.0065810299
   0.0046648918
   0.0031745883
   0.0033536410
   0.0041912048
   0.0046090594
   0.0044757950
   0.0039968138
   0.0027515220
   0.0029273863
   0.0025466283
   0.0009869960
  -0.0004189886
  -0.0008259343
  -0.0005658385
  -0.0009957196
  -0.0025361712
  -0.0046124202
  -0.0058631796
  -0.0059151346
  -0.0054906271
  -0.0052737043
  -0.0056480855
  -0.0075948645
  -0.0100015550
  -0.0112549055
  -0.0112346613
  -0.0108021348
  -0.0105462884
  -0.0108430859
  -0.0118340708
  -0.0122105009
  -0.0123559364
  -0.0118210504
  -0.0113051547
  -0.0117217951
  -0.0120233916
  -0.0128415524
  -0.0127787599
  -0.0116757414
  -0.0107386268
  -0.0111638570
  -0.0119263696
  -0.0117482152
  -0.0110520403
  -0.0106240022
  -0.0108592394
  -0.0117824700
  -0.0119266190
  -0.0119270382
  -0.0118808327
  -0.0111802454
  -0.0092342975
  -0.0075678120
  -0.0064314639
  -0.0064793208
  -0.0067498608
  -0.0060847496
  -0.0038429149
  -0.0013968873
  -0.0008988862
  -0.0021622443
  -0.0027365693
  -0.0018119105
  -0.0006667554
  -0.0002836609
  -0.0005179418
  -0.0007784948
  -0.0007933047
  -0.0006797367
  -0.0006156772
  -0.0006348582
  -0.0006723943
  -0.0006742055
   0.0001212702
   0.0016564664
   0.0024460735
   0.0047281072
   0.0079006313
   0.0098460263
   0.0100484253
   0.0095140634
   0.0092249379
   0.0093369751
   0.0095311384
   0.0103394914
   0.0117345914
   0.0121521533
   0.0116626235
   0.0112033083
   0.0110124805
   0.0114933590
   0.0126679333
   0.0131781915
   0.0135705475
   0.0138238390
   0.0131389679
   0.0121787577
   0.0125302746
   0.0136748042
   0.0137313089
   0.0116451185
   0.0094417052
   0.0087476082
   0.0091597675
   0.0096088485
   0.0096673262
   0.0094714645
   0.0097952856
   0.0102563354
   0.0091895773
   0.0064522936
   0.0043051247
   0.0038248751
   0.0044509975
   0.0056365504
   0.0057599817
   0.0055298905
   0.0062304670
   0.0080084151
   0.0088672162
   0.0087538925
   0.0088474923
   0.0090309047
   0.0079483582
   0.0074167535
   0.0082826628
   0.0087424730
   0.0085550819
   0.0083758470
   0.0079512347
   0.0083467852
   0.0091848180
   0.0096840037
   0.0096431683
   0.0094179520
   0.0093298090
   0.0093122136
   0.0092651445
   0.0092258377
   0.0093234994
   0.0091965483
   0.0082197582
   0.0071580486
   0.0060078056
   0.0049193651
   0.0042942582
   0.0041265909
   0.0041879524
   0.0042894591
   0.0036679660
   0.0033624666
   0.0039024045
   0.0052802705
   0.0058663706
   0.0052692630
   0.0044563024
   0.0041213220
   0.0048213565
   0.0069984255
   0.0078051162
   0.0063235609
   0.0046470435
   0.0053994557
   0.0080200261
   0.0099381951
   0.0101928996
   0.0095920662
   0.0092440583
   0.0093802787
   0.0096189489
   0.0089803627
   0.0069437603
   0.0062364044
   0.0061778616
   0.0054165198
   0.0044668221
   0.0039618652
   0.0027655101
   0.0016594817
   0.0011933510
   0.0004299722
  -0.0004906030
  -0.0010200460
  -0.0010536264
  -0.0008767599
  -0.0006783310
  -0.0005521955
  -0.0005141072
  -0.0007404037
  -0.0015426509
  -0.0016031339
  -0.0012092093
  -0.0023173263
  -0.0046974698
  -0.0075408461
  -0.0083014760
  -0.0079258120
  -0.0087209315
  -0.0101482300
  -0.0115809130
  -0.0144297135
  -0.0167563738
  -0.0152502630
  -0.0121112709
  -0.0107842251
  -0.0118103140
  -0.0145581752
  -0.0166994138
  -0.0153943180
  -0.0138926882
  -0.0143121871
  -0.0163244762
  -0.0173313507
  -0.0171037747
  -0.0175690019
  -0.0178317507
  -0.0176300960
  -0.0166507691
  -0.0157366379
  -0.0155008117
  -0.0168366316
  -0.0191662625
  -0.0199447225
  -0.0188593428
  -0.0162680005
  -0.0147887362
  -0.0145059203
  -0.0139836933
  -0.0125470858
  -0.0122431801
  -0.0125313660
  -0.0118366582
  -0.0106629114
  -0.0099901825
  -0.0100198080
  -0.0103828059
  -0.0106489587
  -0.0106818113
  -0.0104551243
  -0.0087541057
  -0.0056372731
  -0.0038043815
  -0.0031680821
  -0.0029745125
  -0.0023596470
  -0.0012142472
  -0.0003935640
  -0.0002429972
  -0.0004392372
  -0.0003091883
   0.0021280279
   0.0051190502
   0.0060136852
   0.0051990442
   0.0043329109
   0.0040477388
   0.0053298801
   0.0077645157
   0.0092466818
   0.0088985907
   0.0085997696
   0.0089465561
   0.0094534824
   0.0096382175
   0.0095269789
   0.0093901406
   0.0093682087
   0.0094131674
   0.0094377084
   0.0089829285
   0.0071006224
   0.0061327945
   0.0074061797
   0.0091737346
   0.0098894744
   0.0095220209
   0.0082243621
   0.0066378417
   0.0063951384
   0.0078500388
   0.0091977625
   0.0082534384
   0.0056683984
   0.0039935217
   0.0045531329
   0.0052093326
   0.0049086792
   0.0042100939
   0.0031660714
   0.0011517629
  -0.0006422462
  -0.0013157163
  -0.0011411016
  -0.0008674820
  -0.0014716837
  -0.0029672861
  -0.0048440256
  -0.0060223835
  -0.0062313018
  -0.0063045236
  -0.0079314024
  -0.0101291349
  -0.0103068628
  -0.0080531064
  -0.0058739269
  -0.0052808993
  -0.0063900684
  -0.0067712181
  -0.0048919584
  -0.0038555703
  -0.0046401991
  -0.0058573145
  -0.0063117222
  -0.0060596268
  -0.0056696162
  -0.0055557216
  -0.0056154388
  -0.0045436685
  -0.0036622382
  -0.0042428417
  -0.0041425781
  -0.0030715317
  -0.0034318206
  -0.0049175835
  -0.0055660352
  -0.0045922916
  -0.0037947328
  -0.0044348729
  -0.0053971320
  -0.0049823925
  -0.0037551766
  -0.0024394925
  -0.0013166071
  -0.0007686506
  -0.0007156690
  -0.0008253782
  -0.0008709823
  -0.0008374102
  -0.0007997169
  -0.0007964017
  -0.0008115014
  -0.0008037806
  -0.0006887707
  -0.0005893257
  -0.0006498195
  -0.0007754632
  -0.0008421995
  -0.0008326917
  -0.0008019032
  -0.0008046201
  -0.0014161374
  -0.0024997359
  -0.0028043659
  -0.0030437748
  -0.0032262198
  -0.0025865491
  -0.0020551967
  -0.0014228680
  -0.0002077646
   0.0001590956
  -0.0002863602
  -0.0006852094
  -0.0006623170
  -0.0004929675
  -0.0004557939
  -0.0005570184
  -0.0004097677
   0.0011705830
   0.0029291274
   0.0029907975
   0.0013696480
   0.0000265422
   0.0010401110
   0.0031094963
   0.0039216369
   0.0028345508
   0.0014171489
   0.0002238553
  -0.0005553033
  -0.0008022762
   0.0002011150
   0.0015518985
   0.0016567801
   0.0003535841
  -0.0008840626
  -0.0012148970
  -0.0009483816
  -0.0007068561
  -0.0006885908
  -0.0006818833
  -0.0006330084
  -0.0006698058
  -0.0007685179
  -0.0008376895
  -0.0008151917
  -0.0007213100
  -0.0006434304
  -0.0005753976
  -0.0004387764
   0.0001842216
  -0.0002806477
  -0.0008893759
   0.0002104813
   0.0024375732
   0.0032386547
   0.0020472077
   0.0002873826
   0.0015489342
   0.0048627882
   0.0053078037
   0.0027543244
   0.0010659901
   0.0017660108
   0.0025439289
   0.0023879167
   0.0024457316
   0.0029949284
   0.0029695068
   0.0013902677
  -0.0002114814
  -0.0001839610
   0.0002101387
   0.0000870018
  -0.0003128835
  -0.0004931580
  -0.0004986599
  -0.0015090593
  -0.0030500779
  -0.0039293270
  -0.0038776792
  -0.0034171209
  -0.0030606344
  -0.0029397735
  -0.0028797046
  -0.0031954794
  -0.0032601236
  -0.0027106909
  -0.0022888930
  -0.0033405499
  -0.0050352003
  -0.0059506722
  -0.0057970552
  -0.0053075471
  -0.0055598196
  -0.0062904480
  -0.0069378518
  -0.0076889702
  -0.0082258980
  -0.0083020000
  -0.0080547543
  -0.0078093443
  -0.0077094421
  -0.0076874814
  -0.0073265253
  -0.0067084652
  -0.0071968422
  -0.0077938016
  -0.0072945436
  -0.0053068930
  -0.0038287852
  -0.0046304275
  -0.0063433353
  -0.0072142858
  -0.0070546157
  -0.0070581247
  -0.0061126803
  -0.0046901990
  -0.0033294762
  -0.0025133876
  -0.0023779604
  -0.0034103040
  -0.0049429737
  -0.0047822738
  -0.0030166453
  -0.0015246270
  -0.0011867755
  -0.0014466361
  -0.0015714749
  -0.0010475632
   0.0000617153
   0.0012000119
   0.0023546318
   0.0031282260
   0.0042215278
   0.0055707006
   0.0064092140
   0.0065740553
   0.0064082853
   0.0066294325
   0.0071300564
   0.0076694018
   0.0079743880
   0.0079023153
   0.0075117084
   0.0073334890
   0.0074175847
   0.0075873407
   0.0078948023
   0.0091546757
   0.0100041713
   0.0094268780
   0.0076168614
   0.0065512381
   0.0071640510
   0.0089996530
   0.0095191190
   0.0082950037
   0.0071394630
   0.0079270406
   0.0088672378
   0.0081605432
   0.0072819099
   0.0068271409
   0.0065375275
   0.0060533208
   0.0053866702
   0.0053562424
   0.0060787797
   0.0065555457
   0.0060242229
   0.0056183407
   0.0059376627
   0.0058037226
   0.0049983472
   0.0042546623
   0.0040058157
   0.0039162958
   0.0035500716
   0.0029371105
   0.0019027119
   0.0009304946
   0.0002299569
  -0.0002113553
  -0.0005951706
  -0.0010622354
  -0.0015806976
  -0.0018737259
  -0.0018991740
  -0.0018186086
  -0.0019298786
  -0.0025231187
  -0.0036399413
  -0.0052236900
  -0.0058466142
  -0.0055634116
  -0.0052827387
  -0.0058524504
  -0.0066161628
  -0.0068975729
  -0.0067141461
  -0.0064477619
  -0.0063243559
  -0.0063022036
  -0.0062642519
  -0.0063157009
  -0.0067078581
  -0.0072747402
  -0.0070690346
  -0.0062357105
  -0.0055927011
  -0.0061187587
  -0.0074279128
  -0.0081323487
  -0.0074609930
  -0.0062181079
  -0.0059444529
  -0.0065708174
  -0.0069708417
  -0.0064649959
  -0.0058457758
  -0.0061152497
  -0.0065504467
  -0.0060218993
  -0.0047904553
  -0.0038571712
  -0.0035998901
  -0.0037363237
  -0.0038298982
  -0.0037368116
  -0.0035671513
  -0.0034386329
  -0.0033620253
  -0.0032896184
  -0.0031640061
  -0.0029958839
  -0.0028624905
  -0.0028155417
  -0.0027722645
  -0.0024264042
  -0.0022003510
  -0.0022847231
  -0.0022582343
  -0.0019778866
  -0.0016426431
  -0.0014958749
  -0.0013171817
  -0.0008365403
  -0.0003075531
  -0.0000360354
  -0.0000454447
  -0.0003802322
  -0.0006939666
  -0.0003230902
   0.0005554099
   0.0011841815
   0.0015260859
   0.0017077777
   0.0017968542
   0.0018275393
   0.0017810252
   0.0013746161
   0.0011622908
   0.0013955734
   0.0015439428
   0.0015035151
   0.0014573255
   0.0016292191
   0.0018480607
   0.0019410447
   0.0017331748
   0.0011890167
   0.0010773554
   0.0013330233
   0.0014210146
   0.0014505020
   0.0015326777
   0.0017551461
   0.0019441345
   0.0019973531
   0.0019660421
   0.0020645935
   0.0021941241
   0.0022470407
   0.0023647406
   0.0026396011
   0.0027732551
   0.0027231956
   0.0027205846
   0.0027485666
   0.0026486316
   0.0024984581
   0.0023213593
   0.0024061202
   0.0024855266
   0.0023440996
   0.0023278402
   0.0024562173
   0.0025616341
   0.0025889316
   0.0026669804
   0.0026694052
   0.0027738578
   0.0029828650
   0.0031056816
   0.0030629591
   0.0029375796
   0.0028351966
   0.0027822056
   0.0027572075
   0.0027078508
   0.0025587554
   0.0024813101
   0.0024948837
   0.0025083269
   0.0024591528
   0.0023698277
   0.0022343340
   0.0021323618
   0.0021395597
   0.0020939881
   0.0018626411
   0.0016825393
   0.0017608348
   0.0019262200
   0.0019840704
   0.0019210220
   0.0018454187
   0.0018558097
   0.0018331880
   0.0017487982
   0.0017094578
   0.0018028270
   0.0019027686
   0.0018956003
   0.0017562443
   0.0015759376
   0.0014742234
   0.0014052817
   0.0013370028
   0.0012729230
   0.0012243816
   0.0011899339
   0.0011595111
   0.0011266159
   0.0010919748
   0.0010623464
   0.0010373222
   0.0010103542
   0.0009584141
   0.0008654832
   0.0006998903
   0.0005741729
   0.0006251105
   0.0007409642
   0.0007921006
   0.0007181766
   0.0006306934
   0.0006401390
   0.0006538496
   0.0005231760
   0.0003719288
   0.0003146058
   0.0003313695
   0.0003367713
   0.0003182649
   0.0002824523
   0.0002561174
   0.0002337785
   0.0002202276
   0.0002049857
   0.0001760402
   0.0001535967
   0.0001388231
   0.0001360401
   0.0001418251
   0.0001487592
   0.0001464295
   0.0001333233
   0.0001237212
   0.0001210192
   0.0001241686
   0.0001202410
   0.0001075283
   0.0001078496
   0.0001087032
   0.0001009910
   0.0000958130
   0.0001001208
   0.0001100901
   0.0001191014
   0.0001254236
   0.0001306542
   0.0001368982
   0.0001433981
   0.0001487739
   0.0001534017
   0.0001621512
   0.0001742046
   0.0001828057
   0.0001842785
   0.0001856492
   0.0001910994
   0.0001926277
   0.0001891459
   0.0001889514
   0.0001877683
   0.0001864960
   0.0001864151
   0.0001848493
   0.0001806481
   0.0001750086
   0.0001692582
   0.0001637153
   0.0001583197
   0.0001527634
   0.0001468983
   0.0001407245
   0.0001344675
   0.0001283495
   0.0001223875
   0.0001154738
   0.0001085395
   0.0001038334
   0.0001003078
   0.0000959593
   0.0000896057
   0.0000819656
   0.0000740738
   0.0000659919
   0.0000583364
   0.0000508885
   0.0000438563
   0.0000369788
   0.0000311492
   0.0000254402
   0.0000184979
   0.0000109992
   0.0000035706
  -0.0000036855
  -0.0000109084
  -0.0000181621
  -0.0000253971
  -0.0000325532
  -0.0000396333
  -0.0000466586
  -0.0000536123
  -0.0000604815
  -0.0000672711
  -0.0000739915
  -0.0000806783
  -0.0000874566
  -0.0000941565
  -0.0001005051
  -0.0001066387
  -0.0001128019
  -0.0001190541
  -0.0001253181
  -0.0001314388
  -0.0001374285
  -0.0001433883
  -0.0001493150
  -0.0001551255
  -0.0001608393
  -0.0001664963
  -0.0001721046
  -0.0001776491
  -0.0001831166
  -0.0001885064
  -0.0001938240
  -0.0001990718
  -0.0002042477
  -0.0002093442
  -0.0002143631
  -0.0002193155
  -0.0002242026
  -0.0002290186
  -0.0002337572
  -0.0002384193
  -0.0002430100
  -0.0002475281
  -0.0002519724
  -0.0002563423
  -0.0002606380
  -0.0002648593
  -0.0002690059
  -0.0002730787
  -0.0002770778
  -0.0002810030
  -0.0002848544
  -0.0002886323
  -0.0002923367
  -0.0002959677
  -0.0002995253
  -0.0003030097
  -0.0003064212
  -0.0003097598
  -0.0003130255
  -0.0003162185
  -0.0003193388
  -0.0003223867
  -0.0003253622
  -0.0003282654
  -0.0003310965
  -0.0003338557
