     0.000   -0.0011908972
     0.020   -0.0039785794
     0.040   -0.0038800256
     0.060   -0.0014225997
     0.080   -0.0046023759
     0.100   -0.0056531545
     0.120   -0.0035818130
     0.140    0.0006019975
     0.160    0.0032593268
     0.180    0.0020463433
     0.200    0.0029262984
     0.220    0.0033044447
     0.240    0.0028201984
     0.260    0.0019558438
     0.280    0.0043848909
     0.300    0.0066982620
     0.320    0.0024414040
     0.340   -0.0014578529
     0.360   -0.0052834765
     0.380   -0.0079777351
     0.400   -0.0062833040
     0.420    0.0005585591
     0.440    0.0058799504
     0.460    0.0071537362
     0.480    0.0063060677
     0.500    0.0022146096
     0.520   -0.0001790605
     0.540   -0.0019672257
     0.560   -0.0001269437
     0.580    0.0045109264
     0.600    0.0033913957
     0.620   -0.0025389886
     0.640   -0.0069007947
     0.660   -0.0050559367
     0.680   -0.0031885316
     0.700   -0.0022105648
     0.720   -0.0000186011
     0.740    0.0046328979
     0.760    0.0036021182
     0.780   -0.0029937484
     0.800   -0.0013606473
     0.820    0.0023128040
     0.840    0.0016501778
     0.860   -0.0031772470
     0.880   -0.0034537167
     0.900   -0.0005735121
     0.920   -0.0054279421
     0.940   -0.0106113991
     0.960   -0.0068882801
     0.980   -0.0005223259
     1.000   -0.0028120145
     1.020   -0.0021283274
     1.040    0.0067813228
     1.060    0.0108680968
     1.080   -0.0026283686
     1.100   -0.0050517136
     1.120    0.0144953782
     1.140    0.0160715895
     1.160    0.0090041886
     1.180    0.0072885464
     1.200    0.0046909723
     1.220   -0.0001617760
     1.240   -0.0080179244
     1.260   -0.0122636583
     1.280   -0.0127246945
     1.300   -0.0121144643
     1.320   -0.0131388968
     1.340   -0.0127044335
     1.360   -0.0012584523
     1.380    0.0082403557
     1.400    0.0130770501
     1.420    0.0111902619
     1.440    0.0092644200
     1.460    0.0114448031
     1.480    0.0094153153
     1.500    0.0004805452
     1.520   -0.0075557451
     1.540   -0.0077266643
     1.560   -0.0093850040
     1.580   -0.0171658495
     1.600   -0.0225968333
     1.620   -0.0093567828
     1.640    0.0019375978
     1.660   -0.0009166473
     1.680    0.0008777192
     1.700    0.0084595583
     1.720    0.0067066448
     1.740    0.0016648621
     1.760    0.0032188768
     1.780    0.0036535685
     1.800    0.0078203734
     1.820    0.0098837489
     1.840    0.0056939079
     1.860   -0.0031294983
     1.880   -0.0067619087
     1.900   -0.0056270147
     1.920   -0.0175965390
     1.940   -0.0207180847
     1.960   -0.0031327610
     1.980    0.0076254060
     2.000    0.0068657491
     2.020    0.0055441836
     2.040    0.0117604501
     2.060    0.0289146202
     2.080    0.0257841188
     2.100    0.0085034890
     2.120    0.0070933227
     2.140   -0.0007067835
     2.160   -0.0154031583
     2.180   -0.0303083552
     2.200   -0.0278121115
     2.220   -0.0062271328
     2.240    0.0001169326
     2.260    0.0012249438
     2.280    0.0074563413
     2.300    0.0165138569
     2.320    0.0230352561
     2.340    0.0174648826
     2.360    0.0093087837
     2.380    0.0043439151
     2.400   -0.0043004646
     2.420   -0.0156177003
     2.440   -0.0170923469
     2.460   -0.0105213165
     2.480   -0.0091623060
     2.500   -0.0123361975
     2.520   -0.0095378186
     2.540   -0.0049094369
     2.560   -0.0038944580
     2.580   -0.0055448288
     2.600   -0.0005047526
     2.620    0.0117741681
     2.640    0.0213261378
     2.660    0.0207365413
     2.680    0.0214375405
     2.700    0.0205068864
     2.720    0.0083784404
     2.740   -0.0000915225
     2.760    0.0040080762
     2.780    0.0019686427
     2.800   -0.0112235207
     2.820   -0.0209675367
     2.840   -0.0209711161
     2.860   -0.0216538060
     2.880   -0.0234392992
     2.900    0.0032287577
     2.920    0.0362356800
     2.940    0.0370224224
     2.960    0.0307716716
     2.980    0.0253217303
     3.000    0.0110749056
     3.020   -0.0031523769
     3.040   -0.0151334672
     3.060   -0.0257864019
     3.080   -0.0352869375
     3.100   -0.0290942964
     3.120   -0.0092623519
     3.140   -0.0036721902
     3.160   -0.0070306526
     3.180   -0.0081294140
     3.200   -0.0069023664
     3.220   -0.0080972732
     3.240   -0.0004321869
     3.260    0.0112039003
     3.280    0.0079491428
     3.300    0.0088546956
     3.320    0.0124376310
     3.340    0.0136151388
     3.360    0.0084012026
     3.380    0.0147817303
     3.400    0.0161125094
     3.420   -0.0021322190
     3.440   -0.0113396635
     3.460   -0.0067410261
     3.480   -0.0050601539
     3.500   -0.0069536222
     3.520   -0.0117137709
     3.540   -0.0102432265
     3.560    0.0104392382
     3.580    0.0091152246
     3.600   -0.0031451666
     3.620   -0.0080089582
     3.640   -0.0004489292
     3.660    0.0040641222
     3.680   -0.0058749525
     3.700   -0.0140711743
     3.720   -0.0093672927
     3.740    0.0026069807
     3.760   -0.0056192741
     3.780   -0.0105235893
     3.800   -0.0166704217
     3.820   -0.0196636251
     3.840    0.0094717458
     3.860    0.0267256879
     3.880    0.0202077502
     3.900    0.0142562534
     3.920    0.0079576891
     3.940    0.0005082495
     3.960   -0.0052103539
     3.980   -0.0077722933
     4.000    0.0020009441
     4.020   -0.0050292917
     4.040   -0.0133651565
     4.060   -0.0125255159
     4.080   -0.0142475583
     4.100    0.0055230506
     4.120    0.0211919625
     4.140    0.0344268840
     4.160    0.0541013504
     4.180    0.0628319210
     4.200    0.0601032531
     4.220    0.0462594241
     4.240    0.0211111097
     4.260   -0.0019803354
     4.280   -0.0131918526
     4.300   -0.0204819485
     4.320   -0.0253966617
     4.340   -0.0321383624
     4.360   -0.0442257898
     4.380   -0.0509404315
     4.400   -0.0413218648
     4.420   -0.0299288964
     4.440   -0.0143365435
     4.460    0.0332566322
     4.480    0.0603037132
     4.500    0.0460152159
     4.520    0.0201067173
     4.540    0.0096524840
     4.560    0.0100475005
     4.580    0.0085509298
     4.600    0.0081691835
     4.620    0.0128086524
     4.640    0.0253119938
     4.660    0.0328361799
     4.680    0.0301076004
     4.700    0.0057331471
     4.720   -0.0327854352
     4.740   -0.0616161829
     4.760   -0.0774131175
     4.780   -0.0294637977
     4.800    0.0189813476
     4.820    0.0140937686
     4.840    0.0103210169
     4.860    0.0340582518
     4.880    0.0633530820
     4.900    0.0507639223
     4.920    0.0307165815
     4.940    0.0318058038
     4.960    0.0132398767
     4.980   -0.0411175601
     5.000   -0.0688830218
     5.020   -0.0564322207
     5.040   -0.0412198892
     5.060   -0.0218127129
     5.080   -0.0172392636
     5.100   -0.0455621368
     5.120   -0.0696375350
     5.140   -0.0729670088
     5.160   -0.0552410523
     5.180   -0.0105805575
     5.200    0.0595511002
     5.220    0.0567700231
     5.240    0.0275772569
     5.260    0.0510711748
     5.280    0.0037257292
     5.300   -0.0594586107
     5.320   -0.0317683308
     5.340   -0.0113544612
     5.360   -0.0641192466
     5.380   -0.0343315369
     5.400    0.0920295923
     5.420    0.1281952166
     5.440    0.1151854426
     5.460    0.0987846383
     5.480    0.0449125599
     5.500   -0.0822764083
     5.520   -0.1884460934
     5.540   -0.1650242640
     5.560   -0.0499104384
     5.580   -0.0070272942
     5.600   -0.0539805499
     5.620   -0.0675356862
     5.640   -0.0696916823
     5.660   -0.0738820051
     5.680   -0.0701423605
     5.700   -0.0545994148
     5.720   -0.0155835856
     5.740    0.0438882084
     5.760    0.0670245710
     5.780    0.0544700857
     5.800    0.0039860843
     5.820   -0.0420867037
     5.840    0.0142359408
     5.860    0.1024046608
     5.880    0.0645367970
     5.900    0.0220894448
     5.920    0.0992271266
     5.940    0.1711348444
     5.960    0.1146980280
     5.980   -0.0251550902
     6.000   -0.0763542389
     6.020   -0.0863079567
     6.040   -0.0602913401
     6.060   -0.0231715820
     6.080   -0.0243509370
     6.100   -0.0269050547
     6.120   -0.0217830909
     6.140   -0.0153795461
     6.160   -0.0137733490
     6.180   -0.0022659539
     6.200   -0.0236623698
     6.220    0.0040054616
     6.240    0.0227952755
     6.260   -0.0189834688
     6.280   -0.0088117460
     6.300    0.0518064654
     6.320    0.0737649607
     6.340   -0.0009235811
     6.360   -0.0742073164
     6.380   -0.0162845260
     6.400    0.0838317899
     6.420    0.1001966384
     6.440    0.1009359503
     6.460    0.0565189066
     6.480   -0.0065931858
     6.500   -0.0026010563
     6.520    0.0134588067
     6.540    0.0155262861
     6.560    0.0108567606
     6.580    0.0383458071
     6.600    0.0366932224
     6.620   -0.0382687399
     6.640   -0.0824874446
     6.660    0.0157042388
     6.680    0.1279709233
     6.700    0.1372697467
     6.720    0.0739938792
     6.740   -0.0365252271
     6.760   -0.1013320834
     6.780   -0.1062480191
     6.800   -0.1099018763
     6.820   -0.1062147146
     6.840   -0.0426651790
     6.860   -0.0016795391
     6.880   -0.0098272418
     6.900   -0.0048675080
     6.920    0.0205481892
     6.940    0.0130315095
     6.960    0.0090876840
     6.980    0.0414086685
     7.000    0.0684515073
     7.020    0.0426649728
     7.040    0.0559092479
     7.060    0.1154607752
     7.080    0.1322268239
     7.100    0.0530189186
     7.120   -0.1206784838
     7.140   -0.2130013940
     7.160   -0.1962081980
     7.180   -0.1353165233
     7.200   -0.1004563720
     7.220   -0.0879512910
     7.240   -0.1002487825
     7.260   -0.1379167164
     7.280   -0.1335324147
     7.300    0.0145438575
     7.320    0.1783283722
     7.340    0.2003048970
     7.360    0.0198900247
     7.380   -0.1032106405
     7.400   -0.1006412920
     7.420   -0.0981801351
     7.440    0.0216770057
     7.460    0.1189792640
     7.480    0.0858351983
     7.500    0.0796362086
     7.520    0.1721666787
     7.540    0.2274376476
     7.560    0.2259188405
     7.580    0.1275531519
     7.600    0.0293902657
     7.620    0.0479066913
     7.640    0.0473749688
     7.660   -0.0347446684
     7.680   -0.1495502840
     7.700   -0.1580344517
     7.720   -0.0720983089
     7.740    0.0095708918
     7.760    0.0387848043
     7.780   -0.0148136796
     7.800   -0.1128788768
     7.820   -0.1489151278
     7.840   -0.0911485633
     7.860   -0.0581364339
     7.880   -0.0577230963
     7.900    0.0017007208
     7.920    0.0766569398
     7.940    0.1290582897
     7.960    0.1593479230
     7.980    0.0995984102
     8.000    0.0041880469
     8.020   -0.0086893591
     8.040    0.0438066338
     8.060    0.0604525154
     8.080    0.0579645941
     8.100    0.0635764325
     8.120    0.0350854904
     8.140   -0.0062995350
     8.160   -0.0018716414
     8.180   -0.0011427971
     8.200   -0.0862117552
     8.220   -0.1743275652
     8.240   -0.1575224380
     8.260   -0.1201247548
     8.280   -0.1193132808
     8.300   -0.0671207577
     8.320    0.0531450513
     8.340    0.1412117221
     8.360    0.1303115449
     8.380    0.0797044526
     8.400    0.0036321983
     8.420   -0.0275376185
     8.440   -0.0117947223
     8.460   -0.0172499871
     8.480   -0.0448484551
     8.500   -0.0651600220
     8.520   -0.0756830826
     8.540   -0.0428347063
     8.560    0.0171930999
     8.580    0.0624863117
     8.600    0.0816773552
     8.620    0.0074381071
     8.640   -0.0037234917
     8.660    0.0497821551
     8.680    0.0594355878
     8.700    0.0377988686
     8.720   -0.0332897304
     8.740   -0.0833213818
     8.760   -0.0678834902
     8.780   -0.0070503657
     8.800    0.0474919690
     8.820    0.0412253687
     8.840   -0.0224395762
     8.860   -0.0383429200
     8.880   -0.0322112462
     8.900   -0.0387813428
     8.920    0.0004028787
     8.940    0.0282751039
     8.960    0.0536697770
     8.980    0.1144818657
     9.000    0.1332431917
     9.020    0.1189219497
     9.040    0.0994427291
     9.060    0.0709893484
     9.080    0.0282836620
     9.100   -0.0282461300
     9.120   -0.0633073012
     9.140   -0.0862451775
     9.160   -0.1017233408
     9.180   -0.0794116944
     9.200   -0.0215053721
     9.220    0.0381618445
     9.240    0.0485650031
     9.260   -0.0267169530
     9.280   -0.0776335662
     9.300   -0.0600681958
     9.320   -0.0203851726
     9.340    0.0550578409
     9.360    0.1212171735
     9.380    0.1124504851
     9.400    0.0165593283
     9.420   -0.0312652434
     9.440    0.0304933930
     9.460    0.0642868000
     9.480    0.0524656020
     9.500    0.0866120863
     9.520    0.1559806521
     9.540    0.1881167313
     9.560    0.1427413116
     9.580    0.0148057254
     9.600   -0.1076984497
     9.620   -0.2186351653
     9.640   -0.2858519918
     9.660   -0.2487561847
     9.680   -0.1785253118
     9.700   -0.1178198387
     9.720   -0.0120557374
     9.740    0.0543920610
     9.760    0.0298255215
     9.780   -0.0466058288
     9.800   -0.0611990597
     9.820    0.0667518014
     9.840    0.1713724388
     9.860    0.1093016595
     9.880   -0.0839487312
     9.900   -0.1544889481
     9.920   -0.1602823923
     9.940   -0.1596120314
     9.960   -0.0746630028
     9.980   -0.0306529186
    10.000    0.0352389620
    10.020    0.0561367670
    10.040    0.0103735572
    10.060    0.0273784906
    10.080    0.0614077686
    10.100    0.1138346161
    10.120    0.1701212752
    10.140    0.0944576951
    10.160   -0.0542493571
    10.180   -0.1597907059
    10.200   -0.2107645008
    10.220   -0.1887278777
    10.240   -0.1772879944
    10.260   -0.1816300948
    10.280   -0.1058324719
    10.300    0.0475835305
    10.320    0.0838304200
    10.340    0.0272495150
    10.360    0.1375810646
    10.380    0.2891143854
    10.400    0.3518391606
    10.420    0.1293734963
    10.440   -0.0750281292
    10.460   -0.0042773238
    10.480    0.0337860273
    10.500   -0.0766504439
    10.520   -0.1765591556
    10.540   -0.1288996479
    10.560   -0.0819177041
    10.580   -0.0401568126
    10.600   -0.0356087578
    10.620   -0.0408176579
    10.640   -0.1175976077
    10.660   -0.1463515092
    10.680   -0.0416586950
    10.700    0.0894487985
    10.720    0.0746917704
    10.740   -0.0618844451
    10.760   -0.0486672290
    10.780    0.0770960254
    10.800    0.1142593989
    10.820    0.0785761516
    10.840    0.0638551972
    10.860    0.0145852340
    10.880   -0.0048249016
    10.900    0.0356874453
    10.920    0.0896693209
    10.940    0.0693847540
    10.960    0.0521667015
    10.980    0.1162345700
    11.000    0.1252674584
    11.020    0.0405950881
    11.040   -0.0680339421
    11.060   -0.1024911994
    11.080   -0.1016437106
    11.100   -0.0724088166
    11.120   -0.0393216086
    11.140   -0.0079667407
    11.160    0.0971106804
    11.180    0.1892699406
    11.200    0.2082805861
    11.220    0.1587656474
    11.240    0.0529268121
    11.260   -0.0265545698
    11.280   -0.0530277713
    11.300   -0.0085083823
    11.320    0.0383653537
    11.340   -0.0047024779
    11.360   -0.0612488470
    11.380   -0.0292764766
    11.400    0.0146584464
    11.420   -0.0098780882
    11.440   -0.0408691834
    11.460   -0.0192382236
    11.480    0.0302542962
    11.500    0.0347962969
    11.520    0.0230592070
    11.540    0.0406305137
    11.560    0.0523076967
    11.580    0.0686169396
    11.600    0.1188246288
    11.620    0.1327494874
    11.640    0.0681018473
    11.660   -0.0094128333
    11.680   -0.0435545893
    11.700   -0.0814314383
    11.720   -0.0966482330
    11.740   -0.0464420757
    11.760   -0.0365813630
    11.780   -0.0785779634
    11.800   -0.0810238895
    11.820   -0.0273199979
    11.840   -0.0224399444
    11.860   -0.0736060538
    11.880   -0.0642321371
    11.900    0.0124172683
    11.920    0.0814657444
    11.940    0.1061632039
    11.960    0.1212945206
    11.980    0.0974776481
    12.000    0.0708406494
    12.020    0.0558822478
    12.040    0.0501774928
    12.060    0.0451127696
    12.080   -0.0317152882
    12.100   -0.1225717857
    12.120   -0.1581919151
    12.140   -0.1775375201
    12.160   -0.2077414693
    12.180   -0.2271470253
    12.200   -0.2002904616
    12.220   -0.0888142020
    12.240   -0.0101635359
    12.260   -0.0063126800
    12.280   -0.0112226501
    12.300    0.0203635638
    12.320    0.0534882743
    12.340    0.0708477198
    12.360    0.0835450416
    12.380    0.0850024837
    12.400    0.0532165653
    12.420    0.0057479993
    12.440   -0.0034304537
    12.460   -0.0045842861
    12.480   -0.0028263585
    12.500   -0.0080999290
    12.520   -0.0122090970
    12.540   -0.0332404439
    12.560   -0.0715214686
    12.580   -0.0578610866
    12.600   -0.0382269362
    12.620   -0.0612400237
    12.640   -0.0752684045
    12.660   -0.0506716391
    12.680   -0.0163479679
    12.700   -0.0378916526
    12.720   -0.0750022781
    12.740   -0.0603487722
    12.760   -0.0440500760
    12.780   -0.0506623592
    12.800   -0.0496556689
    12.820   -0.0109373056
    12.840    0.0529502033
    12.860    0.1029414945
    12.880    0.1253146238
    12.900    0.1083564374
    12.920    0.0842780933
    12.940    0.0941027029
    12.960    0.1150274637
    12.980    0.0949035860
    13.000    0.0676505652
    13.020    0.0572205392
    13.040    0.0194938917
    13.060   -0.0250223584
    13.080   -0.0402271924
    13.100   -0.0373244015
    13.120   -0.0406763533
    13.140   -0.0549601812
    13.160   -0.0403126998
    13.180    0.0037108254
    13.200    0.0102074813
    13.220    0.0001290329
    13.240    0.0294404948
    13.260    0.0885081132
    13.280    0.1318420034
    13.300    0.1285080811
    13.320    0.0792139888
    13.340    0.0405377885
    13.360    0.0265995257
    13.380    0.0153716950
    13.400    0.0092867698
    13.420    0.0028893365
    13.440    0.0212809315
    13.460    0.0185269576
    13.480   -0.0347321184
    13.500   -0.0820684800
    13.520   -0.1251424010
    13.540   -0.1566262666
    13.560   -0.1335771349
    13.580   -0.0774633614
    13.600   -0.0268395653
    13.620   -0.0129538369
    13.640   -0.0287716806
    13.660   -0.0389162398
    13.680   -0.0262880752
    13.700    0.0137238696
    13.720    0.0442853578
    13.740    0.0538530325
    13.760    0.0321725948
    13.780    0.0188608418
    13.800    0.0432261994
    13.820    0.0621526632
    13.840    0.0665714182
    13.860    0.0832486894
    13.880    0.1143180095
    13.900    0.1277800524
    13.920    0.0957702237
    13.940    0.0668824857
    13.960    0.0659194256
    13.980    0.0387189614
    14.000   -0.0224730868
    14.020   -0.0597129678
    14.040   -0.0590248278
    14.060   -0.0500521555
    14.080   -0.0535393431
    14.100   -0.0532253149
    14.120   -0.0462388758
    14.140   -0.0384651640
    14.160   -0.0333537910
    14.180   -0.0540561441
    14.200   -0.0638236014
    14.220   -0.0432474547
    14.240   -0.0307244621
    14.260   -0.0400456897
    14.280   -0.0420169131
    14.300   -0.0310084117
    14.320   -0.0168447362
    14.340    0.0134402838
    14.360    0.0319084865
    14.380    0.0266874489
    14.400    0.0216677405
    14.420    0.0177463428
    14.440   -0.0027576830
    14.460   -0.0365975070
    14.480   -0.0621978694
    14.500   -0.0445094448
    14.520    0.0071465215
    14.540    0.0244217734
    14.560    0.0199459544
    14.580    0.0220493940
    14.600    0.0087826999
    14.620   -0.0445244694
    14.640   -0.0810582104
    14.660   -0.0776866972
    14.680   -0.0696034793
    14.700   -0.0691752791
    14.720   -0.0265821443
    14.740    0.0217053167
    14.760    0.0130271303
    14.780   -0.0058978193
    14.800    0.0001044918
    14.820    0.0134102479
    14.840    0.0137858548
    14.860    0.0114134724
    14.880    0.0129925517
    14.900    0.0138549545
    14.920    0.0102460487
    14.940    0.0032445939
    14.960   -0.0162648173
    14.980   -0.0358538498
    15.000   -0.0450173342
    15.020   -0.0446447396
    15.040   -0.0448145320
    15.060   -0.0393125349
    15.080   -0.0045186478
    15.100    0.0459158181
    15.120    0.0725468512
    15.140    0.0822857765
    15.160    0.0948192569
    15.180    0.1010709799
    15.200    0.0918669292
    15.220    0.0383448791
    15.240   -0.0004801144
    15.260   -0.0060542398
    15.280   -0.0106803147
    15.300   -0.0239470265
    15.320   -0.0113414164
    15.340    0.0245267244
    15.360    0.0191914854
    15.380    0.0165336245
    15.400    0.0334843428
    15.420    0.0467645295
    15.440    0.0530598237
    15.460    0.0607028070
    15.480    0.0724384828
    15.500    0.0882368167
    15.520    0.1063609390
    15.540    0.1286032809
    15.560    0.1360779891
    15.580    0.1301297623
    15.600    0.1073810336
    15.620    0.0837609093
    15.640    0.0664976653
    15.660    0.0316691981
    15.680    0.0005397762
    15.700   -0.0113341545
    15.720   -0.0215824245
    15.740   -0.0548663660
    15.760   -0.1008190385
    15.780   -0.1335545833
    15.800   -0.1543291279
    15.820   -0.1508132316
    15.840   -0.1180267506
    15.860   -0.0971020192
    15.880   -0.0730221726
    15.900   -0.0302998265
    15.920    0.0037788793
    15.940    0.0159848300
    15.960    0.0218293577
    15.980    0.0209113419
    16.000    0.0093363980
    16.020   -0.0191231678
    16.040   -0.0386956880
    16.060   -0.0463251787
    16.080   -0.0473588837
    16.100   -0.0455815067
    16.120   -0.0187416321
    16.140    0.0239251230
    16.160    0.0261953206
    16.180    0.0117176272
    16.200    0.0037996618
    16.220    0.0044306731
    16.240   -0.0041033010
    16.260   -0.0173129135
    16.280   -0.0246344005
    16.300   -0.0241656634
    16.320   -0.0319318924
    16.340   -0.0477392557
    16.360   -0.0667874185
    16.380   -0.0846366207
    16.400   -0.0927619369
    16.420   -0.0857154289
    16.440   -0.0748211290
    16.460   -0.0766556583
    16.480   -0.0815566873
    16.500   -0.0768314752
    16.520   -0.0518366323
    16.540   -0.0279355634
    16.560   -0.0184761244
    16.580   -0.0231277456
    16.600   -0.0361135097
    16.620   -0.0402903545
    16.640   -0.0361841693
    16.660   -0.0185333209
    16.680    0.0115623718
    16.700    0.0486970720
    16.720    0.0896645484
    16.740    0.1100002725
    16.760    0.0978258499
    16.780    0.0771189600
    16.800    0.0713374913
    16.820    0.0837312432
    16.840    0.0998135119
    16.860    0.1061208111
    16.880    0.1091482322
    16.900    0.1036792598
    16.920    0.0838678636
    16.940    0.0563623564
    16.960    0.0411920201
    16.980    0.0361106963
    17.000    0.0438783688
    17.020    0.0582102900
    17.040    0.0519931088
    17.060    0.0467029435
    17.080    0.0466052543
    17.100    0.0441081563
    17.120    0.0187601772
    17.140   -0.0234994416
    17.160   -0.0413351217
    17.180   -0.0416882286
    17.200   -0.0425852248
    17.220   -0.0532616979
    17.240   -0.0636602313
    17.260   -0.0658808773
    17.280   -0.0715256224
    17.300   -0.0755687486
    17.320   -0.0699496041
    17.340   -0.0582289529
    17.360   -0.0478499956
    17.380   -0.0407148427
    17.400   -0.0329111113
    17.420   -0.0349364378
    17.440   -0.0445927575
    17.460   -0.0468254232
    17.480   -0.0350581958
    17.500   -0.0110654917
    17.520    0.0064561396
    17.540    0.0115794969
    17.560    0.0155654972
    17.580    0.0258227408
    17.600    0.0365367459
    17.620    0.0384283243
    17.640    0.0298071974
    17.660    0.0158388413
    17.680    0.0098875905
    17.700    0.0137699184
    17.720    0.0382869903
    17.740    0.0659757530
    17.760    0.0784055491
    17.780    0.0788096953
    17.800    0.0688018007
    17.820    0.0525497249
    17.840    0.0394632962
    17.860    0.0196669099
    17.880   -0.0107293155
    17.900   -0.0289796825
    17.920   -0.0345102409
    17.940   -0.0286461665
    17.960   -0.0238067824
    17.980   -0.0341091439
    18.000   -0.0441816294
    18.020   -0.0490450969
    18.040   -0.0524977575
    18.060   -0.0520740942
    18.080   -0.0444145838
    18.100   -0.0316422128
    18.120   -0.0272821125
    18.140   -0.0289423420
    18.160   -0.0382305303
    18.180   -0.0424058727
    18.200   -0.0316332864
    18.220   -0.0027440607
    18.240    0.0242640891
    18.260    0.0371641689
    18.280    0.0413680285
    18.300    0.0358584897
    18.320    0.0191616719
    18.340   -0.0020545302
    18.360   -0.0090139266
    18.380   -0.0037328069
    18.400    0.0140667847
    18.420    0.0298575887
    18.440    0.0407774304
    18.460    0.0521254723
    18.480    0.0617051225
    18.500    0.0641105412
    18.520    0.0565276267
    18.540    0.0453478305
    18.560    0.0245027293
    18.580    0.0049587602
    18.600   -0.0060933257
    18.620    0.0061772247
    18.640    0.0291452621
    18.660    0.0371323080
    18.680    0.0369309641
    18.700    0.0275315792
    18.720    0.0142588753
    18.740    0.0120637755
    18.760    0.0193131107
    18.780    0.0269170302
    18.800    0.0278590559
    18.820    0.0153285657
    18.840    0.0007637371
    18.860   -0.0059537593
    18.880   -0.0120251992
    18.900   -0.0195840685
    18.920   -0.0270708258
    18.940   -0.0303867481
    18.960   -0.0257606981
    18.980   -0.0208732207
    19.000   -0.0066239272
    19.020    0.0064203944
    19.040    0.0127442235
    19.060    0.0156589884
    19.080    0.0162779859
    19.100    0.0098489641
    19.120   -0.0017770559
    19.140   -0.0066420186
    19.160   -0.0117879421
    19.180   -0.0281181561
    19.200   -0.0451845635
    19.220   -0.0496032891
    19.240   -0.0419332616
    19.260   -0.0369421146
    19.280   -0.0497701060
    19.300   -0.0605757610
    19.320   -0.0616936037
    19.340   -0.0626912497
    19.360   -0.0670363550
    19.380   -0.0654362532
    19.400   -0.0582379676
    19.420   -0.0514378626
    19.440   -0.0451996617
    19.460   -0.0350535706
    19.480   -0.0229377732
    19.500   -0.0154510307
    19.520   -0.0089574210
    19.540    0.0047314591
    19.560    0.0168502746
    19.580    0.0149827207
    19.600    0.0062369120
    19.620    0.0063646179
    19.640    0.0149121053
    19.660    0.0298615363
    19.680    0.0420870277
    19.700    0.0442595804
    19.720    0.0359509792
    19.740    0.0193848899
    19.760    0.0113407432
    19.780    0.0087369825
    19.800    0.0066620896
    19.820    0.0043437987
    19.840    0.0064156867
    19.860    0.0112866518
    19.880    0.0092718587
    19.900    0.0036887290
    19.920    0.0080819143
    19.940    0.0333277043
    19.960    0.0545183411
    19.980    0.0589550962
    20.000    0.0627863759
    20.020    0.0694167180
    20.040    0.0730075899
    20.060    0.0559336702
    20.080    0.0297443594
    20.100    0.0171793127
    20.120    0.0114218995
    20.140    0.0036211479
    20.160   -0.0039452205
    20.180   -0.0231871810
    20.200   -0.0412121560
    20.220   -0.0435694960
    20.240   -0.0343654453
    20.260   -0.0167972173
    20.280   -0.0092503647
    20.300   -0.0108264375
    20.320   -0.0185325255
    20.340   -0.0444664333
    20.360   -0.0712928005
    20.380   -0.0806891510
    20.400   -0.0764101391
    20.420   -0.0634003652
    20.440   -0.0517187631
    20.460   -0.0400161119
    20.480   -0.0292299741
    20.500   -0.0204766457
    20.520   -0.0126187846
    20.540   -0.0040021857
    20.560    0.0016650904
    20.580    0.0025440380
    20.600    0.0016500850
    20.620   -0.0070311004
    20.640   -0.0170705024
    20.660   -0.0210384762
    20.680   -0.0241695963
    20.700   -0.0303777333
    20.720   -0.0308359827
    20.740   -0.0261152338
    20.760   -0.0222719491
    20.780   -0.0157452618
    20.800    0.0016066272
    20.820    0.0234388425
    20.840    0.0331567335
    20.860    0.0309165851
    20.880    0.0202717077
    20.900    0.0068352434
    20.920    0.0028176884
    20.940    0.0095577246
    20.960    0.0188564375
    20.980    0.0250120180
    21.000    0.0265159920
    21.020    0.0250946826
    21.040    0.0256040449
    21.060    0.0318497728
    21.080    0.0327332322
    21.100    0.0278712965
    21.120    0.0186387138
    21.140    0.0065709995
    21.160    0.0040829471
    21.180    0.0112226398
    21.200    0.0132960494
    21.220    0.0092634729
    21.240    0.0080239622
    21.260    0.0098419541
    21.280    0.0138324972
    21.300    0.0187410429
    21.320    0.0180394250
    21.340    0.0102642211
    21.360    0.0052340162
    21.380    0.0023102557
    21.400   -0.0030174357
    21.420   -0.0049270377
    21.440    0.0050913638
    21.460    0.0183130048
    21.480    0.0193992958
    21.500    0.0120868677
    21.520    0.0032419263
    21.540   -0.0080354928
    21.560   -0.0206951796
    21.580   -0.0356581180
    21.600   -0.0417235216
    21.620   -0.0357467187
    21.640   -0.0262556840
    21.660   -0.0189101430
    21.680   -0.0177637389
    21.700   -0.0191159354
    21.720   -0.0257222087
    21.740   -0.0327626921
    21.760   -0.0304624012
    21.780   -0.0200849022
    21.800   -0.0105953700
    21.820   -0.0032678613
    21.840    0.0018360096
    21.860    0.0058731363
    21.880    0.0090673861
    21.900    0.0097870894
    21.920    0.0088841394
    21.940    0.0090088713
    21.960    0.0159262047
    21.980    0.0254097419
    22.000    0.0391722762
    22.020    0.0568667253
    22.040    0.0716404278
    22.060    0.0803832390
    22.080    0.0814905939
    22.100    0.0751427284
    22.120    0.0678738863
    22.140    0.0606846450
    22.160    0.0502441017
    22.180    0.0271468766
    22.200    0.0037866995
    22.220   -0.0103408714
    22.240   -0.0170162519
    22.260   -0.0113895245
    22.280   -0.0051197425
    22.300    0.0004664227
    22.320    0.0078885908
    22.340    0.0182600800
    22.360    0.0263418249
    22.380    0.0249550867
    22.400    0.0192923562
    22.420    0.0149157288
    22.440    0.0116824844
    22.460    0.0047922497
    22.480   -0.0039414997
    22.500   -0.0115453985
    22.520   -0.0171991098
    22.540   -0.0284104134
    22.560   -0.0386871741
    22.580   -0.0397208350
    22.600   -0.0347371561
    22.620   -0.0306714784
    22.640   -0.0290052095
    22.660   -0.0266147712
    22.680   -0.0297338422
    22.700   -0.0357511377
    22.720   -0.0352583171
    22.740   -0.0333666798
    22.760   -0.0353093123
    22.780   -0.0396994618
    22.800   -0.0411808400
    22.820   -0.0342830311
    22.840   -0.0279050576
    22.860   -0.0191937833
    22.880   -0.0032301467
    22.900    0.0124855874
    22.920    0.0189882560
    22.940    0.0224469559
    22.960    0.0254008155
    22.980    0.0210362078
    23.000    0.0100427752
    23.020   -0.0040817835
    23.040   -0.0139303499
    23.060   -0.0112439202
    23.080   -0.0054218630
    23.100    0.0003265746
    23.120    0.0075474197
    23.140    0.0149996455
    23.160    0.0179339732
    23.180    0.0130495316
    23.200    0.0063245701
    23.220   -0.0020816348
    23.240   -0.0053178886
    23.260   -0.0022348074
    23.280   -0.0011890588
    23.300   -0.0004663382
    23.320    0.0001001272
    23.340    0.0014764172
    23.360    0.0053407746
    23.380    0.0067861778
    23.400    0.0063174511
    23.420    0.0075074352
    23.440    0.0098693386
    23.460    0.0112907026
    23.480    0.0125528091
    23.500    0.0125663680
    23.520    0.0124882815
    23.540    0.0116769945
    23.560    0.0143213584
    23.580    0.0161003130
    23.600    0.0143514900
    23.620    0.0147616976
    23.640    0.0180746591
    23.660    0.0243294165
    23.680    0.0229682495
    23.700    0.0149661937
    23.720    0.0021683104
    23.740   -0.0159858464
    23.760   -0.0299826756
    23.780   -0.0338169160
    23.800   -0.0233852991
    23.820   -0.0150691709
    23.840   -0.0135200952
    23.860   -0.0099967926
    23.880   -0.0009835127
    23.900    0.0058436925
    23.920    0.0086593379
    23.940    0.0105885338
    23.960    0.0085226968
    23.980    0.0036352474
    24.000   -0.0043607853
    24.020   -0.0105208172
    24.040   -0.0164870336
    24.060   -0.0160963506
    24.080   -0.0090813383
    24.100   -0.0041517346
    24.120   -0.0054513186
    24.140   -0.0085748836
    24.160   -0.0093996912
    24.180   -0.0147784308
    24.200   -0.0220788392
    24.220   -0.0248628476
    24.240   -0.0251497727
    24.260   -0.0240769890
    24.280   -0.0187807844
    24.300   -0.0122450514
    24.320   -0.0047267131
    24.340    0.0010006936
    24.360    0.0022027004
    24.380    0.0068843973
    24.400    0.0151058927
    24.420    0.0183842831
    24.440    0.0168428065
    24.460    0.0137537994
    24.480    0.0106963424
    24.500    0.0012429250
    24.520   -0.0095476773
    24.540   -0.0149309302
    24.560   -0.0208505660
    24.580   -0.0229524737
    24.600   -0.0181024988
    24.620   -0.0124021362
    24.640   -0.0097562684
    24.660   -0.0058318099
    24.680   -0.0067467648
    24.700   -0.0092663438
    24.720   -0.0091671404
    24.740   -0.0090408927
    24.760   -0.0085225039
    24.780   -0.0097033937
    24.800   -0.0126436591
    24.820   -0.0125459596
    24.840   -0.0052544952
    24.860    0.0056038017
    24.880    0.0123273389
    24.900    0.0148139448
    24.920    0.0191170254
    24.940    0.0221204661
    24.960    0.0208764908
    24.980    0.0162805047
    25.000    0.0151056129
    25.020    0.0139562864
    25.040    0.0075348241
    25.060    0.0023393680
    25.080    0.0006356223
    25.100    0.0017655091
    25.120    0.0006958003
    25.140    0.0005771460
    25.160    0.0024372266
    25.180    0.0016574913
    25.200   -0.0008019910
    25.220   -0.0032960295
    25.240   -0.0071362709
    25.260   -0.0141497012
    25.280   -0.0217115180
    25.300   -0.0272089782
    25.320   -0.0298232089
    25.340   -0.0326958770
    25.360   -0.0328160293
    25.380   -0.0330503831
    25.400   -0.0326446756
    25.420   -0.0345362393
    25.440   -0.0347480415
    25.460   -0.0298575003
    25.480   -0.0238055746
    25.500   -0.0156486921
    25.520   -0.0048850588
    25.540    0.0032793301
    25.560    0.0020668828
    25.580   -0.0038767997
    25.600   -0.0040780921
    25.620    0.0034011735
    25.640    0.0100465755
    25.660    0.0138433193
    25.680    0.0146141165
    25.700    0.0134722847
    25.720    0.0102735894
    25.740    0.0073032660
    25.760    0.0052900092
    25.780    0.0023211883
    25.800    0.0019546242
    25.820    0.0045539084
    25.840    0.0080201103
    25.860    0.0086466687
    25.880    0.0065102089
    25.900    0.0068167440
    25.920    0.0092312246
    25.940    0.0126478453
    25.960    0.0148504751
    25.980    0.0122392434
    26.000    0.0088437203
    26.020    0.0104649037
    26.040    0.0157625990
    26.060    0.0218896622
    26.080    0.0204383036
    26.100    0.0142752595
    26.120    0.0072047284
    26.140    0.0028641615
    26.160    0.0009004804
    26.180   -0.0013276330
    26.200    0.0004738425
    26.220    0.0026614491
    26.240    0.0037717927
    26.260    0.0091896831
    26.280    0.0189692101
    26.300    0.0266603015
    26.320    0.0311586868
    26.340    0.0324177751
    26.360    0.0287788541
    26.380    0.0212741115
    26.400    0.0194756854
    26.420    0.0245299797
    26.440    0.0271938799
    26.460    0.0270000777
    26.480    0.0275439966
    26.500    0.0258191908
    26.520    0.0207844874
    26.540    0.0192685231
    26.560    0.0186029789
    26.580    0.0166092481
    26.600    0.0128606330
    26.620    0.0122566674
    26.640    0.0172583684
    26.660    0.0198831900
    26.680    0.0193708669
    26.700    0.0197615352
    26.720    0.0210641800
    26.740    0.0213015977
    26.760    0.0187699726
    26.780    0.0128503147
    26.800    0.0072326506
    26.820    0.0035997305
    26.840    0.0030919192
    26.860    0.0035036130
    26.880    0.0048167780
    26.900    0.0068856802
    26.920    0.0111346459
    26.940    0.0167433350
    26.960    0.0249362470
    26.980    0.0336895901
    27.000    0.0399398254
    27.020    0.0424594603
    27.040    0.0402433512
    27.060    0.0346271674
    27.080    0.0268760219
    27.100    0.0194959686
    27.120    0.0102213186
    27.140    0.0019683378
    27.160    0.0006341698
    27.180    0.0018661972
    27.200    0.0010849337
    27.220   -0.0009298479
    27.240   -0.0030993829
    27.260   -0.0060126350
    27.280   -0.0121877223
    27.300   -0.0178925378
    27.320   -0.0229242511
    27.340   -0.0218364723
    27.360   -0.0183282208
    27.380   -0.0143166492
    27.400   -0.0125272128
    27.420   -0.0137607210
    27.440   -0.0169579360
    27.460   -0.0194670389
    27.480   -0.0220287131
    27.500   -0.0228310251
    27.520   -0.0200199136
    27.540   -0.0177226570
    27.560   -0.0127945927
    27.580   -0.0069320001
    27.600   -0.0034733385
    27.620   -0.0001514020
    27.640    0.0011812814
    27.660   -0.0029684998
    27.680   -0.0065638761
    27.700   -0.0097716200
    27.720   -0.0082646513
    27.740   -0.0060875899
    27.760   -0.0030946958
    27.780   -0.0004143106
    27.800   -0.0014449952
    27.820   -0.0043702788
    27.840   -0.0090849884
    27.860   -0.0095567598
    27.880   -0.0099353804
    27.900   -0.0140851692
    27.920   -0.0205382317
    27.940   -0.0252935077
    27.960   -0.0317675796
    27.980   -0.0397080788
    28.000   -0.0406050455
    28.020   -0.0374048124
    28.040   -0.0347845424
    28.060   -0.0337072808
    28.080   -0.0316940034
    28.100   -0.0310148929
    28.120   -0.0364357572
    28.140   -0.0416102334
    28.160   -0.0407042666
    28.180   -0.0326030192
    28.200   -0.0234034906
    28.220   -0.0156072420
    28.240   -0.0099219600
    28.260   -0.0097401715
    28.280   -0.0153668931
    28.300   -0.0221129244
    28.320   -0.0277035811
    28.340   -0.0340604760
    28.360   -0.0394978969
    28.380   -0.0421888118
    28.400   -0.0421317185
    28.420   -0.0425343916
    28.440   -0.0430737884
    28.460   -0.0435200475
    28.480   -0.0405737444
    28.500   -0.0386521168
    28.520   -0.0356727595
    28.540   -0.0297485869
    28.560   -0.0270201400
    28.580   -0.0268969532
    28.600   -0.0249092175
    28.620   -0.0213995078
    28.640   -0.0193291369
    28.660   -0.0189114834
    28.680   -0.0160267810
    28.700   -0.0156421667
    28.720   -0.0165962563
    28.740   -0.0135222487
    28.760   -0.0093860056
    28.780   -0.0038104118
    28.800    0.0005226495
    28.820   -0.0008641423
    28.840   -0.0048351595
    28.860   -0.0088272139
    28.880   -0.0102695975
    28.900   -0.0078957422
    28.920   -0.0066382123
    28.940   -0.0055489591
    28.960   -0.0042102966
    28.980    0.0015666221
    29.000    0.0083907517
    29.020    0.0143554774
    29.040    0.0196696349
    29.060    0.0243873200
    29.080    0.0287729621
    29.100    0.0333554261
    29.120    0.0392675496
    29.140    0.0430552286
    29.160    0.0434052569
    29.180    0.0396611049
    29.200    0.0352378425
    29.220    0.0303473012
    29.240    0.0263297021
    29.260    0.0245086802
    29.280    0.0267037402
    29.300    0.0321621365
    29.320    0.0342219607
    29.340    0.0337817114
    29.360    0.0353457100
    29.380    0.0348874312
    29.400    0.0323903185
    29.420    0.0314482338
    29.440    0.0326756969
    29.460    0.0341811145
    29.480    0.0320821381
    29.500    0.0314706087
    29.520    0.0321767192
    29.540    0.0310287980
    29.560    0.0283694051
    29.580    0.0239401181
    29.600    0.0206752352
    29.620    0.0223864894
    29.640    0.0252215813
    29.660    0.0259321992
    29.680    0.0260929179
    29.700    0.0267359252
    29.720    0.0249674746
    29.740    0.0209438509
    29.760    0.0179464053
    29.780    0.0166422285
    29.800    0.0153004756
    29.820    0.0159389756
    29.840    0.0176412003
    29.860    0.0149292215
    29.880    0.0073688070
    29.900   -0.0023100716
    29.920   -0.0104579482
    29.940   -0.0148947534
    29.960   -0.0119349679
    29.980   -0.0076199663
    30.000   -0.0051710161
    30.020   -0.0018446311
    30.040    0.0015178129
    30.060    0.0050755747
    30.080    0.0060040371
    30.100    0.0037578081
    30.120   -0.0031174919
    30.140   -0.0111286493
    30.160   -0.0176628828
    30.180   -0.0207114414
    30.200   -0.0175022378
    30.220   -0.0126944451
    30.240   -0.0098683826
    30.260   -0.0069116079
    30.280   -0.0039383062
    30.300   -0.0002363139
    30.320    0.0014223367
    30.340    0.0015109207
    30.360   -0.0019943745
    30.380   -0.0075309914
    30.400   -0.0088457044
    30.420   -0.0068985837
    30.440   -0.0039388085
    30.460   -0.0038968045
    30.480   -0.0009054782
    30.500    0.0016291007
    30.520    0.0044686779
    30.540    0.0067703755
    30.560    0.0053835416
    30.580    0.0017700650
    30.600    0.0003456683
    30.620    0.0030395056
    30.640    0.0044772876
    30.660    0.0040400049
    30.680    0.0028439800
    30.700    0.0021392570
    30.720    0.0003227168
    30.740    0.0019077372
    30.760    0.0067636086
    30.780    0.0121588590
    30.800    0.0152914167
    30.820    0.0114991375
    30.840    0.0018397702
    30.860   -0.0099440726
    30.880   -0.0183774336
    30.900   -0.0182122518
    30.920   -0.0118238671
    30.940   -0.0031367352
    30.960    0.0048036757
    30.980    0.0108449781
    31.000    0.0163814639
    31.020    0.0208992633
    31.040    0.0237613700
    31.060    0.0190165375
    31.080    0.0104329264
    31.100    0.0042036637
    31.120   -0.0001294999
    31.140   -0.0007966682
    31.160    0.0002129051
    31.180    0.0004757568
    31.200    0.0022365573
    31.220    0.0019750517
    31.240    0.0012282517
    31.260    0.0040437772
    31.280    0.0079636061
    31.300    0.0100624588
    31.320    0.0092225059
    31.340    0.0080865675
    31.360    0.0097692396
    31.380    0.0121250110
    31.400    0.0127754938
    31.420    0.0116455652
    31.440    0.0092655911
    31.460    0.0083399966
    31.480    0.0050089673
    31.500    0.0008786309
    31.520   -0.0033358431
    31.540   -0.0057248320
    31.560   -0.0084458638
    31.580   -0.0107371930
    31.600   -0.0108544686
    31.620   -0.0077294423
    31.640   -0.0028510489
    31.660   -0.0003149848
    31.680   -0.0009205586
    31.700   -0.0077658357
    31.720   -0.0168407591
    31.740   -0.0220543580
    31.760   -0.0227816502
    31.780   -0.0211350312
    31.800   -0.0160237613
    31.820   -0.0100395596
    31.840   -0.0068679601
    31.860   -0.0105776100
    31.880   -0.0158723520
    31.900   -0.0201859793
    31.920   -0.0232961533
    31.940   -0.0243494640
    31.960   -0.0220372712
    31.980   -0.0194320994
    32.000   -0.0167487851
    32.020   -0.0150931808
    32.040   -0.0153772335
    32.060   -0.0161525749
    32.080   -0.0199779184
    32.100   -0.0229784132
    32.120   -0.0272665134
    32.140   -0.0311324233
    32.160   -0.0313804023
    32.180   -0.0286264873
    32.200   -0.0250732652
    32.220   -0.0209190604
    32.240   -0.0198719363
    32.260   -0.0193461648
    32.280   -0.0160558727
    32.300   -0.0143176081
    32.320   -0.0159163062
    32.340   -0.0188296584
    32.360   -0.0201969825
    32.380   -0.0188208057
    32.400   -0.0163673820
    32.420   -0.0162367567
    32.440   -0.0141364045
    32.460   -0.0115747995
    32.480   -0.0112263149
    32.500   -0.0115449183
    32.520   -0.0123893859
    32.540   -0.0113317373
    32.560   -0.0067928991
    32.580   -0.0004871716
    32.600    0.0046436360
    32.620    0.0087873281
    32.640    0.0114480967
    32.660    0.0087841582
    32.680    0.0060931740
    32.700    0.0011710442
    32.720   -0.0015169335
    32.740   -0.0031156286
    32.760   -0.0043507291
    32.780   -0.0042050718
    32.800   -0.0035741210
    32.820    0.0005590576
    32.840    0.0051835395
    32.860    0.0076805433
    32.880    0.0098409967
    32.900    0.0117490388
    32.920    0.0119848465
    32.940    0.0152751401
    32.960    0.0172222505
    32.980    0.0163657765
    33.000    0.0127297558
    33.020    0.0103452772
    33.040    0.0091222022
    33.060    0.0084475239
    33.080    0.0105974631
    33.100    0.0125701153
    33.120    0.0150611136
    33.140    0.0153555215
    33.160    0.0122213258
    33.180    0.0085762904
    33.200    0.0036121022
    33.220   -0.0005467704
    33.240   -0.0039889699
    33.260   -0.0037952237
    33.280   -0.0001353085
    33.300    0.0040099012
    33.320    0.0066962249
    33.340    0.0089783891
    33.360    0.0111749132
    33.380    0.0126773023
    33.400    0.0153065297
    33.420    0.0154492041
    33.440    0.0124201878
    33.460    0.0080089096
    33.480    0.0040513764
    33.500    0.0042015602
    33.520    0.0086172176
    33.540    0.0140214960
    33.560    0.0188157828
    33.580    0.0242861546
    33.600    0.0266028841
    33.620    0.0285545314
    33.640    0.0291374257
    33.660    0.0272592957
    33.680    0.0266913081
    33.700    0.0233452925
    33.720    0.0209878788
    33.740    0.0170123190
    33.760    0.0143994979
    33.780    0.0090807506
    33.800    0.0051517773
    33.820    0.0001470442
    33.840    0.0005782015
    33.860    0.0029340066
    33.880    0.0038159046
    33.900    0.0069019053
    33.920    0.0077898131
    33.940    0.0108517790
    33.960    0.0121889258
    33.980    0.0153170027
    34.000    0.0149037828
    34.020    0.0156429474
    34.040    0.0133231260
    34.060    0.0113984405
    34.080    0.0088051661
    34.100    0.0039266563
    34.120    0.0012402311
    34.140   -0.0027307934
    34.160   -0.0062030007
    34.180   -0.0111671461
    34.200   -0.0117501259
    34.220   -0.0122880320
    34.240   -0.0124142649
    34.260   -0.0119334993
    34.280   -0.0099442685
    34.300   -0.0045865280
    34.320    0.0003099602
    34.340    0.0036559135
    34.360    0.0065195801
    34.380    0.0071295643
    34.400    0.0053190891
    34.420    0.0021609145
    34.440   -0.0007027791
    34.460   -0.0019363045
    34.480   -0.0030376128
    34.500   -0.0033771739
    34.520   -0.0021361490
    34.540   -0.0011460314
    34.560   -0.0003392128
    34.580    0.0007575816
    34.600    0.0014351923
    34.620    0.0050726435
    34.640    0.0099676553
    34.660    0.0153359454
    34.680    0.0179592351
    34.700    0.0187931134
    34.720    0.0170908445
    34.740    0.0147590462
    34.760    0.0116970553
    34.780    0.0076764999
    34.800    0.0043035049
    34.820    0.0003009811
    34.840   -0.0028947203
    34.860   -0.0061324898
    34.880   -0.0063247748
    34.900   -0.0038742367
    34.920   -0.0017332048
    34.940   -0.0008797757
    34.960   -0.0001345211
    34.980    0.0010494530
    35.000    0.0010239515
    35.020    0.0029306113
    35.040    0.0035045940
    35.060    0.0034971274
    35.080    0.0023087341
    35.100    0.0000911587
    35.120   -0.0010927241
    35.140   -0.0037745531
    35.160   -0.0087115689
    35.180   -0.0143216854
    35.200   -0.0180266836
    35.220   -0.0213740838
    35.240   -0.0221643172
    35.260   -0.0221417067
    35.280   -0.0204093003
    35.300   -0.0166966558
    35.320   -0.0142641030
    35.340   -0.0112561063
    35.360   -0.0102223350
    35.380   -0.0074156601
    35.400   -0.0060723782
    35.420   -0.0083995941
    35.440   -0.0099650613
    35.460   -0.0108138552
    35.480   -0.0147832475
    35.500   -0.0198809952
    35.520   -0.0224651179
    35.540   -0.0255270072
    35.560   -0.0258664593
    35.580   -0.0260195921
    35.600   -0.0256468649
    35.620   -0.0227064390
    35.640   -0.0218003397
    35.660   -0.0247765889
    35.680   -0.0245601173
    35.700   -0.0213928056
    35.720   -0.0172789462
    35.740   -0.0122140330
    35.760   -0.0082534197
    35.780   -0.0060611953
    35.800   -0.0086603027
    35.820   -0.0125875791
    35.840   -0.0141995651
    35.860   -0.0140536736
    35.880   -0.0138551932
    35.900   -0.0101559853
    35.920   -0.0072936429
    35.940   -0.0046987335
    35.960   -0.0025936220
    35.980   -0.0022073183
    36.000   -0.0024948281
    36.020   -0.0020657132
    36.040   -0.0018410267
    36.060   -0.0043982937
    36.080   -0.0080030883
    36.100   -0.0108182491
    36.120   -0.0104639993
    36.140   -0.0107505178
    36.160   -0.0116305907
    36.180   -0.0123936002
    36.200   -0.0131033078
    36.220   -0.0127882013
    36.240   -0.0116373474
    36.260   -0.0064610830
    36.280   -0.0003652390
    36.300    0.0041162207
    36.320    0.0069593816
    36.340    0.0081744023
    36.360    0.0075430051
    36.380    0.0069029732
    36.400    0.0071068846
    36.420    0.0069539419
    36.440    0.0056428229
    36.460    0.0048890108
    36.480    0.0028109937
    36.500   -0.0004022492
    36.520   -0.0007185764
    36.540    0.0020342574
    36.560    0.0066054632
    36.580    0.0091318945
    36.600    0.0092160291
    36.620    0.0106706210
    36.640    0.0110991496
    36.660    0.0112348524
    36.680    0.0110878709
    36.700    0.0104691813
    36.720    0.0112446420
    36.740    0.0105219705
    36.760    0.0105660956
    36.780    0.0102497032
    36.800    0.0106012266
    36.820    0.0111196817
    36.840    0.0111993105
    36.860    0.0110010024
    36.880    0.0115432641
    36.900    0.0136277772
    36.920    0.0150619532
    36.940    0.0186897090
    36.960    0.0211864682
    36.980    0.0213766321
    37.000    0.0201382394
    37.020    0.0161752738
    37.040    0.0118536879
    37.060    0.0094118626
    37.080    0.0079390277
    37.100    0.0087107013
    37.120    0.0106567321
    37.140    0.0124084391
    37.160    0.0135430003
    37.180    0.0137684646
    37.200    0.0132823211
    37.220    0.0113620074
    37.240    0.0089221721
    37.260    0.0067957435
    37.280    0.0057246950
    37.300    0.0057156803
    37.320    0.0062069100
    37.340    0.0062883638
    37.360    0.0053306521
    37.380    0.0045192474
    37.400    0.0043538976
    37.420    0.0039937218
    37.440    0.0043759218
    37.460    0.0052928285
    37.480    0.0053182480
    37.500    0.0056806981
    37.520    0.0057902831
    37.540    0.0063215887
    37.560    0.0067240350
    37.580    0.0057093081
    37.600    0.0042088515
    37.620    0.0030608891
    37.640    0.0025651475
    37.660    0.0018907168
    37.680    0.0015246741
    37.700    0.0005269143
    37.720   -0.0006515404
    37.740   -0.0019253587
    37.760   -0.0036056652
    37.780   -0.0046656750
    37.800   -0.0053023455
    37.820   -0.0050067887
    37.840   -0.0042561834
    37.860   -0.0039489943
    37.880   -0.0032130114
    37.900   -0.0033738818
    37.920   -0.0037665739
    37.940   -0.0040762229
    37.960   -0.0043361082
    37.980   -0.0044743975
    38.000   -0.0053599117
    38.020   -0.0056501525
    38.040   -0.0055989615
    38.060   -0.0055220136
    38.080   -0.0059106343
    38.100   -0.0056649782
    38.120   -0.0051284759
    38.140   -0.0055556509
    38.160   -0.0056830401
    38.180   -0.0057134649
    38.200   -0.0054006003
    38.220   -0.0051289620
    38.240   -0.0044978064
    38.260   -0.0045602143
    38.280   -0.0046397444
    38.300   -0.0049001231
    38.320   -0.0054089183
    38.340   -0.0053739347
    38.360   -0.0051910739
    38.380   -0.0048727828
    38.400   -0.0046922700
    38.420   -0.0043857791
    38.440   -0.0041181400
    38.460   -0.0037843795
    38.480   -0.0036815437
    38.500   -0.0034415247
    38.520   -0.0031089309
    38.540   -0.0027234844
    38.560   -0.0023039439
    38.580   -0.0020606269
    38.600   -0.0017347264
    38.620   -0.0014070684
    38.640   -0.0010660272
    38.660   -0.0007323104
    38.680   -0.0004481260
    38.700   -0.0002180633
    38.720   -0.0001579548
    38.740   -0.0002179499
    38.760   -0.0002504039
    38.780   -0.0001936032
    38.800   -0.0001388624
    38.820   -0.0000312709
    38.840    0.0000121647
    38.860    0.0000928363
    38.880    0.0001322935
    38.900    0.0001413615
    38.920    0.0001346283
    38.940    0.0001678439
    38.960    0.0002532703
    38.980    0.0002315651
    39.000    0.0002480863
    39.020    0.0002885599
    39.040    0.0003159550
    39.060    0.0003735586
    39.080    0.0004151274
    39.100    0.0004291485
    39.120    0.0004596773
    39.140    0.0004466862
    39.160    0.0004207716
    39.180    0.0004214056
    39.200    0.0004001513
    39.220    0.0003624223
    39.240    0.0003441186
    39.260    0.0003481680
    39.280    0.0003503585
    39.300    0.0003657133
    39.320    0.0003850024
    39.340    0.0003920576
    39.360    0.0003919786
    39.380    0.0003894971
    39.400    0.0003835743
    39.420    0.0003654283
    39.440    0.0003423619
    39.460    0.0003192635
    39.480    0.0002955303
    39.500    0.0002766259
    39.520    0.0002609816
    39.540    0.0002452220
    39.560    0.0002299800
    39.580    0.0002141456
    39.600    0.0001994461
    39.620    0.0001852046
    39.640    0.0001720104
    39.660    0.0001606349
    39.680    0.0001499277
    39.700    0.0001404877
    39.720    0.0001322692
    39.740    0.0001252448
    39.760    0.0001192651
    39.780    0.0001141232
    39.800    0.0001100296
    39.820    0.0001070358
    39.840    0.0001050013
    39.860    0.0001038287
    39.880    0.0001033807
    39.900    0.0001035255
    39.920    0.0001041371
    39.940    0.0001051046
    39.960    0.0001063237
    39.980    0.0001076847
