  -0.0000049246
  -0.0000038555
   0.0000022215
  -0.0000015925
  -0.0000184611
  -0.0000070823
   0.0000327514
  -0.0000309522
  -0.0000247624
   0.0000524520
   0.0000002755
  -0.0000072211
  -0.0000123086
   0.0000432112
   0.0000127145
  -0.0001103464
  -0.0000019828
   0.0000582181
   0.0001859974
   0.0003485834
  -0.0003726242
  -0.0004207954
   0.0003755660
   0.0005476190
   0.0001354842
  -0.0007802579
  -0.0001054954
   0.0003208092
   0.0006941886
   0.0002018327
  -0.0010733095
  -0.0013970228
  -0.0011282563
   0.0015515440
   0.0014601631
   0.0001665331
  -0.0013418283
  -0.0016232865
  -0.0003341902
   0.0001693669
   0.0003374736
  -0.0001615519
   0.0009806893
  -0.0004251949
   0.0008532520
   0.0004311168
  -0.0018619534
  -0.0004792541
  -0.0016361901
   0.0003287153
   0.0020251077
   0.0038710803
   0.0027002078
  -0.0022372836
  -0.0056204747
   0.0000023250
   0.0031862989
  -0.0002608350
  -0.0041611281
  -0.0014512833
   0.0076093734
   0.0045827029
  -0.0037287596
  -0.0062095528
  -0.0021159541
  -0.0002840057
  -0.0008345024
  -0.0004095072
  -0.0004027049
   0.0018775298
   0.0038833834
   0.0033670051
   0.0016701774
   0.0015303819
  -0.0124577222
  -0.0035792686
   0.0244616126
   0.0173352789
  -0.0086398733
  -0.0244840207
  -0.0157509375
   0.0057632574
   0.0135703020
  -0.0060277724
  -0.0125945305
  -0.0031579457
   0.0154300613
   0.0285376085
   0.0033723174
  -0.0097714838
  -0.0027748632
  -0.0028947241
   0.0056985376
   0.0041729742
  -0.0017151178
   0.0051813521
  -0.0013708953
  -0.0053946789
  -0.0011358986
  -0.0006085781
  -0.0049453521
   0.0029903899
  -0.0034184102
  -0.0216077267
  -0.0065749015
   0.0071614260
   0.0112653173
   0.0208180078
   0.0027414212
  -0.0181987934
  -0.0164498984
  -0.0174211416
  -0.0034085263
   0.0161125185
  -0.0063058615
  -0.0168558868
   0.0256311174
   0.0430215449
   0.0145929328
  -0.0158273017
  -0.0143136620
   0.0045804554
   0.0140847614
  -0.0028537075
  -0.0143298572
  -0.0055597620
  -0.0009499518
  -0.0011575252
   0.0004496824
  -0.0010973579
  -0.0046409730
  -0.0201883642
  -0.0297301551
   0.0088297204
   0.0171907482
   0.0063255909
  -0.0092075299
  -0.0333443718
   0.0052306181
   0.0165356277
  -0.0010658999
  -0.0043213235
   0.0052167230
   0.0109200066
  -0.0001790999
   0.0051783424
   0.0104493375
   0.0096319234
   0.0008246948
   0.0014382529
   0.0157325074
   0.0126932193
  -0.0211235311
   0.0008838827
   0.0210892310
  -0.0022152700
  -0.0165769830
  -0.0032796588
   0.0058101384
   0.0002178869
  -0.0022118333
  -0.0183448585
  -0.0204943879
  -0.0302935252
   0.0031395714
   0.0019787588
  -0.0093384339
   0.0018214888
  -0.0042185542
   0.0089554039
   0.0103189756
   0.0112161313
   0.0192472597
  -0.0048551787
  -0.0108172064
   0.0087407804
   0.0092062373
  -0.0037512418
  -0.0061635450
   0.0132785971
   0.0332255266
   0.0208636995
   0.0043204637
   0.0161438664
   0.0049556421
  -0.0177862752
  -0.0092190967
  -0.0006662287
  -0.0166915083
  -0.0067360543
   0.0384664906
   0.0332609942
  -0.0028767160
  -0.0037675721
   0.0193249081
   0.0403331883
   0.0374249627
   0.0320052263
   0.0212576875
  -0.0124905211
  -0.0257856053
  -0.0318597366
  -0.0649527330
  -0.1267890049
  -0.1469021225
  -0.1026573668
  -0.0328982791
   0.0931075534
   0.1499167425
   0.1392775496
   0.0967155238
   0.0231061886
  -0.0720896078
  -0.0540807949
   0.0478477725
   0.0099319594
  -0.0821299130
  -0.1240830270
  -0.0817368591
   0.0082856836
   0.0412872607
   0.0201009420
   0.0217746820
  -0.0114527626
  -0.0780178908
  -0.1244246100
  -0.0900730855
  -0.0379530904
  -0.0588335938
  -0.0495613500
  -0.0002924473
   0.0868711618
   0.1770483233
   0.2007481458
   0.1804717422
   0.0593648905
  -0.0918379588
  -0.1616076209
  -0.1184248081
   0.0078926113
   0.0875149657
   0.0999516391
   0.0386562626
   0.0000490106
   0.0510646487
   0.0891813503
   0.1006087861
   0.0171578242
  -0.0056843589
   0.0327955707
   0.0031239367
  -0.0514225270
  -0.1345297460
  -0.1352303414
  -0.0508790381
   0.0396453773
   0.0635712650
   0.0566407744
  -0.0547464982
  -0.1756857441
  -0.1730415614
  -0.1203781524
  -0.0697053651
  -0.0475630977
   0.0400940802
   0.1528223663
   0.1738535716
   0.1485951099
   0.1103317261
  -0.0133320779
  -0.1147330264
  -0.0469385579
   0.0862336125
   0.1987302542
   0.2131199385
   0.0676786338
  -0.0783947746
  -0.0553703959
   0.0433895222
   0.0245241833
  -0.0915001285
  -0.1689732545
  -0.1729623368
  -0.0464773542
   0.1252055975
   0.1477832665
   0.0735469647
   0.0086444433
  -0.0852512278
  -0.1745515818
  -0.1354223151
   0.0160205680
   0.1219811574
   0.1425729582
   0.1452014628
   0.1159928639
   0.0681161119
   0.0243117698
   0.0008587060
  -0.0417695048
  -0.1092088220
  -0.1655218985
  -0.1644366887
  -0.1093174013
  -0.1086544168
  -0.1561081846
  -0.1831652109
  -0.1536096084
  -0.1144826767
  -0.0632843886
   0.0735421111
   0.1616894307
   0.1876570774
   0.2189481150
   0.1392101670
   0.0614066745
  -0.0082528096
  -0.0871672949
  -0.0336273953
  -0.0097893218
   0.0440466859
   0.1137391332
   0.0909368835
   0.0627891016
   0.0330975247
  -0.0234414753
  -0.0654924442
  -0.0912892243
  -0.0925192067
  -0.0899128850
  -0.0533409208
   0.0257883824
   0.0410414810
   0.0261791930
   0.0543496414
   0.0745780016
   0.0180777549
  -0.0076385623
  -0.0088587666
  -0.0268481570
  -0.0086585536
  -0.0274607297
  -0.0677572079
  -0.0678969850
  -0.0447636266
  -0.0065854000
  -0.0093156256
  -0.0065753201
   0.0428423640
   0.0754911607
   0.0977048303
   0.0908353092
   0.0143728720
  -0.0039655852
   0.0327827279
   0.0344356778
   0.0459730689
   0.0504536021
   0.0042563077
  -0.0530150326
  -0.0630619427
  -0.0344394555
  -0.0430333703
  -0.1114212724
  -0.1441460247
  -0.1071158756
  -0.0605255805
  -0.0248686017
   0.0315767965
   0.0752886377
   0.0889108193
   0.1235549744
   0.1637384283
   0.1738341407
   0.1404132964
   0.0635752762
  -0.0061536019
  -0.0360985515
  -0.1332363840
  -0.1883936157
  -0.0673574156
   0.0430844326
  -0.0324878874
  -0.1319958940
  -0.1460722659
  -0.1097409609
  -0.0361674686
  -0.0187523730
  -0.0495301021
   0.0030891054
   0.1027813741
   0.0830617525
   0.0254766378
  -0.0406697843
  -0.0058314356
   0.1075160847
   0.1457573691
   0.1398683147
   0.1269253545
   0.1155947395
   0.0901027738
   0.0854396155
   0.0687128230
  -0.0100613790
  -0.1186394650
  -0.1978189215
  -0.1456600479
  -0.0250502345
  -0.0168775193
  -0.1254455229
  -0.1745068824
  -0.0152887998
   0.1254473576
   0.1427517556
   0.1114440391
   0.0890078902
   0.0225094107
  -0.0925985147
  -0.1093434204
  -0.0697745574
  -0.0634760454
  -0.0762271987
  -0.0802957641
  -0.0388902253
   0.0425084366
   0.1093816150
   0.1424384432
   0.0886819854
  -0.0217929454
  -0.0713063520
  -0.1115499498
  -0.1642606433
  -0.1755439738
  -0.1600791704
  -0.0723657263
   0.0698254362
   0.1336174125
   0.1266311395
   0.1176806808
   0.0316029239
  -0.0308428351
   0.0252034131
   0.0843107904
   0.0879246818
   0.0826555556
   0.0980968668
   0.1248387461
   0.0469127974
  -0.0966179525
  -0.0942980068
   0.0564363917
   0.1581702751
   0.1367196800
   0.0490761954
  -0.0359480081
  -0.0597279475
  -0.0198344639
   0.0159800633
   0.0282490976
   0.0361616393
   0.0410359687
   0.0378870087
   0.0120054499
   0.0001766645
  -0.0041934350
  -0.0356605480
  -0.1112443931
  -0.2205824763
  -0.2917193043
  -0.2380108816
  -0.0440412903
   0.1176076274
   0.1044419211
   0.0190485061
  -0.0902606392
  -0.2191596863
  -0.2988352555
  -0.2511569068
  -0.1393122416
  -0.0630841840
  -0.0111484902
   0.0731561123
   0.1311421033
   0.1325358720
   0.1128476483
   0.0597361535
   0.0419052791
   0.0918617261
   0.1536871651
   0.1921541977
   0.1555720427
   0.0716789993
   0.0237490835
  -0.0090277151
  -0.0238140143
  -0.0389485096
  -0.0557443025
   0.0176556380
   0.1645402644
   0.2366764896
   0.2261211913
   0.1314511625
  -0.0795360171
  -0.1922656125
  -0.1370525900
  -0.0259162175
   0.0609360222
   0.0940239732
   0.0788391077
   0.0419575423
   0.0162621362
  -0.0166123422
  -0.0541414143
  -0.0697026965
  -0.0207582224
   0.0541119427
   0.0994282566
   0.1041572964
   0.0019523478
  -0.1379486616
  -0.1880989003
  -0.1830462906
  -0.1890727788
  -0.2002507823
  -0.1775089934
  -0.0493959457
   0.0935000069
   0.1157026517
   0.0183509713
  -0.0981993584
  -0.1085728572
  -0.0657730826
  -0.0422762836
   0.0037985281
   0.0973981061
   0.1305384120
   0.1092922163
   0.0490643450
   0.0057763503
   0.0351700645
   0.0890221506
   0.1234235450
   0.1157519378
   0.0998714138
   0.0891203057
   0.0736783857
   0.0502896239
   0.0201970956
  -0.0168794958
  -0.0418919443
  -0.0603588503
  -0.0899676751
  -0.1146413760
  -0.1264621827
  -0.1211393755
  -0.1326518735
  -0.1482700389
  -0.1465258474
  -0.1368616171
  -0.0936640435
  -0.0377765280
  -0.0074326851
  -0.0010474498
   0.0020917172
   0.0292772324
   0.0774376668
   0.1138043476
   0.1173315923
   0.0875037909
   0.0530572135
   0.0362791585
   0.0489926593
   0.0763452266
   0.0984297768
   0.1109997977
   0.1083167533
   0.0864219168
   0.0680359616
   0.0762733241
   0.0951190236
   0.0959408743
   0.0824858815
   0.0302214892
  -0.0505301331
  -0.0900573239
  -0.0989643342
  -0.0929383464
  -0.0750403479
  -0.0641426659
  -0.0550476600
  -0.0379323002
  -0.0410869142
  -0.0668489106
  -0.0986173305
  -0.1268187766
  -0.1207284085
  -0.0866144742
  -0.0200369035
   0.0306277528
   0.0118015426
  -0.0328725519
  -0.0703722025
  -0.0896557804
  -0.0728829710
  -0.0185484489
   0.0398691658
   0.0904526963
   0.1077750240
   0.1132614508
   0.1214234164
   0.1115680464
   0.0586234069
  -0.0205553241
  -0.0347521507
  -0.0021762848
   0.0206947927
   0.0088429384
  -0.0248281472
  -0.0359026250
  -0.0138190922
  -0.0030720629
  -0.0244481278
  -0.0567387460
  -0.0558231601
   0.0058334679
   0.0448920204
   0.0105732698
  -0.0428588260
  -0.0609105202
  -0.0220665454
   0.0352862661
   0.0346987450
   0.0045289436
  -0.0147156225
   0.0192164872
   0.0648693137
   0.0569359485
   0.0377879113
   0.0175366761
   0.0163156837
   0.0237348314
   0.0138705465
   0.0060976518
   0.0150089369
   0.0421197858
   0.0496900941
   0.0262429396
   0.0066670814
   0.0210914326
   0.0588887508
   0.0770788128
   0.0526379904
  -0.0030136469
  -0.0323871888
  -0.0071089594
   0.0324064196
   0.0235956380
  -0.0146987935
  -0.0319335990
  -0.0328656052
  -0.0251764601
  -0.0005408564
   0.0071291074
  -0.0176123064
  -0.0483238955
  -0.0666831728
  -0.0643347230
  -0.0595617594
  -0.0408740837
  -0.0073381285
   0.0213138118
   0.0317469542
   0.0231592524
  -0.0016195204
  -0.0232426383
  -0.0214967872
  -0.0033493489
   0.0120868844
   0.0122779908
   0.0030396867
  -0.0062664035
  -0.0122370776
  -0.0304381059
  -0.0447455801
  -0.0356946646
  -0.0008625755
   0.0342446381
   0.0412357730
   0.0222086159
  -0.0061278831
  -0.0247649760
  -0.0415591344
  -0.0590270852
  -0.0638850110
  -0.0568608102
  -0.0431961142
  -0.0261549670
  -0.0184743698
  -0.0265688028
  -0.0279076063
  -0.0192165373
  -0.0035075954
   0.0233772784
   0.0441768894
   0.0398519366
   0.0064928557
  -0.0202279515
  -0.0080595075
   0.0282174828
   0.0441783321
   0.0345986719
   0.0307248321
   0.0459356416
   0.0603744200
   0.0538890548
   0.0385185537
   0.0293859869
   0.0211432038
   0.0115277508
  -0.0006132325
  -0.0213970227
  -0.0281967510
  -0.0122618623
   0.0020867619
  -0.0027563196
  -0.0126127855
  -0.0057479379
   0.0241339064
   0.0506528644
   0.0375937027
  -0.0204636738
  -0.0508590902
  -0.0200239357
   0.0113786084
  -0.0009477561
  -0.0241594251
  -0.0265439763
  -0.0087952035
   0.0212954317
   0.0328241832
   0.0183065555
  -0.0124708818
  -0.0397029694
  -0.0447947410
  -0.0049448843
   0.0426279990
   0.0387622901
   0.0045135015
  -0.0032096877
   0.0113765736
   0.0138535090
   0.0056366065
  -0.0086204675
  -0.0167824498
  -0.0056141785
   0.0209698938
   0.0377668709
   0.0326697120
   0.0213707201
   0.0130872907
   0.0025668953
  -0.0205358766
  -0.0450803164
  -0.0470148804
  -0.0389085387
  -0.0363726519
  -0.0321443780
  -0.0193003986
  -0.0081847590
   0.0007051748
   0.0115989361
   0.0201774396
   0.0270032537
   0.0210166280
  -0.0006309164
  -0.0377056762
  -0.0654267545
  -0.0590778223
  -0.0178307410
   0.0265947884
   0.0383435090
   0.0264576048
   0.0010224006
  -0.0293242334
  -0.0470565275
  -0.0505493721
  -0.0461453698
  -0.0403591406
  -0.0246019235
  -0.0083175686
   0.0002803335
   0.0136764463
   0.0288187306
   0.0431013366
   0.0559536638
   0.0676037457
   0.0676036373
   0.0587987016
   0.0439334782
   0.0312050331
   0.0266800257
   0.0193036259
   0.0109982387
   0.0055713505
   0.0009202651
  -0.0104739972
  -0.0265589372
  -0.0345222911
  -0.0237971686
  -0.0019684679
   0.0053117432
   0.0017047160
  -0.0042411791
  -0.0113551746
  -0.0215763704
  -0.0323575088
  -0.0315308212
  -0.0040232573
   0.0223429724
   0.0139918852
  -0.0102227386
  -0.0216414430
  -0.0058137452
   0.0169897680
   0.0318498544
   0.0327059885
   0.0256396820
   0.0232292285
   0.0217192332
   0.0131352007
   0.0029125438
   0.0081070564
   0.0233255156
   0.0296142954
   0.0246765864
   0.0208448441
   0.0185367320
   0.0130737224
  -0.0116396576
  -0.0427726213
  -0.0474005623
  -0.0381987449
  -0.0379273299
  -0.0551168689
  -0.0606438503
  -0.0327995903
  -0.0042534456
  -0.0007017540
  -0.0108694029
  -0.0256605139
  -0.0399035326
  -0.0461572202
  -0.0413533173
  -0.0329662704
   0.0191321506
   0.0762718396
   0.0784872672
   0.0569659871
   0.0376822841
   0.0347887358
   0.0376975035
   0.0283102590
   0.0068241262
   0.0008590579
   0.0069758320
   0.0155891693
   0.0196983144
   0.0187664916
   0.0158208887
   0.0074471666
  -0.0079190665
  -0.0177299173
  -0.0172411684
  -0.0078022494
   0.0069748021
   0.0185314031
   0.0292145282
   0.0331697358
   0.0233488743
  -0.0043147871
  -0.0303401927
  -0.0393166120
  -0.0447739758
  -0.0448320766
  -0.0377432119
  -0.0359807237
  -0.0324637198
  -0.0256651506
  -0.0194243475
  -0.0167913980
  -0.0192121674
  -0.0234293915
  -0.0241340982
  -0.0154401020
  -0.0008957806
   0.0164398411
   0.0301984808
   0.0337744528
   0.0218188393
   0.0011169422
  -0.0086660174
  -0.0035253592
   0.0032650314
   0.0005725908
  -0.0069688119
  -0.0083768978
  -0.0063076337
  -0.0044421060
  -0.0046486553
  -0.0040945928
  -0.0008228150
   0.0049530252
   0.0141757029
   0.0248752566
   0.0311874870
   0.0300452521
   0.0228354157
   0.0113641395
   0.0038036651
   0.0014156789
   0.0034811077
   0.0069747029
   0.0064378655
  -0.0013529039
  -0.0116144558
  -0.0167724842
  -0.0156393560
  -0.0031068350
   0.0041480710
   0.0014387199
  -0.0071768181
  -0.0226283643
  -0.0311594915
  -0.0280162774
  -0.0182655005
  -0.0160649671
  -0.0190893526
  -0.0207045082
  -0.0201982131
  -0.0197269186
  -0.0183871894
  -0.0192031775
  -0.0180512939
  -0.0024836770
   0.0234493978
   0.0383641325
   0.0357339267
   0.0192256773
  -0.0084523946
  -0.0201400039
  -0.0162901567
  -0.0076631978
   0.0025079873
   0.0165156465
   0.0281899127
   0.0315222066
   0.0340325081
   0.0375228676
   0.0389487431
   0.0376367842
   0.0198619590
  -0.0144757638
  -0.0327693432
  -0.0335605131
  -0.0088230655
   0.0220702230
   0.0255215540
   0.0183375865
   0.0142204355
   0.0090028886
  -0.0084435215
  -0.0193070367
  -0.0199444860
  -0.0247106696
  -0.0265394980
  -0.0246017901
  -0.0115698399
   0.0096916504
   0.0184605013
   0.0169469951
   0.0130348857
   0.0099661344
   0.0043334791
  -0.0068480028
  -0.0097383846
  -0.0038765709
  -0.0032327537
  -0.0104360695
  -0.0130412904
  -0.0118757801
  -0.0108462276
  -0.0077732157
  -0.0056399773
  -0.0016419977
   0.0107870260
   0.0186973995
   0.0169504726
   0.0113304899
   0.0067308622
   0.0150490245
   0.0255587979
   0.0275597187
   0.0286312186
   0.0264231880
   0.0214446992
   0.0027788970
  -0.0182938545
  -0.0201471091
  -0.0080460618
   0.0028576745
   0.0077949624
   0.0088612601
   0.0064306411
   0.0025780985
  -0.0089596320
  -0.0210990799
  -0.0247868670
  -0.0197156270
  -0.0120301096
  -0.0074822230
  -0.0042952244
   0.0041657298
   0.0124095453
   0.0220151078
   0.0301796920
   0.0292466934
   0.0263259586
   0.0210943181
   0.0068003947
  -0.0111624004
  -0.0199136801
  -0.0191340186
  -0.0132094132
  -0.0065684768
  -0.0036484384
  -0.0061944459
  -0.0084069447
  -0.0098337876
  -0.0112037640
  -0.0097016577
  -0.0061340276
  -0.0022782877
  -0.0007165197
  -0.0013198247
  -0.0068150771
  -0.0139956462
  -0.0164660436
  -0.0103010208
  -0.0025781602
  -0.0011620243
  -0.0015328320
   0.0006004117
   0.0034717984
   0.0033668025
   0.0060880515
   0.0093053597
   0.0149449735
   0.0181344797
   0.0165120355
   0.0124769696
   0.0084806986
   0.0063052361
   0.0007810553
  -0.0037025479
   0.0002563041
   0.0058080410
   0.0064987200
   0.0039852921
  -0.0028202931
  -0.0137149077
  -0.0183800008
  -0.0150762778
  -0.0113875650
  -0.0092277280
  -0.0039158063
   0.0050273612
   0.0086369962
   0.0126212167
   0.0152772163
   0.0144733204
   0.0101398530
   0.0056253083
   0.0005624847
  -0.0053833081
  -0.0010294149
   0.0059519203
   0.0062343326
  -0.0002884480
  -0.0124637849
  -0.0253400213
  -0.0340550996
  -0.0339625570
  -0.0232268851
  -0.0090851905
  -0.0081800289
  -0.0130679182
  -0.0118370769
  -0.0093258664
  -0.0109786494
  -0.0146670953
  -0.0146384077
  -0.0124292597
  -0.0117637066
  -0.0149184457
  -0.0049632811
   0.0151987423
   0.0183254276
   0.0021679171
  -0.0172153996
  -0.0242086360
  -0.0185838915
  -0.0124597653
  -0.0013489676
   0.0096967958
   0.0108574191
   0.0082661802
  -0.0013652862
  -0.0045419122
  -0.0001198546
   0.0054205394
   0.0144996730
   0.0213109598
   0.0219520033
   0.0190604815
   0.0191909019
   0.0189412694
   0.0183887656
   0.0121593541
   0.0042995084
   0.0050175207
   0.0043950549
   0.0000687851
  -0.0014920522
   0.0018564736
   0.0031930663
   0.0003165439
  -0.0046749195
  -0.0072785817
  -0.0062436694
  -0.0039620351
  -0.0005207009
   0.0034108364
   0.0092510283
   0.0145413618
   0.0121191163
   0.0062224030
  -0.0056697808
  -0.0205983556
  -0.0240068886
  -0.0133578134
   0.0013665480
   0.0028312686
  -0.0011365274
  -0.0023016957
   0.0062610921
   0.0186371388
   0.0213115519
   0.0185829241
   0.0133603402
   0.0093034250
   0.0105873384
   0.0129601060
   0.0108832380
   0.0059192281
   0.0040905865
   0.0094839820
   0.0127824011
   0.0101836016
   0.0089131814
   0.0066756493
   0.0022861752
   0.0002144622
   0.0009679934
  -0.0002221552
  -0.0028659222
  -0.0068315091
  -0.0080771912
  -0.0024946967
   0.0045887973
   0.0085176590
   0.0065351316
  -0.0012944645
  -0.0090593716
  -0.0137952331
  -0.0167501679
  -0.0205805759
  -0.0213316499
  -0.0177194680
  -0.0089379245
  -0.0007581692
   0.0003529468
  -0.0063482792
  -0.0163233809
  -0.0193314296
  -0.0159470059
  -0.0066693205
  -0.0012967111
  -0.0001331670
   0.0012002031
   0.0002448671
  -0.0058058944
  -0.0078207680
  -0.0043566685
  -0.0032316804
  -0.0030219638
  -0.0075245514
  -0.0086277478
  -0.0004007903
   0.0123425463
   0.0170595107
   0.0120669782
   0.0050751386
   0.0029943695
   0.0042588578
   0.0017652636
   0.0014242268
   0.0032630784
   0.0051107580
   0.0069108045
   0.0074535737
   0.0051541289
   0.0018497795
   0.0005621726
  -0.0005403276
  -0.0036691585
  -0.0103175829
  -0.0164833562
  -0.0156940376
  -0.0102376912
  -0.0060288065
  -0.0062753501
  -0.0045124424
  -0.0031872613
   0.0006723328
   0.0079320710
   0.0088061699
   0.0051103302
  -0.0023507457
  -0.0032426076
   0.0029540658
   0.0115000388
   0.0184791900
   0.0192911084
   0.0154725507
   0.0104485536
   0.0040866820
   0.0003511967
  -0.0039172081
  -0.0095942375
  -0.0139360777
  -0.0187393134
  -0.0164195179
  -0.0082187755
   0.0021868659
   0.0077319339
   0.0058908924
  -0.0007907700
  -0.0055086071
  -0.0066932563
  -0.0021242935
   0.0038552620
   0.0031028896
  -0.0000860504
   0.0006865958
   0.0053069598
   0.0058904012
   0.0038732952
   0.0068752986
   0.0149390775
   0.0181942817
   0.0162988880
   0.0131047034
   0.0133376903
   0.0149065704
   0.0140784318
   0.0086924951
   0.0015774513
  -0.0018441663
  -0.0008851428
   0.0009986016
   0.0009720638
   0.0000164946
  -0.0002417825
   0.0043661446
   0.0091997075
   0.0093581650
   0.0052812676
  -0.0066881560
  -0.0184783227
  -0.0215606256
  -0.0169505644
  -0.0060284379
   0.0014112924
   0.0015298048
  -0.0026865345
  -0.0070840978
  -0.0095484958
  -0.0139328503
  -0.0176422866
  -0.0178280641
  -0.0150357064
  -0.0088880881
  -0.0057685555
  -0.0077872801
  -0.0097460652
  -0.0063885820
  -0.0021940120
  -0.0055296850
  -0.0114393778
  -0.0119636277
  -0.0055431974
   0.0025574142
   0.0034970727
   0.0018192897
   0.0021612672
   0.0025980281
   0.0054954800
   0.0070979171
   0.0065629186
   0.0069224914
   0.0036427233
  -0.0040133459
  -0.0069238799
  -0.0004659752
   0.0052437269
   0.0052525833
   0.0059290761
   0.0087643143
   0.0097287275
   0.0068067318
   0.0005210236
   0.0034124359
   0.0115735759
   0.0139612461
   0.0131459002
   0.0119251245
   0.0064629330
  -0.0036117691
  -0.0074165909
  -0.0033172004
   0.0060938874
   0.0163175433
   0.0194685548
   0.0172850755
   0.0099115528
   0.0007982947
  -0.0018922706
  -0.0014962661
  -0.0012606322
  -0.0002857876
  -0.0042066263
  -0.0092824930
  -0.0097453980
  -0.0105381858
  -0.0069664285
  -0.0053317904
  -0.0049177961
  -0.0060998201
  -0.0092014254
  -0.0094555862
  -0.0099140380
  -0.0087812600
  -0.0066314353
  -0.0036185123
  -0.0044990734
  -0.0058839923
  -0.0043481064
   0.0017043282
   0.0086059152
   0.0091638063
   0.0041459537
   0.0015206598
   0.0070157888
   0.0125266058
   0.0112006200
   0.0029843029
  -0.0052822942
  -0.0096434485
  -0.0123563814
  -0.0152340764
  -0.0138365716
  -0.0082835654
  -0.0043437657
  -0.0060074643
  -0.0119739936
  -0.0136193629
  -0.0048481369
   0.0044350900
   0.0084501680
   0.0100123098
   0.0108155802
   0.0133263821
   0.0088200217
  -0.0009716360
  -0.0045158657
   0.0000321812
   0.0064277765
   0.0093304614
   0.0151935885
   0.0196169049
   0.0184912738
   0.0138568114
   0.0016589576
  -0.0057846639
  -0.0054044694
  -0.0028436109
  -0.0020977424
  -0.0013743020
   0.0007579608
   0.0003850928
  -0.0041929555
  -0.0094460042
  -0.0095455520
  -0.0023464359
   0.0051673761
   0.0071113353
   0.0004691634
  -0.0092606187
  -0.0099461781
  -0.0066894094
  -0.0053123712
  -0.0072567932
  -0.0116897275
  -0.0107287334
  -0.0053943436
  -0.0038560451
  -0.0035273982
  -0.0046533412
  -0.0066348170
  -0.0054809161
  -0.0007152791
   0.0048096654
   0.0052937634
   0.0048961461
   0.0075583528
   0.0107495903
   0.0119633441
   0.0119177441
   0.0109493197
   0.0093228892
   0.0077476153
   0.0008368550
  -0.0054853385
  -0.0024855767
   0.0034573103
   0.0055475281
   0.0067361419
   0.0030371082
  -0.0055842691
  -0.0081911637
  -0.0023540965
   0.0065857811
   0.0090535090
   0.0067814667
   0.0072245855
   0.0083366333
   0.0065959285
   0.0031730826
  -0.0020247624
  -0.0050745557
  -0.0089981352
  -0.0120156240
  -0.0110703581
  -0.0059814361
   0.0003533347
   0.0020944542
   0.0009848265
  -0.0000541359
  -0.0009103254
  -0.0039226938
  -0.0075450423
  -0.0089297852
  -0.0084611760
  -0.0079147391
  -0.0071537704
  -0.0072044283
  -0.0060508101
  -0.0054155316
  -0.0066871335
  -0.0062746596
  -0.0035750572
  -0.0001901625
   0.0032347660
   0.0042951477
   0.0065047828
   0.0086803946
   0.0078160562
   0.0031489858
  -0.0013041774
  -0.0014619360
  -0.0008589703
  -0.0002853935
  -0.0010967975
  -0.0004251519
   0.0015422439
   0.0030668749
   0.0024588647
  -0.0021775566
  -0.0041912001
  -0.0019591011
   0.0029487928
   0.0064643741
   0.0074634301
   0.0057864711
   0.0041105303
   0.0027385041
   0.0026619173
   0.0021627474
   0.0004644221
   0.0005096589
  -0.0015608250
  -0.0019815133
  -0.0008901098
   0.0012660354
  -0.0008421180
  -0.0065620780
  -0.0116013546
  -0.0103778436
  -0.0046572549
  -0.0004887215
   0.0033858923
   0.0069177146
   0.0070772662
   0.0037889310
   0.0025224328
   0.0059292054
   0.0125334942
   0.0137639769
   0.0094092440
   0.0057811664
   0.0047373926
   0.0052975279
   0.0049382311
   0.0026967136
   0.0005949799
  -0.0010274351
  -0.0036994098
  -0.0051216576
  -0.0058825813
  -0.0073797456
  -0.0075448038
  -0.0075964840
  -0.0067972640
  -0.0063865964
  -0.0060149372
  -0.0040735883
  -0.0022211551
  -0.0002049623
   0.0021657546
   0.0034548343
   0.0001420342
  -0.0040238336
  -0.0050236260
  -0.0061708887
  -0.0089160752
  -0.0095619473
  -0.0051244272
  -0.0021964304
  -0.0016273753
  -0.0014639967
  -0.0022270203
  -0.0012299773
   0.0036622084
   0.0073680412
   0.0075730752
   0.0057562048
   0.0042889348
   0.0055076473
   0.0076031556
   0.0087255693
   0.0049130493
   0.0010865767
  -0.0020816165
  -0.0036788122
  -0.0036984499
  -0.0039968705
  -0.0038124032
  -0.0048761882
  -0.0064791415
  -0.0074606331
  -0.0069958000
  -0.0067168277
  -0.0058548535
  -0.0046620659
  -0.0050484049
  -0.0046888755
  -0.0035699935
  -0.0034297835
  -0.0015841003
  -0.0004487563
  -0.0000277815
  -0.0017894604
  -0.0018545447
   0.0005766958
   0.0059584509
   0.0098223459
   0.0106873282
   0.0122154534
   0.0124000550
   0.0126633975
   0.0104182148
   0.0092817758
   0.0098094782
   0.0069594259
   0.0048602232
   0.0053220858
   0.0072280597
   0.0094410172
   0.0108374045
   0.0144379695
   0.0176627432
   0.0148766986
   0.0075464383
   0.0011727005
  -0.0025104741
  -0.0034153263
  -0.0045968632
  -0.0049766633
  -0.0062030956
  -0.0078076175
  -0.0088512195
  -0.0098105540
  -0.0052105876
   0.0026908943
   0.0068571111
   0.0046936256
   0.0012132092
   0.0011164002
   0.0025216956
   0.0051964873
   0.0055900642
   0.0043967728
   0.0009232982
  -0.0038816513
  -0.0046214604
  -0.0001315188
   0.0029718121
   0.0019729112
   0.0015626397
   0.0018946990
  -0.0009730512
  -0.0052615432
  -0.0077399289
  -0.0089666622
  -0.0097774464
  -0.0114378767
  -0.0126587191
  -0.0110317299
  -0.0073920087
  -0.0028844216
  -0.0021461003
  -0.0041186187
  -0.0057683728
  -0.0079933082
  -0.0088699915
  -0.0097595334
  -0.0077799048
  -0.0068236600
  -0.0074279917
  -0.0082586614
  -0.0095331929
  -0.0097940753
  -0.0093932656
  -0.0088713258
  -0.0091905008
  -0.0093128152
  -0.0091118016
  -0.0082672476
  -0.0049111855
  -0.0023249827
  -0.0003713632
  -0.0003252299
   0.0008165873
   0.0013270108
   0.0002720860
   0.0010270482
   0.0019219931
   0.0035729590
   0.0050792116
   0.0082210013
   0.0090399657
   0.0081093180
   0.0061581836
   0.0044689089
   0.0036849509
   0.0016867937
   0.0016362334
   0.0024532089
   0.0006109264
  -0.0024211180
  -0.0031863640
  -0.0004071579
   0.0027735897
   0.0047513962
   0.0053493374
   0.0062328357
   0.0059258087
   0.0041883396
   0.0032501297
   0.0036870099
   0.0057548271
   0.0057901596
   0.0046964911
   0.0031358962
   0.0056306630
   0.0100009014
   0.0107503075
   0.0095994580
   0.0067067062
   0.0067072149
   0.0079355043
   0.0075686620
   0.0040027323
   0.0016189541
   0.0018779068
  -0.0001907936
  -0.0036136287
  -0.0069574136
  -0.0075040848
  -0.0059594567
  -0.0050195030
  -0.0047719579
  -0.0044782365
  -0.0033974532
  -0.0009722706
   0.0004867403
   0.0001315968
  -0.0015986635
  -0.0040423529
  -0.0056081474
  -0.0055004111
  -0.0044471897
  -0.0038526493
  -0.0029079196
  -0.0025759770
  -0.0020283892
  -0.0002408455
   0.0010833477
   0.0046401691
   0.0082388477
   0.0100947450
   0.0106959094
   0.0105728778
   0.0089122224
   0.0041636616
   0.0009065168
   0.0007889084
   0.0023855069
   0.0036283962
   0.0045292280
   0.0044338049
   0.0052656054
   0.0054477176
   0.0044089909
   0.0044117738
   0.0030521784
   0.0029327302
   0.0018784955
   0.0008016594
   0.0004286606
  -0.0018396796
  -0.0044965866
  -0.0077801624
  -0.0066761897
  -0.0059279320
  -0.0050305736
  -0.0049410898
  -0.0050264072
  -0.0031047560
  -0.0038689879
  -0.0045496596
  -0.0049319181
  -0.0015820739
   0.0021331692
   0.0045672116
   0.0025471184
  -0.0016646667
  -0.0046936048
  -0.0053980997
  -0.0041945609
  -0.0026731230
   0.0004282694
   0.0031887290
   0.0040871840
   0.0029177434
   0.0003674644
  -0.0007360225
  -0.0006568153
  -0.0023456995
  -0.0022482725
  -0.0027813496
  -0.0030633741
  -0.0027964665
  -0.0045729649
  -0.0069283482
  -0.0088424214
  -0.0071285178
  -0.0039700626
  -0.0019139206
  -0.0000482701
  -0.0002341533
  -0.0005270190
  -0.0011617725
  -0.0025317346
  -0.0019771209
  -0.0003749499
  -0.0015438676
  -0.0023268491
  -0.0023199815
   0.0003032112
   0.0013216452
  -0.0002594543
  -0.0033884141
  -0.0045352198
  -0.0024796182
  -0.0009885425
   0.0003702920
   0.0000981604
   0.0020748899
   0.0025716271
   0.0005327471
  -0.0020794657
  -0.0021980791
   0.0006013903
   0.0016446821
   0.0007053195
   0.0013471613
   0.0015332482
   0.0019087885
   0.0035906795
   0.0056535848
   0.0071011345
   0.0049441487
   0.0013164239
   0.0008758093
   0.0024658715
   0.0036716503
   0.0041324605
   0.0040330503
   0.0040168518
   0.0030364060
   0.0018989680
   0.0020103961
   0.0028824251
   0.0028357043
   0.0023951798
   0.0012170521
  -0.0006525970
  -0.0021149934
  -0.0031456625
  -0.0022631758
  -0.0017899366
  -0.0024601415
  -0.0022065211
  -0.0019405158
  -0.0015325326
  -0.0004320635
  -0.0000549360
   0.0005495237
   0.0021768903
   0.0030764403
   0.0027290072
   0.0020007340
   0.0005744458
  -0.0002383791
  -0.0010696276
  -0.0023147502
  -0.0025555962
  -0.0021876598
  -0.0010499499
  -0.0004815165
  -0.0006021856
  -0.0017570751
  -0.0029730647
  -0.0032772045
  -0.0020140354
  -0.0002813933
   0.0009245674
   0.0006139277
   0.0005861520
   0.0009810487
   0.0012047014
   0.0008502965
   0.0004412364
   0.0010963688
   0.0007303051
   0.0000607128
  -0.0019062900
  -0.0025008863
  -0.0014697809
  -0.0001901722
   0.0006336253
   0.0008588527
   0.0012767323
   0.0011411524
   0.0004977939
  -0.0000701454
  -0.0002409495
  -0.0000668129
   0.0000020104
  -0.0002073359
   0.0005782399
   0.0010152837
   0.0007677773
   0.0005955275
   0.0003243957
   0.0002688740
   0.0001928447
   0.0002723178
   0.0002539390
  -0.0000218194
   0.0000798756
   0.0001371622
  -0.0000782810
  -0.0003815702
  -0.0004822324
  -0.0002868940
  -0.0000288368
   0.0001628808
   0.0002424328
   0.0001687707
   0.0002789635
   0.0003838346
   0.0003514013
   0.0002447195
   0.0000500428
  -0.0000992046
  -0.0002886551
  -0.0004113692
  -0.0004398306
  -0.0004922889
  -0.0003170327
  -0.0001353432
  -0.0000860330
   0.0000015369
  -0.0000600240
  -0.0001366778
  -0.0001847560
  -0.0001870222
  -0.0001738449
  -0.0000980327
   0.0000035151
   0.0000920141
   0.0001152596
   0.0000878801
   0.0000732970
   0.0000625540
   0.0000468505
   0.0000359820
   0.0000274830
   0.0000113300
  -0.0000001215
  -0.0000033445
  -0.0000110798
  -0.0000125033
  -0.0000044774
  -0.0000007097
   0.0000016537
  -0.0000007222
   0.0000029146
   0.0000070592
   0.0000083584
   0.0000101076
   0.0000107107
   0.0000136457
   0.0000154310
   0.0000132848
   0.0000091335
   0.0000045667
   0.0000009359
  -0.0000011813
  -0.0000020048
  -0.0000029448
  -0.0000040411
  -0.0000049471
  -0.0000061834
  -0.0000073601
  -0.0000083819
  -0.0000090233
  -0.0000093940
  -0.0000096862
  -0.0000097791
  -0.0000097719
  -0.0000096135
  -0.0000093344
  -0.0000089909
  -0.0000086079
  -0.0000081940
  -0.0000077553
  -0.0000073084
  -0.0000068660
  -0.0000064398
  -0.0000060375
  -0.0000056645
  -0.0000053239
  -0.0000050166
  -0.0000047418
  -0.0000044973
  -0.0000042792
  -0.0000040826
