   0.0121657777
   0.0074307787
   0.0004084004
  -0.0009245551
   0.0024236350
   0.0048481803
   0.0050796656
   0.0042762620
  -0.0008044717
  -0.0062165231
  -0.0058762586
  -0.0017930308
  -0.0001422005
  -0.0027155477
  -0.0034150008
  -0.0031061791
   0.0007038486
   0.0066658893
  -0.0009005062
  -0.0053623024
   0.0001499430
   0.0032926526
   0.0052142623
   0.0065483652
   0.0028192540
   0.0036334434
  -0.0010289751
  -0.0047678119
  -0.0031387692
  -0.0034706966
  -0.0011597783
  -0.0014191568
   0.0022264667
   0.0020590039
   0.0006777212
  -0.0005270577
  -0.0020195527
  -0.0072671405
  -0.0051956584
   0.0034672332
   0.0017934061
   0.0003298982
   0.0041206197
  -0.0002637403
   0.0012540908
  -0.0022863868
  -0.0034428404
   0.0021420064
  -0.0012630979
   0.0090657194
   0.0147400935
   0.0010345904
  -0.0058668902
  -0.0041822371
  -0.0024226157
   0.0039359975
  -0.0003805623
  -0.0128070436
  -0.0149597096
  -0.0065773734
  -0.0010843821
  -0.0011551152
   0.0037334209
  -0.0028270578
  -0.0087855384
   0.0001941336
   0.0063060844
   0.0059839497
  -0.0001485539
  -0.0060175118
  -0.0091179684
  -0.0015552567
   0.0121636063
   0.0091116414
  -0.0042384164
  -0.0061323240
  -0.0061208506
  -0.0018924526
  -0.0001690334
  -0.0004428327
  -0.0011977941
  -0.0043223429
  -0.0061823424
  -0.0025898879
   0.0082564464
   0.0147481391
   0.0106710069
  -0.0018376028
  -0.0084754959
  -0.0012295053
   0.0007889373
  -0.0007832947
   0.0022748115
   0.0049171036
   0.0057096383
   0.0045122514
   0.0031358937
  -0.0034729178
  -0.0023539699
  -0.0011165081
   0.0028507868
   0.0094319531
   0.0023565526
  -0.0029465660
  -0.0000697723
   0.0040426669
  -0.0019446103
  -0.0137858693
  -0.0167122170
  -0.0096886444
  -0.0023047611
   0.0020615868
   0.0021118814
  -0.0031428489
   0.0001280637
   0.0079569171
   0.0043126451
  -0.0057755463
  -0.0083270504
  -0.0015646046
   0.0054203806
   0.0096610039
   0.0098612835
   0.0032260073
  -0.0036728892
  -0.0069908592
  -0.0033088387
  -0.0003110486
   0.0022418247
   0.0038565489
   0.0010875525
  -0.0106278750
  -0.0120259658
   0.0001116842
   0.0044176030
   0.0074396303
   0.0065470021
  -0.0032872431
  -0.0091246604
  -0.0006865154
  -0.0025898594
  -0.0018141907
   0.0054174932
   0.0000830906
  -0.0080078197
  -0.0043547482
  -0.0022709001
  -0.0079994683
  -0.0052338216
   0.0023436161
   0.0077690781
   0.0055950014
  -0.0032647609
  -0.0023657507
   0.0053156644
   0.0043384389
   0.0035885075
  -0.0057717558
  -0.0088841433
  -0.0060507633
   0.0056903919
   0.0122596581
  -0.0016269559
  -0.0071814338
  -0.0090436757
   0.0002118278
   0.0055987137
  -0.0035221396
  -0.0056116734
  -0.0057329383
  -0.0069012007
  -0.0052815500
  -0.0013793960
   0.0047957250
   0.0101438279
   0.0158064204
   0.0173753748
   0.0165843857
  -0.0005228267
  -0.0144603725
  -0.0024702184
   0.0020389416
   0.0074524146
   0.0037067618
   0.0037402670
  -0.0005566958
  -0.0109470275
  -0.0024628318
  -0.0010220455
   0.0018743495
  -0.0009959896
  -0.0063521297
  -0.0024668688
   0.0106357310
   0.0087132370
  -0.0074389689
  -0.0036649550
   0.0056027958
   0.0054913094
   0.0020309787
  -0.0056898206
  -0.0054894675
  -0.0014372829
  -0.0059132105
  -0.0036987233
   0.0016108704
   0.0019732964
   0.0010397376
  -0.0028461690
  -0.0021403887
  -0.0032891751
  -0.0087322985
   0.0049553214
   0.0152435008
   0.0268929162
   0.0305899351
   0.0206205645
   0.0219356059
   0.0286766744
   0.0200154849
   0.0053769831
  -0.0016692648
   0.0035459256
   0.0082849141
   0.0145157458
   0.0154102681
  -0.0135327101
  -0.0240487692
  -0.0116257645
   0.0149351792
   0.0316044539
   0.0271602891
   0.0121133201
  -0.0014371489
   0.0017470341
   0.0053012682
  -0.0068103404
  -0.0182547920
  -0.0147926222
  -0.0026837446
   0.0044032020
  -0.0129481024
  -0.0161788034
  -0.0122788025
  -0.0225601263
  -0.0206308692
  -0.0115855318
  -0.0058042654
  -0.0160418669
  -0.0449752326
  -0.0470311048
  -0.0362642428
  -0.0172307459
   0.0125946055
   0.0563107391
   0.0985123956
   0.0946924170
   0.0604825292
   0.0125517652
  -0.0267645279
  -0.0478563837
  -0.0427984156
  -0.0191172077
  -0.0032918775
  -0.0128911408
  -0.0168785623
  -0.0160880023
  -0.0122678127
  -0.0283593306
  -0.0246941006
   0.0327489256
   0.0414586827
   0.0198544021
   0.0081319742
  -0.0002776741
  -0.0072729697
  -0.0161300083
  -0.0073796368
  -0.0049569002
   0.0004253287
   0.0076018130
   0.0058874309
  -0.0089175892
  -0.0285805254
  -0.0457820213
  -0.0291662141
  -0.0044693257
  -0.0028710881
  -0.0038407114
  -0.0057171576
   0.0228581550
   0.0163927136
  -0.0108188834
  -0.0115081337
  -0.0177657881
  -0.0216999697
  -0.0123716280
  -0.0051346787
  -0.0015029674
   0.0120327573
  -0.0094915959
  -0.0278174494
  -0.0277279380
  -0.0502804477
  -0.0322067126
   0.0246394123
   0.0283223502
  -0.0327065167
  -0.0630739769
  -0.0288046834
  -0.0048258000
  -0.0202352574
  -0.0475291784
  -0.0613602680
   0.0215263468
   0.0756480654
   0.0576346842
   0.0428490977
   0.0268181020
   0.0275387691
   0.0214310489
   0.0177120504
   0.0387747130
   0.0615132862
   0.0353392829
  -0.0020351075
   0.0011587637
   0.0302490755
   0.0582103454
   0.0825157016
   0.0479976203
  -0.0035846649
   0.0020562337
   0.0238080649
   0.0279770577
  -0.0139162370
  -0.0743892152
  -0.0796389361
  -0.0319886469
  -0.0289877600
  -0.0412834052
   0.0305101902
   0.0765822941
   0.0541419108
   0.0160908446
  -0.0040509164
   0.0127875483
   0.0275491994
   0.0402774677
   0.0362541918
   0.0361237648
   0.0373549271
  -0.0095286805
  -0.0504212102
  -0.0919299824
  -0.1197731996
  -0.1198099903
  -0.0386131609
   0.0258036780
   0.0428870974
   0.0126343973
  -0.0604409974
  -0.0465986951
  -0.0094130363
  -0.0019460774
  -0.0215772612
  -0.0210454170
  -0.0043277003
   0.0164596789
  -0.0091145738
  -0.0568569820
  -0.0613017158
   0.0007788168
   0.0370342408
  -0.0024407076
  -0.0219029778
  -0.0036476690
   0.0295969881
   0.0256488819
   0.0204359542
   0.0219573745
  -0.0420697124
  -0.0503012610
   0.0077706379
   0.0396251669
   0.0453510813
   0.0041014918
  -0.0905274066
  -0.1153916643
  -0.0500540614
   0.0140215576
   0.0432477747
   0.0726550012
   0.1028821493
   0.0726921950
   0.0335820036
   0.0228173154
   0.0402700716
   0.0370474210
   0.0038321727
  -0.0124237893
   0.0288843098
   0.0779498097
   0.0356435650
  -0.0210329906
  -0.0362856488
  -0.0248705397
  -0.0116999007
  -0.0250927301
  -0.0162527997
   0.0055403748
   0.0023996072
   0.0108020763
   0.0394282227
   0.0651972197
  -0.0108709238
  -0.0793233938
  -0.0546410985
  -0.0237348390
  -0.0163235247
  -0.0405439872
  -0.0426815244
  -0.0078921374
   0.0151948431
   0.0151952912
  -0.0254646674
  -0.0361642062
  -0.0301191701
  -0.0439692003
  -0.0293599581
  -0.0039957374
   0.0212021308
   0.0308670272
   0.0115698530
  -0.0532675618
   0.0022625337
   0.0709693122
   0.0035600492
  -0.0414964928
   0.0060133752
   0.0825877185
   0.0965135585
   0.0606319204
   0.0326854901
   0.0156272837
  -0.0279173676
  -0.0711068744
  -0.0700196512
  -0.0369762100
   0.0284853009
   0.0683528553
   0.0439829731
   0.0250965704
   0.0080429273
   0.0212763452
   0.0297733561
   0.0428086563
   0.0613207038
   0.0883779693
   0.0696011802
  -0.0430070229
  -0.0701758222
  -0.0528754512
  -0.0463422978
  -0.0308794725
  -0.0133610192
  -0.0351948460
  -0.0517119915
  -0.0245007596
   0.0241389207
   0.0492544318
   0.0514335008
   0.0664079243
   0.0917457917
   0.1230006150
   0.1282701061
   0.1166791269
   0.0926498909
   0.0760583343
   0.0697552889
   0.0357959195
  -0.0359713392
  -0.1018966932
  -0.1052416162
  -0.0472715721
  -0.0008031160
   0.0136106960
   0.0045776119
  -0.0240750111
  -0.0045964387
   0.0704542892
   0.1179364599
   0.1229499566
   0.0850300120
   0.0226886687
  -0.0056911552
   0.0155166815
   0.0660885181
   0.0290833401
  -0.0502662008
  -0.1480619118
  -0.2368136675
  -0.2398732489
  -0.1993883592
  -0.1296788454
  -0.1043158265
  -0.1516368244
  -0.2084034178
  -0.2232698396
  -0.2015595580
  -0.1502274451
  -0.0715329311
  -0.0176629755
   0.0155873852
   0.0109667836
   0.0314956463
   0.1257472144
   0.1913639244
   0.1300188041
   0.0798128861
   0.1297363546
   0.1664726899
   0.0981374951
   0.0108690084
  -0.0342326686
  -0.0902759637
  -0.0864944826
  -0.0625980204
  -0.0515502734
  -0.0434329136
  -0.0175173226
   0.0013043353
   0.0031227183
   0.0242583247
   0.0086603480
   0.0098040042
   0.1134831210
   0.1682624693
   0.1602743038
   0.1525643208
   0.0612517685
  -0.0792096317
  -0.0933815098
  -0.0922092317
  -0.1748351870
  -0.1833535232
  -0.1368396697
  -0.1068424400
  -0.0879050945
  -0.0635124551
  -0.0561377847
  -0.0286576390
   0.0002756669
  -0.0068302695
   0.0163891886
   0.0458911845
   0.0196399372
  -0.0239289860
  -0.0096127161
   0.0367711822
   0.0650687129
   0.0700064236
   0.0672984877
   0.0809627152
   0.0903374317
   0.0876805098
   0.0525265792
   0.0043756848
  -0.0259236035
  -0.0402331861
  -0.0121561817
   0.0122484146
   0.0255858967
   0.0458268481
   0.0555859947
   0.0528785329
   0.0491478050
   0.0616678452
   0.0713883046
   0.0503596711
   0.0468996585
   0.0715991402
   0.0677430346
   0.0371272844
  -0.0116086042
  -0.0478345747
  -0.0153280839
   0.0824491132
   0.1102661360
   0.0876030643
   0.0344818832
  -0.0858597475
  -0.1628404104
  -0.1495202427
  -0.0756208042
  -0.0497630068
  -0.0218431288
   0.0091118785
   0.0137253921
   0.0215380739
   0.0436622631
   0.0764064240
   0.0852806252
   0.0675285484
   0.0550275435
   0.1091943686
   0.1733383349
   0.1640961077
   0.1182282967
   0.0918600516
   0.0829555785
   0.0123687241
  -0.0905483147
  -0.1436712500
  -0.1635758459
  -0.1647928324
  -0.1498717460
  -0.1454925102
  -0.1506910985
  -0.1594709050
  -0.1615483253
  -0.1515744081
  -0.1000487883
  -0.0126783945
   0.0505753900
   0.1058841740
   0.1148749109
   0.0768171670
   0.0165283344
  -0.0056639082
   0.0138246892
   0.0186608271
   0.0285598306
   0.0739689901
   0.1005914280
   0.0497063273
   0.0153133416
   0.0269749368
   0.0521145798
   0.0580127138
   0.0273898756
   0.0107540540
  -0.0041399040
  -0.0825298063
  -0.1583686051
  -0.1867653665
  -0.1762862877
  -0.1453853382
  -0.1244291245
  -0.1115509435
  -0.0383601060
   0.0216153107
   0.0198479329
   0.0389040732
   0.0457808834
   0.0543433353
   0.0321348854
  -0.0026909297
   0.0000606677
   0.0148440534
   0.0250914975
   0.0404553528
   0.0152248328
  -0.0684000527
  -0.1148638642
  -0.0974937046
  -0.0218560720
   0.0500372069
   0.0925088439
   0.0977904248
   0.0383989828
  -0.0243762115
   0.0145688601
   0.1331235442
   0.1740937778
   0.1463606483
   0.1118302402
   0.0894327399
   0.0973830479
   0.1144081995
   0.1269654098
   0.0496253023
  -0.0519622017
  -0.0761762685
  -0.0795785111
  -0.0548745964
  -0.0382243216
  -0.0494605737
  -0.0833335607
  -0.0974568902
  -0.0899082934
  -0.0734205426
  -0.0420357189
  -0.0224525869
  -0.0037231564
   0.0090028171
   0.0063649733
  -0.0005406648
   0.0120058186
   0.0570813770
   0.0816146367
   0.0276707132
  -0.0025635773
   0.0146787772
   0.0105661438
  -0.0153180305
  -0.0344294707
  -0.0438234122
  -0.0365092616
  -0.0131252645
  -0.0041015748
   0.0297425154
   0.0577861615
   0.0704032041
   0.0615517126
   0.0090485330
  -0.0181195291
  -0.0296580294
  -0.0544056568
  -0.0711166411
  -0.0582436752
  -0.0374369476
  -0.0433124429
  -0.0534920043
  -0.0599431134
  -0.0741146596
  -0.0868793156
  -0.0700411757
  -0.0322899185
  -0.0186716012
  -0.0290882234
  -0.0290060606
  -0.0218904377
   0.0125796948
   0.0731444461
   0.0921216166
   0.0717363232
   0.0418551551
   0.0164957253
   0.0246827694
   0.0325485915
   0.0102116323
   0.0000295841
  -0.0073307563
  -0.0118356069
   0.0056943601
   0.0301300982
   0.0372947865
   0.0315812227
   0.0248182219
   0.0302802007
   0.0519718261
   0.0570643092
   0.0487681634
   0.0537370230
   0.0708804881
   0.0576596696
   0.0289609729
   0.0143155919
   0.0070809419
  -0.0023440174
  -0.0208922423
  -0.0317439600
  -0.0371651655
  -0.0611727822
  -0.0937720084
  -0.0932019890
  -0.0718474777
  -0.0507655545
  -0.0207656296
   0.0074564564
   0.0355725675
   0.0749535928
   0.0948149263
   0.0888910484
   0.1068325075
   0.1278013324
   0.1138233643
   0.0237047331
  -0.0587260321
  -0.0994443249
  -0.1319057992
  -0.1240890235
  -0.0955626175
  -0.0863913879
  -0.0886133399
  -0.0732257555
  -0.0578428648
  -0.0432095853
  -0.0325802145
  -0.0301237215
  -0.0211967995
   0.0072743493
   0.0322761220
   0.0303975186
   0.0135952188
   0.0191586921
   0.0460269926
   0.0548890804
   0.0378985387
  -0.0096937624
  -0.0595183131
  -0.0757429106
  -0.0720921646
  -0.0743964691
  -0.0772835939
  -0.0939432798
  -0.1174824546
  -0.1306848540
  -0.1291229544
  -0.1040736287
  -0.0690231958
  -0.0341518570
  -0.0203886691
  -0.0132414967
  -0.0097354222
  -0.0000254655
   0.0419476298
   0.0977462854
   0.1328821050
   0.1412483713
   0.1382262443
   0.1224227254
   0.0966501489
   0.0832594340
   0.0746998741
   0.0346973414
   0.0157377175
   0.0375930949
   0.0595020749
   0.0785844025
   0.0898986453
   0.0898019511
   0.0903502326
   0.1098170377
   0.1359599396
   0.1421937415
   0.1228283481
   0.0942025691
   0.0564606756
   0.0375715230
   0.0494987393
   0.0713789173
   0.0751437098
   0.0535689282
   0.0097241029
  -0.0392995736
  -0.0780649704
  -0.1101537251
  -0.1269635134
  -0.1376511757
  -0.1415809339
  -0.1373281900
  -0.1218754158
  -0.0954936586
  -0.0750309197
  -0.0525371992
  -0.0161592441
   0.0407709899
   0.0941695001
   0.1046639637
   0.0783184282
   0.0247418432
  -0.0120380721
  -0.0317591552
  -0.0435904595
  -0.0361339107
  -0.0125784598
  -0.0013833512
  -0.0084510817
  -0.0053079886
  -0.0001433856
   0.0060270508
   0.0094895169
   0.0045084562
   0.0042641154
  -0.0062130361
  -0.0033771504
   0.0248907841
   0.0511789525
   0.0673406596
   0.0732476593
   0.0636124918
   0.0454271755
   0.0114119302
  -0.0392347394
  -0.0771144323
  -0.1024820263
  -0.1038074885
  -0.0980336893
  -0.1016633849
  -0.0868830848
  -0.0637604134
  -0.0567895639
  -0.0568548959
  -0.0655745856
  -0.0682612577
  -0.0633210817
  -0.0714263043
  -0.0823749391
  -0.0785719572
  -0.0623596629
  -0.0441336445
  -0.0246354535
   0.0104073961
   0.0447593241
   0.0615952594
   0.0796720288
   0.1059477993
   0.1094275584
   0.0859856941
   0.0579568876
   0.0475014668
   0.0414901635
   0.0338564881
   0.0360347985
   0.0522324667
   0.0643221833
   0.0635412335
   0.0553615048
   0.0317648208
   0.0170416387
  -0.0025533200
  -0.0337306125
  -0.0663974465
  -0.0733400628
  -0.0550174687
  -0.0260653853
   0.0086925588
   0.0194501876
   0.0138501985
   0.0039462240
  -0.0077543500
  -0.0163672753
  -0.0212855879
  -0.0235103870
  -0.0231890014
  -0.0336951019
  -0.0420518386
  -0.0416871077
  -0.0288434417
  -0.0049808094
   0.0086828752
   0.0110138103
   0.0086681542
   0.0079450431
   0.0055122460
   0.0176839642
   0.0430478435
   0.0689103109
   0.0686637987
   0.0583803367
   0.0653655990
   0.0690528276
   0.0714876538
   0.0683444162
   0.0585202221
   0.0503183763
   0.0504995802
   0.0608582830
   0.0685426879
   0.0556135403
   0.0370222696
  -0.0109379057
  -0.0765466175
  -0.1046415621
  -0.1023788842
  -0.0851880083
  -0.0672616259
  -0.0493713704
  -0.0356787438
  -0.0333263174
  -0.0275888111
  -0.0132601102
  -0.0109437752
  -0.0141477128
  -0.0283460319
  -0.0368575172
  -0.0210614845
  -0.0039207810
   0.0096002305
   0.0144167024
   0.0239843143
   0.0332184817
   0.0404215015
   0.0451848829
   0.0301260209
   0.0116720208
   0.0051845050
  -0.0031721345
  -0.0149162505
  -0.0236551699
  -0.0369904332
  -0.0442107343
  -0.0361400978
  -0.0121349749
   0.0138456447
   0.0347246737
   0.0458713431
   0.0526393457
   0.0528426193
   0.0402281605
   0.0142160293
  -0.0128871298
  -0.0239906910
  -0.0259447961
  -0.0248183167
  -0.0184183401
  -0.0085266734
  -0.0044912319
  -0.0067956288
  -0.0181626539
  -0.0155274698
   0.0019952080
   0.0171147129
   0.0133671281
  -0.0113104143
  -0.0303980638
  -0.0403845449
  -0.0371183474
  -0.0254738414
  -0.0144480765
  -0.0102384834
  -0.0098325028
  -0.0093031595
  -0.0010145011
   0.0108623045
   0.0111620637
  -0.0049028567
  -0.0251291890
  -0.0290633802
  -0.0255576162
  -0.0149841356
  -0.0021594163
   0.0055319428
   0.0053698715
  -0.0096770477
  -0.0328919164
  -0.0571562149
  -0.0642485544
  -0.0601891515
  -0.0525580600
  -0.0436506712
  -0.0289883763
  -0.0100924157
  -0.0051041935
  -0.0015283821
   0.0127640373
   0.0347234884
   0.0618238266
   0.0837447304
   0.0991641511
   0.1120565791
   0.1174874090
   0.1108913652
   0.0911346671
   0.0660605457
   0.0468203640
   0.0272132706
   0.0146444494
   0.0077219186
  -0.0115058770
  -0.0194198376
  -0.0309900107
  -0.0573867971
  -0.0803502869
  -0.0871135721
  -0.0830759544
  -0.0790310355
  -0.0690330573
  -0.0468149118
  -0.0163537633
   0.0082100597
   0.0247585081
   0.0383231019
   0.0477242262
   0.0335697005
   0.0086743911
  -0.0131259520
  -0.0188930947
  -0.0118522077
  -0.0055221430
   0.0000632118
   0.0041034736
   0.0091134501
   0.0067413909
  -0.0052297965
  -0.0241021774
  -0.0443889513
  -0.0604417796
  -0.0655293794
  -0.0574996347
  -0.0306559071
   0.0045542502
   0.0256048373
   0.0170237364
  -0.0132853445
  -0.0315773587
  -0.0237266606
   0.0031873842
   0.0283773941
   0.0408444291
   0.0425803973
   0.0519718498
   0.0670235765
   0.0773118507
   0.0679980333
   0.0459680848
   0.0413836552
   0.0367966892
   0.0259063223
   0.0121480958
   0.0021281475
  -0.0102930224
  -0.0250642837
  -0.0343833400
  -0.0413567496
  -0.0494377691
  -0.0549242355
  -0.0596856731
  -0.0609988796
  -0.0517017745
  -0.0313139683
  -0.0028522803
   0.0249250383
   0.0269369845
   0.0162665251
   0.0145594585
   0.0094937531
   0.0165637194
   0.0295480602
   0.0321256877
   0.0303460779
   0.0254111170
   0.0137300028
   0.0115441090
   0.0081952462
   0.0049139650
  -0.0004030907
  -0.0091851778
  -0.0177399539
  -0.0183639315
  -0.0166303528
  -0.0121306392
  -0.0144035128
  -0.0194257213
  -0.0093720520
  -0.0020626164
   0.0074930338
   0.0157141354
   0.0214882665
   0.0161592986
   0.0113572135
   0.0079598850
   0.0058973516
   0.0029740145
  -0.0020915623
   0.0000482843
   0.0019077323
  -0.0015862005
  -0.0169352751
  -0.0315566876
  -0.0380755704
  -0.0336992503
  -0.0257055852
  -0.0212565465
  -0.0167447147
  -0.0134514955
  -0.0137924475
  -0.0124746018
  -0.0121675651
  -0.0102743283
  -0.0058132402
  -0.0100566822
  -0.0089252152
   0.0005144931
   0.0025504113
   0.0020281985
   0.0044992348
   0.0197323716
   0.0232312396
   0.0225131683
   0.0209827020
   0.0141255009
   0.0121138013
   0.0069490358
   0.0031625552
  -0.0035690549
   0.0014408702
   0.0102906424
   0.0074326870
   0.0051429210
   0.0026862953
  -0.0031844898
  -0.0011800729
   0.0102616815
   0.0197497547
   0.0246486100
   0.0301543488
   0.0301158750
   0.0272361463
   0.0326087558
   0.0438087860
   0.0486932545
   0.0385163955
   0.0178888877
  -0.0009324186
   0.0010331593
   0.0216630794
   0.0400298888
   0.0521489052
   0.0527875280
   0.0414839764
   0.0237459805
   0.0055802069
  -0.0129220858
  -0.0296566545
  -0.0407260445
  -0.0462316885
  -0.0432166021
  -0.0434945476
  -0.0488502551
  -0.0531542027
  -0.0542134062
  -0.0415072313
  -0.0169914995
   0.0017283367
   0.0057085383
  -0.0012888713
  -0.0078196417
  -0.0068428144
   0.0042725972
   0.0099355975
   0.0171363748
   0.0207973450
   0.0198762822
   0.0231262604
   0.0124947608
  -0.0060675799
  -0.0244827198
  -0.0307524828
  -0.0283925418
  -0.0217963605
  -0.0167524616
  -0.0098128369
  -0.0093048923
  -0.0104098188
  -0.0085866195
  -0.0082044960
  -0.0051746317
  -0.0043789869
  -0.0002489202
  -0.0060759669
  -0.0116878987
  -0.0155758525
  -0.0202642277
  -0.0190020802
  -0.0067066460
  -0.0015635633
   0.0079584556
   0.0166826161
   0.0156625028
   0.0096324200
  -0.0009774074
  -0.0044930548
  -0.0087582488
  -0.0057794458
   0.0148553538
   0.0416028114
   0.0644962993
   0.0714242420
   0.0625919992
   0.0571302338
   0.0478430138
   0.0386842533
   0.0238818360
   0.0031434795
  -0.0170851286
  -0.0302989753
  -0.0439148913
  -0.0511590874
  -0.0468498772
  -0.0389552294
  -0.0271167660
  -0.0249162911
  -0.0217243768
  -0.0143712853
  -0.0066723277
  -0.0014300390
   0.0004658796
  -0.0040893262
  -0.0098511044
  -0.0056050312
  -0.0030102932
  -0.0073454204
  -0.0140671738
  -0.0232818079
  -0.0255423974
  -0.0149008870
  -0.0070398795
  -0.0067881806
  -0.0112732087
  -0.0172381136
  -0.0206255261
  -0.0169815788
  -0.0090649513
  -0.0043135245
  -0.0027174062
  -0.0030775430
   0.0047689308
   0.0150018980
   0.0162040141
   0.0170142898
   0.0069679716
  -0.0057526232
  -0.0105641668
  -0.0109363696
  -0.0036460144
  -0.0039214139
  -0.0072724695
  -0.0096394534
  -0.0092257685
  -0.0036667590
   0.0039838800
   0.0118472225
   0.0148070801
   0.0255187631
   0.0340086529
   0.0380686721
   0.0421963228
   0.0440560094
   0.0431931575
   0.0380215221
   0.0345761832
   0.0274678189
   0.0184829870
   0.0089421101
   0.0015264392
  -0.0051128958
  -0.0153164873
  -0.0244536570
  -0.0309965059
  -0.0365020077
  -0.0345507710
  -0.0340452540
  -0.0323619828
  -0.0257777206
  -0.0177934475
  -0.0037184391
   0.0071191574
   0.0145134630
   0.0218088082
   0.0313382426
   0.0372552697
   0.0321561965
   0.0253523988
   0.0150837076
   0.0109999782
   0.0125985406
   0.0101494816
   0.0010801349
  -0.0086905581
  -0.0137583165
  -0.0132600177
  -0.0147684712
  -0.0192511099
  -0.0217340675
  -0.0267245606
  -0.0290528313
  -0.0305782720
  -0.0322174986
  -0.0266584937
  -0.0166939567
  -0.0116014405
  -0.0074279009
   0.0015889147
   0.0091380089
   0.0170401950
   0.0243137005
   0.0272833674
   0.0268751372
   0.0188551969
   0.0065239629
   0.0022879137
  -0.0016409997
   0.0009246492
   0.0045229022
   0.0032175066
  -0.0032235965
  -0.0079818765
  -0.0114344242
  -0.0125247671
  -0.0104886391
  -0.0077488456
  -0.0046584448
  -0.0073203283
  -0.0053349819
  -0.0008252485
   0.0039070011
   0.0009888877
   0.0021377351
  -0.0064021291
  -0.0118713569
  -0.0089357523
  -0.0039666841
   0.0039597313
  -0.0032815893
  -0.0098655031
  -0.0184731564
  -0.0299363542
  -0.0319963274
  -0.0294814244
  -0.0286059376
  -0.0226816448
  -0.0149295136
  -0.0124073259
  -0.0036445423
   0.0055585094
   0.0084723264
   0.0106149342
   0.0169839659
   0.0272726526
   0.0333491931
   0.0353420327
   0.0341913976
   0.0340151007
   0.0343852364
   0.0411775133
   0.0458880554
   0.0412265360
   0.0375418913
   0.0322855804
   0.0322955130
   0.0295320354
   0.0266864424
   0.0210189902
   0.0205864904
   0.0165221710
   0.0066862949
  -0.0037083453
  -0.0105218835
  -0.0167575796
  -0.0233028133
  -0.0215835597
  -0.0191485083
  -0.0163700678
  -0.0150738936
  -0.0067293865
  -0.0058055099
  -0.0033220781
  -0.0041438960
  -0.0067406039
  -0.0027460162
   0.0058765999
   0.0154591818
   0.0190768185
   0.0072026169
  -0.0063112380
  -0.0090675352
  -0.0067147698
   0.0043305853
   0.0067584351
   0.0077670347
   0.0004796484
  -0.0157252035
  -0.0243765908
  -0.0297056535
  -0.0283709225
  -0.0321838844
  -0.0341980114
  -0.0336707802
  -0.0317413287
  -0.0250894825
  -0.0183382633
  -0.0124360355
  -0.0043067258
   0.0033171853
   0.0087094442
   0.0159755654
   0.0143219947
   0.0071698703
   0.0017175090
  -0.0019818816
  -0.0032609467
  -0.0002553652
   0.0002380660
   0.0005113835
  -0.0024214802
   0.0016721341
   0.0049196188
   0.0053838624
   0.0151501182
   0.0160860372
   0.0097051813
   0.0102636917
   0.0178441082
   0.0183060880
   0.0127835681
   0.0094902992
   0.0102302126
   0.0100537000
   0.0132018803
   0.0181223975
   0.0241118255
   0.0294603977
   0.0331357025
   0.0219384078
   0.0140413942
   0.0110432192
   0.0054722076
   0.0039367774
   0.0043646949
   0.0031170480
  -0.0028288001
   0.0068307815
   0.0142442055
   0.0177550235
   0.0197933489
   0.0205114629
   0.0265854101
   0.0320959848
   0.0329179449
   0.0325020816
   0.0344267682
   0.0310539203
   0.0206277330
   0.0029574871
  -0.0084312948
  -0.0177476843
  -0.0272021528
  -0.0305462935
  -0.0323576447
  -0.0330033554
  -0.0358857391
  -0.0413577215
  -0.0398737652
  -0.0311645296
  -0.0259342946
  -0.0240485322
  -0.0213937200
  -0.0189373218
  -0.0130497961
  -0.0079554545
  -0.0012361390
   0.0095598081
   0.0134017616
   0.0111528329
   0.0079996484
   0.0077987359
   0.0073923334
   0.0075226987
   0.0097325136
   0.0061682922
  -0.0008246936
  -0.0060428220
  -0.0132655387
  -0.0288131699
  -0.0340049074
  -0.0379996421
  -0.0433341333
  -0.0429548711
  -0.0451119889
  -0.0495348426
  -0.0492694136
  -0.0379998554
  -0.0331159085
  -0.0279419027
  -0.0268784796
  -0.0255587304
  -0.0211630975
  -0.0173045265
  -0.0119104542
  -0.0091157970
  -0.0038281238
   0.0054272433
   0.0165688255
   0.0193828857
   0.0195033232
   0.0217781619
   0.0223725457
   0.0247343997
   0.0232058109
   0.0200112938
   0.0141715154
   0.0029178896
  -0.0060726837
  -0.0106528296
  -0.0162631068
  -0.0194602434
  -0.0205827782
  -0.0293798943
  -0.0351329513
  -0.0397107907
  -0.0404730844
  -0.0399128553
  -0.0373989479
  -0.0329991121
  -0.0252115889
  -0.0180431338
  -0.0117837751
  -0.0060249648
  -0.0095896318
  -0.0065245152
  -0.0052122758
  -0.0007810596
   0.0093857016
   0.0114207510
   0.0149937505
   0.0187044213
   0.0205074188
   0.0303427117
   0.0418054686
   0.0530286353
   0.0608765125
   0.0647661612
   0.0588295298
   0.0561254579
   0.0498595825
   0.0434632565
   0.0414940986
   0.0399593179
   0.0349420045
   0.0350078818
   0.0321513132
   0.0235437499
   0.0150007198
   0.0046606328
  -0.0011652298
  -0.0026007639
   0.0011751356
  -0.0010735256
  -0.0040670503
  -0.0043893011
  -0.0072162570
  -0.0069602745
  -0.0047378792
   0.0014801092
   0.0096669895
   0.0140424278
   0.0156376003
   0.0186701978
   0.0218190987
   0.0258356802
   0.0271298514
   0.0235091638
   0.0185109570
   0.0087154440
   0.0000058598
  -0.0091019198
  -0.0201797939
  -0.0316817809
  -0.0386754349
  -0.0378884165
  -0.0360980682
  -0.0349420994
  -0.0307308635
  -0.0308210150
  -0.0313877868
  -0.0316105699
  -0.0289556629
  -0.0247244909
  -0.0230583753
  -0.0190401131
  -0.0172575046
  -0.0171002455
  -0.0157835590
  -0.0155132940
  -0.0194342220
  -0.0166634337
  -0.0142176247
  -0.0134200622
  -0.0069558439
  -0.0040141209
  -0.0026647186
  -0.0004991202
  -0.0007672130
   0.0004061074
   0.0038361410
   0.0039993051
   0.0060002448
   0.0071394231
   0.0093381676
   0.0127199263
   0.0151690778
   0.0127856210
   0.0090957019
   0.0060605655
   0.0040197012
   0.0053617595
   0.0071225306
   0.0094912213
   0.0134624829
   0.0162922858
   0.0169577975
   0.0192027746
   0.0192908970
   0.0189938117
   0.0174899500
   0.0162601057
   0.0156491827
   0.0139043629
   0.0109020537
   0.0090777712
   0.0067169815
   0.0046847246
   0.0025225860
   0.0016263128
   0.0006688106
   0.0000558047
   0.0004638471
  -0.0009721427
  -0.0006710413
  -0.0008318123
  -0.0020784070
  -0.0029080567
  -0.0032047081
  -0.0039573774
  -0.0039078971
  -0.0036930388
  -0.0034687575
  -0.0021280591
  -0.0007596636
  -0.0005212674
  -0.0003342287
  -0.0003460235
   0.0001954697
   0.0007577470
   0.0012601938
   0.0007331998
  -0.0004211146
  -0.0006750022
  -0.0011448880
  -0.0008896148
  -0.0010000434
  -0.0012154027
  -0.0015143099
  -0.0020350944
  -0.0022594952
  -0.0024677104
  -0.0023671899
  -0.0021858466
  -0.0023405550
  -0.0023335624
  -0.0024976455
  -0.0025368637
  -0.0024103884
  -0.0021234700
  -0.0018597135
  -0.0018978894
  -0.0019162200
  -0.0017876106
  -0.0016732893
  -0.0013782558
  -0.0010421005
  -0.0009469363
  -0.0007876390
  -0.0008839900
  -0.0008831674
  -0.0008176310
  -0.0008855441
  -0.0009067924
  -0.0009339730
  -0.0009294460
  -0.0009023223
  -0.0008044506
  -0.0007004445
  -0.0006067978
  -0.0005235128
  -0.0004868178
  -0.0004266709
  -0.0003897595
  -0.0003685728
  -0.0003587128
  -0.0003362273
  -0.0003033107
  -0.0002604161
  -0.0002199272
  -0.0001956762
  -0.0001736559
  -0.0001579842
  -0.0001458815
  -0.0001407185
  -0.0001306501
  -0.0001223175
  -0.0001141309
  -0.0001057427
  -0.0000986717
  -0.0000911524
  -0.0000850927
  -0.0000792762
  -0.0000746968
  -0.0000707275
  -0.0000673292
  -0.0000644850
  -0.0000619842
  -0.0000597716
  -0.0000577770
  -0.0000559198
  -0.0000541570
  -0.0000524845
